Sort Code,person_age,person_income,person_home_ownership,person_emp_length,home_ownership,mortgage_debt,rent,li_debt_consolidation,li_education,li_home_improvement,li_medical,li_personal,li_venture,loan_grade,loan_amnt,loan_int_rate,loan_status,loan_percent_income,cb_person_default_on_file,cb_person_cred_hist_length
16,23,500000,MORTGAGE,7,0,1,0,1,0,0,0,0,0,B,30000,10.65,0,0.06,0,3
116,24,12960,MORTGAGE,0,0,1,0,1,0,0,0,0,0,B,4500,11.83,1,0.35,0,4
138,23,216000,MORTGAGE,5,0,1,0,1,0,0,0,0,0,A,21000,8.9,0,0.1,0,3
176,21,200000,MORTGAGE,2,0,1,0,1,0,0,0,0,0,C,25000,13.99,0,0.13,0,2
179,25,200000,MORTGAGE,2,0,1,0,1,0,0,0,0,0,B,15500,11.99,0,0.08,0,2
183,22,200000,MORTGAGE,6,0,1,0,1,0,0,0,0,0,A,9000,6.17,0,0.04,0,4
188,24,200000,MORTGAGE,8,0,1,0,1,0,0,0,0,0,B,20000,,0,0.1,0,3
257,23,14664,MORTGAGE,0,0,1,0,1,0,0,0,0,0,C,6000,,1,0.41,0,4
300,25,174000,MORTGAGE,2,0,1,0,1,0,0,0,0,0,C,8800,14.27,0,0.05,0,3
380,24,16800,MORTGAGE,,0,1,0,1,0,0,0,0,0,A,3900,,1,0.23,0,3
393,26,160000,MORTGAGE,0,0,1,0,1,0,0,0,0,0,C,13750,,0,0.09,0,4
470,24,18000,MORTGAGE,0,0,1,0,1,0,0,0,0,0,B,10000,12.18,1,0.56,0,2
518,21,19012,MORTGAGE,0,0,1,0,1,0,0,0,0,0,D,3500,14.61,1,0.18,0,3
568,21,19253,MORTGAGE,,0,1,0,1,0,0,0,0,0,A,6250,6.17,1,0.32,0,3
666,24,20400,MORTGAGE,5,0,1,0,1,0,0,0,0,0,B,5500,10.99,0,0.27,0,4
712,22,21000,MORTGAGE,4,0,1,0,1,0,0,0,0,0,B,3000,11.49,0,0.14,0,3
750,21,21600,MORTGAGE,2,0,1,0,1,0,0,0,0,0,A,3800,5.99,0,0.18,0,2
769,24,21600,MORTGAGE,0,0,1,0,1,0,0,0,0,0,D,2000,14.84,1,0.09,0,2
778,21,21600,MORTGAGE,2,0,1,0,1,0,0,0,0,0,B,10000,11.14,0,0.46,0,2
797,26,22000,MORTGAGE,3,0,1,0,1,0,0,0,0,0,B,3825,10.65,0,0.17,0,4
805,23,22000,MORTGAGE,5,0,1,0,1,0,0,0,0,0,A,1550,7.49,1,0.07,0,2
856,22,23000,MORTGAGE,5,0,1,0,1,0,0,0,0,0,A,10625,7.51,0,0.46,0,4
863,22,23000,MORTGAGE,2,0,1,0,1,0,0,0,0,0,B,4800,10,0,0.21,0,4
867,21,23000,MORTGAGE,6,0,1,0,1,0,0,0,0,0,C,3000,13.35,0,0.13,0,3
906,24,23500,MORTGAGE,2,0,1,0,1,0,0,0,0,0,B,7000,10.38,0,0.3,0,3
951,25,24000,MORTGAGE,,0,1,0,1,0,0,0,0,0,A,5800,5.99,0,0.24,0,3
970,22,24000,MORTGAGE,2,0,1,0,1,0,0,0,0,0,B,5000,10.99,0,0.21,0,4
1045,23,24000,MORTGAGE,1,0,1,0,1,0,0,0,0,0,D,2800,16.07,1,0.12,0,3
1239,24,25000,MORTGAGE,3,0,1,0,1,0,0,0,0,0,A,7000,9.32,0,0.28,0,2
1245,24,25000,MORTGAGE,2,0,1,0,1,0,0,0,0,0,A,10000,8,0,0.4,0,2
1289,23,25500,MORTGAGE,2,0,1,0,1,0,0,0,0,0,C,7850,13.49,0,0.31,0,4
1322,23,26000,MORTGAGE,3,0,1,0,1,0,0,0,0,0,B,7800,10.59,0,0.3,0,4
1378,24,26400,MORTGAGE,0,0,1,0,1,0,0,0,0,0,A,6000,8.9,0,0.23,0,4
1415,22,26400,MORTGAGE,2,0,1,0,1,0,0,0,0,0,B,4400,11.49,0,0.17,0,4
1463,26,27000,MORTGAGE,,0,1,0,1,0,0,0,0,0,A,3000,5.79,0,0.11,0,3
1491,22,27000,MORTGAGE,2,0,1,0,1,0,0,0,0,0,B,5000,12.18,0,0.19,0,4
1495,24,27000,MORTGAGE,1,0,1,0,1,0,0,0,0,0,B,7500,10.39,0,0.28,0,2
1510,26,27138,MORTGAGE,10,0,1,0,1,0,0,0,0,0,B,2750,9.63,0,0.1,0,2
1520,24,27442,MORTGAGE,8,0,1,0,1,0,0,0,0,0,B,5175,10.99,0,0.19,0,4
1536,22,27600,MORTGAGE,6,0,1,0,1,0,0,0,0,0,A,8400,7.51,0,0.3,0,3
1564,26,27983,MORTGAGE,7,0,1,0,1,0,0,0,0,0,A,6000,7.88,0,0.21,0,3
1594,23,28000,MORTGAGE,7,0,1,0,1,0,0,0,0,0,D,9500,15.62,1,0.34,0,2
1631,22,28000,MORTGAGE,1,0,1,0,1,0,0,0,0,0,B,10750,11.14,0,0.38,0,2
1666,22,28500,MORTGAGE,1,0,1,0,1,0,0,0,0,0,A,8500,7.68,0,0.3,0,4
1696,24,28800,MORTGAGE,6,0,1,0,1,0,0,0,0,0,A,6075,8.49,0,0.21,0,2
1706,21,28800,MORTGAGE,0,0,1,0,1,0,0,0,0,0,A,5000,7.49,0,0.17,0,3
1718,23,28800,MORTGAGE,7,0,1,0,1,0,0,0,0,0,B,8400,9.63,0,0.29,0,3
1755,23,29000,MORTGAGE,5,0,1,0,1,0,0,0,0,0,A,11500,7.9,0,0.4,0,4
1807,25,29328,MORTGAGE,9,0,1,0,1,0,0,0,0,0,A,10000,7.74,0,0.34,0,3
1836,25,30000,MORTGAGE,4,0,1,0,1,0,0,0,0,0,C,6500,14.27,0,0.22,0,3
1890,23,30000,MORTGAGE,4,0,1,0,1,0,0,0,0,0,A,1000,6.62,1,0.03,0,3
1892,23,30000,MORTGAGE,2,0,1,0,1,0,0,0,0,0,A,1400,6.03,0,0.05,0,4
1899,24,30000,MORTGAGE,8,0,1,0,1,0,0,0,0,0,B,17000,11.99,1,0.57,0,3
1960,23,30000,MORTGAGE,3,0,1,0,1,0,0,0,0,0,A,3800,5.79,0,0.13,0,3
1999,24,30000,MORTGAGE,,0,1,0,1,0,0,0,0,0,A,3075,,0,0.1,0,4
2021,23,30000,MORTGAGE,0,0,1,0,1,0,0,0,0,0,C,1000,13.72,0,0.03,0,4
2046,25,30000,MORTGAGE,4,0,1,0,1,0,0,0,0,0,A,9000,7.51,0,0.3,0,4
2063,22,30000,MORTGAGE,6,0,1,0,1,0,0,0,0,0,C,5000,13.23,0,0.17,0,4
2108,23,30000,MORTGAGE,0,0,1,0,1,0,0,0,0,0,A,6500,7.74,0,0.22,0,4
2127,24,30000,MORTGAGE,0,0,1,0,1,0,0,0,0,0,C,6000,13.57,0,0.2,0,2
2157,21,30000,MORTGAGE,4,0,1,0,1,0,0,0,0,0,A,14000,9.38,0,0.47,0,4
2195,25,30576,MORTGAGE,5,0,1,0,1,0,0,0,0,0,A,10000,6.03,0,0.33,0,4
2256,22,31000,MORTGAGE,1,0,1,0,1,0,0,0,0,0,C,5000,13.79,0,0.16,0,4
2264,23,31164,MORTGAGE,7,0,1,0,1,0,0,0,0,0,A,4500,6.62,0,0.14,0,2
2282,23,31200,MORTGAGE,7,0,1,0,1,0,0,0,0,0,B,7550,9.99,0,0.24,0,4
2286,25,31200,MORTGAGE,9,0,1,0,1,0,0,0,0,0,A,6000,5.79,0,0.19,0,4
2297,22,31200,MORTGAGE,2,0,1,0,1,0,0,0,0,0,A,1050,7.51,1,0.03,0,4
2360,25,32000,MORTGAGE,8,0,1,0,1,0,0,0,0,0,A,5600,7.9,0,0.17,0,3
2406,25,32000,MORTGAGE,3,0,1,0,1,0,0,0,0,0,B,6250,11.49,0,0.2,0,3
2433,23,32000,MORTGAGE,1,0,1,0,1,0,0,0,0,0,B,15000,11.58,0,0.47,0,4
2440,25,32000,MORTGAGE,1,0,1,0,1,0,0,0,0,0,C,8000,13.16,0,0.25,0,2
2441,21,32000,MORTGAGE,5,0,1,0,1,0,0,0,0,0,B,4200,11.58,0,0.13,0,2
2489,25,32400,MORTGAGE,2,0,1,0,1,0,0,0,0,0,A,4800,7.29,0,0.15,0,4
2500,22,32400,MORTGAGE,1,0,1,0,1,0,0,0,0,0,A,5500,,0,0.17,0,2
2512,22,32500,MORTGAGE,6,0,1,0,1,0,0,0,0,0,A,2500,6.99,0,0.08,0,3
2514,22,32500,MORTGAGE,5,0,1,0,1,0,0,0,0,0,B,14500,11.99,0,0.45,0,4
2579,22,33000,MORTGAGE,5,0,1,0,1,0,0,0,0,0,A,12375,7.29,0,0.38,0,2
2635,24,33360,MORTGAGE,6,0,1,0,1,0,0,0,0,0,B,6000,10.59,0,0.18,0,3
2659,23,33600,MORTGAGE,,0,1,0,1,0,0,0,0,0,C,4000,14.79,0,0.12,0,2
2698,23,33990,MORTGAGE,2,0,1,0,1,0,0,0,0,0,C,1000,10.59,1,0.03,0,2
2721,26,34000,MORTGAGE,6,0,1,0,1,0,0,0,0,0,A,12000,6.03,0,0.35,0,4
2724,25,34000,MORTGAGE,9,0,1,0,1,0,0,0,0,0,B,10000,12.42,0,0.29,0,3
2726,23,34000,MORTGAGE,2,0,1,0,1,0,0,0,0,0,A,10000,6.99,0,0.29,0,4
2731,25,34000,MORTGAGE,9,0,1,0,1,0,0,0,0,0,A,2000,7.66,1,0.06,0,4
2758,23,34000,MORTGAGE,7,0,1,0,1,0,0,0,0,0,B,19000,11.48,0,0.56,0,4
2799,26,34515,MORTGAGE,11,0,1,0,1,0,0,0,0,0,A,5400,7.68,0,0.16,0,4
2806,24,34600,MORTGAGE,2,0,1,0,1,0,0,0,0,0,A,4000,5.42,0,0.12,0,2
2814,25,34800,MORTGAGE,6,0,1,0,1,0,0,0,0,0,A,5125,6.99,1,0.15,0,2
2815,25,34800,MORTGAGE,,0,1,0,1,0,0,0,0,0,A,9450,5.99,0,0.27,0,4
2824,22,34900,MORTGAGE,6,0,1,0,1,0,0,0,0,0,B,4000,9.99,0,0.11,0,2
2834,23,35000,MORTGAGE,7,0,1,0,1,0,0,0,0,0,B,12000,12.42,0,0.34,0,2
2853,22,35000,MORTGAGE,6,0,1,0,1,0,0,0,0,0,A,9500,6.03,0,0.27,0,3
2857,25,35000,MORTGAGE,9,0,1,0,1,0,0,0,0,0,A,7000,,0,0.2,0,2
2894,21,35000,MORTGAGE,6,0,1,0,1,0,0,0,0,0,B,15000,,0,0.43,0,4
2902,21,35000,MORTGAGE,5,0,1,0,1,0,0,0,0,0,B,4800,10.99,0,0.14,0,3
2904,24,35000,MORTGAGE,5,0,1,0,1,0,0,0,0,0,A,4800,5.42,0,0.14,0,3
2926,22,29000,MORTGAGE,5,0,1,0,1,0,0,0,0,0,B,9000,,1,0.31,0,4
2976,21,35000,MORTGAGE,5,0,1,0,1,0,0,0,0,0,A,13650,7.51,0,0.39,0,4
3091,25,35138,MORTGAGE,3,0,1,0,1,0,0,0,0,0,B,1000,,0,0.03,0,3
3108,23,35375,MORTGAGE,7,0,1,0,1,0,0,0,0,0,A,5600,6.76,0,0.16,0,3
3121,24,35500,MORTGAGE,,0,1,0,1,0,0,0,0,0,A,14500,,0,0.41,0,3
3128,22,29554,MORTGAGE,,0,1,0,1,0,0,0,0,0,A,5775,5.42,1,0.2,0,3
3179,26,30000,MORTGAGE,,0,1,0,1,0,0,0,0,0,A,8000,6.62,1,0.27,0,4
3183,23,30000,MORTGAGE,4,0,1,0,1,0,0,0,0,0,B,4800,10.65,1,0.16,0,3
3228,22,36000,MORTGAGE,6,0,1,0,1,0,0,0,0,0,A,5975,7.42,0,0.17,0,4
3232,21,36000,MORTGAGE,3,0,1,0,1,0,0,0,0,0,A,4000,5.99,0,0.11,0,4
3239,23,36000,MORTGAGE,7,0,1,0,1,0,0,0,0,0,B,6400,11.49,0,0.18,0,3
3256,24,36000,MORTGAGE,5,0,1,0,1,0,0,0,0,0,B,7000,11.11,0,0.19,0,4
3296,22,36000,MORTGAGE,2,0,1,0,1,0,0,0,0,0,A,1800,6.17,0,0.05,0,4
3300,22,36000,MORTGAGE,6,0,1,0,1,0,0,0,0,0,A,10000,5.42,0,0.28,0,3
3335,25,36000,MORTGAGE,0,0,1,0,1,0,0,0,0,0,A,9000,7.14,0,0.25,0,4
3388,23,36000,MORTGAGE,3,0,1,0,1,0,0,0,0,0,C,3000,13.22,0,0.08,0,4
3394,26,36000,MORTGAGE,0,0,1,0,1,0,0,0,0,0,A,6350,8.94,0,0.18,0,4
3402,21,36000,MORTGAGE,1,0,1,0,1,0,0,0,0,0,A,8000,9.32,0,0.22,0,3
3407,22,36000,MORTGAGE,2,0,1,0,1,0,0,0,0,0,A,10000,8.32,0,0.28,0,3
3445,25,36500,MORTGAGE,7,0,1,0,1,0,0,0,0,0,A,3200,9.63,0,0.09,0,3
3449,26,36588,MORTGAGE,,0,1,0,1,0,0,0,0,0,B,10000,10.65,0,0.27,0,3
3450,22,36600,MORTGAGE,2,0,1,0,1,0,0,0,0,0,A,9950,7.29,0,0.27,0,3
3453,21,36648,MORTGAGE,,0,1,0,1,0,0,0,0,0,B,7125,9.91,0,0.19,0,2
3509,22,37000,MORTGAGE,3,0,1,0,1,0,0,0,0,0,A,15000,6.54,0,0.41,0,3
3513,22,37000,MORTGAGE,2,0,1,0,1,0,0,0,0,0,A,13000,7.88,0,0.35,0,4
3587,26,37500,MORTGAGE,4,0,1,0,1,0,0,0,0,0,A,7000,6.54,0,0.19,0,4
3590,24,37500,MORTGAGE,2,0,1,0,1,0,0,0,0,0,A,5600,8.94,0,0.15,0,4
3628,22,38000,MORTGAGE,3,0,1,0,1,0,0,0,0,0,A,6000,7.51,0,0.16,0,4
3648,22,38000,MORTGAGE,6,0,1,0,1,0,0,0,0,0,A,8500,5.42,0,0.22,0,2
3668,25,32000,MORTGAGE,4,0,1,0,1,0,0,0,0,0,B,8000,10.36,1,0.25,0,2
3705,22,38000,MORTGAGE,5,0,1,0,1,0,0,0,0,0,B,10000,12.21,0,0.26,0,3
3746,26,38244,MORTGAGE,6,0,1,0,1,0,0,0,0,0,A,18000,9.63,0,0.47,0,3
3791,22,38400,MORTGAGE,4,0,1,0,1,0,0,0,0,0,A,10000,5.42,0,0.26,0,2
3794,25,38400,MORTGAGE,2,0,1,0,1,0,0,0,0,0,A,10000,7.29,0,0.26,0,2
3805,26,38400,MORTGAGE,5,0,1,0,1,0,0,0,0,0,A,6000,7.51,0,0.16,0,3
3839,26,32496,MORTGAGE,8,0,1,0,1,0,0,0,0,0,D,4200,16.02,1,0.13,0,3
3846,23,38500,MORTGAGE,2,0,1,0,1,0,0,0,0,0,A,3000,,0,0.08,0,2
3849,22,38628,MORTGAGE,6,0,1,0,1,0,0,0,0,0,B,4800,9.99,0,0.12,0,4
3895,25,39000,MORTGAGE,6,0,1,0,1,0,0,0,0,0,A,6000,7.51,0,0.15,0,2
3957,26,33660,MORTGAGE,0,0,1,0,1,0,0,0,0,0,A,4500,5.99,1,0.13,0,2
4020,22,39996,MORTGAGE,6,0,1,0,1,0,0,0,0,0,A,6000,8,0,0.15,0,3
4028,24,39996,MORTGAGE,8,0,1,0,1,0,0,0,0,0,C,7500,12.22,0,0.19,0,4
4050,22,40000,MORTGAGE,5,0,1,0,1,0,0,0,0,0,C,12000,13.49,0,0.3,0,2
4058,23,40000,MORTGAGE,0,0,1,0,1,0,0,0,0,0,B,6000,10.65,0,0.15,0,4
4062,25,40000,MORTGAGE,9,0,1,0,1,0,0,0,0,0,C,7100,,0,0.18,0,2
4091,24,40000,MORTGAGE,8,0,1,0,1,0,0,0,0,0,A,4500,6.62,0,0.11,0,3
4092,22,40000,MORTGAGE,3,0,1,0,1,0,0,0,0,0,A,2000,7.9,0,0.05,0,2
4159,25,40000,MORTGAGE,9,0,1,0,1,0,0,0,0,0,C,3500,13.49,0,0.09,0,3
4163,22,40000,MORTGAGE,3,0,1,0,1,0,0,0,0,0,B,7500,11.49,0,0.19,0,3
4169,24,40000,MORTGAGE,5,0,1,0,1,0,0,0,0,0,B,3000,11.99,0,0.07,0,4
4176,24,40000,MORTGAGE,6,0,1,0,1,0,0,0,0,0,A,10000,5.79,0,0.25,0,4
4192,24,40000,MORTGAGE,6,0,1,0,1,0,0,0,0,0,B,5000,11.11,0,0.13,0,2
4205,21,40000,MORTGAGE,3,0,1,0,1,0,0,0,0,0,A,8000,6.92,0,0.2,0,4
4224,24,34000,MORTGAGE,1,0,1,0,1,0,0,0,0,0,D,7000,14.09,1,0.21,0,2
4240,21,40000,MORTGAGE,3,0,1,0,1,0,0,0,0,0,A,6000,5.79,0,0.15,0,3
4299,25,40000,MORTGAGE,8,0,1,0,1,0,0,0,0,0,A,10000,7.14,0,0.25,0,4
4302,25,40000,MORTGAGE,2,0,1,0,1,0,0,0,0,0,B,4750,,0,0.12,0,3
4308,24,40000,MORTGAGE,8,0,1,0,1,0,0,0,0,0,A,4000,7.14,0,0.1,0,4
4316,24,40000,MORTGAGE,8,0,1,0,1,0,0,0,0,0,B,15000,9.88,0,0.38,0,2
4341,24,40000,MORTGAGE,2,0,1,0,1,0,0,0,0,0,A,3400,7.4,0,0.09,0,3
4359,22,40000,MORTGAGE,6,0,1,0,1,0,0,0,0,0,A,7000,9.32,0,0.17,0,3
4402,22,40000,MORTGAGE,5,0,1,0,1,0,0,0,0,0,B,8000,9.76,0,0.2,0,4
4411,23,34000,MORTGAGE,0,0,1,0,1,0,0,0,0,0,D,2525,13.12,1,0.07,0,3
4485,22,34900,MORTGAGE,4,0,1,0,1,0,0,0,0,0,D,3600,15.7,1,0.1,0,4
4500,21,41000,MORTGAGE,4,0,1,0,1,0,0,0,0,0,A,7000,6.03,0,0.17,0,3
4526,24,41000,MORTGAGE,3,0,1,0,1,0,0,0,0,0,B,9000,9.88,0,0.22,0,2
4528,22,41000,MORTGAGE,0,0,1,0,1,0,0,0,0,0,B,7750,9.88,0,0.19,0,3
4542,23,41000,MORTGAGE,5,0,1,0,1,0,0,0,0,0,A,6000,9.32,0,0.15,0,3
4549,23,41000,MORTGAGE,7,0,1,0,1,0,0,0,0,0,B,5500,10.71,0,0.13,0,4
4560,21,41033,MORTGAGE,2,0,1,0,1,0,0,0,0,0,C,5700,12.99,0,0.14,0,4
4591,22,41600,MORTGAGE,0,0,1,0,1,0,0,0,0,0,B,6800,10.59,0,0.16,0,3
4605,22,41784,MORTGAGE,6,0,1,0,1,0,0,0,0,0,A,5000,6.03,0,0.12,0,2
4617,24,42000,MORTGAGE,5,0,1,0,1,0,0,0,0,0,A,19200,7.9,0,0.46,0,2
4619,25,42000,MORTGAGE,,0,1,0,1,0,0,0,0,0,B,3000,9.91,0,0.07,0,4
4624,22,36000,MORTGAGE,6,0,1,0,1,0,0,0,0,0,B,4000,12.69,1,0.11,0,4
4648,22,42000,MORTGAGE,7,0,1,0,1,0,0,0,0,0,B,9350,12.69,0,0.22,0,2
4731,21,42000,MORTGAGE,1,0,1,0,1,0,0,0,0,0,A,2500,7.29,0,0.06,0,4
4734,24,42000,MORTGAGE,8,0,1,0,1,0,0,0,0,0,B,22250,11.11,0,0.53,0,3
4774,22,36000,MORTGAGE,3,0,1,0,1,0,0,0,0,0,D,7000,14.84,1,0.19,0,3
4792,23,42000,MORTGAGE,0,0,1,0,1,0,0,0,0,0,A,11000,7.88,0,0.26,0,2
4829,25,42000,MORTGAGE,5,0,1,0,1,0,0,0,0,0,A,7000,8.59,0,0.17,0,3
4830,25,36000,MORTGAGE,2,0,1,0,1,0,0,0,0,0,C,13750,13.22,1,0.38,0,4
4894,25,42348,MORTGAGE,9,0,1,0,1,0,0,0,0,0,A,8000,,0,0.19,0,2
4905,24,42500,MORTGAGE,8,0,1,0,1,0,0,0,0,0,C,10000,13.8,0,0.24,0,2
4924,21,36588,MORTGAGE,5,0,1,0,1,0,0,0,0,0,D,1000,14.61,1,0.03,0,2
4957,24,43000,MORTGAGE,8,0,1,0,1,0,0,0,0,0,A,9500,6.62,0,0.22,0,2
4977,23,43000,MORTGAGE,7,0,1,0,1,0,0,0,0,0,B,7200,10.59,0,0.17,0,3
5000,22,43000,MORTGAGE,1,0,1,0,1,0,0,0,0,0,A,4000,7.88,0,0.09,0,4
5005,24,37000,MORTGAGE,7,0,1,0,1,0,0,0,0,0,A,6250,7.14,1,0.17,0,4
5009,25,43000,MORTGAGE,5,0,1,0,1,0,0,0,0,0,A,10000,7.88,0,0.23,0,3
5014,24,43000,MORTGAGE,6,0,1,0,1,0,0,0,0,0,C,9250,13.11,0,0.22,0,2
5018,23,43000,MORTGAGE,3,0,1,0,1,0,0,0,0,0,A,9800,8.59,0,0.23,0,2
5061,23,37200,MORTGAGE,7,0,1,0,1,0,0,0,0,0,A,4000,7.66,1,0.11,0,2
5077,26,37200,MORTGAGE,10,0,1,0,1,0,0,0,0,0,C,16000,13.11,1,0.43,0,2
5095,24,43300,MORTGAGE,2,0,1,0,1,0,0,0,0,0,B,24000,10.62,0,0.55,0,2
5111,23,37700,MORTGAGE,7,0,1,0,1,0,0,0,0,0,A,10000,9.63,1,0.27,0,3
5136,21,44000,MORTGAGE,2,0,1,0,1,0,0,0,0,0,A,12000,,0,0.27,0,2
5153,22,44000,MORTGAGE,5,0,1,0,1,0,0,0,0,0,A,7200,7.29,0,0.16,0,3
5160,24,44000,MORTGAGE,8,0,1,0,1,0,0,0,0,0,A,10750,6.17,0,0.24,0,3
5190,22,44000,MORTGAGE,1,0,1,0,1,0,0,0,0,0,B,18900,10.14,0,0.43,0,2
5192,22,38004,MORTGAGE,7,0,1,0,1,0,0,0,0,0,D,3600,17.27,1,0.09,0,4
5211,23,38400,MORTGAGE,2,0,1,0,1,0,0,0,0,0,D,15000,17.27,1,0.39,0,3
5214,25,44400,MORTGAGE,9,0,1,0,1,0,0,0,0,0,A,6000,6.03,0,0.14,0,2
5227,26,44470,MORTGAGE,2,0,1,0,1,0,0,0,0,0,A,4000,6.76,0,0.09,0,2
5260,23,45000,MORTGAGE,4,0,1,0,1,0,0,0,0,0,B,10000,11.71,0,0.22,0,3
5320,24,39000,MORTGAGE,,0,1,0,1,0,0,0,0,0,A,7000,7.49,1,0.18,0,3
5350,23,45000,MORTGAGE,2,0,1,0,1,0,0,0,0,0,A,6000,7.49,0,0.13,0,3
5360,25,45000,MORTGAGE,8,0,1,0,1,0,0,0,0,0,A,4000,6.62,0,0.09,0,4
5381,23,45000,MORTGAGE,7,0,1,0,1,0,0,0,0,0,A,7000,5.42,0,0.16,0,3
5383,21,45000,MORTGAGE,0,0,1,0,1,0,0,0,0,0,A,6250,5.42,0,0.14,0,3
5410,25,45000,MORTGAGE,0,0,1,0,1,0,0,0,0,0,A,4325,6.91,0,0.1,0,3
5411,23,45000,MORTGAGE,0,0,1,0,1,0,0,0,0,0,A,1450,,0,0.03,0,2
5412,25,45000,MORTGAGE,9,0,1,0,1,0,0,0,0,0,B,4000,9.25,0,0.09,0,3
5422,26,45000,MORTGAGE,10,0,1,0,1,0,0,0,0,0,A,10000,6.91,0,0.22,0,4
5474,21,45000,MORTGAGE,5,0,1,0,1,0,0,0,0,0,A,8000,7.51,0,0.18,0,4
5523,25,45000,MORTGAGE,3,0,1,0,1,0,0,0,0,0,A,4000,8.59,0,0.09,0,3
5532,25,45000,MORTGAGE,9,0,1,0,1,0,0,0,0,0,A,3200,7.74,0,0.07,0,3
5533,26,45000,MORTGAGE,1,0,1,0,1,0,0,0,0,0,A,1500,7.05,0,0.03,0,2
5574,26,39000,MORTGAGE,4,0,1,0,1,0,0,0,0,0,D,5000,13.67,1,0.13,0,3
5611,23,45288,MORTGAGE,7,0,1,0,1,0,0,0,0,0,B,20500,9.25,0,0.45,0,2
5642,24,45600,MORTGAGE,0,0,1,0,1,0,0,0,0,0,A,7200,6.91,0,0.16,0,4
5656,22,39600,MORTGAGE,6,0,1,0,1,0,0,0,0,0,C,4650,10.28,1,0.12,0,4
5668,22,45900,MORTGAGE,1,0,1,0,1,0,0,0,0,0,A,6400,8.59,0,0.14,0,3
5697,24,46000,MORTGAGE,2,0,1,0,1,0,0,0,0,0,B,10075,12.42,0,0.22,0,2
5748,22,46000,MORTGAGE,3,0,1,0,1,0,0,0,0,0,A,6000,7.68,0,0.13,0,2
5760,25,46116,MORTGAGE,9,0,1,0,1,0,0,0,0,0,C,10000,11.03,0,0.22,0,3
5782,24,40500,MORTGAGE,8,0,1,0,1,0,0,0,0,0,B,8500,10.99,1,0.21,0,3
5799,24,46800,MORTGAGE,6,0,1,0,1,0,0,0,0,0,A,12000,6.99,0,0.26,0,2
5807,21,46800,MORTGAGE,,0,1,0,1,0,0,0,0,0,A,5000,7.51,0,0.11,0,3
5826,22,41000,MORTGAGE,6,0,1,0,1,0,0,0,0,0,A,7000,7.9,1,0.17,0,4
5873,24,47000,MORTGAGE,1,0,1,0,1,0,0,0,0,0,B,8500,,0,0.18,0,3
5913,22,41244,MORTGAGE,6,0,1,0,1,0,0,0,0,0,B,11500,11.58,1,0.28,0,3
5928,24,47500,MORTGAGE,7,0,1,0,1,0,0,0,0,0,B,12000,9.91,0,0.25,0,3
5961,22,47940,MORTGAGE,4,0,1,0,1,0,0,0,0,0,B,15000,,0,0.31,0,4
5964,26,48000,MORTGAGE,10,0,1,0,1,0,0,0,0,0,C,11000,13.49,0,0.23,0,3
6005,23,48000,MORTGAGE,7,0,1,0,1,0,0,0,0,0,B,2500,11.71,0,0.05,0,3
6029,22,48000,MORTGAGE,6,0,1,0,1,0,0,0,0,0,A,4400,5.99,0,0.09,0,3
6032,26,48000,MORTGAGE,0,0,1,0,1,0,0,0,0,0,C,12000,,0,0.25,0,3
6043,21,42000,MORTGAGE,5,0,1,0,1,0,0,0,0,0,B,8325,,1,0.2,0,2
6083,25,48000,MORTGAGE,3,0,1,0,1,0,0,0,0,0,B,4800,10.74,0,0.1,0,4
6107,24,48000,MORTGAGE,3,0,1,0,1,0,0,0,0,0,B,4800,9.99,0,0.1,0,2
6112,24,48000,MORTGAGE,4,0,1,0,1,0,0,0,0,0,B,12000,,0,0.25,0,3
6152,25,48000,MORTGAGE,3,0,1,0,1,0,0,0,0,0,A,4000,7.14,0,0.08,0,3
6202,24,42000,MORTGAGE,2,0,1,0,1,0,0,0,0,0,A,3500,8.94,1,0.08,0,3
6248,22,48000,MORTGAGE,0,0,1,0,1,0,0,0,0,0,A,4800,9.07,0,0.1,0,3
6268,22,48156,MORTGAGE,6,0,1,0,1,0,0,0,0,0,A,3000,,0,0.06,0,2
6302,24,48800,MORTGAGE,7,0,1,0,1,0,0,0,0,0,A,9000,7.49,0,0.18,0,2
6322,23,49000,MORTGAGE,6,0,1,0,1,0,0,0,0,0,A,9600,5.42,0,0.2,0,3
6329,24,43000,MORTGAGE,2,0,1,0,1,0,0,0,0,0,B,3000,10.99,1,0.07,0,3
6332,25,49000,MORTGAGE,9,0,1,0,1,0,0,0,0,0,A,7000,6.99,0,0.14,0,3
6354,22,49000,MORTGAGE,2,0,1,0,1,0,0,0,0,0,B,8500,12.53,0,0.17,0,2
6371,22,49200,MORTGAGE,,0,1,0,1,0,0,0,0,0,A,21000,7.51,0,0.43,0,4
6386,24,49344,MORTGAGE,6,0,1,0,1,0,0,0,0,0,B,8500,9.99,0,0.17,0,4
6396,25,49500,MORTGAGE,2,0,1,0,1,0,0,0,0,0,A,2400,7.51,0,0.05,0,2
6402,22,49536,MORTGAGE,6,0,1,0,1,0,0,0,0,0,A,5200,6.62,0,0.1,0,2
6405,23,43600,MORTGAGE,5,0,1,0,1,0,0,0,0,0,B,25000,,1,0.57,0,3
6409,25,43633,MORTGAGE,3,0,1,0,1,0,0,0,0,0,D,9000,15.62,1,0.21,0,3
6412,25,49713,MORTGAGE,7,0,1,0,1,0,0,0,0,0,B,12000,11.86,0,0.24,0,2
6422,25,49920,MORTGAGE,9,0,1,0,1,0,0,0,0,0,A,3325,5.42,0,0.07,0,3
6427,26,49992,MORTGAGE,10,0,1,0,1,0,0,0,0,0,B,6000,10.99,0,0.12,0,2
6471,25,50000,MORTGAGE,8,0,1,0,1,0,0,0,0,0,B,12500,10.65,0,0.25,0,4
6479,25,50000,MORTGAGE,3,0,1,0,1,0,0,0,0,0,A,17000,6.03,0,0.34,0,2
6482,26,50000,MORTGAGE,3,0,1,0,1,0,0,0,0,0,A,8000,6.62,0,0.16,0,4
6484,23,50000,MORTGAGE,7,0,1,0,1,0,0,0,0,0,A,2000,6.62,0,0.04,0,4
6486,25,50000,MORTGAGE,0,0,1,0,1,0,0,0,0,0,A,2600,6.03,0,0.05,0,3
6487,26,44000,MORTGAGE,3,0,1,0,1,0,0,0,0,0,D,3500,16.29,1,0.08,0,3
6516,22,50000,MORTGAGE,6,0,1,0,1,0,0,0,0,0,A,12000,7.9,0,0.24,0,4
6518,26,50000,MORTGAGE,10,0,1,0,1,0,0,0,0,0,A,5400,8.9,0,0.11,0,2
6532,25,50000,MORTGAGE,4,0,1,0,1,0,0,0,0,0,A,9000,6.03,0,0.18,0,2
6535,25,50000,MORTGAGE,5,0,1,0,1,0,0,0,0,0,A,8000,5.42,0,0.16,0,4
6568,25,44000,MORTGAGE,9,0,1,0,1,0,0,0,0,0,A,9800,7.49,1,0.22,0,4
6573,22,50000,MORTGAGE,7,0,1,0,1,0,0,0,0,0,A,9000,8.49,0,0.18,0,2
6590,21,50000,MORTGAGE,5,0,1,0,1,0,0,0,0,0,A,5375,7.49,0,0.11,0,3
6593,23,50000,MORTGAGE,7,0,1,0,1,0,0,0,0,0,B,15000,9.99,0,0.3,0,4
6615,26,50000,MORTGAGE,6,0,1,0,1,0,0,0,0,0,B,10800,10.99,0,0.22,0,4
6620,22,50000,MORTGAGE,0,0,1,0,1,0,0,0,0,0,A,6400,7.29,0,0.13,0,4
6623,24,50000,MORTGAGE,4,0,1,0,1,0,0,0,0,0,B,5000,10,0,0.1,0,4
6644,23,50000,MORTGAGE,5,0,1,0,1,0,0,0,0,0,A,6000,7.66,0,0.12,0,4
6646,26,50000,MORTGAGE,9,0,1,0,1,0,0,0,0,0,A,10000,,0,0.2,0,3
6665,23,50000,MORTGAGE,2,0,1,0,1,0,0,0,0,0,B,14400,10,0,0.29,0,2
6676,22,50000,MORTGAGE,4,0,1,0,1,0,0,0,0,0,B,5150,8.88,0,0.1,0,2
6692,22,50000,MORTGAGE,0,0,1,0,1,0,0,0,0,0,A,12800,5.79,0,0.26,0,2
6727,25,50000,MORTGAGE,5,0,1,0,1,0,0,0,0,0,A,4000,,0,0.08,0,4
6748,22,50000,MORTGAGE,6,0,1,0,1,0,0,0,0,0,B,10000,9.88,0,0.2,0,4
6751,25,50000,MORTGAGE,9,0,1,0,1,0,0,0,0,0,B,5000,11.36,0,0.1,0,2
6760,25,50000,MORTGAGE,9,0,1,0,1,0,0,0,0,0,A,18000,7.88,0,0.36,0,2
6813,22,50000,MORTGAGE,2,0,1,0,1,0,0,0,0,0,A,11000,8.94,0,0.22,0,4
6842,21,44000,MORTGAGE,2,0,1,0,1,0,0,0,0,0,E,15000,16,1,0.34,0,2
6890,22,50004,MORTGAGE,4,0,1,0,1,0,0,0,0,0,A,6250,,0,0.12,0,4
6907,22,44004,MORTGAGE,0,0,1,0,1,0,0,0,0,0,E,11000,15.68,1,0.25,0,4
6926,23,50205,MORTGAGE,7,0,1,0,1,0,0,0,0,0,A,5300,5.42,0,0.11,0,4
6995,23,51000,MORTGAGE,5,0,1,0,1,0,0,0,0,0,A,4000,6.03,0,0.08,0,2
7002,22,51000,MORTGAGE,3,0,1,0,1,0,0,0,0,0,A,10000,8.49,0,0.2,0,3
7016,23,51000,MORTGAGE,2,0,1,0,1,0,0,0,0,0,A,2400,7.49,0,0.05,0,3
7021,26,51000,MORTGAGE,3,0,1,0,1,0,0,0,0,0,A,12000,7.29,0,0.24,0,4
7028,26,51000,MORTGAGE,2,0,1,0,1,0,0,0,0,0,A,12000,6.17,0,0.24,0,4
7030,25,51000,MORTGAGE,7,0,1,0,1,0,0,0,0,0,C,7600,12.23,0,0.15,0,3
7047,25,51000,MORTGAGE,5,0,1,0,1,0,0,0,0,0,A,7000,7.88,0,0.14,0,4
7098,23,45480,MORTGAGE,7,0,1,0,1,0,0,0,0,0,C,4400,13.16,1,0.1,0,3
7114,23,51600,MORTGAGE,1,0,1,0,1,0,0,0,0,0,B,5000,10.59,0,0.1,0,3
7143,26,51996,MORTGAGE,8,0,1,0,1,0,0,0,0,0,A,18000,8.49,0,0.35,0,3
7198,21,52000,MORTGAGE,5,0,1,0,1,0,0,0,0,0,A,5000,7.9,0,0.1,0,3
7202,21,52000,MORTGAGE,5,0,1,0,1,0,0,0,0,0,A,13250,5.99,0,0.25,0,2
7239,25,52000,MORTGAGE,9,0,1,0,1,0,0,0,0,0,B,8500,10.74,0,0.16,0,3
7301,22,52000,MORTGAGE,0,0,1,0,1,0,0,0,0,0,A,3000,7.05,0,0.06,0,2
7321,26,52000,MORTGAGE,7,0,1,0,1,0,0,0,0,0,B,3600,10.51,0,0.07,0,3
7342,22,46500,MORTGAGE,0,0,1,0,1,0,0,0,0,0,B,9500,12.69,1,0.2,0,4
7343,22,52500,MORTGAGE,3,0,1,0,1,0,0,0,0,0,B,4000,10.65,0,0.08,0,4
7345,22,52500,MORTGAGE,6,0,1,0,1,0,0,0,0,0,C,8000,15.23,0,0.15,0,3
7353,25,52500,MORTGAGE,4,0,1,0,1,0,0,0,0,0,A,9000,7.88,0,0.17,0,4
7364,25,52704,MORTGAGE,6,0,1,0,1,0,0,0,0,0,A,11000,8.94,0,0.21,0,3
7372,24,52800,MORTGAGE,8,0,1,0,1,0,0,0,0,0,A,3600,7.9,0,0.07,0,3
7420,22,53000,MORTGAGE,0,0,1,0,1,0,0,0,0,0,A,5025,7.49,0,0.09,0,3
7446,26,53000,MORTGAGE,1,0,1,0,1,0,0,0,0,0,A,8000,,0,0.15,0,2
7452,26,53000,MORTGAGE,9,0,1,0,1,0,0,0,0,0,A,8000,7.88,0,0.15,0,2
7455,22,53000,MORTGAGE,6,0,1,0,1,0,0,0,0,0,A,7750,7.14,0,0.15,0,4
7484,22,53000,MORTGAGE,0,0,1,0,1,0,0,0,0,0,B,4000,10.39,0,0.08,0,2
7489,26,53004,MORTGAGE,3,0,1,0,1,0,0,0,0,0,B,5000,10,0,0.09,0,4
7492,24,53004,MORTGAGE,1,0,1,0,1,0,0,0,0,0,B,2400,10.36,0,0.05,0,2
7505,23,53160,MORTGAGE,,0,1,0,1,0,0,0,0,0,A,7000,7.49,0,0.13,0,3
7519,23,53500,MORTGAGE,,0,1,0,1,0,0,0,0,0,B,2000,9.62,0,0.04,0,4
7540,24,53800,MORTGAGE,4,0,1,0,1,0,0,0,0,0,B,6000,10.99,0,0.11,0,2
7545,21,53851,MORTGAGE,2,0,1,0,1,0,0,0,0,0,B,12000,10,0,0.22,0,2
7579,23,54000,MORTGAGE,,0,1,0,1,0,0,0,0,0,B,5000,9.99,0,0.09,0,3
7585,23,54000,MORTGAGE,7,0,1,0,1,0,0,0,0,0,A,1400,5.42,0,0.03,0,4
7611,22,54000,MORTGAGE,6,0,1,0,1,0,0,0,0,0,B,3000,10,0,0.06,0,3
7626,25,54000,MORTGAGE,5,0,1,0,1,0,0,0,0,0,B,5100,9.62,0,0.09,0,4
7632,22,54000,MORTGAGE,6,0,1,0,1,0,0,0,0,0,B,13200,9.99,0,0.24,0,4
7659,23,48000,MORTGAGE,7,0,1,0,1,0,0,0,0,0,D,16800,14.59,1,0.35,0,2
7685,24,54000,MORTGAGE,8,0,1,0,1,0,0,0,0,0,A,3000,7.05,0,0.06,0,2
7689,23,54000,MORTGAGE,7,0,1,0,1,0,0,0,0,0,A,3000,,0,0.06,0,3
7690,26,54000,MORTGAGE,10,0,1,0,1,0,0,0,0,0,A,9000,8.94,0,0.17,0,4
7714,22,54252,MORTGAGE,6,0,1,0,1,0,0,0,0,0,A,3500,6.39,0,0.06,0,2
7726,24,48442,MORTGAGE,8,0,1,0,1,0,0,0,0,0,D,9800,15.7,1,0.2,0,2
7761,22,54996,MORTGAGE,6,0,1,0,1,0,0,0,0,0,B,25000,12.42,0,0.45,0,2
7774,23,54996,MORTGAGE,7,0,1,0,1,0,0,0,0,0,B,15000,,0,0.27,0,2
7832,25,55000,MORTGAGE,2,0,1,0,1,0,0,0,0,0,A,8000,6.03,0,0.15,0,4
7840,23,55000,MORTGAGE,7,0,1,0,1,0,0,0,0,0,A,7500,7.51,0,0.14,0,4
7875,25,55000,MORTGAGE,3,0,1,0,1,0,0,0,0,0,A,24200,8.49,0,0.44,0,3
7885,23,55000,MORTGAGE,7,0,1,0,1,0,0,0,0,0,A,4000,5.42,0,0.07,0,3
7899,23,55000,MORTGAGE,7,0,1,0,1,0,0,0,0,0,A,3850,5.42,0,0.07,0,2
7901,24,55000,MORTGAGE,1,0,1,0,1,0,0,0,0,0,A,8000,8.49,0,0.15,0,3
7928,24,55000,MORTGAGE,8,0,1,0,1,0,0,0,0,0,A,10000,5.79,0,0.18,0,3
7950,26,55000,MORTGAGE,0,0,1,0,1,0,0,0,0,0,A,10500,5.79,0,0.19,0,2
7956,25,55000,MORTGAGE,9,0,1,0,1,0,0,0,0,0,A,17000,6.91,0,0.31,0,4
7957,26,49000,MORTGAGE,10,0,1,0,1,0,0,0,0,0,E,13000,16.45,1,0.27,0,3
7962,24,55000,MORTGAGE,3,0,1,0,1,0,0,0,0,0,B,3000,11.12,0,0.05,0,2
7990,23,55000,MORTGAGE,5,0,1,0,1,0,0,0,0,0,C,8000,13.85,0,0.15,0,4
8038,25,55000,MORTGAGE,1,0,1,0,1,0,0,0,0,0,C,2000,13.22,0,0.04,0,2
8061,24,55000,MORTGAGE,4,0,1,0,1,0,0,0,0,0,C,1600,13.79,0,0.03,0,2
8072,23,55000,MORTGAGE,7,0,1,0,1,0,0,0,0,0,B,15000,9.2,0,0.27,0,4
8099,23,55200,MORTGAGE,2,0,1,0,1,0,0,0,0,0,B,2000,11.86,0,0.04,0,3
8122,24,55680,MORTGAGE,4,0,1,0,1,0,0,0,0,0,B,7875,10.65,0,0.14,0,3
8133,24,56000,MORTGAGE,8,0,1,0,1,0,0,0,0,0,A,12000,,0,0.21,0,3
8145,26,56000,MORTGAGE,2,0,1,0,1,0,0,0,0,0,C,6000,15.23,0,0.11,0,4
8169,22,56000,MORTGAGE,3,0,1,0,1,0,0,0,0,0,B,20000,10.99,0,0.36,0,4
8190,23,56000,MORTGAGE,6,0,1,0,1,0,0,0,0,0,A,5500,7.51,0,0.1,0,4
8228,22,56004,MORTGAGE,6,0,1,0,1,0,0,0,0,0,A,2000,7.51,0,0.04,0,4
8243,25,50400,MORTGAGE,9,0,1,0,1,0,0,0,0,0,D,12000,16.89,1,0.24,0,4
8263,26,56700,MORTGAGE,3,0,1,0,1,0,0,0,0,0,A,6000,9.63,0,0.11,0,4
8269,22,56902,MORTGAGE,6,0,1,0,1,0,0,0,0,0,A,12000,7.14,0,0.21,0,4
8339,24,51000,MORTGAGE,8,0,1,0,1,0,0,0,0,0,B,12000,,1,0.24,0,3
8350,26,57006,MORTGAGE,10,0,1,0,1,0,0,0,0,0,A,6000,6.17,0,0.11,0,2
8360,21,57200,MORTGAGE,5,0,1,0,1,0,0,0,0,0,A,8000,6.03,0,0.14,0,2
8361,22,57200,MORTGAGE,7,0,1,0,1,0,0,0,0,0,A,7500,7.51,0,0.13,0,3
8368,25,57400,MORTGAGE,9,0,1,0,1,0,0,0,0,0,A,8475,6.99,0,0.15,0,2
8380,26,57500,MORTGAGE,2,0,1,0,1,0,0,0,0,0,A,7750,6.76,0,0.13,0,3
8384,23,57504,MORTGAGE,1,0,1,0,1,0,0,0,0,0,A,9000,6.54,0,0.16,0,3
8386,26,57550,MORTGAGE,,0,1,0,1,0,0,0,0,0,A,3500,5.42,0,0.06,0,4
8393,23,57600,MORTGAGE,,0,1,0,1,0,0,0,0,0,A,10000,6.03,0,0.17,0,4
8405,23,57600,MORTGAGE,6,0,1,0,1,0,0,0,0,0,A,4000,5.42,0,0.07,0,2
8408,23,57600,MORTGAGE,7,0,1,0,1,0,0,0,0,0,A,4000,,0,0.07,0,3
8444,23,57996,MORTGAGE,7,0,1,0,1,0,0,0,0,0,A,7200,,0,0.12,0,2
8449,25,58000,MORTGAGE,7,0,1,0,1,0,0,0,0,0,B,7200,11.71,0,0.12,0,3
8450,24,58000,MORTGAGE,8,0,1,0,1,0,0,0,0,0,A,15700,7.9,0,0.27,0,3
8458,22,52000,MORTGAGE,6,0,1,0,1,0,0,0,0,0,D,14825,15.62,1,0.29,0,3
8464,24,58000,MORTGAGE,5,0,1,0,1,0,0,0,0,0,A,7000,6.99,0,0.12,0,4
8468,24,58000,MORTGAGE,8,0,1,0,1,0,0,0,0,0,A,3000,5.42,0,0.05,0,4
8495,23,58000,MORTGAGE,3,0,1,0,1,0,0,0,0,0,A,5000,7.14,0,0.09,0,2
8507,24,58000,MORTGAGE,6,0,1,0,1,0,0,0,0,0,A,2200,7.4,0,0.04,0,3
8536,23,58200,MORTGAGE,2,0,1,0,1,0,0,0,0,0,B,13000,,0,0.22,0,2
8545,25,58560,MORTGAGE,9,0,1,0,1,0,0,0,0,0,B,5000,10.59,0,0.09,0,4
8550,22,52650,MORTGAGE,1,0,1,0,1,0,0,0,0,0,F,19200,17.26,1,0.36,0,4
8572,23,53000,MORTGAGE,6,0,1,0,1,0,0,0,0,0,B,6000,10.65,1,0.11,0,3
8581,22,59000,MORTGAGE,6,0,1,0,1,0,0,0,0,0,A,6400,,0,0.11,0,4
8619,24,59393,MORTGAGE,4,0,1,0,1,0,0,0,0,0,B,2400,12.69,0,0.04,0,4
8621,25,59436,MORTGAGE,1,0,1,0,1,0,0,0,0,0,A,7500,6.76,0,0.13,0,3
8635,22,53774,MORTGAGE,6,0,1,0,1,0,0,0,0,0,E,8600,19.42,1,0.16,0,2
8654,23,60000,MORTGAGE,5,0,1,0,1,0,0,0,0,0,B,10000,11.71,0,0.17,0,4
8670,25,60000,MORTGAGE,4,0,1,0,1,0,0,0,0,0,C,1200,13.49,0,0.02,0,4
8674,23,60000,MORTGAGE,7,0,1,0,1,0,0,0,0,0,B,21000,11.71,0,0.35,0,4
8723,24,60000,MORTGAGE,6,0,1,0,1,0,0,0,0,0,A,10000,8.9,0,0.17,0,2
8739,25,60000,MORTGAGE,9,0,1,0,1,0,0,0,0,0,B,23275,12.42,0,0.39,0,3
8741,24,60000,MORTGAGE,2,0,1,0,1,0,0,0,0,0,B,10000,11.71,0,0.17,0,2
8745,25,60000,MORTGAGE,9,0,1,0,1,0,0,0,0,0,A,9600,6.03,0,0.16,0,3
8761,24,54000,MORTGAGE,1,0,1,0,1,0,0,0,0,0,A,1500,5.42,1,0.03,0,3
8765,22,60000,MORTGAGE,6,0,1,0,1,0,0,0,0,0,C,18000,12.99,0,0.3,0,2
8775,25,60000,MORTGAGE,10,0,1,0,1,0,0,0,0,0,B,10000,11.49,0,0.17,0,2
8777,22,60000,MORTGAGE,5,0,1,0,1,0,0,0,0,0,A,8000,6.99,0,0.13,0,4
8784,23,60000,MORTGAGE,6,0,1,0,1,0,0,0,0,0,C,7000,12.99,0,0.12,0,4
8789,26,54000,MORTGAGE,11,0,1,0,1,0,0,0,0,0,B,4800,11.49,1,0.09,0,2
8818,24,60000,MORTGAGE,0,0,1,0,1,0,0,0,0,0,A,6000,5.42,0,0.1,0,3
8833,21,60000,MORTGAGE,5,0,1,0,1,0,0,0,0,0,A,10000,5.99,0,0.17,0,2
8839,25,60000,MORTGAGE,0,0,1,0,1,0,0,0,0,0,A,4000,5.99,0,0.07,0,4
8842,22,60000,MORTGAGE,6,0,1,0,1,0,0,0,0,0,A,5000,5.99,0,0.08,0,4
8859,22,54000,MORTGAGE,0,0,1,0,1,0,0,0,0,0,D,6000,,1,0.11,0,3
8860,25,60000,MORTGAGE,3,0,1,0,1,0,0,0,0,0,A,3000,5.99,0,0.05,0,4
8868,22,60000,MORTGAGE,3,0,1,0,1,0,0,0,0,0,A,15000,7.49,0,0.25,0,4
8874,25,60000,MORTGAGE,3,0,1,0,1,0,0,0,0,0,A,3200,5.42,0,0.05,0,4
8898,23,60000,MORTGAGE,7,0,1,0,1,0,0,0,0,0,A,12000,7.29,0,0.2,0,3
8923,23,60000,MORTGAGE,7,0,1,0,1,0,0,0,0,0,A,7200,,0,0.12,0,2
8958,21,60000,MORTGAGE,5,0,1,0,1,0,0,0,0,0,B,7800,9.99,0,0.13,0,2
8962,26,60000,MORTGAGE,0,0,1,0,1,0,0,0,0,0,C,7200,,0,0.12,0,4
8972,25,60000,MORTGAGE,7,0,1,0,1,0,0,0,0,0,A,8000,5.79,0,0.13,0,2
8973,23,60000,MORTGAGE,5,0,1,0,1,0,0,0,0,0,A,7200,,0,0.12,0,4
8996,24,60000,MORTGAGE,8,0,1,0,1,0,0,0,0,0,C,14000,,0,0.23,0,2
9007,23,54000,MORTGAGE,5,0,1,0,1,0,0,0,0,0,E,10000,16.45,1,0.19,0,3
9020,24,60000,MORTGAGE,5,0,1,0,1,0,0,0,0,0,A,14000,7.51,0,0.23,0,2
9044,24,60000,MORTGAGE,5,0,1,0,1,0,0,0,0,0,A,7000,7.14,0,0.12,0,2
9079,25,54000,MORTGAGE,7,0,1,0,1,0,0,0,0,0,D,8400,14.59,1,0.16,0,2
9084,23,60000,MORTGAGE,5,0,1,0,1,0,0,0,0,0,A,4000,7.14,0,0.07,0,3
9093,25,54000,MORTGAGE,,0,1,0,1,0,0,0,0,0,C,12000,12.73,1,0.22,0,4
9117,21,60000,MORTGAGE,5,0,1,0,1,0,0,0,0,0,C,5000,13.48,0,0.08,0,2
9171,26,60000,MORTGAGE,10,0,1,0,1,0,0,0,0,0,A,6000,8.94,0,0.1,0,4
9179,25,54000,MORTGAGE,9,0,1,0,1,0,0,0,0,0,B,12000,12.53,1,0.22,0,4
9224,26,54000,MORTGAGE,2,0,1,0,1,0,0,0,0,0,B,8000,11.89,1,0.15,0,2
9245,23,60000,MORTGAGE,0,0,1,0,1,0,0,0,0,0,A,7500,8,0,0.13,0,2
9250,23,60000,MORTGAGE,7,0,1,0,1,0,0,0,0,0,B,6000,9.45,0,0.1,0,2
9285,25,60626,MORTGAGE,4,0,1,0,1,0,0,0,0,0,A,2500,6.92,0,0.04,0,3
9287,23,60785,MORTGAGE,7,0,1,0,1,0,0,0,0,0,C,10625,13.99,0,0.17,0,2
9307,22,61000,MORTGAGE,1,0,1,0,1,0,0,0,0,0,B,8000,11.49,0,0.13,0,2
9318,22,61000,MORTGAGE,6,0,1,0,1,0,0,0,0,0,A,12000,7.29,0,0.2,0,3
9325,26,55000,MORTGAGE,4,0,1,0,1,0,0,0,0,0,A,10000,7.51,1,0.18,0,3
9328,23,55000,MORTGAGE,6,0,1,0,1,0,0,0,0,0,D,10000,15.33,1,0.18,0,2
9352,23,61200,MORTGAGE,2,0,1,0,1,0,0,0,0,0,A,10000,7.88,0,0.16,0,3
9398,26,62000,MORTGAGE,1,0,1,0,1,0,0,0,0,0,A,8400,6.62,0,0.14,0,4
9409,21,62000,MORTGAGE,2,0,1,0,1,0,0,0,0,0,A,6000,7.51,0,0.1,0,2
9422,24,62000,MORTGAGE,8,0,1,0,1,0,0,0,0,0,A,10000,7.49,0,0.16,0,3
9463,25,62000,MORTGAGE,6,0,1,0,1,0,0,0,0,0,A,6000,7.88,0,0.1,0,4
9465,25,62000,MORTGAGE,5,0,1,0,1,0,0,0,0,0,A,10000,7.88,0,0.16,0,3
9491,23,62000,MORTGAGE,7,0,1,0,1,0,0,0,0,0,B,6400,10.08,0,0.1,0,2
9501,25,56004,MORTGAGE,5,0,1,0,1,0,0,0,0,0,B,8000,11.71,1,0.14,0,3
9504,24,56004,MORTGAGE,5,0,1,0,1,0,0,0,0,0,B,6000,10,1,0.11,0,3
9510,23,62004,MORTGAGE,1,0,1,0,1,0,0,0,0,0,B,9600,10.95,0,0.15,0,3
9542,26,62400,MORTGAGE,10,0,1,0,1,0,0,0,0,0,A,11000,,0,0.18,0,3
9566,23,62500,MORTGAGE,4,0,1,0,1,0,0,0,0,0,A,23525,7.9,0,0.38,0,3
9576,24,62500,MORTGAGE,8,0,1,0,1,0,0,0,0,0,B,16000,10.38,0,0.26,0,3
9582,25,62500,MORTGAGE,5,0,1,0,1,0,0,0,0,0,C,15000,6,0,0.24,0,3
9595,22,62892,MORTGAGE,4,0,1,0,1,0,0,0,0,0,C,9600,11.03,0,0.15,0,4
9618,21,63000,MORTGAGE,5,0,1,0,1,0,0,0,0,0,B,11200,10.99,0,0.18,0,4
9655,22,63000,MORTGAGE,2,0,1,0,1,0,0,0,0,0,A,4000,,0,0.06,0,2
9658,25,63000,MORTGAGE,5,0,1,0,1,0,0,0,0,0,A,11600,,0,0.18,0,4
9659,25,63000,MORTGAGE,9,0,1,0,1,0,0,0,0,0,B,7775,,0,0.12,0,3
9674,24,63000,MORTGAGE,8,0,1,0,1,0,0,0,0,0,B,7000,,0,0.11,0,3
9680,22,63132,MORTGAGE,0,0,1,0,1,0,0,0,0,0,A,10000,6.03,0,0.16,0,3
9707,24,63554,MORTGAGE,,0,1,0,1,0,0,0,0,0,A,2500,7.51,0,0.04,0,2
9714,22,63800,MORTGAGE,7,0,1,0,1,0,0,0,0,0,B,25000,11.36,0,0.39,0,4
9720,22,63996,MORTGAGE,6,0,1,0,1,0,0,0,0,0,A,4000,5.42,0,0.06,0,4
9732,22,64000,MORTGAGE,1,0,1,0,1,0,0,0,0,0,A,6625,6.62,0,0.1,0,2
9739,24,64000,MORTGAGE,5,0,1,0,1,0,0,0,0,0,A,5200,7.9,0,0.08,0,3
9742,23,64000,MORTGAGE,7,0,1,0,1,0,0,0,0,0,B,8000,10.99,0,0.13,0,2
9761,23,64000,MORTGAGE,6,0,1,0,1,0,0,0,0,0,A,5500,7.14,0,0.09,0,3
9770,24,64000,MORTGAGE,9,0,1,0,1,0,0,0,0,0,B,10000,,0,0.16,0,4
9821,23,64800,MORTGAGE,7,0,1,0,1,0,0,0,0,0,C,2400,13.23,0,0.04,0,2
9827,26,64992,MORTGAGE,1,0,1,0,1,0,0,0,0,0,A,4000,9.63,0,0.06,0,4
9864,24,65000,MORTGAGE,8,0,1,0,1,0,0,0,0,0,B,6600,10.65,0,0.1,0,2
9866,25,59000,MORTGAGE,9,0,1,0,1,0,0,0,0,0,A,5000,6.03,1,0.08,0,2
9871,21,65000,MORTGAGE,5,0,1,0,1,0,0,0,0,0,B,2200,12.42,0,0.03,0,3
9873,23,65000,MORTGAGE,7,0,1,0,1,0,0,0,0,0,A,7425,6.03,0,0.11,0,4
9901,26,65000,MORTGAGE,5,0,1,0,1,0,0,0,0,0,A,5000,5.42,0,0.08,0,4
9915,23,65000,MORTGAGE,0,0,1,0,1,0,0,0,0,0,B,18000,9.99,0,0.28,0,4
9933,23,65000,MORTGAGE,5,0,1,0,1,0,0,0,0,0,A,2275,,0,0.04,0,2
9947,22,65000,MORTGAGE,6,0,1,0,1,0,0,0,0,0,A,8000,6.99,0,0.12,0,3
9949,23,65000,MORTGAGE,4,0,1,0,1,0,0,0,0,0,A,5400,8.9,0,0.08,0,3
9959,23,65000,MORTGAGE,2,0,1,0,1,0,0,0,0,0,A,7000,8.49,0,0.11,0,3
9962,26,65000,MORTGAGE,0,0,1,0,1,0,0,0,0,0,A,4000,5.42,0,0.06,0,3
9969,24,65000,MORTGAGE,7,0,1,0,1,0,0,0,0,0,B,20000,,0,0.31,0,3
10031,22,65000,MORTGAGE,2,0,1,0,1,0,0,0,0,0,B,13000,10.38,0,0.2,0,2
10054,22,65000,MORTGAGE,4,0,1,0,1,0,0,0,0,0,C,8100,13.11,0,0.12,0,4
10063,24,65000,MORTGAGE,0,0,1,0,1,0,0,0,0,0,C,3000,12.73,0,0.05,0,3
10066,23,65000,MORTGAGE,2,0,1,0,1,0,0,0,0,0,B,4400,11.36,0,0.07,0,4
10117,25,65000,MORTGAGE,0,0,1,0,1,0,0,0,0,0,A,2000,7.37,0,0.03,0,2
10145,21,65004,MORTGAGE,5,0,1,0,1,0,0,0,0,0,B,5000,9.99,0,0.08,0,3
10175,22,65200,MORTGAGE,1,0,1,0,1,0,0,0,0,0,A,4000,7.14,0,0.06,0,4
10183,25,65454,MORTGAGE,9,0,1,0,1,0,0,0,0,0,B,8400,11.99,0,0.13,0,2
10204,24,59964,MORTGAGE,0,0,1,0,1,0,0,0,0,0,B,1275,10.99,1,0.02,0,4
10241,22,66000,MORTGAGE,6,0,1,0,1,0,0,0,0,0,B,10000,11.49,0,0.15,0,3
10243,26,66000,MORTGAGE,10,0,1,0,1,0,0,0,0,0,A,15500,7.49,0,0.23,0,2
10253,26,66000,MORTGAGE,6,0,1,0,1,0,0,0,0,0,B,7000,9.63,0,0.11,0,2
10262,22,66000,MORTGAGE,4,0,1,0,1,0,0,0,0,0,A,2700,6.76,0,0.04,0,3
10265,22,66000,MORTGAGE,5,0,1,0,1,0,0,0,0,0,A,8500,7.51,0,0.13,0,2
10274,24,66000,MORTGAGE,5,0,1,0,1,0,0,0,0,0,B,13000,10.25,0,0.2,0,2
10277,21,66000,MORTGAGE,4,0,1,0,1,0,0,0,0,0,A,7000,7.88,0,0.11,0,2
10310,25,66500,MORTGAGE,9,0,1,0,1,0,0,0,0,0,B,5000,9.63,0,0.08,0,3
10331,23,66996,MORTGAGE,2,0,1,0,1,0,0,0,0,0,A,7000,7.88,0,0.1,0,4
10354,23,67000,MORTGAGE,2,0,1,0,1,0,0,0,0,0,A,5600,7.49,0,0.08,0,2
10356,24,67000,MORTGAGE,0,0,1,0,1,0,0,0,0,0,A,4000,7.49,0,0.06,0,3
10365,23,67000,MORTGAGE,3,0,1,0,1,0,0,0,0,0,A,9250,5.79,0,0.14,0,2
10366,22,67000,MORTGAGE,7,0,1,0,1,0,0,0,0,0,A,8800,7.51,0,0.13,0,2
10389,24,61100,MORTGAGE,4,0,1,0,1,0,0,0,0,0,D,25000,17.49,1,0.41,0,3
10412,24,61499,MORTGAGE,8,0,1,0,1,0,0,0,0,0,D,19600,15.65,1,0.32,0,2
10436,23,61836,MORTGAGE,4,0,1,0,1,0,0,0,0,0,D,1700,16.77,1,0.03,0,4
10437,26,67900,MORTGAGE,2,0,1,0,1,0,0,0,0,0,A,2400,8.49,0,0.04,0,4
10439,24,67992,MORTGAGE,8,0,1,0,1,0,0,0,0,0,B,12000,10.75,0,0.18,0,2
10444,22,68000,MORTGAGE,6,0,1,0,1,0,0,0,0,0,A,16000,7.9,0,0.24,0,4
10467,25,68000,MORTGAGE,9,0,1,0,1,0,0,0,0,0,B,8000,,0,0.12,0,3
10471,26,68000,MORTGAGE,3,0,1,0,1,0,0,0,0,0,A,10000,5.79,0,0.15,0,2
10515,23,68000,MORTGAGE,2,0,1,0,1,0,0,0,0,0,C,21000,12.84,0,0.31,0,2
10551,23,62500,MORTGAGE,3,0,1,0,1,0,0,0,0,0,D,10000,15.7,1,0.16,0,3
10562,23,68686,MORTGAGE,7,0,1,0,1,0,0,0,0,0,A,6000,,0,0.09,0,2
10586,24,69000,MORTGAGE,9,0,1,0,1,0,0,0,0,0,B,3000,11.11,0,0.04,0,2
10599,26,69000,MORTGAGE,2,0,1,0,1,0,0,0,0,0,A,11000,,0,0.16,0,2
10632,23,69600,MORTGAGE,7,0,1,0,1,0,0,0,0,0,A,1200,6.99,0,0.02,0,3
10633,23,63600,MORTGAGE,,0,1,0,1,0,0,0,0,0,B,20000,10.99,1,0.31,0,3
10653,26,69996,MORTGAGE,10,0,1,0,1,0,0,0,0,0,C,14000,13.49,0,0.2,0,2
10683,22,69996,MORTGAGE,6,0,1,0,1,0,0,0,0,0,B,15000,12.21,0,0.21,0,2
10712,25,70000,MORTGAGE,9,0,1,0,1,0,0,0,0,0,B,15600,11.71,0,0.22,0,3
10714,26,64000,MORTGAGE,6,0,1,0,1,0,0,0,0,0,E,9000,18.64,1,0.14,0,4
10731,22,64000,MORTGAGE,3,0,1,0,1,0,0,0,0,0,B,14400,11.71,1,0.23,0,2
10734,24,70000,MORTGAGE,3,0,1,0,1,0,0,0,0,0,A,5000,6.03,0,0.07,0,3
10746,24,70000,MORTGAGE,8,0,1,0,1,0,0,0,0,0,B,7000,9.99,0,0.1,0,4
10767,22,70000,MORTGAGE,1,0,1,0,1,0,0,0,0,0,A,4500,5.42,0,0.06,0,2
10768,26,70000,MORTGAGE,0,0,1,0,1,0,0,0,0,0,A,8000,,0,0.11,0,2
10777,22,70000,MORTGAGE,2,0,1,0,1,0,0,0,0,0,A,6000,5.42,0,0.09,0,2
10788,22,70000,MORTGAGE,6,0,1,0,1,0,0,0,0,0,A,8400,6.99,0,0.12,0,4
10796,22,64000,MORTGAGE,6,0,1,0,1,0,0,0,0,0,A,6000,,1,0.09,0,2
10807,22,70000,MORTGAGE,6,0,1,0,1,0,0,0,0,0,A,10000,7.29,0,0.14,0,3
10816,23,70000,MORTGAGE,7,0,1,0,1,0,0,0,0,0,A,3500,5.42,0,0.05,0,2
10828,25,70000,MORTGAGE,9,0,1,0,1,0,0,0,0,0,A,4000,6.92,0,0.06,0,2
10833,23,70000,MORTGAGE,0,0,1,0,1,0,0,0,0,0,A,3525,6.91,0,0.05,0,3
10837,21,70000,MORTGAGE,6,0,1,0,1,0,0,0,0,0,A,6000,5.42,0,0.09,0,3
10840,22,70000,MORTGAGE,3,0,1,0,1,0,0,0,0,0,B,10000,10.36,0,0.14,0,2
10849,24,70000,MORTGAGE,3,0,1,0,1,0,0,0,0,0,B,11000,,0,0.16,0,3
10857,26,64000,MORTGAGE,5,0,1,0,1,0,0,0,0,0,D,7000,15.95,1,0.11,0,2
10876,23,70000,MORTGAGE,7,0,1,0,1,0,0,0,0,0,A,4400,6.76,0,0.06,0,4
10881,25,70000,MORTGAGE,0,0,1,0,1,0,0,0,0,0,B,8000,11.12,0,0.11,0,3
10889,24,70000,MORTGAGE,9,0,1,0,1,0,0,0,0,0,B,12000,11.36,0,0.17,0,4
10890,26,70000,MORTGAGE,10,0,1,0,1,0,0,0,0,0,B,2500,10.99,0,0.04,0,3
10901,24,70000,MORTGAGE,9,0,1,0,1,0,0,0,0,0,B,16000,10.62,0,0.23,0,2
10915,25,70000,MORTGAGE,9,0,1,0,1,0,0,0,0,0,B,14000,10.25,0,0.2,0,4
10935,23,70000,MORTGAGE,7,0,1,0,1,0,0,0,0,0,B,15000,11.14,0,0.21,0,4
10939,22,70000,MORTGAGE,5,0,1,0,1,0,0,0,0,0,C,15000,13.92,0,0.21,0,2
10976,26,64000,MORTGAGE,9,0,1,0,1,0,0,0,0,0,D,8000,12.17,1,0.13,0,4
10981,24,70092,MORTGAGE,0,0,1,0,1,0,0,0,0,0,B,13950,11.14,0,0.2,0,2
10999,26,70885,MORTGAGE,10,0,1,0,1,0,0,0,0,0,A,1000,6.39,0,0.01,0,4
11002,25,71000,MORTGAGE,9,0,1,0,1,0,0,0,0,0,A,7200,6.62,0,0.1,0,4
11006,26,71000,MORTGAGE,2,0,1,0,1,0,0,0,0,0,A,4400,5.42,0,0.06,0,4
11007,23,71000,MORTGAGE,7,0,1,0,1,0,0,0,0,0,B,7500,9.99,0,0.11,0,3
11039,26,71040,MORTGAGE,1,0,1,0,1,0,0,0,0,0,A,3000,5.79,0,0.04,0,2
11040,26,71046,MORTGAGE,10,0,1,0,1,0,0,0,0,0,B,6500,10.99,0,0.09,0,4
11084,22,72000,MORTGAGE,,0,1,0,1,0,0,0,0,0,A,7200,7.9,0,0.1,0,3
11091,25,72000,MORTGAGE,9,0,1,0,1,0,0,0,0,0,B,4800,10.65,0,0.07,0,3
11094,24,72000,MORTGAGE,2,0,1,0,1,0,0,0,0,0,A,6000,7.49,0,0.08,0,4
11098,21,72000,MORTGAGE,5,0,1,0,1,0,0,0,0,0,A,24000,7.49,0,0.33,0,3
11153,21,72000,MORTGAGE,5,0,1,0,1,0,0,0,0,0,A,2000,6.54,0,0.03,0,2
11158,22,72000,MORTGAGE,6,0,1,0,1,0,0,0,0,0,A,3500,5.42,0,0.05,0,4
11162,23,72000,MORTGAGE,7,0,1,0,1,0,0,0,0,0,A,6000,6.17,0,0.08,0,3
11168,25,72000,MORTGAGE,9,0,1,0,1,0,0,0,0,0,A,15000,7.88,0,0.21,0,3
11217,25,72000,MORTGAGE,4,0,1,0,1,0,0,0,0,0,B,20000,11.83,0,0.28,0,4
11227,24,72000,MORTGAGE,5,0,1,0,1,0,0,0,0,0,B,8000,12.21,0,0.11,0,4
11231,26,66000,MORTGAGE,9,0,1,0,1,0,0,0,0,0,D,15000,14.42,1,0.23,0,2
11265,23,66500,MORTGAGE,0,0,1,0,1,0,0,0,0,0,B,22000,8.88,1,0.33,0,2
11276,25,66800,MORTGAGE,3,0,1,0,1,0,0,0,0,0,A,12000,9.63,1,0.18,0,4
11305,25,73000,MORTGAGE,8,0,1,0,1,0,0,0,0,0,C,3500,13.23,0,0.05,0,2
11306,25,73000,MORTGAGE,9,0,1,0,1,0,0,0,0,0,B,9000,11.86,0,0.12,0,4
11319,24,73000,MORTGAGE,7,0,1,0,1,0,0,0,0,0,A,14400,8.94,0,0.2,0,2
11329,25,73200,MORTGAGE,7,0,1,0,1,0,0,0,0,0,A,5000,,0,0.07,0,2
11350,24,73909,MORTGAGE,6,0,1,0,1,0,0,0,0,0,A,3900,5.99,0,0.05,0,4
11360,26,74000,MORTGAGE,10,0,1,0,1,0,0,0,0,0,B,1200,12.69,0,0.02,0,2
11363,21,74000,MORTGAGE,0,0,1,0,1,0,0,0,0,0,B,15000,11.99,0,0.2,0,3
11380,23,74000,MORTGAGE,0,0,1,0,1,0,0,0,0,0,B,17500,,0,0.24,0,2
11396,21,68100,MORTGAGE,5,0,1,0,1,0,0,0,0,0,E,17500,17.19,1,0.26,0,4
11402,26,74400,MORTGAGE,10,0,1,0,1,0,0,0,0,0,A,15000,6.54,0,0.2,0,4
11403,22,68400,MORTGAGE,0,0,1,0,1,0,0,0,0,0,D,10000,15.95,1,0.15,0,4
11410,26,74500,MORTGAGE,10,0,1,0,1,0,0,0,0,0,B,8000,9.88,0,0.11,0,3
11417,25,74678,MORTGAGE,9,0,1,0,1,0,0,0,0,0,B,4000,10.62,0,0.05,0,2
11420,23,74758,MORTGAGE,3,0,1,0,1,0,0,0,0,0,B,11050,10.37,0,0.15,0,3
11445,26,75000,MORTGAGE,7,0,1,0,1,0,0,0,0,0,A,6500,8.9,0,0.09,0,4
11469,24,75000,MORTGAGE,8,0,1,0,1,0,0,0,0,0,A,7000,7.9,0,0.09,0,4
11505,26,75000,MORTGAGE,8,0,1,0,1,0,0,0,0,0,C,7200,15.23,0,0.1,0,4
11510,23,75000,MORTGAGE,4,0,1,0,1,0,0,0,0,0,A,4200,7.49,0,0.06,0,4
11512,25,75000,MORTGAGE,7,0,1,0,1,0,0,0,0,0,B,15000,9.99,0,0.2,0,4
11560,25,75000,MORTGAGE,5,0,1,0,1,0,0,0,0,0,B,10000,10.74,0,0.13,0,4
11563,23,75000,MORTGAGE,0,0,1,0,1,0,0,0,0,0,A,12000,6.92,0,0.16,0,4
11592,24,75000,MORTGAGE,8,0,1,0,1,0,0,0,0,0,C,12000,12.61,0,0.16,0,4
11603,24,69000,MORTGAGE,4,0,1,0,1,0,0,0,0,0,D,25000,15.57,1,0.36,0,2
11604,21,75000,MORTGAGE,6,0,1,0,1,0,0,0,0,0,A,10000,,0,0.13,0,3
11607,25,75000,MORTGAGE,9,0,1,0,1,0,0,0,0,0,A,9600,5.42,0,0.13,0,4
11609,26,75000,MORTGAGE,10,0,1,0,1,0,0,0,0,0,A,15350,6.17,0,0.2,0,4
11615,22,75000,MORTGAGE,6,0,1,0,1,0,0,0,0,0,A,18000,5.79,0,0.24,0,2
11644,25,75000,MORTGAGE,8,0,1,0,1,0,0,0,0,0,B,12000,11.49,0,0.16,0,3
11678,26,75000,MORTGAGE,4,0,1,0,1,0,0,0,0,0,B,21000,11.48,0,0.28,0,4
11684,22,75000,MORTGAGE,0,0,1,0,1,0,0,0,0,0,B,24000,11.83,0,0.32,0,4
11687,25,75000,MORTGAGE,9,0,1,0,1,0,0,0,0,0,C,8500,13.22,0,0.11,0,4
11704,22,75000,MORTGAGE,6,0,1,0,1,0,0,0,0,0,A,6000,7.74,0,0.08,0,4
11712,26,75000,MORTGAGE,10,0,1,0,1,0,0,0,0,0,A,10000,8.94,0,0.13,0,2
11725,25,75000,MORTGAGE,8,0,1,0,1,0,0,0,0,0,A,15000,9.63,0,0.2,0,3
11736,22,75000,MORTGAGE,7,0,1,0,1,0,0,0,0,0,B,8000,12.21,0,0.11,0,2
11738,24,75000,MORTGAGE,8,0,1,0,1,0,0,0,0,0,B,15000,12.21,0,0.2,0,3
11778,23,75689,MORTGAGE,7,0,1,0,1,0,0,0,0,0,B,25000,11.12,0,0.33,0,4
11788,25,75996,MORTGAGE,9,0,1,0,1,0,0,0,0,0,B,10000,11.99,0,0.13,0,3
11797,24,76000,MORTGAGE,8,0,1,0,1,0,0,0,0,0,A,6000,8.9,0,0.08,0,3
11801,24,76000,MORTGAGE,8,0,1,0,1,0,0,0,0,0,B,13500,9.99,0,0.18,0,3
11806,24,76000,MORTGAGE,9,0,1,0,1,0,0,0,0,0,B,20050,10.59,0,0.26,0,2
11817,23,76000,MORTGAGE,7,0,1,0,1,0,0,0,0,0,A,20000,,0,0.26,0,4
11826,22,70000,MORTGAGE,1,0,1,0,1,0,0,0,0,0,C,25000,13.79,1,0.36,0,3
11842,24,76494,MORTGAGE,3,0,1,0,1,0,0,0,0,0,A,12000,,0,0.16,0,3
11853,22,76800,MORTGAGE,3,0,1,0,1,0,0,0,0,0,A,6000,6.62,0,0.08,0,4
11863,24,77000,MORTGAGE,6,0,1,0,1,0,0,0,0,0,B,12000,12.42,0,0.16,0,2
11870,26,71000,MORTGAGE,10,0,1,0,1,0,0,0,0,0,D,6000,15.62,1,0.08,0,4
11872,25,77000,MORTGAGE,9,0,1,0,1,0,0,0,0,0,A,3000,7.49,0,0.04,0,3
11883,22,71000,MORTGAGE,6,0,1,0,1,0,0,0,0,0,B,3200,10.25,1,0.05,0,3
11901,25,71004,MORTGAGE,1,0,1,0,1,0,0,0,0,0,E,2400,17.04,1,0.03,0,3
11902,25,77004,MORTGAGE,2,0,1,0,1,0,0,0,0,0,C,16000,13.92,0,0.21,0,2
11904,25,77078,MORTGAGE,1,0,1,0,1,0,0,0,0,0,B,3425,12.18,0,0.04,0,2
11925,23,77705,MORTGAGE,,0,1,0,1,0,0,0,0,0,A,11700,6.17,0,0.15,0,3
11934,25,72000,MORTGAGE,9,0,1,0,1,0,0,0,0,0,C,10000,14.27,1,0.14,0,3
11944,24,78000,MORTGAGE,3,0,1,0,1,0,0,0,0,0,A,8500,7.51,0,0.11,0,4
11954,23,78000,MORTGAGE,4,0,1,0,1,0,0,0,0,0,C,6000,12.99,0,0.08,0,3
11959,24,78000,MORTGAGE,3,0,1,0,1,0,0,0,0,0,B,20000,10.37,0,0.26,0,2
11965,24,78000,MORTGAGE,8,0,1,0,1,0,0,0,0,0,A,3600,5.42,0,0.05,0,4
11974,25,78000,MORTGAGE,0,0,1,0,1,0,0,0,0,0,A,10000,5.79,0,0.13,0,2
11983,22,78000,MORTGAGE,6,0,1,0,1,0,0,0,0,0,A,15000,7.88,0,0.19,0,3
11985,25,78000,MORTGAGE,4,0,1,0,1,0,0,0,0,0,B,2400,11.86,0,0.03,0,4
12005,24,78000,MORTGAGE,5,0,1,0,1,0,0,0,0,0,C,8000,13.22,0,0.1,0,2
12007,22,78000,MORTGAGE,6,0,1,0,1,0,0,0,0,0,B,9600,10.95,0,0.12,0,2
12031,23,78500,MORTGAGE,7,0,1,0,1,0,0,0,0,0,A,4800,7.14,0,0.06,0,4
12033,25,78500,MORTGAGE,9,0,1,0,1,0,0,0,0,0,A,16000,7.88,0,0.2,0,2
12061,25,79000,MORTGAGE,9,0,1,0,1,0,0,0,0,0,A,10000,5.79,0,0.13,0,2
12066,25,79000,MORTGAGE,0,0,1,0,1,0,0,0,0,0,A,9000,6.76,0,0.11,0,4
12089,26,79560,MORTGAGE,10,0,1,0,1,0,0,0,0,0,B,8000,12.53,0,0.1,0,4
12094,26,79700,MORTGAGE,9,0,1,0,1,0,0,0,0,0,B,7200,9.99,0,0.09,0,3
12099,23,79992,MORTGAGE,7,0,1,0,1,0,0,0,0,0,B,6000,,0,0.08,0,3
12119,23,80000,MORTGAGE,3,0,1,0,1,0,0,0,0,0,B,24000,11.71,0,0.3,0,3
12127,25,80000,MORTGAGE,9,0,1,0,1,0,0,0,0,0,A,4000,6.62,0,0.05,0,2
12173,23,74000,MORTGAGE,5,0,1,0,1,0,0,0,0,0,D,25975,,1,0.35,0,2
12217,26,80000,MORTGAGE,10,0,1,0,1,0,0,0,0,0,B,10800,11.99,0,0.14,0,3
12222,25,80000,MORTGAGE,9,0,1,0,1,0,0,0,0,0,A,10250,5.42,0,0.13,0,4
12251,25,80000,MORTGAGE,9,0,1,0,1,0,0,0,0,0,A,13000,6.54,0,0.16,0,3
12257,25,80000,MORTGAGE,5,0,1,0,1,0,0,0,0,0,A,18000,5.79,0,0.23,0,2
12292,26,80000,MORTGAGE,5,0,1,0,1,0,0,0,0,0,A,7000,7.51,0,0.09,0,2
12303,22,80000,MORTGAGE,6,0,1,0,1,0,0,0,0,0,A,10000,7.14,0,0.13,0,4
12311,25,80000,MORTGAGE,5,0,1,0,1,0,0,0,0,0,A,8500,7.51,0,0.11,0,2
12327,23,80000,MORTGAGE,7,0,1,0,1,0,0,0,0,0,A,10000,7.74,0,0.13,0,3
12329,22,80000,MORTGAGE,3,0,1,0,1,0,0,0,0,0,A,6000,7.4,0,0.07,0,3
12367,22,80000,MORTGAGE,0,0,1,0,1,0,0,0,0,0,A,10000,8.32,0,0.13,0,2
12375,25,80004,MORTGAGE,0,0,1,0,1,0,0,0,0,0,A,3600,7.49,0,0.04,0,4
12394,25,80140,MORTGAGE,4,0,1,0,1,0,0,0,0,0,B,11300,10.37,0,0.14,0,2
12401,25,80400,MORTGAGE,9,0,1,0,1,0,0,0,0,0,A,1000,5.42,0,0.01,0,3
12412,22,74500,MORTGAGE,6,0,1,0,1,0,0,0,0,0,D,7500,13.17,1,0.1,0,2
12414,24,74600,MORTGAGE,3,0,1,0,1,0,0,0,0,0,E,20000,17.51,1,0.27,0,3
12423,26,81000,MORTGAGE,10,0,1,0,1,0,0,0,0,0,A,10750,8.49,0,0.13,0,2
12443,24,81000,MORTGAGE,0,0,1,0,1,0,0,0,0,0,B,15000,12.18,0,0.19,0,4
12456,23,81500,MORTGAGE,4,0,1,0,1,0,0,0,0,0,B,15000,10,0,0.18,0,4
12460,23,81504,MORTGAGE,6,0,1,0,1,0,0,0,0,0,A,2400,6.92,0,0.03,0,4
12461,26,81600,MORTGAGE,1,0,1,0,1,0,0,0,0,0,B,7200,11.99,0,0.09,0,3
12462,23,81600,MORTGAGE,7,0,1,0,1,0,0,0,0,0,A,9000,7.49,0,0.11,0,4
12507,23,76000,MORTGAGE,8,0,1,0,1,0,0,0,0,0,B,6000,11.49,1,0.08,0,2
12518,22,82000,MORTGAGE,6,0,1,0,1,0,0,0,0,0,C,6000,,0,0.07,0,2
12530,24,76000,MORTGAGE,9,0,1,0,1,0,0,0,0,0,D,7000,12.92,1,0.09,0,3
12536,26,82305,MORTGAGE,10,0,1,0,1,0,0,0,0,0,A,18600,6.99,0,0.23,0,2
12561,22,83000,MORTGAGE,6,0,1,0,1,0,0,0,0,0,B,5500,11.99,0,0.07,0,4
12573,23,83000,MORTGAGE,7,0,1,0,1,0,0,0,0,0,A,10000,7.66,0,0.12,0,4
12575,26,83000,MORTGAGE,11,0,1,0,1,0,0,0,0,0,B,25000,,0,0.3,0,3
12587,25,77000,MORTGAGE,1,0,1,0,1,0,0,0,0,0,F,7200,18.53,1,0.09,0,3
12593,24,83004,MORTGAGE,6,0,1,0,1,0,0,0,0,0,B,25000,,0,0.3,0,2
12598,23,83199,MORTGAGE,2,0,1,0,1,0,0,0,0,0,A,14400,5.42,0,0.17,0,3
12605,25,83400,MORTGAGE,2,0,1,0,1,0,0,0,0,0,C,10000,13.11,0,0.12,0,3
12616,25,84000,MORTGAGE,4,0,1,0,1,0,0,0,0,0,A,8500,6.62,0,0.1,0,4
12640,22,84000,MORTGAGE,7,0,1,0,1,0,0,0,0,0,A,2825,5.99,0,0.03,0,4
12644,23,84000,MORTGAGE,4,0,1,0,1,0,0,0,0,0,A,7000,6.92,0,0.08,0,2
12646,22,84000,MORTGAGE,6,0,1,0,1,0,0,0,0,0,A,7200,5.79,0,0.09,0,2
12647,22,84000,MORTGAGE,6,0,1,0,1,0,0,0,0,0,C,23000,12.68,0,0.27,0,4
12651,25,84000,MORTGAGE,9,0,1,0,1,0,0,0,0,0,B,4200,9.25,0,0.05,0,4
12661,25,84000,MORTGAGE,4,0,1,0,1,0,0,0,0,0,A,15000,7.88,0,0.18,0,4
12667,21,84000,MORTGAGE,5,0,1,0,1,0,0,0,0,0,B,10000,12.53,0,0.12,0,4
12672,26,84000,MORTGAGE,10,0,1,0,1,0,0,0,0,0,A,3000,9.63,0,0.04,0,3
12676,22,84000,MORTGAGE,6,0,1,0,1,0,0,0,0,0,A,7500,8.63,0,0.09,0,2
12689,23,84554,MORTGAGE,3,0,1,0,1,0,0,0,0,0,A,3600,6.03,0,0.04,0,2
12692,22,78700,MORTGAGE,6,0,1,0,1,0,0,0,0,0,A,7000,7.68,1,0.09,0,3
12728,24,85000,MORTGAGE,2,0,1,0,1,0,0,0,0,0,B,7000,12.69,0,0.08,0,3
12784,25,85000,MORTGAGE,9,0,1,0,1,0,0,0,0,0,B,24000,10.99,0,0.28,0,4
12790,25,85000,MORTGAGE,6,0,1,0,1,0,0,0,0,0,C,1500,13.06,0,0.02,0,2
12802,25,85000,MORTGAGE,9,0,1,0,1,0,0,0,0,0,A,7350,5.79,0,0.09,0,4
12814,26,73000,MORTGAGE,3,0,1,0,1,0,0,0,0,0,D,10000,14.09,1,0.14,0,3
12815,26,85000,MORTGAGE,0,0,1,0,1,0,0,0,0,0,B,8000,,0,0.09,0,3
12830,26,85000,MORTGAGE,3,0,1,0,1,0,0,0,0,0,B,4000,9.25,0,0.05,0,2
12842,24,85000,MORTGAGE,1,0,1,0,1,0,0,0,0,0,A,12000,7.88,0,0.14,0,3
12871,24,85000,MORTGAGE,4,0,1,0,1,0,0,0,0,0,B,15000,9.88,0,0.18,0,3
12886,24,85000,MORTGAGE,1,0,1,0,1,0,0,0,0,0,A,4400,7.4,0,0.05,0,2
12918,23,85000,MORTGAGE,7,0,1,0,1,0,0,0,0,0,A,7000,8.63,0,0.08,0,2
12944,20,85920,MORTGAGE,3,0,1,0,1,0,0,0,0,0,A,12000,8.49,0,0.14,0,2
12968,26,86000,MORTGAGE,11,0,1,0,1,0,0,0,0,0,B,9250,11.12,0,0.11,0,4
12972,22,86000,MORTGAGE,6,0,1,0,1,0,0,0,0,0,A,10000,8.94,0,0.12,0,4
12983,24,74004,MORTGAGE,8,0,1,0,1,0,0,0,0,0,D,8000,15.21,1,0.11,0,3
12994,24,86400,MORTGAGE,2,0,1,0,1,0,0,0,0,0,A,12200,7.29,0,0.14,0,3
13013,22,87000,MORTGAGE,7,0,1,0,1,0,0,0,0,0,A,1750,7.49,0,0.02,0,4
13016,26,87000,MORTGAGE,10,0,1,0,1,0,0,0,0,0,B,10000,9.99,0,0.11,0,3
13028,23,87000,MORTGAGE,5,0,1,0,1,0,0,0,0,0,C,15000,14.35,0,0.17,0,2
13034,26,87000,MORTGAGE,9,0,1,0,1,0,0,0,0,0,C,25000,12.73,0,0.29,0,2
13035,26,87000,MORTGAGE,0,0,1,0,1,0,0,0,0,0,B,15000,10.62,0,0.17,0,2
13080,26,87996,MORTGAGE,3,0,1,0,1,0,0,0,0,0,A,8000,6.91,0,0.09,0,3
13121,22,88200,MORTGAGE,6,0,1,0,1,0,0,0,0,0,A,21000,6.17,0,0.24,0,2
13123,23,76268,MORTGAGE,7,0,1,0,1,0,0,0,0,0,B,15000,11.89,1,0.2,0,2
13132,22,88620,MORTGAGE,6,0,1,0,1,0,0,0,0,0,A,24000,6.62,0,0.27,0,3
13136,25,76800,MORTGAGE,9,0,1,0,1,0,0,0,0,0,D,15000,14.96,1,0.2,0,2
13138,22,88824,MORTGAGE,6,0,1,0,1,0,0,0,0,0,A,12600,7.66,0,0.14,0,3
13172,22,89800,MORTGAGE,6,0,1,0,1,0,0,0,0,0,B,20000,12.53,0,0.22,0,2
13186,23,90000,MORTGAGE,7,0,1,0,1,0,0,0,0,0,B,4000,10.65,0,0.04,0,3
13189,23,90000,MORTGAGE,8,0,1,0,1,0,0,0,0,0,B,3600,12.69,0,0.04,0,3
13209,23,90000,MORTGAGE,6,0,1,0,1,0,0,0,0,0,A,12000,,0,0.13,0,3
13216,26,90000,MORTGAGE,0,0,1,0,1,0,0,0,0,0,A,10000,6.62,0,0.11,0,4
13240,24,90000,MORTGAGE,0,0,1,0,1,0,0,0,0,0,C,8000,12.99,0,0.09,0,2
13252,25,90000,MORTGAGE,6,0,1,0,1,0,0,0,0,0,A,15000,8.49,0,0.17,0,2
13258,25,78000,MORTGAGE,8,0,1,0,1,0,0,0,0,0,D,6000,15.62,1,0.08,0,3
13284,22,90000,MORTGAGE,6,0,1,0,1,0,0,0,0,0,B,9500,,0,0.11,0,3
13314,25,90000,MORTGAGE,5,0,1,0,1,0,0,0,0,0,A,7500,6.76,0,0.08,0,4
13328,26,90000,MORTGAGE,9,0,1,0,1,0,0,0,0,0,A,6500,7.14,0,0.07,0,3
13342,23,78000,MORTGAGE,7,0,1,0,1,0,0,0,0,0,D,15000,15.31,1,0.19,0,4
13345,25,90000,MORTGAGE,9,0,1,0,1,0,0,0,0,0,B,15000,12.18,0,0.17,0,2
13348,24,78000,MORTGAGE,0,0,1,0,1,0,0,0,0,0,D,19500,15.31,1,0.25,0,4
13352,25,78000,MORTGAGE,4,0,1,0,1,0,0,0,0,0,B,3000,11.48,1,0.04,0,3
13353,25,78000,MORTGAGE,9,0,1,0,1,0,0,0,0,0,D,8000,16,1,0.1,0,2
13367,23,90000,MORTGAGE,1,0,1,0,1,0,0,0,0,0,C,1500,12.84,0,0.02,0,2
13388,22,78369,MORTGAGE,6,0,1,0,1,0,0,0,0,0,E,11000,17.99,1,0.14,0,3
13403,24,91000,MORTGAGE,8,0,1,0,1,0,0,0,0,0,B,2400,9.91,0,0.03,0,4
13407,23,79000,MORTGAGE,7,0,1,0,1,0,0,0,0,0,D,16000,14.09,1,0.2,0,3
13425,24,91000,MORTGAGE,0,0,1,0,1,0,0,0,0,0,B,7500,10.39,0,0.08,0,2
13431,23,91200,MORTGAGE,7,0,1,0,1,0,0,0,0,0,B,3000,8.88,0,0.03,0,2
13445,23,92000,MORTGAGE,2,0,1,0,1,0,0,0,0,0,B,15000,9.91,0,0.16,0,2
13466,24,92000,MORTGAGE,9,0,1,0,1,0,0,0,0,0,B,22000,10.99,0,0.24,0,4
13476,26,92000,MORTGAGE,0,0,1,0,1,0,0,0,0,0,B,5600,11.46,0,0.06,0,3
13517,23,93000,MORTGAGE,5,0,1,0,1,0,0,0,0,0,A,2000,7.9,0,0.02,0,4
13520,26,93000,MORTGAGE,0,0,1,0,1,0,0,0,0,0,A,8000,6.99,0,0.09,0,2
13521,26,93000,MORTGAGE,10,0,1,0,1,0,0,0,0,0,B,6000,10.99,0,0.06,0,3
13522,25,93000,MORTGAGE,3,0,1,0,1,0,0,0,0,0,C,2000,15.23,0,0.02,0,4
13524,23,81000,MORTGAGE,0,0,1,0,1,0,0,0,0,0,B,16000,11.99,1,0.2,0,3
13568,25,93600,MORTGAGE,9,0,1,0,1,0,0,0,0,0,B,20000,10.62,0,0.21,0,3
13570,22,93600,MORTGAGE,0,0,1,0,1,0,0,0,0,0,A,6000,,0,0.06,0,2
13587,26,94000,MORTGAGE,1,0,1,0,1,0,0,0,0,0,A,5000,7.68,0,0.05,0,3
13603,26,94800,MORTGAGE,10,0,1,0,1,0,0,0,0,0,A,14000,6.03,0,0.15,0,4
13607,25,94976,MORTGAGE,5,0,1,0,1,0,0,0,0,0,B,20000,10.74,0,0.21,0,3
13619,22,95000,MORTGAGE,2,0,1,0,1,0,0,0,0,0,A,24000,7.9,0,0.25,0,4
13622,24,95000,MORTGAGE,7,0,1,0,1,0,0,0,0,0,B,15000,12.69,0,0.16,0,2
13628,22,95000,MORTGAGE,3,0,1,0,1,0,0,0,0,0,B,7200,11.49,0,0.08,0,2
13643,24,95000,MORTGAGE,3,0,1,0,1,0,0,0,0,0,B,35000,11.99,0,0.37,0,2
13652,25,95000,MORTGAGE,0,0,1,0,1,0,0,0,0,0,B,15000,11.49,0,0.16,0,3
13664,23,95000,MORTGAGE,7,0,1,0,1,0,0,0,0,0,A,4500,6.92,0,0.05,0,3
13697,22,95000,MORTGAGE,6,0,1,0,1,0,0,0,0,0,B,12000,10.99,0,0.13,0,4
13706,23,83000,MORTGAGE,5,0,1,0,1,0,0,0,0,0,D,5000,14.61,1,0.06,0,2
13723,21,83004,MORTGAGE,2,0,1,0,1,0,0,0,0,0,D,10000,15.28,1,0.12,0,4
13734,24,83290,MORTGAGE,5,0,1,0,1,0,0,0,0,0,A,6000,9.32,1,0.07,0,3
13761,24,96000,MORTGAGE,5,0,1,0,1,0,0,0,0,0,A,5000,8.9,0,0.05,0,4
13762,25,96000,MORTGAGE,5,0,1,0,1,0,0,0,0,0,A,35000,7.49,0,0.36,0,3
13787,25,84000,MORTGAGE,9,0,1,0,1,0,0,0,0,0,D,5000,16.02,1,0.06,0,3
13796,25,96000,MORTGAGE,9,0,1,0,1,0,0,0,0,0,B,18250,11.11,0,0.19,0,4
13810,24,96000,MORTGAGE,5,0,1,0,1,0,0,0,0,0,A,15000,7.51,0,0.16,0,4
13812,23,96000,MORTGAGE,7,0,1,0,1,0,0,0,0,0,A,5000,7.51,0,0.05,0,2
13852,24,96900,MORTGAGE,8,0,1,0,1,0,0,0,0,0,A,9300,6.17,0,0.1,0,2
13856,26,97000,MORTGAGE,5,0,1,0,1,0,0,0,0,0,A,4000,6.62,0,0.04,0,4
13860,23,97000,MORTGAGE,4,0,1,0,1,0,0,0,0,0,A,16000,6.62,0,0.16,0,2
13865,24,97000,MORTGAGE,2,0,1,0,1,0,0,0,0,0,C,22000,12.68,0,0.23,0,3
13890,26,97700,MORTGAGE,1,0,1,0,1,0,0,0,0,0,A,10400,9.32,0,0.11,0,3
13928,23,98000,MORTGAGE,7,0,1,0,1,0,0,0,0,0,C,20000,13.57,0,0.2,0,4
13931,22,98004,MORTGAGE,6,0,1,0,1,0,0,0,0,0,A,16000,7.66,0,0.16,0,3
13937,21,98280,MORTGAGE,2,0,1,0,1,0,0,0,0,0,A,10000,6.62,0,0.1,0,2
13953,24,99000,MORTGAGE,8,0,1,0,1,0,0,0,0,0,A,12000,6.03,0,0.12,0,2
13959,25,99000,MORTGAGE,9,0,1,0,1,0,0,0,0,0,A,15000,6.17,0,0.15,0,4
13966,23,99200,MORTGAGE,7,0,1,0,1,0,0,0,0,0,A,23000,6.91,0,0.23,0,4
14025,26,100000,MORTGAGE,10,0,1,0,1,0,0,0,0,0,A,12000,5.99,0,0.12,0,2
14055,24,88000,MORTGAGE,5,0,1,0,1,0,0,0,0,0,E,24000,19.69,1,0.27,0,2
14056,26,100000,MORTGAGE,4,0,1,0,1,0,0,0,0,0,B,25000,11.99,0,0.25,0,3
14091,24,100000,MORTGAGE,2,0,1,0,1,0,0,0,0,0,B,5000,9.62,0,0.05,0,4
14113,24,100000,MORTGAGE,0,0,1,0,1,0,0,0,0,0,C,16000,14.72,0,0.16,0,2
14122,23,100000,MORTGAGE,5,0,1,0,1,0,0,0,0,0,B,20000,11.36,0,0.2,0,3
14138,22,100000,MORTGAGE,0,0,1,0,1,0,0,0,0,0,B,20000,11.83,0,0.2,0,2
14140,22,88000,MORTGAGE,6,0,1,0,1,0,0,0,0,0,F,25000,18.09,1,0.28,0,2
14145,22,100000,MORTGAGE,6,0,1,0,1,0,0,0,0,0,A,15000,8.94,0,0.15,0,3
14149,24,100000,MORTGAGE,8,0,1,0,1,0,0,0,0,0,B,13000,11.48,0,0.13,0,4
14152,23,100000,MORTGAGE,4,0,1,0,1,0,0,0,0,0,C,10000,13.57,0,0.1,0,3
14170,26,100000,MORTGAGE,7,0,1,0,1,0,0,0,0,0,A,7500,8.32,0,0.07,0,3
14171,24,100000,MORTGAGE,1,0,1,0,1,0,0,0,0,0,A,6000,,0,0.06,0,3
14185,23,100800,MORTGAGE,4,0,1,0,1,0,0,0,0,0,A,20000,7.9,0,0.2,0,4
14194,24,100995,MORTGAGE,6,0,1,0,1,0,0,0,0,0,A,16000,7.51,0,0.16,0,2
14206,21,101004,MORTGAGE,2,0,1,0,1,0,0,0,0,0,B,14000,10.25,0,0.14,0,2
14210,26,101400,MORTGAGE,10,0,1,0,1,0,0,0,0,0,A,5600,6.62,0,0.06,0,3
14220,23,102000,MORTGAGE,7,0,1,0,1,0,0,0,0,0,B,25000,11.71,0,0.25,0,4
14229,25,102000,MORTGAGE,3,0,1,0,1,0,0,0,0,0,A,11200,7.91,0,0.11,0,4
14238,26,102000,MORTGAGE,6,0,1,0,1,0,0,0,0,0,C,6000,13.61,0,0.06,0,2
14245,26,102000,MORTGAGE,3,0,1,0,1,0,0,0,0,0,B,20000,11.36,0,0.2,0,4
14258,25,102211,MORTGAGE,3,0,1,0,1,0,0,0,0,0,B,15000,11.58,0,0.15,0,2
14263,24,102960,MORTGAGE,2,0,1,0,1,0,0,0,0,0,A,16000,7.88,0,0.16,0,2
14269,23,103000,MORTGAGE,6,0,1,0,1,0,0,0,0,0,C,4000,13.49,0,0.04,0,2
14274,23,103000,MORTGAGE,7,0,1,0,1,0,0,0,0,0,B,21850,10,0,0.21,0,3
14282,26,91000,MORTGAGE,10,0,1,0,1,0,0,0,0,0,D,5000,14.96,1,0.05,0,2
14317,26,104004,MORTGAGE,10,0,1,0,1,0,0,0,0,0,C,15000,14.22,0,0.14,0,2
14323,25,105000,MORTGAGE,9,0,1,0,1,0,0,0,0,0,B,12000,,0,0.11,0,2
14325,25,105000,MORTGAGE,2,0,1,0,1,0,0,0,0,0,B,9600,11.71,0,0.09,0,3
14339,26,105000,MORTGAGE,6,0,1,0,1,0,0,0,0,0,B,12000,11.99,0,0.11,0,2
14345,22,105000,MORTGAGE,6,0,1,0,1,0,0,0,0,0,B,3650,11.99,0,0.03,0,3
14346,26,105000,MORTGAGE,2,0,1,0,1,0,0,0,0,0,B,6000,10.99,0,0.06,0,4
14375,23,105000,MORTGAGE,7,0,1,0,1,0,0,0,0,0,B,12000,10.25,0,0.11,0,3
14376,25,105000,MORTGAGE,9,0,1,0,1,0,0,0,0,0,C,12000,13.48,0,0.11,0,3
14394,26,105000,MORTGAGE,10,0,1,0,1,0,0,0,0,0,A,9500,9.32,0,0.09,0,3
14413,23,105600,MORTGAGE,7,0,1,0,1,0,0,0,0,0,A,15000,7.51,0,0.14,0,3
14421,25,106000,MORTGAGE,3,0,1,0,1,0,0,0,0,0,A,12000,6.54,0,0.11,0,2
14428,24,106000,MORTGAGE,8,0,1,0,1,0,0,0,0,0,A,4575,7.51,0,0.04,0,2
14437,24,106839,MORTGAGE,8,0,1,0,1,0,0,0,0,0,A,14000,7.88,0,0.13,0,4
14445,25,107000,MORTGAGE,4,0,1,0,1,0,0,0,0,0,A,24000,5.99,0,0.22,0,2
14464,26,107496,MORTGAGE,9,0,1,0,1,0,0,0,0,0,B,20000,12.69,0,0.19,0,4
14475,24,108000,MORTGAGE,8,0,1,0,1,0,0,0,0,0,A,4200,,0,0.04,0,3
14495,23,108000,MORTGAGE,7,0,1,0,1,0,0,0,0,0,A,4500,7.14,0,0.04,0,3
14508,23,108060,MORTGAGE,7,0,1,0,1,0,0,0,0,0,C,14400,14.27,0,0.13,0,2
14510,24,108288,MORTGAGE,5,0,1,0,1,0,0,0,0,0,A,10000,8.49,0,0.09,0,2
14515,24,108600,MORTGAGE,4,0,1,0,1,0,0,0,0,0,B,15000,12.18,0,0.14,0,2
14520,25,109000,MORTGAGE,6,0,1,0,1,0,0,0,0,0,A,16000,6.03,0,0.15,0,2
14522,24,109000,MORTGAGE,3,0,1,0,1,0,0,0,0,0,B,8800,12.69,0,0.08,0,2
14527,26,109000,MORTGAGE,0,0,1,0,1,0,0,0,0,0,A,20000,6.54,0,0.18,0,3
14529,25,109000,MORTGAGE,5,0,1,0,1,0,0,0,0,0,B,15000,10.25,0,0.14,0,3
14531,22,97000,MORTGAGE,4,0,1,0,1,0,0,0,0,0,B,14000,11.48,1,0.14,0,2
14541,25,110000,MORTGAGE,8,0,1,0,1,0,0,0,0,0,A,5500,6.62,0,0.05,0,2
14552,25,110000,MORTGAGE,1,0,1,0,1,0,0,0,0,0,B,10000,12.69,0,0.09,0,3
14558,25,110000,MORTGAGE,7,0,1,0,1,0,0,0,0,0,B,8400,12.69,0,0.08,0,4
14564,22,110000,MORTGAGE,0,0,1,0,1,0,0,0,0,0,A,28000,7.49,0,0.25,0,4
14585,26,110000,MORTGAGE,3,0,1,0,1,0,0,0,0,0,A,4000,6.92,0,0.04,0,2
14600,25,110000,MORTGAGE,9,0,1,0,1,0,0,0,0,0,A,18000,,0,0.16,0,2
14612,21,110000,MORTGAGE,5,0,1,0,1,0,0,0,0,0,A,10000,6.54,0,0.09,0,2
14633,22,110000,MORTGAGE,7,0,1,0,1,0,0,0,0,0,C,8000,13.85,0,0.07,0,2
14643,22,98000,MORTGAGE,1,0,1,0,1,0,0,0,0,0,D,25000,,1,0.26,0,4
14665,24,110004,MORTGAGE,8,0,1,0,1,0,0,0,0,0,C,16000,,0,0.15,0,3
14684,23,111150,MORTGAGE,1,0,1,0,1,0,0,0,0,0,A,10000,8,0,0.09,0,3
14697,24,112000,MORTGAGE,0,0,1,0,1,0,0,0,0,0,B,6000,9.91,0,0.05,0,4
14701,24,112000,MORTGAGE,8,0,1,0,1,0,0,0,0,0,A,3500,5.42,0,0.03,0,4
14704,24,112000,MORTGAGE,8,0,1,0,1,0,0,0,0,0,A,20000,6.91,0,0.18,0,4
14722,23,112800,MORTGAGE,3,0,1,0,1,0,0,0,0,0,B,35000,,0,0.31,0,4
14732,23,113000,MORTGAGE,4,0,1,0,1,0,0,0,0,0,A,12000,7.66,0,0.11,0,4
14761,24,114000,MORTGAGE,2,0,1,0,1,0,0,0,0,0,B,15000,9.76,0,0.13,0,3
14765,25,114996,MORTGAGE,7,0,1,0,1,0,0,0,0,0,C,5000,13.49,0,0.04,0,3
14771,25,115000,MORTGAGE,3,0,1,0,1,0,0,0,0,0,C,19000,13.49,0,0.17,0,4
14786,23,115000,MORTGAGE,4,0,1,0,1,0,0,0,0,0,A,5600,5.42,0,0.05,0,3
14804,24,115000,MORTGAGE,4,0,1,0,1,0,0,0,0,0,A,8000,7.51,0,0.07,0,4
14809,23,103000,MORTGAGE,0,0,1,0,1,0,0,0,0,0,D,16750,,1,0.16,0,2
14819,21,115000,MORTGAGE,2,0,1,0,1,0,0,0,0,0,B,20000,10.83,0,0.17,0,4
14827,26,115600,MORTGAGE,4,0,1,0,1,0,0,0,0,0,A,9925,7.29,0,0.09,0,4
14828,20,115731,MORTGAGE,4,0,1,0,1,0,0,0,0,0,B,9625,10.74,0,0.08,0,3
14834,22,116000,MORTGAGE,3,0,1,0,1,0,0,0,0,0,B,12000,10.25,0,0.1,0,4
14871,26,118000,MORTGAGE,4,0,1,0,1,0,0,0,0,0,A,25000,7.9,0,0.21,0,2
14882,25,118000,MORTGAGE,9,0,1,0,1,0,0,0,0,0,A,2000,7.12,0,0.02,0,2
14885,25,118443,MORTGAGE,7,0,1,0,1,0,0,0,0,0,A,4900,,0,0.04,0,2
14886,25,118450,MORTGAGE,,0,1,0,1,0,0,0,0,0,B,15000,10.37,0,0.13,0,4
14894,26,119000,MORTGAGE,3,0,1,0,1,0,0,0,0,0,A,9000,7.74,0,0.08,0,4
14906,26,120000,MORTGAGE,10,0,1,0,1,0,0,0,0,0,A,23000,6.62,0,0.19,0,3
14929,23,120000,MORTGAGE,7,0,1,0,1,0,0,0,0,0,B,10000,9.91,0,0.08,0,3
14964,23,120000,MORTGAGE,7,0,1,0,1,0,0,0,0,0,A,3750,5.42,0,0.03,0,3
14972,23,120000,MORTGAGE,7,0,1,0,1,0,0,0,0,0,B,15000,,0,0.13,0,4
14989,23,120000,MORTGAGE,7,0,1,0,1,0,0,0,0,0,B,16000,10.37,0,0.13,0,3
14991,25,120000,MORTGAGE,6,0,1,0,1,0,0,0,0,0,B,10000,,0,0.08,0,2
14993,26,120000,MORTGAGE,3,0,1,0,1,0,0,0,0,0,B,25000,,0,0.21,0,3
15008,25,120000,MORTGAGE,5,0,1,0,1,0,0,0,0,0,A,9500,5.42,0,0.08,0,2
15009,23,108000,MORTGAGE,7,0,1,0,1,0,0,0,0,0,C,4000,,1,0.04,0,2
15019,26,120000,MORTGAGE,8,0,1,0,1,0,0,0,0,0,A,4000,7.14,0,0.03,0,3
15022,23,120000,MORTGAGE,7,0,1,0,1,0,0,0,0,0,A,4900,7.14,0,0.04,0,4
15057,26,120000,MORTGAGE,10,0,1,0,1,0,0,0,0,0,A,16000,8.94,0,0.13,0,2
15071,24,120000,MORTGAGE,0,0,1,0,1,0,0,0,0,0,A,16000,9.63,0,0.13,0,2
15102,21,121352,MORTGAGE,5,0,1,0,1,0,0,0,0,0,C,7750,,0,0.06,0,4
15109,25,110000,MORTGAGE,9,0,1,0,1,0,0,0,0,0,D,12000,15.99,1,0.11,0,3
15135,26,111917,MORTGAGE,1,0,1,0,1,0,0,0,0,0,D,25000,15.31,1,0.22,0,3
15146,26,112000,MORTGAGE,5,0,1,0,1,0,0,0,0,0,B,20000,12.53,1,0.18,0,4
15150,23,124800,MORTGAGE,2,0,1,0,1,0,0,0,0,0,A,5000,6.62,0,0.04,0,3
15186,24,125000,MORTGAGE,9,0,1,0,1,0,0,0,0,0,B,25000,10,0,0.2,0,2
15202,25,125000,MORTGAGE,9,0,1,0,1,0,0,0,0,0,B,25000,11.49,0,0.2,0,3
15205,23,113000,MORTGAGE,6,0,1,0,1,0,0,0,0,0,B,10000,10.38,1,0.09,0,3
15208,26,125000,MORTGAGE,2,0,1,0,1,0,0,0,0,0,C,20000,13.11,0,0.16,0,2
15247,25,126000,MORTGAGE,,0,1,0,1,0,0,0,0,0,A,6000,6.92,0,0.05,0,3
15264,24,115000,MORTGAGE,3,0,1,0,1,0,0,0,0,0,D,12000,15.05,1,0.1,0,4
15269,25,127741,MORTGAGE,9,0,1,0,1,0,0,0,0,0,A,12000,7.88,0,0.09,0,2
15271,26,128000,MORTGAGE,8,0,1,0,1,0,0,0,0,0,A,35000,8.9,0,0.27,0,3
15279,22,128474,MORTGAGE,6,0,1,0,1,0,0,0,0,0,A,30000,7.29,0,0.23,0,2
15298,24,130000,MORTGAGE,3,0,1,0,1,0,0,0,0,0,B,5000,12.42,0,0.04,0,2
15303,24,130000,MORTGAGE,8,0,1,0,1,0,0,0,0,0,B,7000,11.99,0,0.05,0,3
15309,24,130000,MORTGAGE,8,0,1,0,1,0,0,0,0,0,B,6000,10.59,0,0.05,0,2
15324,23,130000,MORTGAGE,7,0,1,0,1,0,0,0,0,0,A,6000,5.79,0,0.05,0,3
15344,24,130000,MORTGAGE,5,0,1,0,1,0,0,0,0,0,B,25000,12.53,0,0.19,0,3
15387,23,132000,MORTGAGE,3,0,1,0,1,0,0,0,0,0,A,9600,7.14,0,0.07,0,3
15406,25,133119,MORTGAGE,10,0,1,0,1,0,0,0,0,0,B,25000,,0,0.19,0,3
15424,26,135000,MORTGAGE,10,0,1,0,1,0,0,0,0,0,C,24000,12.99,0,0.18,0,2
15447,22,135000,MORTGAGE,0,0,1,0,1,0,0,0,0,0,A,10800,8,0,0.08,0,4
15453,25,136000,MORTGAGE,1,0,1,0,1,0,0,0,0,0,C,8000,12.87,0,0.06,0,3
15456,23,136000,MORTGAGE,7,0,1,0,1,0,0,0,0,0,A,8000,8.32,0,0.06,0,3
15464,26,138000,MORTGAGE,0,0,1,0,1,0,0,0,0,0,A,7500,6.03,0,0.05,0,3
15477,26,139992,MORTGAGE,0,0,1,0,1,0,0,0,0,0,B,14400,,0,0.1,0,2
15495,25,140000,MORTGAGE,9,0,1,0,1,0,0,0,0,0,B,35000,10.59,0,0.25,0,3
15523,24,140300,MORTGAGE,6,0,1,0,1,0,0,0,0,0,B,6000,11.14,0,0.04,0,3
15533,24,132000,MORTGAGE,8,0,1,0,1,0,0,0,0,0,D,1500,17.27,1,0.01,0,2
15539,24,144000,MORTGAGE,,0,1,0,1,0,0,0,0,0,C,8000,14.72,0,0.06,0,4
15544,23,145000,MORTGAGE,5,0,1,0,1,0,0,0,0,0,B,10000,11.71,0,0.07,0,3
15548,26,145000,MORTGAGE,9,0,1,0,1,0,0,0,0,0,B,14000,10.59,0,0.1,0,2
15561,24,145000,MORTGAGE,4,0,1,0,1,0,0,0,0,0,B,20000,11.36,0,0.14,0,3
15570,23,145596,MORTGAGE,0,0,1,0,1,0,0,0,0,0,A,4700,6.92,0,0.03,0,2
15575,21,146000,MORTGAGE,5,0,1,0,1,0,0,0,0,0,C,4000,13.72,0,0.03,0,2
15576,24,134000,MORTGAGE,2,0,1,0,1,0,0,0,0,0,D,25000,14.83,1,0.19,0,4
15580,23,147000,MORTGAGE,4,0,1,0,1,0,0,0,0,0,B,25000,10.25,0,0.17,0,3
15582,26,147996,MORTGAGE,10,0,1,0,1,0,0,0,0,0,A,7500,8,0,0.05,0,3
15584,22,148000,MORTGAGE,6,0,1,0,1,0,0,0,0,0,A,15000,7.66,0,0.1,0,4
15607,25,150000,MORTGAGE,9,0,1,0,1,0,0,0,0,0,A,10000,5.42,0,0.07,0,4
15620,25,150000,MORTGAGE,9,0,1,0,1,0,0,0,0,0,A,12000,,0,0.08,0,4
15624,23,150000,MORTGAGE,7,0,1,0,1,0,0,0,0,0,A,9600,6.92,0,0.06,0,2
15635,26,150000,MORTGAGE,3,0,1,0,1,0,0,0,0,0,B,25000,9.99,0,0.17,0,4
15637,25,150000,MORTGAGE,5,0,1,0,1,0,0,0,0,0,A,10000,6.54,0,0.07,0,4
15638,26,150000,MORTGAGE,10,0,1,0,1,0,0,0,0,0,B,14000,10.36,0,0.09,0,3
15651,25,150000,MORTGAGE,9,0,1,0,1,0,0,0,0,0,B,25000,10.25,0,0.17,0,2
15663,26,150000,MORTGAGE,0,0,1,0,1,0,0,0,0,0,A,6000,9.63,0,0.04,0,4
15665,24,150000,MORTGAGE,5,0,1,0,1,0,0,0,0,0,B,20000,10.51,0,0.13,0,4
15668,23,150000,MORTGAGE,8,0,1,0,1,0,0,0,0,0,B,24000,9.76,0,0.16,0,4
15681,25,153600,MORTGAGE,1,0,1,0,1,0,0,0,0,0,A,18000,6.99,0,0.12,0,2
15683,24,154000,MORTGAGE,8,0,1,0,1,0,0,0,0,0,A,6000,5.79,0,0.04,0,4
15686,25,154000,MORTGAGE,9,0,1,0,1,0,0,0,0,0,B,12000,10.99,0,0.08,0,3
15688,25,154008,MORTGAGE,1,0,1,0,1,0,0,0,0,0,B,9600,10.95,0,0.06,0,4
15699,22,155000,MORTGAGE,7,0,1,0,1,0,0,0,0,0,B,4000,11.14,0,0.03,0,3
15719,25,144996,MORTGAGE,9,0,1,0,1,0,0,0,0,0,D,17600,14.84,1,0.12,0,3
15722,26,157200,MORTGAGE,1,0,1,0,1,0,0,0,0,0,B,20000,12.18,0,0.13,0,3
15728,23,159996,MORTGAGE,2,0,1,0,1,0,0,0,0,0,A,12000,5.42,0,0.08,0,4
15738,23,160000,MORTGAGE,7,0,1,0,1,0,0,0,0,0,A,15000,7.91,0,0.09,0,4
15750,26,150500,MORTGAGE,10,0,1,0,1,0,0,0,0,0,D,10000,15.99,1,0.07,0,3
15756,23,165000,MORTGAGE,3,0,1,0,1,0,0,0,0,0,A,5000,5.42,0,0.03,0,3
15790,26,175000,MORTGAGE,7,0,1,0,1,0,0,0,0,0,B,30000,,0,0.17,0,2
15799,26,175000,MORTGAGE,2,0,1,0,1,0,0,0,0,0,A,3000,8.94,0,0.02,0,3
15806,24,176004,MORTGAGE,2,0,1,0,1,0,0,0,0,0,B,3200,10,0,0.02,0,4
15842,26,198000,MORTGAGE,8,0,1,0,1,0,0,0,0,0,A,12000,5.99,0,0.06,0,4
15843,22,198000,MORTGAGE,6,0,1,0,1,0,0,0,0,0,C,24250,14.22,0,0.12,0,3
15855,24,200000,MORTGAGE,0,0,1,0,1,0,0,0,0,0,A,3025,6.17,0,0.02,0,3
15865,25,201000,MORTGAGE,9,0,1,0,1,0,0,0,0,0,A,14000,7.66,0,0.07,0,4
15869,24,205000,MORTGAGE,5,0,1,0,1,0,0,0,0,0,B,10000,9.63,0,0.05,0,4
15894,24,238000,MORTGAGE,2,0,1,0,1,0,0,0,0,0,A,7000,7.66,1,0.03,0,2
15901,24,300000,MORTGAGE,8,0,1,0,1,0,0,0,0,0,B,35000,9.99,0,0.12,0,3
15905,26,315000,MORTGAGE,10,0,1,0,1,0,0,0,0,0,C,12000,13.47,0,0.04,0,3
15910,24,375000,MORTGAGE,9,0,1,0,1,0,0,0,0,0,C,20000,11.41,0,0.05,0,3
15915,25,450000,MORTGAGE,9,0,1,0,1,0,0,0,0,0,B,35000,11.11,0,0.08,0,4
16008,26,37820,MORTGAGE,3,0,1,0,1,0,0,0,0,0,A,6300,,0,0.17,0,2
16023,23,48000,MORTGAGE,7,0,1,0,1,0,0,0,0,0,B,10000,10.65,0,0.21,0,4
16047,22,60000,MORTGAGE,6,0,1,0,1,0,0,0,0,0,B,3950,10.65,0,0.07,0,4
16076,23,65000,MORTGAGE,1,0,1,0,1,0,0,0,0,0,A,7000,8.49,0,0.11,0,4
16085,22,70000,MORTGAGE,5,0,1,0,1,0,0,0,0,0,B,21000,8.88,0,0.3,0,3
16095,24,87000,MORTGAGE,5,0,1,0,1,0,0,0,0,0,B,10000,10.36,0,0.11,0,2
16105,25,150000,MORTGAGE,9,0,1,0,1,0,0,0,0,0,B,25000,10.25,0,0.17,0,4
16122,26,20000,MORTGAGE,1,0,1,0,1,0,0,0,0,0,A,1500,7.74,0,0.07,0,4
16136,25,155004,MORTGAGE,9,0,1,0,1,0,0,0,0,0,A,10500,7.49,0,0.07,0,3
16137,24,46800,MORTGAGE,6,0,1,0,1,0,0,0,0,0,A,12000,6.99,0,0.26,0,3
16148,21,65000,MORTGAGE,5,0,1,0,1,0,0,0,0,0,B,2200,12.42,0,0.03,0,3
16165,24,88000,MORTGAGE,8,0,1,0,1,0,0,0,0,0,F,30000,18.62,1,0.34,0,3
16182,24,112500,MORTGAGE,3,0,1,0,1,0,0,0,0,0,C,8600,13.11,0,0.08,0,4
16188,22,30000,MORTGAGE,6,0,1,0,1,0,0,0,0,0,B,3000,11.49,0,0.1,0,3
16189,23,26000,MORTGAGE,3,0,1,0,1,0,0,0,0,0,B,7800,10.59,0,0.3,0,3
16198,22,32400,MORTGAGE,1,0,1,0,1,0,0,0,0,0,A,5500,,0,0.17,0,2
16264,22,130000,MORTGAGE,3,0,1,0,1,0,0,0,0,0,C,14500,,0,0.11,0,2
16273,25,95000,MORTGAGE,5,0,1,0,1,0,0,0,0,0,B,18000,10.99,0,0.19,0,3
16276,21,65496,MORTGAGE,3,0,1,0,1,0,0,0,0,0,B,13250,10.37,0,0.2,0,4
16277,24,34000,MORTGAGE,0,0,1,0,1,0,0,0,0,0,B,10000,12.18,0,0.29,0,4
16291,24,39000,MORTGAGE,3,0,1,0,1,0,0,0,0,0,A,5600,5.42,0,0.14,0,4
16296,24,130000,MORTGAGE,3,0,1,0,1,0,0,0,0,0,B,25000,11.83,0,0.19,0,3
16297,24,87000,MORTGAGE,7,0,1,0,1,0,0,0,0,0,B,25000,10.99,0,0.29,0,4
16303,25,48000,MORTGAGE,3,0,1,0,1,0,0,0,0,0,B,4800,10.74,0,0.1,0,4
16312,22,38000,MORTGAGE,6,0,1,0,1,0,0,0,0,0,A,8500,5.42,0,0.22,0,2
16330,22,43600,MORTGAGE,4,0,1,0,1,0,0,0,0,0,D,10000,14.96,1,0.23,0,2
16341,25,39000,MORTGAGE,9,0,1,0,1,0,0,0,0,0,C,3000,13.99,0,0.08,0,2
16342,24,85000,MORTGAGE,4,0,1,0,1,0,0,0,0,0,B,7750,11.12,0,0.09,0,4
16355,25,69900,MORTGAGE,9,0,1,0,1,0,0,0,0,0,A,5050,5.42,0,0.07,0,3
16360,22,90000,MORTGAGE,6,0,1,0,1,0,0,0,0,0,A,16000,6.03,0,0.18,0,3
16366,23,130208,MORTGAGE,7,0,1,0,1,0,0,0,0,0,C,20000,12.73,0,0.15,0,3
16379,22,40000,MORTGAGE,6,0,1,0,1,0,0,0,0,0,A,4750,,0,0.12,0,3
16386,24,72000,MORTGAGE,8,0,1,0,1,0,0,0,0,0,A,8000,7.88,0,0.11,0,3
16394,25,50000,MORTGAGE,4,0,1,0,1,0,0,0,0,0,A,6000,6.76,0,0.12,0,2
16402,26,64000,MORTGAGE,9,0,1,0,1,0,0,0,0,0,D,8000,12.17,1,0.13,0,2
16420,23,40000,MORTGAGE,2,0,1,0,1,0,0,0,0,0,B,2000,10.99,0,0.05,0,4
16438,25,168000,MORTGAGE,2,0,1,0,1,0,0,0,0,0,B,35000,10.65,0,0.21,0,4
16442,26,51996,MORTGAGE,2,0,1,0,1,0,0,0,0,0,E,6500,15.68,1,0.13,0,3
16446,23,58500,MORTGAGE,6,0,1,0,1,0,0,0,0,0,A,4000,8,0,0.07,0,3
16478,25,85000,MORTGAGE,7,0,1,0,1,0,0,0,0,0,C,12000,14.65,0,0.14,0,2
16485,22,137004,MORTGAGE,3,0,1,0,1,0,0,0,0,0,A,10000,5.79,0,0.07,0,4
16517,26,120000,MORTGAGE,0,0,1,0,1,0,0,0,0,0,A,6000,,0,0.05,0,2
16527,22,38000,MORTGAGE,6,0,1,0,1,0,0,0,0,0,A,4500,5.79,0,0.12,0,3
16590,26,60000,MORTGAGE,7,0,1,0,1,0,0,0,0,0,A,16000,7.9,0,0.27,0,3
16591,21,68004,MORTGAGE,5,0,1,0,1,0,0,0,0,0,B,16000,11.26,0,0.24,0,3
16600,25,83004,MORTGAGE,9,0,1,0,1,0,0,0,0,0,A,5000,6.76,0,0.06,0,3
16605,22,42000,MORTGAGE,,0,1,0,1,0,0,0,0,0,A,3200,7.9,1,0.08,0,3
16645,23,49000,MORTGAGE,7,0,1,0,1,0,0,0,0,0,A,2400,7.66,0,0.05,0,3
16646,23,90000,MORTGAGE,5,0,1,0,1,0,0,0,0,0,B,6000,11.89,0,0.07,0,4
16676,24,60000,MORTGAGE,0,0,1,0,1,0,0,0,0,0,B,8500,10.59,0,0.14,0,4
16677,24,95000,MORTGAGE,7,0,1,0,1,0,0,0,0,0,B,15000,12.69,0,0.16,0,3
16692,25,75600,MORTGAGE,2,0,1,0,1,0,0,0,0,0,A,14500,9.63,0,0.19,0,3
16704,23,60000,MORTGAGE,8,0,1,0,1,0,0,0,0,0,B,10000,,0,0.17,0,3
16709,23,50000,MORTGAGE,7,0,1,0,1,0,0,0,0,0,F,13750,18.43,1,0.28,0,3
16726,25,145000,MORTGAGE,3,0,1,0,1,0,0,0,0,0,B,25000,11.36,0,0.17,0,3
16738,25,34000,MORTGAGE,1,0,1,0,1,0,0,0,0,0,B,10000,11.26,0,0.29,0,3
16751,24,43000,MORTGAGE,8,0,1,0,1,0,0,0,0,0,D,10000,16.89,1,0.23,0,4
16768,24,57000,MORTGAGE,0,0,1,0,1,0,0,0,0,0,B,2400,12.69,0,0.04,0,4
16781,23,80796,MORTGAGE,7,0,1,0,1,0,0,0,0,0,A,5000,,0,0.06,0,2
16807,24,50000,MORTGAGE,8,0,1,0,1,0,0,0,0,0,C,3000,13.47,0,0.06,0,3
16810,22,57564,MORTGAGE,6,0,1,0,1,0,0,0,0,0,B,21000,11.48,0,0.36,0,3
16843,25,109000,MORTGAGE,9,0,1,0,1,0,0,0,0,0,A,14000,9.63,0,0.13,0,2
16883,25,48000,MORTGAGE,3,0,1,0,1,0,0,0,0,0,C,1400,14.79,0,0.03,0,3
16901,24,44000,MORTGAGE,5,0,1,0,1,0,0,0,0,0,D,22800,17.27,1,0.52,0,3
16922,26,126000,MORTGAGE,4,0,1,0,1,0,0,0,0,0,C,7500,13.92,0,0.06,0,2
16928,22,35000,MORTGAGE,6,0,1,0,1,0,0,0,0,0,A,8000,5.79,0,0.23,0,3
16943,26,46800,MORTGAGE,3,0,1,0,1,0,0,0,0,0,B,12725,12.42,0,0.27,0,3
16961,22,69000,MORTGAGE,6,0,1,0,1,0,0,0,0,0,D,10000,15.62,1,0.14,0,3
16982,23,60000,MORTGAGE,7,0,1,0,1,0,0,0,0,0,A,15000,7.9,0,0.25,0,3
17017,24,99000,MORTGAGE,8,0,1,0,1,0,0,0,0,0,A,12000,6.03,0,0.12,0,4
17068,23,65000,MORTGAGE,5,0,1,0,1,0,0,0,0,0,A,16500,7.49,0,0.25,0,4
17111,25,90000,MORTGAGE,7,0,1,0,1,0,0,0,0,0,A,6000,7.14,0,0.07,0,3
17113,22,105000,MORTGAGE,6,0,1,0,1,0,0,0,0,0,B,12800,11.83,0,0.12,0,3
17161,24,91000,MORTGAGE,5,0,1,0,1,0,0,0,0,0,A,15000,7.88,0,0.16,0,2
17185,24,53004,MORTGAGE,6,0,1,0,1,0,0,0,0,0,B,21000,10.65,0,0.4,0,3
17190,25,59000,MORTGAGE,9,0,1,0,1,0,0,0,0,0,A,5000,6.03,1,0.08,0,3
17194,22,59000,MORTGAGE,6,0,1,0,1,0,0,0,0,0,A,6400,,0,0.11,0,4
17195,23,100000,MORTGAGE,2,0,1,0,1,0,0,0,0,0,A,14000,6.17,0,0.14,0,4
17215,26,65000,MORTGAGE,10,0,1,0,1,0,0,0,0,0,A,5000,7.51,0,0.08,0,2
17227,26,85000,MORTGAGE,,0,1,0,1,0,0,0,0,0,B,6000,9.88,0,0.07,0,2
17231,26,57550,MORTGAGE,,0,1,0,1,0,0,0,0,0,A,3500,5.42,0,0.06,0,4
17255,24,110000,MORTGAGE,7,0,1,0,1,0,0,0,0,0,A,12000,8.94,0,0.11,0,2
17257,24,136000,MORTGAGE,9,0,1,0,1,0,0,0,0,0,F,25000,19.13,1,0.18,0,3
17272,22,30000,MORTGAGE,2,0,1,0,1,0,0,0,0,0,B,13250,10.99,0,0.44,0,4
17296,23,19200,MORTGAGE,7,0,1,0,1,0,0,0,0,0,A,3000,,1,0.16,0,3
17303,22,60000,MORTGAGE,6,0,1,0,1,0,0,0,0,0,A,17500,7.88,0,0.29,0,2
17326,25,50000,MORTGAGE,9,0,1,0,1,0,0,0,0,0,A,18000,7.88,0,0.36,0,4
17334,26,74000,MORTGAGE,5,0,1,0,1,0,0,0,0,0,A,10000,6.62,0,0.14,0,2
17339,25,60000,MORTGAGE,3,0,1,0,1,0,0,0,0,0,A,3000,5.99,0,0.05,0,4
17355,26,59500,MORTGAGE,9,0,1,0,1,0,0,0,0,0,A,12000,6.62,0,0.2,0,4
17383,25,78000,MORTGAGE,9,0,1,0,1,0,0,0,0,0,D,8000,16,1,0.1,0,4
17384,25,75996,MORTGAGE,9,0,1,0,1,0,0,0,0,0,B,10000,11.99,0,0.13,0,3
17389,24,42000,MORTGAGE,9,0,1,0,1,0,0,0,0,0,A,11000,5.42,0,0.26,0,4
17396,22,60000,MORTGAGE,,0,1,0,1,0,0,0,0,0,A,5000,6.54,0,0.08,0,3
17472,26,45000,MORTGAGE,0,0,1,0,1,0,0,0,0,0,C,7750,12.53,0,0.17,0,4
17491,24,38000,MORTGAGE,3,0,1,0,1,0,0,0,0,0,B,16000,10.99,0,0.42,0,2
17508,24,86400,MORTGAGE,2,0,1,0,1,0,0,0,0,0,A,12200,7.29,0,0.14,0,2
17545,22,36000,MORTGAGE,3,0,1,0,1,0,0,0,0,0,A,5250,,0,0.15,0,2
17558,23,100000,MORTGAGE,0,0,1,0,1,0,0,0,0,0,A,7000,8.59,0,0.07,0,4
17599,21,23000,MORTGAGE,2,0,1,0,1,0,0,0,0,0,A,7000,8.9,0,0.3,0,4
17607,26,100000,MORTGAGE,7,0,1,0,1,0,0,0,0,0,A,7500,8.32,0,0.07,0,3
17622,25,43000,MORTGAGE,5,0,1,0,1,0,0,0,0,0,A,10000,7.88,0,0.23,0,3
17629,25,77000,MORTGAGE,1,0,1,0,1,0,0,0,0,0,F,7200,18.53,1,0.09,0,2
17631,25,63600,MORTGAGE,9,0,1,0,1,0,0,0,0,0,B,7000,11.49,1,0.11,0,4
17659,26,26400,MORTGAGE,10,0,1,0,1,0,0,0,0,0,C,8500,13.23,0,0.32,0,4
17660,24,29200,MORTGAGE,6,0,1,0,1,0,0,0,0,0,A,2500,6.76,0,0.09,0,2
17665,24,70000,MORTGAGE,8,0,1,0,1,0,0,0,0,0,B,25000,9.62,0,0.36,0,4
17677,23,53664,MORTGAGE,7,0,1,0,1,0,0,0,0,0,B,15000,10.75,0,0.28,0,2
17688,22,33685,MORTGAGE,6,0,1,0,1,0,0,0,0,0,C,5000,13.85,0,0.15,0,3
17690,21,98000,MORTGAGE,5,0,1,0,1,0,0,0,0,0,B,6000,10.59,0,0.06,0,4
17702,26,44400,MORTGAGE,,0,1,0,1,0,0,0,0,0,C,6500,14.35,0,0.15,0,3
17711,26,85000,MORTGAGE,1,0,1,0,1,0,0,0,0,0,C,15000,12.73,0,0.18,0,3
17718,22,33300,MORTGAGE,5,0,1,0,1,0,0,0,0,0,D,5325,14.59,1,0.16,0,4
17754,26,46000,MORTGAGE,8,0,1,0,1,0,0,0,0,0,B,7000,9.99,1,0.15,0,4
17764,22,60000,MORTGAGE,6,0,1,0,1,0,0,0,0,0,A,10000,8.9,0,0.17,0,3
17780,22,80000,MORTGAGE,7,0,1,0,1,0,0,0,0,0,B,1500,10.37,0,0.02,0,4
17791,26,60996,MORTGAGE,2,0,1,0,1,0,0,0,0,0,B,12000,12.21,0,0.2,0,4
17795,25,55000,MORTGAGE,3,0,1,0,1,0,0,0,0,0,A,24200,8.49,0,0.44,0,2
17799,25,77078,MORTGAGE,1,0,1,0,1,0,0,0,0,0,B,3425,12.18,0,0.04,0,4
17800,26,100000,MORTGAGE,5,0,1,0,1,0,0,0,0,0,B,24000,10.99,0,0.24,0,4
17821,25,77000,MORTGAGE,9,0,1,0,1,0,0,0,0,0,A,3000,7.49,0,0.04,0,4
17893,34,300000,MORTGAGE,18,0,1,0,1,0,0,0,0,0,B,16000,10.74,0,0.05,0,9
17902,33,285000,MORTGAGE,0,0,1,0,1,0,0,0,0,0,C,10000,13.99,0,0.04,0,7
17912,31,273655,MORTGAGE,4,0,1,0,1,0,0,0,0,0,A,19600,7.51,0,0.07,0,5
17915,30,270000,MORTGAGE,14,0,1,0,1,0,0,0,0,0,B,21000,11.26,0,0.08,0,6
17946,29,228000,MORTGAGE,11,0,1,0,1,0,0,0,0,0,D,35000,14.91,1,0.15,0,8
17954,27,231252,MORTGAGE,1,0,1,0,1,0,0,0,0,0,B,2000,9.91,0,0.01,0,6
17979,30,210000,MORTGAGE,8,0,1,0,1,0,0,0,0,0,B,24000,11.49,0,0.11,0,6
17997,29,200004,MORTGAGE,0,0,1,0,1,0,0,0,0,0,B,19000,11.83,0,0.09,0,7
17998,35,200004,MORTGAGE,19,0,1,0,1,0,0,0,0,0,A,6000,7.68,0,0.03,0,8
18003,31,200000,MORTGAGE,8,0,1,0,1,0,0,0,0,0,A,24000,8.9,0,0.12,0,9
18048,31,190000,MORTGAGE,4,0,1,0,1,0,0,0,0,0,A,9000,6.03,0,0.05,0,7
18064,33,189000,MORTGAGE,5,0,1,0,1,0,0,0,0,0,A,20000,6.17,0,0.11,0,7
18086,30,180000,MORTGAGE,2,0,1,0,1,0,0,0,0,0,A,12500,6.03,0,0.07,0,6
18095,33,180000,MORTGAGE,17,0,1,0,1,0,0,0,0,0,A,13000,7.29,0,0.07,0,7
18099,35,180000,MORTGAGE,6,0,1,0,1,0,0,0,0,0,A,8500,6.92,0,0.05,0,8
18104,30,180000,MORTGAGE,14,0,1,0,1,0,0,0,0,0,B,20000,11.48,0,0.11,0,8
18109,27,168000,MORTGAGE,5,0,1,0,1,0,0,0,0,0,F,24000,17.26,1,0.14,0,9
18121,29,175000,MORTGAGE,1,0,1,0,1,0,0,0,0,0,A,15000,8.49,0,0.09,0,8
18159,30,15600,MORTGAGE,,0,1,0,1,0,0,0,0,0,A,6250,5.79,1,0.4,0,6
18193,27,160669,MORTGAGE,3,0,1,0,1,0,0,0,0,0,B,8000,11.36,0,0.05,0,9
18530,30,24000,MORTGAGE,,0,1,0,1,0,0,0,0,0,A,7000,6.62,0,0.29,0,10
18545,35,24000,MORTGAGE,14,0,1,0,1,0,0,0,0,0,A,4000,7.49,0,0.17,0,7
18590,27,24000,MORTGAGE,2,0,1,0,1,0,0,0,0,0,B,9200,,0,0.38,0,9
18591,33,24000,MORTGAGE,2,0,1,0,1,0,0,0,0,0,B,6000,10.25,0,0.25,0,6
18617,28,24000,MORTGAGE,12,0,1,0,1,0,0,0,0,0,A,5000,9.32,0,0.21,0,10
18661,31,25000,MORTGAGE,,0,1,0,1,0,0,0,0,0,A,3000,8.9,0,0.12,0,8
18663,33,25000,MORTGAGE,8,0,1,0,1,0,0,0,0,0,A,6000,6.62,0,0.24,0,8
18667,29,25000,MORTGAGE,5,0,1,0,1,0,0,0,0,0,A,7475,8.49,0,0.3,0,6
18668,30,25000,MORTGAGE,,0,1,0,1,0,0,0,0,0,B,7000,10.99,0,0.28,0,10
18678,34,25000,MORTGAGE,1,0,1,0,1,0,0,0,0,0,B,1000,9.63,0,0.04,0,6
18731,35,25380,MORTGAGE,3,0,1,0,1,0,0,0,0,0,D,5000,,1,0.2,0,10
18739,30,25800,MORTGAGE,7,0,1,0,1,0,0,0,0,0,A,6000,5.99,0,0.23,0,6
18756,28,26000,MORTGAGE,7,0,1,0,1,0,0,0,0,0,B,12000,11.36,1,0.46,0,7
18765,33,26000,MORTGAGE,1,0,1,0,1,0,0,0,0,0,B,15000,9.76,1,0.58,0,6
18948,32,29500,MORTGAGE,4,0,1,0,1,0,0,0,0,0,B,7000,10,1,0.24,0,9
19014,34,30000,MORTGAGE,4,0,1,0,1,0,0,0,0,0,A,4300,7.9,0,0.14,0,5
19044,35,30000,MORTGAGE,3,0,1,0,1,0,0,0,0,0,A,2975,5.99,0,0.1,0,5
19071,28,30000,MORTGAGE,8,0,1,0,1,0,0,0,0,0,A,3000,7.29,0,0.1,0,5
19126,29,30000,MORTGAGE,2,0,1,0,1,0,0,0,0,0,B,1600,10.25,0,0.05,0,9
19167,29,30000,MORTGAGE,7,0,1,0,1,0,0,0,0,0,C,1500,13.16,0,0.05,0,8
19173,29,30000,MORTGAGE,0,0,1,0,1,0,0,0,0,0,A,15000,9.63,0,0.5,0,8
19176,28,30000,MORTGAGE,4,0,1,0,1,0,0,0,0,0,C,7500,11.78,0,0.25,0,7
19222,29,31000,MORTGAGE,1,0,1,0,1,0,0,0,0,0,A,9950,7.9,0,0.32,0,6
19229,32,31000,MORTGAGE,5,0,1,0,1,0,0,0,0,0,B,13000,,1,0.42,0,8
19262,27,31200,MORTGAGE,1,0,1,0,1,0,0,0,0,0,B,12300,12.53,0,0.39,0,10
19268,31,31323,MORTGAGE,6,0,1,0,1,0,0,0,0,0,C,2500,13.22,1,0.08,0,5
19314,31,32000,MORTGAGE,3,0,1,0,1,0,0,0,0,0,B,6000,11.86,0,0.19,0,8
19374,32,32678,MORTGAGE,10,0,1,0,1,0,0,0,0,0,C,3075,15.23,0,0.09,0,6
19396,30,33000,MORTGAGE,2,0,1,0,1,0,0,0,0,0,A,6000,8.49,0,0.18,0,8
19429,30,33000,MORTGAGE,0,0,1,0,1,0,0,0,0,0,C,3000,11.66,0,0.09,0,8
19485,27,33975,MORTGAGE,,0,1,0,1,0,0,0,0,0,B,10000,9.25,0,0.29,0,7
19501,32,34000,MORTGAGE,5,0,1,0,1,0,0,0,0,0,A,4000,7.49,0,0.12,0,9
19524,35,34000,MORTGAGE,4,0,1,0,1,0,0,0,0,0,A,12800,8.94,0,0.38,0,7
19534,32,34000,MORTGAGE,5,0,1,0,1,0,0,0,0,0,A,2800,9.32,0,0.08,0,7
19539,28,34320,MORTGAGE,5,0,1,0,1,0,0,0,0,0,B,16000,12.69,0,0.47,0,7
19549,27,34500,MORTGAGE,2,0,1,0,1,0,0,0,0,0,B,5000,9.76,0,0.14,0,7
19599,31,35000,MORTGAGE,2,0,1,0,1,0,0,0,0,0,B,10225,9.99,0,0.29,0,6
19620,33,35000,MORTGAGE,4,0,1,0,1,0,0,0,0,0,A,6000,,0,0.17,0,9
19644,28,35000,MORTGAGE,0,0,1,0,1,0,0,0,0,0,A,11850,6.54,0,0.34,0,6
19658,30,35000,MORTGAGE,,0,1,0,1,0,0,0,0,0,B,22750,10.62,0,0.65,0,10
19683,28,29000,MORTGAGE,6,0,1,0,1,0,0,0,0,0,C,5600,,1,0.19,0,5
19719,28,35328,MORTGAGE,12,0,1,0,1,0,0,0,0,0,A,13000,,0,0.37,0,9
19727,28,35496,MORTGAGE,5,0,1,0,1,0,0,0,0,0,B,5500,11.49,0,0.15,0,5
19730,29,35500,MORTGAGE,3,0,1,0,1,0,0,0,0,0,A,4000,7.88,0,0.11,0,6
19731,29,35568,MORTGAGE,5,0,1,0,1,0,0,0,0,0,B,3975,10.99,0,0.11,0,7
19740,30,36000,MORTGAGE,2,0,1,0,1,0,0,0,0,0,B,13500,9.91,0,0.38,0,5
19752,30,36000,MORTGAGE,1,0,1,0,1,0,0,0,0,0,A,15000,6.62,0,0.42,0,9
19806,27,36000,MORTGAGE,,0,1,0,1,0,0,0,0,0,A,6000,7.29,0,0.17,0,10
19817,32,36000,MORTGAGE,0,0,1,0,1,0,0,0,0,0,C,1800,12.61,0,0.05,0,10
19924,27,36996,MORTGAGE,4,0,1,0,1,0,0,0,0,0,B,8800,11.48,0,0.24,0,6
19931,32,31000,MORTGAGE,16,0,1,0,1,0,0,0,0,0,A,3000,7.51,1,0.1,0,7
19939,34,37000,MORTGAGE,7,0,1,0,1,0,0,0,0,0,B,4400,10.99,0,0.12,0,5
20018,35,31732,MORTGAGE,0,0,1,0,1,0,0,0,0,0,C,8000,13.92,1,0.25,0,5
20040,34,38000,MORTGAGE,12,0,1,0,1,0,0,0,0,0,B,12775,9.91,0,0.34,0,5
20098,27,38000,MORTGAGE,11,0,1,0,1,0,0,0,0,0,B,5000,9.76,0,0.13,0,5
20117,30,38220,MORTGAGE,1,0,1,0,1,0,0,0,0,0,A,9775,,0,0.26,0,10
20140,27,38400,MORTGAGE,3,0,1,0,1,0,0,0,0,0,C,15000,12.68,0,0.39,0,5
20148,30,38400,MORTGAGE,14,0,1,0,1,0,0,0,0,0,A,16750,7.88,0,0.44,0,5
20166,34,38769,MORTGAGE,3,0,1,0,1,0,0,0,0,0,A,2400,8.9,0,0.06,0,6
20181,27,39000,MORTGAGE,6,0,1,0,1,0,0,0,0,0,B,6400,10.99,0,0.16,0,10
20201,27,39000,MORTGAGE,0,0,1,0,1,0,0,0,0,0,C,6900,12.87,0,0.18,0,9
20234,30,39600,MORTGAGE,5,0,1,0,1,0,0,0,0,0,B,3000,10.38,0,0.08,0,10
20239,27,39600,MORTGAGE,11,0,1,0,1,0,0,0,0,0,A,4800,6.76,0,0.12,0,9
20241,28,39600,MORTGAGE,2,0,1,0,1,0,0,0,0,0,B,5000,12.53,0,0.13,0,6
20248,30,39962,MORTGAGE,5,0,1,0,1,0,0,0,0,0,B,3200,9.7,0,0.08,0,7
20305,31,40000,MORTGAGE,4,0,1,0,1,0,0,0,0,0,B,4625,12.42,0,0.12,0,5
20312,30,40000,MORTGAGE,9,0,1,0,1,0,0,0,0,0,B,3000,11.71,0,0.07,0,7
20355,32,40000,MORTGAGE,16,0,1,0,1,0,0,0,0,0,A,16000,5.99,0,0.4,0,10
20362,27,40000,MORTGAGE,11,0,1,0,1,0,0,0,0,0,A,4000,5.79,0,0.1,0,5
20467,28,40000,MORTGAGE,10,0,1,0,1,0,0,0,0,0,B,10000,11.26,0,0.25,0,6
20498,27,40560,MORTGAGE,8,0,1,0,1,0,0,0,0,0,A,3000,7.29,0,0.07,0,8
20508,33,40800,MORTGAGE,,0,1,0,1,0,0,0,0,0,A,15000,7.51,0,0.37,0,5
20510,28,40800,MORTGAGE,,0,1,0,1,0,0,0,0,0,A,5000,6.76,0,0.12,0,10
20549,35,41000,MORTGAGE,0,0,1,0,1,0,0,0,0,0,B,8000,10.83,0,0.2,0,6
20553,31,41004,MORTGAGE,5,0,1,0,1,0,0,0,0,0,A,4000,,0,0.1,0,5
20570,32,41464,MORTGAGE,16,0,1,0,1,0,0,0,0,0,A,3500,8.32,0,0.08,0,9
20583,34,41600,MORTGAGE,16,0,1,0,1,0,0,0,0,0,A,17500,6.17,0,0.42,0,6
20607,33,42000,MORTGAGE,3,0,1,0,1,0,0,0,0,0,A,13000,7.9,0,0.31,0,6
20611,34,42000,MORTGAGE,1,0,1,0,1,0,0,0,0,0,C,10000,14.65,0,0.24,0,6
20655,32,42000,MORTGAGE,16,0,1,0,1,0,0,0,0,0,A,10375,5.42,0,0.25,0,7
20668,28,42000,MORTGAGE,0,0,1,0,1,0,0,0,0,0,B,12000,9.62,0,0.29,0,7
20755,27,42500,MORTGAGE,4,0,1,0,1,0,0,0,0,0,C,8000,13.06,0,0.19,0,5
20807,34,43000,MORTGAGE,9,0,1,0,1,0,0,0,0,0,A,11000,7.88,0,0.26,0,10
20826,33,43200,MORTGAGE,2,0,1,0,1,0,0,0,0,0,A,5000,7.51,0,0.12,0,8
20851,27,43680,MORTGAGE,3,0,1,0,1,0,0,0,0,0,B,7000,10.65,0,0.16,0,10
20881,28,44000,MORTGAGE,5,0,1,0,1,0,0,0,0,0,C,7000,13.06,0,0.16,0,9
20886,32,44000,MORTGAGE,9,0,1,0,1,0,0,0,0,0,A,15600,6.17,0,0.35,0,5
20895,35,44000,MORTGAGE,5,0,1,0,1,0,0,0,0,0,A,6500,7.51,0,0.15,0,7
20909,27,38004,MORTGAGE,0,0,1,0,1,0,0,0,0,0,D,12000,16.77,1,0.32,0,6
20932,34,44460,MORTGAGE,7,0,1,0,1,0,0,0,0,0,A,9600,7.49,0,0.22,0,8
21003,32,45000,MORTGAGE,8,0,1,0,1,0,0,0,0,0,A,2100,6.99,0,0.05,0,10
21007,31,39000,MORTGAGE,11,0,1,0,1,0,0,0,0,0,A,2200,7.49,1,0.06,0,6
21010,28,45000,MORTGAGE,6,0,1,0,1,0,0,0,0,0,A,10000,5.99,0,0.22,0,10
21033,27,45000,MORTGAGE,5,0,1,0,1,0,0,0,0,0,C,5400,12.99,0,0.12,0,7
21037,32,45000,MORTGAGE,7,0,1,0,1,0,0,0,0,0,A,4000,7.49,0,0.09,0,7
21050,30,45000,MORTGAGE,4,0,1,0,1,0,0,0,0,0,B,4450,10.37,0,0.1,0,6
21054,35,45000,MORTGAGE,4,0,1,0,1,0,0,0,0,0,A,7500,7.29,0,0.17,0,9
21056,27,45000,MORTGAGE,12,0,1,0,1,0,0,0,0,0,B,5000,9.25,0,0.11,0,10
21062,32,45000,MORTGAGE,3,0,1,0,1,0,0,0,0,0,A,5000,5.79,0,0.11,0,5
21065,27,45000,MORTGAGE,7,0,1,0,1,0,0,0,0,0,A,6800,6.17,0,0.15,0,9
21101,31,45000,MORTGAGE,6,0,1,0,1,0,0,0,0,0,A,2500,7.88,0,0.06,0,8
21128,27,45000,MORTGAGE,8,0,1,0,1,0,0,0,0,0,A,16750,8.94,0,0.37,0,7
21192,29,45516,MORTGAGE,13,0,1,0,1,0,0,0,0,0,C,6000,13.49,0,0.13,0,8
21219,30,39760,MORTGAGE,0,0,1,0,1,0,0,0,0,0,B,14500,10.75,1,0.36,0,7
21239,31,40000,MORTGAGE,2,0,1,0,1,0,0,0,0,0,D,9500,16.77,1,0.24,0,10
21243,34,46000,MORTGAGE,18,0,1,0,1,0,0,0,0,0,B,6700,,0,0.15,0,10
21270,27,46028,MORTGAGE,8,0,1,0,1,0,0,0,0,0,B,18000,10.74,0,0.39,0,9
21272,28,46097,MORTGAGE,12,0,1,0,1,0,0,0,0,0,B,6000,10.75,0,0.13,0,8
21285,31,46500,MORTGAGE,2,0,1,0,1,0,0,0,0,0,A,6250,5.79,0,0.13,0,10
21293,27,46576,MORTGAGE,8,0,1,0,1,0,0,0,0,0,A,4800,,0,0.1,0,10
21305,27,40800,MORTGAGE,3,0,1,0,1,0,0,0,0,0,A,2000,7.29,1,0.05,0,5
21348,29,47000,MORTGAGE,1,0,1,0,1,0,0,0,0,0,B,5000,9.76,0,0.11,0,10
21389,27,48000,MORTGAGE,5,0,1,0,1,0,0,0,0,0,B,4300,12.69,0,0.09,0,7
21410,28,42000,MORTGAGE,,0,1,0,1,0,0,0,0,0,D,7600,16.29,1,0.18,0,7
21414,27,48000,MORTGAGE,11,0,1,0,1,0,0,0,0,0,A,5650,5.42,0,0.12,0,8
21427,32,48000,MORTGAGE,2,0,1,0,1,0,0,0,0,0,B,10650,10.59,0,0.22,0,9
21456,31,48000,MORTGAGE,8,0,1,0,1,0,0,0,0,0,A,14400,7.29,0,0.3,0,5
21479,29,48000,MORTGAGE,6,0,1,0,1,0,0,0,0,0,C,15000,13.98,0,0.31,0,10
21483,34,48000,MORTGAGE,10,0,1,0,1,0,0,0,0,0,A,9000,7.14,0,0.19,0,6
21506,33,48000,MORTGAGE,1,0,1,0,1,0,0,0,0,0,A,6000,,0,0.13,0,10
21601,32,49000,MORTGAGE,9,0,1,0,1,0,0,0,0,0,A,8275,,0,0.17,0,6
21612,29,49349,MORTGAGE,13,0,1,0,1,0,0,0,0,0,B,4000,11.49,0,0.08,0,5
21614,31,49500,MORTGAGE,3,0,1,0,1,0,0,0,0,0,B,10000,10.75,0,0.2,0,6
21622,30,43800,MORTGAGE,,0,1,0,1,0,0,0,0,0,D,13200,16.29,1,0.3,0,9
21636,30,50000,MORTGAGE,8,0,1,0,1,0,0,0,0,0,A,10000,6.62,0,0.2,0,7
21664,30,50000,MORTGAGE,6,0,1,0,1,0,0,0,0,0,C,4000,14.27,0,0.08,0,9
21756,34,44000,MORTGAGE,8,0,1,0,1,0,0,0,0,0,C,4500,12.98,1,0.1,0,6
21761,30,50000,MORTGAGE,11,0,1,0,1,0,0,0,0,0,B,1400,10.36,0,0.03,0,8
21769,27,44000,MORTGAGE,3,0,1,0,1,0,0,0,0,0,B,24000,8.88,1,0.55,0,9
21804,31,50000,MORTGAGE,1,0,1,0,1,0,0,0,0,0,A,12000,7.88,0,0.24,0,6
21810,31,50000,MORTGAGE,2,0,1,0,1,0,0,0,0,0,B,5000,10.62,0,0.1,0,10
21839,28,50000,MORTGAGE,3,0,1,0,1,0,0,0,0,0,A,5000,7.74,0,0.1,0,6
21845,29,50000,MORTGAGE,5,0,1,0,1,0,0,0,0,0,C,3250,14.26,0,0.07,0,5
21856,29,44000,MORTGAGE,9,0,1,0,1,0,0,0,0,0,D,10000,14.74,1,0.23,0,5
21860,27,50000,MORTGAGE,3,0,1,0,1,0,0,0,0,0,C,10000,12.84,0,0.2,0,10
21865,30,50000,MORTGAGE,14,0,1,0,1,0,0,0,0,0,A,1875,8,0,0.04,0,9
21866,33,44000,MORTGAGE,6,0,1,0,1,0,0,0,0,0,D,4500,14.74,1,0.1,0,10
21908,29,50004,MORTGAGE,3,0,1,0,1,0,0,0,0,0,B,20000,11.58,0,0.4,0,7
21909,31,50004,MORTGAGE,15,0,1,0,1,0,0,0,0,0,A,10000,8,0,0.2,0,8
21963,31,44960,MORTGAGE,0,0,1,0,1,0,0,0,0,0,B,5000,10.95,1,0.11,0,10
21989,32,51000,MORTGAGE,2,0,1,0,1,0,0,0,0,0,B,15000,11.36,0,0.29,0,9
22011,29,51540,MORTGAGE,3,0,1,0,1,0,0,0,0,0,A,4000,5.79,0,0.08,0,7
22019,27,51600,MORTGAGE,5,0,1,0,1,0,0,0,0,0,A,10800,6.91,0,0.21,0,8
22032,33,51996,MORTGAGE,3,0,1,0,1,0,0,0,0,0,B,14000,8.88,0,0.27,0,9
22045,31,52000,MORTGAGE,7,0,1,0,1,0,0,0,0,0,A,5000,7.51,0,0.1,0,8
22047,27,52000,MORTGAGE,4,0,1,0,1,0,0,0,0,0,A,8000,8.9,0,0.15,0,10
22051,35,52000,MORTGAGE,7,0,1,0,1,0,0,0,0,0,A,7000,6.03,0,0.13,0,5
22130,27,52000,MORTGAGE,7,0,1,0,1,0,0,0,0,0,A,5000,7.75,0,0.1,0,7
22140,32,52500,MORTGAGE,15,0,1,0,1,0,0,0,0,0,A,9500,6.92,0,0.18,0,7
22178,34,53000,MORTGAGE,7,0,1,0,1,0,0,0,0,0,A,3100,7.9,0,0.06,0,6
22192,29,53000,MORTGAGE,13,0,1,0,1,0,0,0,0,0,C,10750,13.11,0,0.2,0,7
22199,27,47000,MORTGAGE,11,0,1,0,1,0,0,0,0,0,G,7750,,1,0.16,0,7
22222,29,53500,MORTGAGE,3,0,1,0,1,0,0,0,0,0,C,5000,13.49,0,0.09,0,10
22226,34,53549,MORTGAGE,17,0,1,0,1,0,0,0,0,0,A,14200,6.99,0,0.27,0,6
22274,32,54000,MORTGAGE,3,0,1,0,1,0,0,0,0,0,A,10975,7.66,0,0.2,0,7
22280,32,54000,MORTGAGE,3,0,1,0,1,0,0,0,0,0,A,12000,7.66,0,0.22,0,6
22291,32,54000,MORTGAGE,0,0,1,0,1,0,0,0,0,0,A,5000,5.79,0,0.09,0,6
22295,31,54000,MORTGAGE,12,0,1,0,1,0,0,0,0,0,A,6000,7.14,0,0.11,0,5
22297,28,54000,MORTGAGE,12,0,1,0,1,0,0,0,0,0,A,11500,7.88,0,0.21,0,6
22301,27,54000,MORTGAGE,,0,1,0,1,0,0,0,0,0,A,2000,7.14,0,0.04,0,9
22308,29,54000,MORTGAGE,2,0,1,0,1,0,0,0,0,0,A,5000,7.14,0,0.09,0,5
22321,29,54000,MORTGAGE,9,0,1,0,1,0,0,0,0,0,A,12000,9.32,0,0.22,0,7
22329,33,54072,MORTGAGE,1,0,1,0,1,0,0,0,0,0,A,3000,6.99,0,0.06,0,7
22334,29,54099,MORTGAGE,2,0,1,0,1,0,0,0,0,0,B,21000,9.96,0,0.39,0,6
22389,27,55000,MORTGAGE,1,0,1,0,1,0,0,0,0,0,A,9000,7.51,0,0.16,0,8
22395,28,55000,MORTGAGE,7,0,1,0,1,0,0,0,0,0,A,22000,,0,0.4,0,10
22400,31,55000,MORTGAGE,9,0,1,0,1,0,0,0,0,0,A,8000,7.49,0,0.15,0,9
22419,30,55000,MORTGAGE,13,0,1,0,1,0,0,0,0,0,B,12000,,0,0.22,0,7
22440,35,55000,MORTGAGE,3,0,1,0,1,0,0,0,0,0,A,3200,5.79,0,0.06,0,10
22452,31,55000,MORTGAGE,3,0,1,0,1,0,0,0,0,0,B,6250,9.99,0,0.11,0,9
22453,30,55000,MORTGAGE,4,0,1,0,1,0,0,0,0,0,A,12000,5.79,0,0.22,0,10
22455,27,55000,MORTGAGE,0,0,1,0,1,0,0,0,0,0,A,11000,5.42,0,0.2,0,9
22460,30,55000,MORTGAGE,3,0,1,0,1,0,0,0,0,0,B,12000,10.38,0,0.22,0,8
22529,27,49200,MORTGAGE,2,0,1,0,1,0,0,0,0,0,E,7500,16.32,1,0.15,0,7
22542,30,55536,MORTGAGE,14,0,1,0,1,0,0,0,0,0,C,1000,,0,0.02,0,9
22556,28,55704,MORTGAGE,12,0,1,0,1,0,0,0,0,0,A,8400,7.51,0,0.15,0,9
22579,28,56000,MORTGAGE,4,0,1,0,1,0,0,0,0,0,A,15000,7.49,0,0.27,0,9
22582,33,50000,MORTGAGE,14,0,1,0,1,0,0,0,0,0,D,10000,16.89,1,0.2,0,7
22585,27,56000,MORTGAGE,4,0,1,0,1,0,0,0,0,0,B,10050,9.63,0,0.18,0,8
22587,35,56000,MORTGAGE,,0,1,0,1,0,0,0,0,0,A,12000,,0,0.21,0,8
22629,28,56148,MORTGAGE,12,0,1,0,1,0,0,0,0,0,C,2400,13.99,0,0.04,0,6
22634,34,56400,MORTGAGE,2,0,1,0,1,0,0,0,0,0,A,7000,7.9,0,0.12,0,10
22669,27,57000,MORTGAGE,11,0,1,0,1,0,0,0,0,0,A,3000,7.51,0,0.05,0,5
22683,33,57000,MORTGAGE,4,0,1,0,1,0,0,0,0,0,A,13000,7.88,0,0.23,0,5
22719,30,57408,MORTGAGE,0,0,1,0,1,0,0,0,0,0,B,18000,8.88,0,0.31,0,10
22745,31,57758,MORTGAGE,,0,1,0,1,0,0,0,0,0,A,12000,6.62,0,0.21,0,9
22777,30,58000,MORTGAGE,14,0,1,0,1,0,0,0,0,0,B,5350,9.99,0,0.09,0,9
22779,28,58000,MORTGAGE,11,0,1,0,1,0,0,0,0,0,B,6700,9.99,0,0.12,0,5
22807,29,58000,MORTGAGE,8,0,1,0,1,0,0,0,0,0,A,1800,6.76,0,0.03,0,8
22817,27,58000,MORTGAGE,4,0,1,0,1,0,0,0,0,0,C,1500,,0,0.03,0,9
22844,35,58788,MORTGAGE,8,0,1,0,1,0,0,0,0,0,B,2200,11.99,0,0.04,0,6
22880,31,59000,MORTGAGE,2,0,1,0,1,0,0,0,0,0,B,13000,11.14,0,0.22,0,7
22921,33,60000,MORTGAGE,3,0,1,0,1,0,0,0,0,0,A,3500,7.9,0,0.06,0,9
22926,30,60000,MORTGAGE,12,0,1,0,1,0,0,0,0,0,B,2500,12.69,0,0.04,0,7
22928,27,60000,MORTGAGE,,0,1,0,1,0,0,0,0,0,B,4000,9.91,0,0.07,0,7
22952,35,60000,MORTGAGE,2,0,1,0,1,0,0,0,0,0,A,4000,6.03,0,0.07,0,7
22965,33,54000,MORTGAGE,7,0,1,0,1,0,0,0,0,0,C,32000,15.23,1,0.59,0,7
22973,31,60000,MORTGAGE,4,0,1,0,1,0,0,0,0,0,C,1500,12.99,0,0.03,0,10
22990,29,54000,MORTGAGE,8,0,1,0,1,0,0,0,0,0,A,7500,7.49,1,0.14,0,9
23022,33,60000,MORTGAGE,3,0,1,0,1,0,0,0,0,0,A,5000,5.42,0,0.08,0,7
23023,28,60000,MORTGAGE,6,0,1,0,1,0,0,0,0,0,B,15000,11.99,0,0.25,0,6
23031,27,60000,MORTGAGE,9,0,1,0,1,0,0,0,0,0,A,3600,5.42,0,0.06,0,9
23033,30,60000,MORTGAGE,3,0,1,0,1,0,0,0,0,0,A,4125,5.99,0,0.07,0,5
23034,28,60000,MORTGAGE,6,0,1,0,1,0,0,0,0,0,B,4125,9.99,0,0.07,0,10
23050,30,60000,MORTGAGE,13,0,1,0,1,0,0,0,0,0,B,15000,10.74,0,0.25,0,5
23063,29,60000,MORTGAGE,4,0,1,0,1,0,0,0,0,0,A,12000,7.29,0,0.2,0,7
23072,28,60000,MORTGAGE,0,0,1,0,1,0,0,0,0,0,A,16000,6.54,0,0.27,0,6
23074,35,60000,MORTGAGE,5,0,1,0,1,0,0,0,0,0,A,2000,6.91,0,0.03,0,6
23075,28,60000,MORTGAGE,13,0,1,0,1,0,0,0,0,0,A,12000,5.79,0,0.2,0,8
23097,30,60000,MORTGAGE,12,0,1,0,1,0,0,0,0,0,B,9600,9.99,0,0.16,0,10
23104,31,60000,MORTGAGE,15,0,1,0,1,0,0,0,0,0,B,5100,10.75,0,0.09,0,8
23112,30,54000,MORTGAGE,4,0,1,0,1,0,0,0,0,0,D,12000,15.58,1,0.22,0,5
23135,28,60000,MORTGAGE,4,0,1,0,1,0,0,0,0,0,A,8000,7.88,0,0.13,0,5
23149,35,60000,MORTGAGE,12,0,1,0,1,0,0,0,0,0,C,25000,12.73,0,0.42,0,8
23155,32,60000,MORTGAGE,15,0,1,0,1,0,0,0,0,0,A,6000,7.14,0,0.1,0,9
23165,35,60000,MORTGAGE,12,0,1,0,1,0,0,0,0,0,C,12000,13.11,0,0.2,0,9
23179,29,60000,MORTGAGE,7,0,1,0,1,0,0,0,0,0,C,15000,12.87,0,0.25,0,5
23217,29,60000,MORTGAGE,13,0,1,0,1,0,0,0,0,0,B,6400,11.89,0,0.11,0,8
23225,31,60000,MORTGAGE,15,0,1,0,1,0,0,0,0,0,A,10000,9.63,0,0.17,0,8
23249,27,60000,MORTGAGE,0,0,1,0,1,0,0,0,0,0,A,7000,7.43,0,0.12,0,9
23278,30,61000,MORTGAGE,2,0,1,0,1,0,0,0,0,0,A,4000,7.9,0,0.07,0,7
23285,27,61000,MORTGAGE,6,0,1,0,1,0,0,0,0,0,A,1050,8.49,0,0.02,0,9
23292,35,61000,MORTGAGE,0,0,1,0,1,0,0,0,0,0,A,6000,6.54,0,0.1,0,7
23329,30,61800,MORTGAGE,6,0,1,0,1,0,0,0,0,0,B,20000,11.36,0,0.32,0,8
23335,27,62000,MORTGAGE,6,0,1,0,1,0,0,0,0,0,B,15000,,0,0.24,0,8
23350,29,62000,MORTGAGE,5,0,1,0,1,0,0,0,0,0,A,10000,5.99,0,0.16,0,8
23413,28,62352,MORTGAGE,3,0,1,0,1,0,0,0,0,0,A,3800,6.62,0,0.06,0,7
23420,27,62400,MORTGAGE,12,0,1,0,1,0,0,0,0,0,A,12000,5.42,0,0.19,0,8
23431,32,62400,MORTGAGE,7,0,1,0,1,0,0,0,0,0,B,20000,12.53,0,0.32,0,6
23438,27,62500,MORTGAGE,2,0,1,0,1,0,0,0,0,0,A,12000,7.66,0,0.19,0,8
23441,29,62500,MORTGAGE,13,0,1,0,1,0,0,0,0,0,B,5000,11.36,0,0.08,0,7
23448,28,62851,MORTGAGE,8,0,1,0,1,0,0,0,0,0,B,12000,,0,0.19,0,6
23453,27,63000,MORTGAGE,12,0,1,0,1,0,0,0,0,0,C,15500,14.65,0,0.25,0,5
23454,33,63000,MORTGAGE,7,0,1,0,1,0,0,0,0,0,A,18250,8.9,0,0.29,0,9
23458,30,63000,MORTGAGE,14,0,1,0,1,0,0,0,0,0,A,3500,7.49,0,0.06,0,7
23461,27,63000,MORTGAGE,11,0,1,0,1,0,0,0,0,0,A,4400,5.99,0,0.07,0,8
23464,34,63000,MORTGAGE,9,0,1,0,1,0,0,0,0,0,B,18000,11.49,0,0.29,0,9
23469,27,63000,MORTGAGE,11,0,1,0,1,0,0,0,0,0,A,4000,6.99,0,0.06,0,7
23476,27,63000,MORTGAGE,9,0,1,0,1,0,0,0,0,0,B,4500,8.88,0,0.07,0,7
23484,34,63000,MORTGAGE,3,0,1,0,1,0,0,0,0,0,B,15000,10.99,0,0.24,0,9
23505,31,63324,MORTGAGE,8,0,1,0,1,0,0,0,0,0,B,24000,11.83,0,0.38,0,6
23516,28,63600,MORTGAGE,12,0,1,0,1,0,0,0,0,0,A,3000,,0,0.05,0,7
23519,33,63600,MORTGAGE,,0,1,0,1,0,0,0,0,0,C,8500,13.23,0,0.13,0,8
23524,27,63844,MORTGAGE,11,0,1,0,1,0,0,0,0,0,A,20000,6.54,0,0.31,0,10
23526,33,63996,MORTGAGE,15,0,1,0,1,0,0,0,0,0,A,3200,5.42,0,0.05,0,6
23543,31,58000,MORTGAGE,15,0,1,0,1,0,0,0,0,0,E,16000,,1,0.28,0,8
23550,35,64000,MORTGAGE,11,0,1,0,1,0,0,0,0,0,A,14500,7.66,0,0.23,0,6
23562,33,58000,MORTGAGE,7,0,1,0,1,0,0,0,0,0,B,15000,10.62,1,0.26,0,5
23587,29,58800,MORTGAGE,7,0,1,0,1,0,0,0,0,0,B,5000,11.71,1,0.09,0,6
23595,31,65000,MORTGAGE,3,0,1,0,1,0,0,0,0,0,A,23200,7.9,0,0.36,0,10
23610,31,65000,MORTGAGE,4,0,1,0,1,0,0,0,0,0,B,20000,11.71,0,0.31,0,9
23634,29,65000,MORTGAGE,,0,1,0,1,0,0,0,0,0,A,3000,6.03,0,0.05,0,7
23658,27,65000,MORTGAGE,11,0,1,0,1,0,0,0,0,0,A,19200,7.49,0,0.3,0,7
23676,33,65000,MORTGAGE,14,0,1,0,1,0,0,0,0,0,C,3600,13.99,0,0.06,0,9
23682,34,65000,MORTGAGE,6,0,1,0,1,0,0,0,0,0,A,12300,,0,0.19,0,10
23686,29,65000,MORTGAGE,2,0,1,0,1,0,0,0,0,0,A,7000,7.29,0,0.11,0,6
23688,28,65000,MORTGAGE,3,0,1,0,1,0,0,0,0,0,A,5000,6.92,0,0.08,0,5
23708,30,65000,MORTGAGE,15,0,1,0,1,0,0,0,0,0,A,7500,6.17,0,0.12,0,9
23715,27,65000,MORTGAGE,3,0,1,0,1,0,0,0,0,0,B,15000,10.75,0,0.23,0,5
23722,34,65000,MORTGAGE,4,0,1,0,1,0,0,0,0,0,A,11200,7.88,0,0.17,0,6
23735,32,65000,MORTGAGE,16,0,1,0,1,0,0,0,0,0,A,5500,7.51,0,0.08,0,7
23739,33,65000,MORTGAGE,3,0,1,0,1,0,0,0,0,0,A,2000,7.88,0,0.03,0,7
23746,27,65000,MORTGAGE,0,0,1,0,1,0,0,0,0,0,A,10250,8.59,0,0.16,0,5
23751,27,65000,MORTGAGE,2,0,1,0,1,0,0,0,0,0,B,10000,12.53,0,0.15,0,7
23761,28,59000,MORTGAGE,1,0,1,0,1,0,0,0,0,0,A,12000,9.63,1,0.2,0,10
23773,29,59000,MORTGAGE,7,0,1,0,1,0,0,0,0,0,B,15000,9.76,1,0.25,0,8
23777,35,65000,MORTGAGE,5,0,1,0,1,0,0,0,0,0,B,25000,9.51,0,0.38,0,10
23792,30,65004,MORTGAGE,3,0,1,0,1,0,0,0,0,0,A,5250,9.63,0,0.08,0,8
23814,29,66000,MORTGAGE,10,0,1,0,1,0,0,0,0,0,B,7000,9.91,0,0.11,0,10
23818,35,66000,MORTGAGE,6,0,1,0,1,0,0,0,0,0,B,9100,12.42,0,0.14,0,7
23848,30,66000,MORTGAGE,0,0,1,0,1,0,0,0,0,0,A,11200,9.32,0,0.17,0,9
23855,32,66300,MORTGAGE,5,0,1,0,1,0,0,0,0,0,A,6075,6.03,0,0.09,0,10
23864,30,66500,MORTGAGE,5,0,1,0,1,0,0,0,0,0,A,8000,7.88,0,0.12,0,9
23871,30,66560,MORTGAGE,10,0,1,0,1,0,0,0,0,0,A,2500,6.39,0,0.04,0,7
23886,31,67000,MORTGAGE,9,0,1,0,1,0,0,0,0,0,B,3000,10.65,0,0.04,0,9
23889,27,61000,MORTGAGE,6,0,1,0,1,0,0,0,0,0,D,6800,15.99,1,0.11,0,7
23893,32,67000,MORTGAGE,16,0,1,0,1,0,0,0,0,0,A,4000,,0,0.06,0,9
23896,34,67000,MORTGAGE,4,0,1,0,1,0,0,0,0,0,C,6400,13.23,0,0.1,0,7
23906,33,67000,MORTGAGE,6,0,1,0,1,0,0,0,0,0,B,25000,10.99,0,0.37,0,6
23920,29,67222,MORTGAGE,4,0,1,0,1,0,0,0,0,0,B,10000,11.14,0,0.15,0,9
23924,27,67500,MORTGAGE,0,0,1,0,1,0,0,0,0,0,A,1000,7.4,0,0.01,0,7
23958,31,68000,MORTGAGE,2,0,1,0,1,0,0,0,0,0,B,18000,10,0,0.26,0,10
23972,35,62000,MORTGAGE,15,0,1,0,1,0,0,0,0,0,D,10000,15.33,1,0.16,0,10
24023,33,69000,MORTGAGE,5,0,1,0,1,0,0,0,0,0,A,20000,6.54,0,0.29,0,6
24033,28,69000,MORTGAGE,12,0,1,0,1,0,0,0,0,0,B,10000,9.88,0,0.14,0,8
24049,35,63600,MORTGAGE,5,0,1,0,1,0,0,0,0,0,B,4800,12.42,1,0.08,0,6
24057,33,69930,MORTGAGE,5,0,1,0,1,0,0,0,0,0,A,6300,7.14,0,0.09,0,10
24058,27,69936,MORTGAGE,11,0,1,0,1,0,0,0,0,0,A,8000,7.66,0,0.11,0,10
24076,30,70000,MORTGAGE,7,0,1,0,1,0,0,0,0,0,A,10000,,0,0.14,0,7
24103,28,70000,MORTGAGE,4,0,1,0,1,0,0,0,0,0,B,5000,11.71,0,0.07,0,8
24112,33,70000,MORTGAGE,2,0,1,0,1,0,0,0,0,0,A,3700,5.99,0,0.05,0,6
24114,28,70000,MORTGAGE,,0,1,0,1,0,0,0,0,0,A,24000,5.99,0,0.34,0,5
24116,29,70000,MORTGAGE,6,0,1,0,1,0,0,0,0,0,B,4200,10.99,0,0.06,0,9
24130,28,70000,MORTGAGE,3,0,1,0,1,0,0,0,0,0,A,8000,8.49,0,0.11,0,9
24133,27,70000,MORTGAGE,5,0,1,0,1,0,0,0,0,0,A,15000,7.49,0,0.21,0,8
24134,29,70000,MORTGAGE,9,0,1,0,1,0,0,0,0,0,B,8500,11.14,0,0.12,0,10
24136,29,70000,MORTGAGE,3,0,1,0,1,0,0,0,0,0,B,20000,,0,0.29,0,8
24144,29,70000,MORTGAGE,5,0,1,0,1,0,0,0,0,0,B,3000,9.63,0,0.04,0,9
24149,27,70000,MORTGAGE,11,0,1,0,1,0,0,0,0,0,A,25000,7.66,0,0.36,0,5
24164,27,70000,MORTGAGE,11,0,1,0,1,0,0,0,0,0,A,1000,6.54,0,0.01,0,5
24166,34,70000,MORTGAGE,13,0,1,0,1,0,0,0,0,0,A,20000,6.54,0,0.29,0,5
24189,30,70000,MORTGAGE,15,0,1,0,1,0,0,0,0,0,B,10000,10.75,0,0.14,0,6
24201,31,64000,MORTGAGE,14,0,1,0,1,0,0,0,0,0,B,25000,10.62,1,0.39,0,5
24210,32,70000,MORTGAGE,7,0,1,0,1,0,0,0,0,0,B,10000,9.88,0,0.14,0,5
24212,30,64000,MORTGAGE,,0,1,0,1,0,0,0,0,0,B,10000,10.25,1,0.16,0,8
24215,29,70000,MORTGAGE,13,0,1,0,1,0,0,0,0,0,A,6500,7.88,0,0.09,0,9
24216,29,70000,MORTGAGE,5,0,1,0,1,0,0,0,0,0,C,10000,13.85,0,0.14,0,7
24220,31,64000,MORTGAGE,4,0,1,0,1,0,0,0,0,0,C,5100,13.22,1,0.08,0,10
24259,32,70197,MORTGAGE,9,0,1,0,1,0,0,0,0,0,A,4100,7.51,0,0.06,0,6
24270,34,70596,MORTGAGE,18,0,1,0,1,0,0,0,0,0,B,10000,11.26,0,0.14,0,9
24297,29,71000,MORTGAGE,4,0,1,0,1,0,0,0,0,0,A,4000,7.14,0,0.06,0,9
24312,29,71500,MORTGAGE,3,0,1,0,1,0,0,0,0,0,B,6000,9.63,0,0.08,0,10
24328,27,72000,MORTGAGE,9,0,1,0,1,0,0,0,0,0,A,10000,7.9,0,0.14,0,7
24349,27,72000,MORTGAGE,3,0,1,0,1,0,0,0,0,0,A,15000,5.42,0,0.21,0,5
24361,33,72000,MORTGAGE,6,0,1,0,1,0,0,0,0,0,A,4250,5.42,0,0.06,0,5
24367,27,72000,MORTGAGE,1,0,1,0,1,0,0,0,0,0,B,10000,10.99,0,0.14,0,9
24375,32,72000,MORTGAGE,0,0,1,0,1,0,0,0,0,0,A,24000,6.92,0,0.33,0,8
24380,32,66000,MORTGAGE,5,0,1,0,1,0,0,0,0,0,D,2000,15.28,1,0.03,0,7
24397,27,72000,MORTGAGE,4,0,1,0,1,0,0,0,0,0,B,24000,,0,0.33,0,9
24410,35,72000,MORTGAGE,2,0,1,0,1,0,0,0,0,0,A,10750,7.51,0,0.15,0,9
24437,33,72000,MORTGAGE,0,0,1,0,1,0,0,0,0,0,B,6600,,0,0.09,0,9
24444,29,72072,MORTGAGE,4,0,1,0,1,0,0,0,0,0,A,12000,8.49,0,0.17,0,8
24457,35,72500,MORTGAGE,0,0,1,0,1,0,0,0,0,0,B,4000,10.25,0,0.06,0,6
24470,28,73000,MORTGAGE,9,0,1,0,1,0,0,0,0,0,A,15600,6.03,0,0.21,0,9
24472,27,73000,MORTGAGE,11,0,1,0,1,0,0,0,0,0,A,13000,6.03,0,0.18,0,9
24518,35,74000,MORTGAGE,13,0,1,0,1,0,0,0,0,0,A,5000,7.9,0,0.07,0,5
24521,29,74000,MORTGAGE,4,0,1,0,1,0,0,0,0,0,B,12000,,0,0.16,0,9
24547,29,74004,MORTGAGE,2,0,1,0,1,0,0,0,0,0,B,10000,11.86,0,0.14,0,8
24554,32,74280,MORTGAGE,4,0,1,0,1,0,0,0,0,0,B,6400,,0,0.09,0,10
24562,27,68400,MORTGAGE,8,0,1,0,1,0,0,0,0,0,C,8000,14.26,1,0.12,0,7
24566,31,74628,MORTGAGE,12,0,1,0,1,0,0,0,0,0,C,15000,12.99,0,0.2,0,5
24598,27,75000,MORTGAGE,4,0,1,0,1,0,0,0,0,0,B,6625,,0,0.09,0,10
24629,33,75000,MORTGAGE,6,0,1,0,1,0,0,0,0,0,B,10000,10.99,0,0.13,0,10
24650,35,75000,MORTGAGE,1,0,1,0,1,0,0,0,0,0,A,9000,5.79,0,0.12,0,9
24704,34,75000,MORTGAGE,6,0,1,0,1,0,0,0,0,0,A,6000,7.51,0,0.08,0,7
24712,28,75000,MORTGAGE,9,0,1,0,1,0,0,0,0,0,B,9600,10.62,0,0.13,0,7
24721,29,75000,MORTGAGE,4,0,1,0,1,0,0,0,0,0,C,14400,13.92,0,0.19,0,9
24738,29,75000,MORTGAGE,9,0,1,0,1,0,0,0,0,0,B,10000,11.48,0,0.13,0,10
24760,34,75000,MORTGAGE,7,0,1,0,1,0,0,0,0,0,A,6500,9.38,0,0.09,0,7
24767,30,69000,MORTGAGE,0,0,1,0,1,0,0,0,0,0,B,14000,10.14,1,0.2,0,10
24791,27,75852,MORTGAGE,0,0,1,0,1,0,0,0,0,0,A,4000,9.32,0,0.05,0,9
24802,28,70000,MORTGAGE,12,0,1,0,1,0,0,0,0,0,A,9000,5.42,1,0.13,0,7
24805,27,76000,MORTGAGE,11,0,1,0,1,0,0,0,0,0,A,12000,,0,0.16,0,6
24809,27,76000,MORTGAGE,2,0,1,0,1,0,0,0,0,0,B,10000,10.99,0,0.13,0,9
24814,34,70000,MORTGAGE,7,0,1,0,1,0,0,0,0,0,B,17000,11.14,1,0.24,0,8
24831,27,76788,MORTGAGE,0,0,1,0,1,0,0,0,0,0,B,17000,12.42,0,0.22,0,10
24842,28,77000,MORTGAGE,4,0,1,0,1,0,0,0,0,0,B,2600,11.71,0,0.03,0,5
24847,30,77000,MORTGAGE,4,0,1,0,1,0,0,0,0,0,A,8000,7.14,0,0.1,0,7
24851,30,77000,MORTGAGE,5,0,1,0,1,0,0,0,0,0,A,1500,6.39,0,0.02,0,7
24871,30,77500,MORTGAGE,2,0,1,0,1,0,0,0,0,0,A,9000,7.88,0,0.12,0,7
24876,31,77940,MORTGAGE,3,0,1,0,1,0,0,0,0,0,B,16250,10.99,0,0.21,0,10
24890,32,78000,MORTGAGE,3,0,1,0,1,0,0,0,0,0,A,8000,6.99,0,0.1,0,10
24901,28,78000,MORTGAGE,5,0,1,0,1,0,0,0,0,0,A,12000,5.79,0,0.15,0,5
24912,35,78000,MORTGAGE,9,0,1,0,1,0,0,0,0,0,A,10000,6.54,0,0.13,0,8
24923,32,78000,MORTGAGE,5,0,1,0,1,0,0,0,0,0,A,5400,7.88,0,0.07,0,6
24948,34,78301,MORTGAGE,6,0,1,0,1,0,0,0,0,0,A,17000,6.62,0,0.22,0,9
24957,35,78750,MORTGAGE,3,0,1,0,1,0,0,0,0,0,C,10750,12.23,0,0.14,0,8
24966,31,79000,MORTGAGE,14,0,1,0,1,0,0,0,0,0,C,20000,13.49,0,0.25,0,6
24968,30,79000,MORTGAGE,11,0,1,0,1,0,0,0,0,0,C,20000,13.72,0,0.25,0,10
24975,29,79000,MORTGAGE,1,0,1,0,1,0,0,0,0,0,A,7000,,0,0.09,0,9
24979,31,79000,MORTGAGE,1,0,1,0,1,0,0,0,0,0,A,5000,8,0,0.06,0,9
25000,35,79750,MORTGAGE,5,0,1,0,1,0,0,0,0,0,B,35000,11.99,0,0.44,0,5
25003,29,79800,MORTGAGE,2,0,1,0,1,0,0,0,0,0,A,6000,7.14,0,0.08,0,8
25004,32,79872,MORTGAGE,4,0,1,0,1,0,0,0,0,0,C,12000,12.68,0,0.15,0,10
25026,28,80000,MORTGAGE,12,0,1,0,1,0,0,0,0,0,A,12000,6.03,0,0.15,0,6
25036,27,80000,MORTGAGE,7,0,1,0,1,0,0,0,0,0,B,7400,12.69,0,0.09,0,7
25052,32,80000,MORTGAGE,14,0,1,0,1,0,0,0,0,0,A,15350,8.49,0,0.19,0,7
25088,27,80000,MORTGAGE,3,0,1,0,1,0,0,0,0,0,B,3000,11.11,0,0.04,0,7
25091,27,80000,MORTGAGE,0,0,1,0,1,0,0,0,0,0,C,10000,12.68,0,0.13,0,5
25096,30,80000,MORTGAGE,4,0,1,0,1,0,0,0,0,0,A,10750,6.17,0,0.13,0,5
25116,27,80000,MORTGAGE,4,0,1,0,1,0,0,0,0,0,B,24000,11.12,0,0.3,0,10
25124,27,80000,MORTGAGE,1,0,1,0,1,0,0,0,0,0,B,20000,11.36,0,0.25,0,5
25146,28,80000,MORTGAGE,12,0,1,0,1,0,0,0,0,0,B,12000,12.18,0,0.15,0,5
25175,35,80004,MORTGAGE,0,0,1,0,1,0,0,0,0,0,B,14400,10.95,0,0.18,0,5
25182,35,80308,MORTGAGE,3,0,1,0,1,0,0,0,0,0,A,12000,7.88,0,0.15,0,10
25191,28,80500,MORTGAGE,4,0,1,0,1,0,0,0,0,0,A,6000,7.74,0,0.07,0,5
25202,35,81000,MORTGAGE,15,0,1,0,1,0,0,0,0,0,B,5400,,0,0.07,0,5
25215,29,81000,MORTGAGE,1,0,1,0,1,0,0,0,0,0,A,7750,9.32,0,0.1,0,10
25219,33,75000,MORTGAGE,2,0,1,0,1,0,0,0,0,0,B,7500,10.08,1,0.1,0,9
25230,33,81804,MORTGAGE,4,0,1,0,1,0,0,0,0,0,A,9000,8,0,0.11,0,8
25268,34,76000,MORTGAGE,13,0,1,0,1,0,0,0,0,0,E,20000,17.74,1,0.26,0,5
25298,28,83000,MORTGAGE,6,0,1,0,1,0,0,0,0,0,B,5000,,0,0.06,0,9
25302,33,83000,MORTGAGE,14,0,1,0,1,0,0,0,0,0,A,18000,8.49,0,0.22,0,6
25307,28,83000,MORTGAGE,9,0,1,0,1,0,0,0,0,0,B,12000,10.74,0,0.14,0,6
25308,30,83000,MORTGAGE,4,0,1,0,1,0,0,0,0,0,B,20000,11.11,0,0.24,0,6
25339,30,84000,MORTGAGE,1,0,1,0,1,0,0,0,0,0,B,6000,,0,0.07,0,6
25361,27,84000,MORTGAGE,3,0,1,0,1,0,0,0,0,0,A,7000,7.29,0,0.08,0,5
25402,27,84906,MORTGAGE,11,0,1,0,1,0,0,0,0,0,A,4500,7.51,0,0.05,0,10
25414,29,84996,MORTGAGE,13,0,1,0,1,0,0,0,0,0,A,6000,7.68,0,0.07,0,8
25417,33,73000,MORTGAGE,6,0,1,0,1,0,0,0,0,0,D,5000,16.29,1,0.07,0,9
25433,27,73000,MORTGAGE,3,0,1,0,1,0,0,0,0,0,B,18000,12.69,1,0.25,0,6
25452,35,85000,MORTGAGE,9,0,1,0,1,0,0,0,0,0,A,21000,7.49,0,0.25,0,9
25478,28,85000,MORTGAGE,3,0,1,0,1,0,0,0,0,0,B,20000,9.62,0,0.24,0,5
25510,28,85000,MORTGAGE,3,0,1,0,1,0,0,0,0,0,A,7000,8.59,0,0.08,0,5
25518,31,85000,MORTGAGE,14,0,1,0,1,0,0,0,0,0,A,10400,9.32,0,0.12,0,10
25551,29,86000,MORTGAGE,9,0,1,0,1,0,0,0,0,0,A,8400,,0,0.1,0,10
25557,30,86000,MORTGAGE,7,0,1,0,1,0,0,0,0,0,B,10000,,0,0.12,0,10
25562,32,86004,MORTGAGE,16,0,1,0,1,0,0,0,0,0,A,8000,5.79,0,0.09,0,5
25566,28,86304,MORTGAGE,12,0,1,0,1,0,0,0,0,0,A,6000,5.79,0,0.07,0,10
25569,28,86400,MORTGAGE,,0,1,0,1,0,0,0,0,0,A,5000,7.9,0,0.06,0,8
25623,33,87895,MORTGAGE,4,0,1,0,1,0,0,0,0,0,A,2800,7.14,0,0.03,0,9
25645,31,88000,MORTGAGE,10,0,1,0,1,0,0,0,0,0,B,7000,9.2,0,0.08,0,10
25647,29,88055,MORTGAGE,6,0,1,0,1,0,0,0,0,0,B,21600,12.42,0,0.25,0,8
25656,27,89000,MORTGAGE,2,0,1,0,1,0,0,0,0,0,B,10000,10.65,0,0.11,0,7
25662,32,77000,MORTGAGE,14,0,1,0,1,0,0,0,0,0,B,23000,11.49,1,0.3,0,6
25663,34,89000,MORTGAGE,17,0,1,0,1,0,0,0,0,0,B,10000,10.99,0,0.11,0,7
25674,32,77400,MORTGAGE,0,0,1,0,1,0,0,0,0,0,F,10000,18.43,1,0.13,0,6
25691,31,90000,MORTGAGE,11,0,1,0,1,0,0,0,0,0,B,6000,11.71,0,0.07,0,8
25693,29,90000,MORTGAGE,8,0,1,0,1,0,0,0,0,0,A,14000,7.9,0,0.16,0,9
25695,31,90000,MORTGAGE,9,0,1,0,1,0,0,0,0,0,A,15000,7.9,0,0.17,0,9
25710,29,90000,MORTGAGE,13,0,1,0,1,0,0,0,0,0,A,6000,6.03,0,0.07,0,5
25720,29,90000,MORTGAGE,13,0,1,0,1,0,0,0,0,0,B,21000,11.99,0,0.23,0,10
25734,30,90000,MORTGAGE,14,0,1,0,1,0,0,0,0,0,A,4500,5.99,0,0.05,0,6
25738,34,90000,MORTGAGE,4,0,1,0,1,0,0,0,0,0,A,9900,5.99,0,0.11,0,5
25744,27,90000,MORTGAGE,8,0,1,0,1,0,0,0,0,0,A,12000,7.29,0,0.13,0,5
25761,33,90000,MORTGAGE,4,0,1,0,1,0,0,0,0,0,C,12000,12.98,0,0.13,0,6
25775,34,90000,MORTGAGE,19,0,1,0,1,0,0,0,0,0,C,5000,13.61,0,0.06,0,7
25779,27,90000,MORTGAGE,5,0,1,0,1,0,0,0,0,0,A,10000,7.14,0,0.11,0,5
25830,28,90000,MORTGAGE,9,0,1,0,1,0,0,0,0,0,A,4000,8,0,0.04,0,6
25847,28,90522,MORTGAGE,4,0,1,0,1,0,0,0,0,0,A,12000,6.91,0,0.13,0,9
25852,30,91000,MORTGAGE,9,0,1,0,1,0,0,0,0,0,B,18500,12.42,0,0.2,0,7
25864,27,91000,MORTGAGE,5,0,1,0,1,0,0,0,0,0,A,14700,7.88,0,0.16,0,6
25883,29,91560,MORTGAGE,8,0,1,0,1,0,0,0,0,0,A,22000,6.91,0,0.24,0,8
25941,32,93000,MORTGAGE,0,0,1,0,1,0,0,0,0,0,A,10000,5.42,0,0.11,0,10
25943,32,93000,MORTGAGE,9,0,1,0,1,0,0,0,0,0,C,15000,12.99,0,0.16,0,10
25946,33,93000,MORTGAGE,0,0,1,0,1,0,0,0,0,0,A,13000,7.51,0,0.14,0,6
25998,28,95000,MORTGAGE,5,0,1,0,1,0,0,0,0,0,A,23450,7.9,0,0.25,0,5
26033,29,95000,MORTGAGE,4,0,1,0,1,0,0,0,0,0,C,2400,13.72,0,0.03,0,9
26039,29,95000,MORTGAGE,4,0,1,0,1,0,0,0,0,0,A,20000,6.54,0,0.21,0,9
26045,30,95000,MORTGAGE,0,0,1,0,1,0,0,0,0,0,A,4000,7.14,0,0.04,0,10
26050,28,95000,MORTGAGE,0,0,1,0,1,0,0,0,0,0,A,18000,7.88,0,0.19,0,10
26055,27,95000,MORTGAGE,11,0,1,0,1,0,0,0,0,0,C,18000,13.48,0,0.19,0,9
26058,30,95000,MORTGAGE,0,0,1,0,1,0,0,0,0,0,A,10000,7.51,0,0.11,0,9
26066,31,95000,MORTGAGE,1,0,1,0,1,0,0,0,0,0,B,25000,10.08,0,0.26,0,6
26089,31,96000,MORTGAGE,4,0,1,0,1,0,0,0,0,0,A,9600,5.99,0,0.1,0,10
26099,30,96000,MORTGAGE,7,0,1,0,1,0,0,0,0,0,A,8000,6.99,0,0.08,0,10
26104,29,96000,MORTGAGE,1,0,1,0,1,0,0,0,0,0,A,11200,5.42,0,0.12,0,9
26112,33,96000,MORTGAGE,4,0,1,0,1,0,0,0,0,0,B,3000,11.49,0,0.03,0,7
26124,29,96000,MORTGAGE,4,0,1,0,1,0,0,0,0,0,C,15000,,0,0.16,0,6
26129,29,84000,MORTGAGE,6,0,1,0,1,0,0,0,0,0,D,8000,14.96,1,0.1,0,5
26150,31,96713,MORTGAGE,3,0,1,0,1,0,0,0,0,0,A,7000,8,0,0.07,0,6
26151,27,96996,MORTGAGE,11,0,1,0,1,0,0,0,0,0,B,1500,10.95,0,0.02,0,10
26156,28,97000,MORTGAGE,6,0,1,0,1,0,0,0,0,0,A,6000,7.49,0,0.06,0,10
26158,31,97000,MORTGAGE,6,0,1,0,1,0,0,0,0,0,A,12000,7.66,0,0.12,0,6
26165,35,97000,MORTGAGE,5,0,1,0,1,0,0,0,0,0,B,16000,8.88,0,0.16,0,10
26180,33,97200,MORTGAGE,4,0,1,0,1,0,0,0,0,0,B,4000,,0,0.04,0,10
26192,29,98000,MORTGAGE,11,0,1,0,1,0,0,0,0,0,C,1825,14.27,0,0.02,0,6
26201,33,86000,MORTGAGE,6,0,1,0,1,0,0,0,0,0,C,3600,13.98,1,0.04,0,5
26214,32,98056,MORTGAGE,10,0,1,0,1,0,0,0,0,0,B,6000,8.88,0,0.06,0,10
26222,32,98406,MORTGAGE,1,0,1,0,1,0,0,0,0,0,A,5400,9.38,0,0.05,0,6
26224,34,98480,MORTGAGE,18,0,1,0,1,0,0,0,0,0,C,2500,15.96,0,0.03,0,10
26243,28,99518,MORTGAGE,10,0,1,0,1,0,0,0,0,0,A,6500,5.99,0,0.07,0,6
26269,27,100000,MORTGAGE,11,0,1,0,1,0,0,0,0,0,A,7600,6.03,0,0.08,0,9
26275,28,100000,MORTGAGE,6,0,1,0,1,0,0,0,0,0,B,10000,,0,0.1,0,5
26277,28,100000,MORTGAGE,4,0,1,0,1,0,0,0,0,0,A,7000,8.9,0,0.07,0,10
26301,28,100000,MORTGAGE,12,0,1,0,1,0,0,0,0,0,B,12000,10.99,0,0.12,0,8
26311,33,100000,MORTGAGE,8,0,1,0,1,0,0,0,0,0,A,6400,7.29,0,0.06,0,9
26317,27,100000,MORTGAGE,1,0,1,0,1,0,0,0,0,0,C,16000,13.43,0,0.16,0,5
26334,29,100000,MORTGAGE,3,0,1,0,1,0,0,0,0,0,A,4800,5.79,0,0.05,0,9
26342,29,100000,MORTGAGE,1,0,1,0,1,0,0,0,0,0,A,12000,6.91,0,0.12,0,10
26357,31,100000,MORTGAGE,5,0,1,0,1,0,0,0,0,0,A,11000,7.51,0,0.11,0,5
26358,29,88000,MORTGAGE,6,0,1,0,1,0,0,0,0,0,E,16000,16.45,1,0.18,0,8
26361,33,100000,MORTGAGE,0,0,1,0,1,0,0,0,0,0,B,24000,10.25,0,0.24,0,6
26406,33,88296,MORTGAGE,0,0,1,0,1,0,0,0,0,0,E,15000,15.88,1,0.17,0,8
26415,27,88970,MORTGAGE,5,0,1,0,1,0,0,0,0,0,B,20000,11.99,1,0.22,0,6
26417,32,101000,MORTGAGE,12,0,1,0,1,0,0,0,0,0,B,8000,11.49,0,0.08,0,5
26431,31,101004,MORTGAGE,3,0,1,0,1,0,0,0,0,0,C,17000,,0,0.17,0,8
26438,30,90000,MORTGAGE,7,0,1,0,1,0,0,0,0,0,A,4800,8.9,1,0.05,0,5
26453,27,102000,MORTGAGE,2,0,1,0,1,0,0,0,0,0,B,7200,11.26,0,0.07,0,8
26463,27,102500,MORTGAGE,0,0,1,0,1,0,0,0,0,0,B,9000,11.49,0,0.09,0,6
26469,31,103000,MORTGAGE,8,0,1,0,1,0,0,0,0,0,B,14000,9.91,0,0.14,0,7
26485,34,103363,MORTGAGE,4,0,1,0,1,0,0,0,0,0,B,15000,,0,0.15,0,8
26492,29,104000,MORTGAGE,7,0,1,0,1,0,0,0,0,0,A,35000,7.49,0,0.34,0,8
26508,30,105000,MORTGAGE,8,0,1,0,1,0,0,0,0,0,A,26000,7.51,0,0.25,0,10
26531,28,105000,MORTGAGE,1,0,1,0,1,0,0,0,0,0,A,24000,,0,0.23,0,6
26543,29,105000,MORTGAGE,13,0,1,0,1,0,0,0,0,0,B,17000,10.25,0,0.16,0,10
26560,27,105600,MORTGAGE,0,0,1,0,1,0,0,0,0,0,A,10000,7.29,0,0.09,0,6
26562,29,93924,MORTGAGE,7,0,1,0,1,0,0,0,0,0,D,8400,,1,0.09,0,10
26564,29,105996,MORTGAGE,0,0,1,0,1,0,0,0,0,0,B,19400,,0,0.18,0,6
26566,35,106000,MORTGAGE,8,0,1,0,1,0,0,0,0,0,C,15000,15.96,0,0.14,0,8
26574,31,106000,MORTGAGE,5,0,1,0,1,0,0,0,0,0,A,15000,7.88,0,0.14,0,7
26586,29,106369,MORTGAGE,14,0,1,0,1,0,0,0,0,0,A,18000,6.17,0,0.17,0,9
26588,35,106800,MORTGAGE,,0,1,0,1,0,0,0,0,0,A,8000,6.92,0,0.07,0,9
26616,28,108000,MORTGAGE,4,0,1,0,1,0,0,0,0,0,B,10000,10.74,0,0.09,0,6
26621,29,108000,MORTGAGE,13,0,1,0,1,0,0,0,0,0,A,3500,6.76,0,0.03,0,5
26632,35,108717,MORTGAGE,9,0,1,0,1,0,0,0,0,0,A,16000,6.99,0,0.15,0,5
26646,34,109800,MORTGAGE,12,0,1,0,1,0,0,0,0,0,B,10000,10.99,0,0.09,0,8
26651,35,110000,MORTGAGE,7,0,1,0,1,0,0,0,0,0,B,9000,11.71,0,0.08,0,9
26671,30,98000,MORTGAGE,3,0,1,0,1,0,0,0,0,0,D,5200,16.49,1,0.05,0,6
26672,31,110000,MORTGAGE,4,0,1,0,1,0,0,0,0,0,B,6000,11.99,0,0.05,0,7
26674,27,110000,MORTGAGE,5,0,1,0,1,0,0,0,0,0,A,15000,,0,0.14,0,10
26691,30,110000,MORTGAGE,14,0,1,0,1,0,0,0,0,0,B,25000,10.36,0,0.23,0,8
26696,27,110000,MORTGAGE,3,0,1,0,1,0,0,0,0,0,B,25000,,0,0.23,0,6
26707,28,110000,MORTGAGE,12,0,1,0,1,0,0,0,0,0,A,4800,7.51,0,0.04,0,9
26737,32,98000,MORTGAGE,16,0,1,0,1,0,0,0,0,0,B,15000,10.95,1,0.15,0,5
26741,31,110000,MORTGAGE,2,0,1,0,1,0,0,0,0,0,B,6000,9.51,0,0.05,0,9
26760,34,111996,MORTGAGE,11,0,1,0,1,0,0,0,0,0,A,3000,7.74,0,0.03,0,10
26776,32,112445,MORTGAGE,4,0,1,0,1,0,0,0,0,0,A,6000,5.42,0,0.05,0,10
26781,27,112548,MORTGAGE,11,0,1,0,1,0,0,0,0,0,A,24000,,0,0.21,0,7
26784,29,112992,MORTGAGE,13,0,1,0,1,0,0,0,0,0,A,8000,7.49,0,0.07,0,8
26787,27,113000,MORTGAGE,5,0,1,0,1,0,0,0,0,0,A,6425,6.03,0,0.06,0,7
26805,28,114000,MORTGAGE,4,0,1,0,1,0,0,0,0,0,A,12000,,0,0.11,0,5
26807,30,114000,MORTGAGE,13,0,1,0,1,0,0,0,0,0,A,9975,5.42,0,0.09,0,10
26814,33,114000,MORTGAGE,2,0,1,0,1,0,0,0,0,0,C,21000,13.16,0,0.18,0,9
26820,31,114996,MORTGAGE,8,0,1,0,1,0,0,0,0,0,A,15000,6.92,0,0.13,0,8
26835,29,115000,MORTGAGE,13,0,1,0,1,0,0,0,0,0,A,5000,6.03,0,0.04,0,9
26839,33,115000,MORTGAGE,1,0,1,0,1,0,0,0,0,0,A,16800,5.42,0,0.15,0,6
26843,27,115000,MORTGAGE,1,0,1,0,1,0,0,0,0,0,A,5000,8.49,0,0.04,0,6
26853,28,115000,MORTGAGE,12,0,1,0,1,0,0,0,0,0,B,18000,10.37,0,0.16,0,7
26862,29,115000,MORTGAGE,3,0,1,0,1,0,0,0,0,0,C,4000,13.48,0,0.03,0,10
26875,27,115752,MORTGAGE,6,0,1,0,1,0,0,0,0,0,B,10000,11.36,0,0.09,0,7
26876,27,116000,MORTGAGE,11,0,1,0,1,0,0,0,0,0,A,18000,7.49,0,0.16,0,10
26888,32,104400,MORTGAGE,17,0,1,0,1,0,0,0,0,0,A,24000,8.9,1,0.23,0,5
26904,27,117996,MORTGAGE,4,0,1,0,1,0,0,0,0,0,A,16000,7.9,0,0.14,0,10
26911,27,118500,MORTGAGE,4,0,1,0,1,0,0,0,0,0,A,15000,6.91,0,0.13,0,9
26924,29,119604,MORTGAGE,0,0,1,0,1,0,0,0,0,0,A,5000,9.32,0,0.04,0,5
26927,32,120000,MORTGAGE,3,0,1,0,1,0,0,0,0,0,A,8000,8.9,0,0.07,0,6
26959,27,120000,MORTGAGE,,0,1,0,1,0,0,0,0,0,A,20000,7.51,0,0.17,0,6
26960,29,120000,MORTGAGE,7,0,1,0,1,0,0,0,0,0,B,20000,12.42,0,0.17,0,6
26966,30,120000,MORTGAGE,12,0,1,0,1,0,0,0,0,0,B,7200,9.99,0,0.06,0,9
26969,32,108000,MORTGAGE,13,0,1,0,1,0,0,0,0,0,D,8400,15.99,1,0.08,0,7
26977,30,108000,MORTGAGE,0,0,1,0,1,0,0,0,0,0,B,4925,,1,0.05,0,9
26981,31,108000,MORTGAGE,11,0,1,0,1,0,0,0,0,0,C,35000,13.49,1,0.32,0,10
26988,27,120000,MORTGAGE,10,0,1,0,1,0,0,0,0,0,A,7000,5.99,0,0.06,0,5
26995,29,120000,MORTGAGE,8,0,1,0,1,0,0,0,0,0,A,5000,5.42,0,0.04,0,9
27002,30,120000,MORTGAGE,9,0,1,0,1,0,0,0,0,0,B,18400,9.63,0,0.15,0,9
27017,34,108000,MORTGAGE,4,0,1,0,1,0,0,0,0,0,G,25000,20.03,1,0.23,0,8
27031,30,120000,MORTGAGE,5,0,1,0,1,0,0,0,0,0,B,5000,10.38,0,0.04,0,9
27096,29,121722,MORTGAGE,8,0,1,0,1,0,0,0,0,0,A,7200,,0,0.06,0,7
27102,27,122000,MORTGAGE,1,0,1,0,1,0,0,0,0,0,A,8000,7.88,0,0.07,0,6
27111,28,111000,MORTGAGE,12,0,1,0,1,0,0,0,0,0,F,25000,19.79,1,0.23,0,5
27119,33,124000,MORTGAGE,6,0,1,0,1,0,0,0,0,0,A,14000,6.03,0,0.11,0,10
27124,27,124000,MORTGAGE,2,0,1,0,1,0,0,0,0,0,B,24250,,0,0.2,0,7
27132,31,124992,MORTGAGE,15,0,1,0,1,0,0,0,0,0,A,24000,8.49,0,0.19,0,5
27223,35,126400,MORTGAGE,0,0,1,0,1,0,0,0,0,0,B,13000,10.38,0,0.1,0,8
27224,29,114500,MORTGAGE,13,0,1,0,1,0,0,0,0,0,E,30000,19.29,1,0.26,0,6
27228,30,115000,MORTGAGE,3,0,1,0,1,0,0,0,0,0,D,20000,14.59,1,0.17,0,7
27229,28,127000,MORTGAGE,9,0,1,0,1,0,0,0,0,0,C,8400,12.87,0,0.07,0,7
27232,27,128000,MORTGAGE,2,0,1,0,1,0,0,0,0,0,B,18000,11.83,0,0.14,0,6
27236,34,128148,MORTGAGE,2,0,1,0,1,0,0,0,0,0,A,15000,5.99,0,0.12,0,6
27238,27,116899,MORTGAGE,12,0,1,0,1,0,0,0,0,0,B,12000,10.75,1,0.1,0,7
27249,35,130000,MORTGAGE,15,0,1,0,1,0,0,0,0,0,B,5000,10.65,0,0.04,0,7
27252,27,130000,MORTGAGE,11,0,1,0,1,0,0,0,0,0,A,10200,7.51,0,0.08,0,6
27257,34,130000,MORTGAGE,5,0,1,0,1,0,0,0,0,0,B,20000,10.65,0,0.15,0,10
27264,29,130000,MORTGAGE,9,0,1,0,1,0,0,0,0,0,A,4200,6.99,0,0.03,0,8
27265,30,130000,MORTGAGE,6,0,1,0,1,0,0,0,0,0,A,10000,8.49,0,0.08,0,10
27281,32,118000,MORTGAGE,3,0,1,0,1,0,0,0,0,0,D,8875,14.84,1,0.08,0,5
27317,27,119000,MORTGAGE,7,0,1,0,1,0,0,0,0,0,D,30000,18.25,1,0.25,0,7
27318,32,131000,MORTGAGE,2,0,1,0,1,0,0,0,0,0,B,11200,10.25,0,0.09,0,5
27323,29,120000,MORTGAGE,5,0,1,0,1,0,0,0,0,0,A,14000,6.17,1,0.12,0,9
27326,28,132000,MORTGAGE,5,0,1,0,1,0,0,0,0,0,B,25000,9.99,0,0.19,0,10
27336,30,134000,MORTGAGE,14,0,1,0,1,0,0,0,0,0,A,5600,,0,0.04,0,5
27337,29,134000,MORTGAGE,9,0,1,0,1,0,0,0,0,0,A,6000,5.99,0,0.04,0,8
27344,33,135000,MORTGAGE,13,0,1,0,1,0,0,0,0,0,A,12000,7.9,0,0.09,0,7
27345,30,135000,MORTGAGE,8,0,1,0,1,0,0,0,0,0,A,32000,7.9,0,0.24,0,9
27353,32,135000,MORTGAGE,1,0,1,0,1,0,0,0,0,0,B,16000,,0,0.12,0,10
27393,27,137720,MORTGAGE,6,0,1,0,1,0,0,0,0,0,A,13000,7.14,0,0.09,0,9
27398,34,138000,MORTGAGE,14,0,1,0,1,0,0,0,0,0,B,25000,11.12,0,0.18,0,6
27404,28,138600,MORTGAGE,10,0,1,0,1,0,0,0,0,0,C,12000,12.99,0,0.09,0,7
27406,35,139000,MORTGAGE,12,0,1,0,1,0,0,0,0,0,B,35000,12.69,0,0.25,0,6
27423,31,128000,MORTGAGE,15,0,1,0,1,0,0,0,0,0,D,35000,15.99,1,0.27,0,6
27435,27,140000,MORTGAGE,12,0,1,0,1,0,0,0,0,0,B,10000,,0,0.07,0,6
27451,34,128000,MORTGAGE,2,0,1,0,1,0,0,0,0,0,D,3000,,1,0.02,0,10
27455,31,140000,MORTGAGE,15,0,1,0,1,0,0,0,0,0,A,12000,7.88,0,0.09,0,9
27469,34,140004,MORTGAGE,4,0,1,0,1,0,0,0,0,0,A,12000,,0,0.09,0,8
27477,32,130000,MORTGAGE,3,0,1,0,1,0,0,0,0,0,B,5000,,1,0.04,0,9
27491,27,144000,MORTGAGE,11,0,1,0,1,0,0,0,0,0,A,11000,8.9,0,0.08,0,6
27503,29,144000,MORTGAGE,4,0,1,0,1,0,0,0,0,0,C,5000,13.06,0,0.03,0,7
27514,30,145000,MORTGAGE,4,0,1,0,1,0,0,0,0,0,B,6000,10.59,0,0.04,0,8
27521,32,145000,MORTGAGE,1,0,1,0,1,0,0,0,0,0,B,20000,11.36,0,0.14,0,8
27532,28,147500,MORTGAGE,12,0,1,0,1,0,0,0,0,0,B,10000,11.12,0,0.07,0,7
27545,34,150000,MORTGAGE,18,0,1,0,1,0,0,0,0,0,A,6000,6.03,0,0.04,0,10
27571,33,150000,MORTGAGE,0,0,1,0,1,0,0,0,0,0,B,4000,10.37,0,0.03,0,7
27574,29,150000,MORTGAGE,,0,1,0,1,0,0,0,0,0,A,14000,5.79,0,0.09,0,9
27577,27,150000,MORTGAGE,7,0,1,0,1,0,0,0,0,0,B,20000,,0,0.13,0,9
27584,32,150000,MORTGAGE,4,0,1,0,1,0,0,0,0,0,B,7800,11.86,0,0.05,0,9
27632,32,154000,MORTGAGE,11,0,1,0,1,0,0,0,0,0,B,20000,11.83,0,0.13,0,6
27637,28,143000,MORTGAGE,3,0,1,0,1,0,0,0,0,0,E,25000,17.93,1,0.17,0,6
27653,28,145656,MORTGAGE,2,0,1,0,1,0,0,0,0,0,B,10000,10.37,1,0.07,0,7
27665,28,160000,MORTGAGE,4,0,1,0,1,0,0,0,0,0,B,34000,9.91,0,0.21,0,7
27667,34,160000,MORTGAGE,14,0,1,0,1,0,0,0,0,0,C,25000,13.49,0,0.16,0,5
27668,27,160000,MORTGAGE,,0,1,0,1,0,0,0,0,0,B,6000,10.99,0,0.04,0,6
27673,32,160000,MORTGAGE,9,0,1,0,1,0,0,0,0,0,A,12000,7.88,0,0.07,0,8
27681,34,160000,MORTGAGE,9,0,1,0,1,0,0,0,0,0,B,7500,,0,0.05,0,10
27690,35,165000,MORTGAGE,3,0,1,0,1,0,0,0,0,0,B,8000,11.49,0,0.05,0,8
27693,28,165000,MORTGAGE,5,0,1,0,1,0,0,0,0,0,B,12400,11.26,0,0.08,0,8
27701,29,170000,MORTGAGE,13,0,1,0,1,0,0,0,0,0,B,18000,12.42,0,0.11,0,6
27725,33,175000,MORTGAGE,4,0,1,0,1,0,0,0,0,0,B,25000,10.75,0,0.14,0,9
27732,32,164000,MORTGAGE,15,0,1,0,1,0,0,0,0,0,D,2400,14.42,1,0.01,0,10
27739,30,180000,MORTGAGE,0,0,1,0,1,0,0,0,0,0,A,6000,6.62,0,0.03,0,5
27748,27,170496,MORTGAGE,3,0,1,0,1,0,0,0,0,0,B,15000,11.83,1,0.09,0,10
27757,29,193086,MORTGAGE,3,0,1,0,1,0,0,0,0,0,B,11125,10.59,0,0.06,0,6
27761,30,198171,MORTGAGE,4,0,1,0,1,0,0,0,0,0,A,5000,5.79,0,0.03,0,6
27767,30,200000,MORTGAGE,14,0,1,0,1,0,0,0,0,0,C,21600,13.11,0,0.11,0,8
27782,27,192000,MORTGAGE,11,0,1,0,1,0,0,0,0,0,D,15000,17.58,1,0.08,0,8
27785,33,210000,MORTGAGE,17,0,1,0,1,0,0,0,0,0,B,20000,9.91,0,0.1,0,7
27793,34,220000,MORTGAGE,6,0,1,0,1,0,0,0,0,0,B,7350,11.99,0,0.03,0,6
27795,34,220000,MORTGAGE,13,0,1,0,1,0,0,0,0,0,C,11275,12.99,0,0.05,0,8
27796,29,220000,MORTGAGE,13,0,1,0,1,0,0,0,0,0,B,8500,10.37,0,0.04,0,5
27804,28,225000,MORTGAGE,12,0,1,0,1,0,0,0,0,0,B,6000,11.12,0,0.03,0,7
27810,28,230000,MORTGAGE,12,0,1,0,1,0,0,0,0,0,B,10000,10.95,0,0.04,0,6
27819,29,240000,MORTGAGE,13,0,1,0,1,0,0,0,0,0,A,12000,6.03,0,0.05,0,9
27833,30,250000,MORTGAGE,1,0,1,0,1,0,0,0,0,0,B,5000,9.01,0,0.02,0,8
27837,30,253000,MORTGAGE,3,0,1,0,1,0,0,0,0,0,D,24000,14.96,1,0.09,0,7
27854,27,300000,MORTGAGE,11,0,1,0,1,0,0,0,0,0,A,35000,,0,0.12,0,8
27855,28,300000,MORTGAGE,11,0,1,0,1,0,0,0,0,0,A,10800,6.92,0,0.04,0,5
27860,30,310000,MORTGAGE,13,0,1,0,1,0,0,0,0,0,B,14000,,0,0.05,0,10
27861,27,320000,MORTGAGE,11,0,1,0,1,0,0,0,0,0,A,28000,7.9,0,0.09,0,9
27866,29,350000,MORTGAGE,13,0,1,0,1,0,0,0,0,0,A,12000,7.51,0,0.03,0,7
27873,29,420000,MORTGAGE,5,0,1,0,1,0,0,0,0,0,C,8000,12.73,0,0.02,0,5
27884,32,750000,MORTGAGE,2,0,1,0,1,0,0,0,0,0,B,30000,9.91,0,0.04,0,8
27904,28,60000,MORTGAGE,4,0,1,0,1,0,0,0,0,0,B,4800,,0,0.08,0,5
27910,28,40000,MORTGAGE,9,0,1,0,1,0,0,0,0,0,B,19200,9.91,0,0.48,0,6
27958,30,55000,MORTGAGE,3,0,1,0,1,0,0,0,0,0,B,12000,10.38,0,0.22,0,10
27965,32,61000,MORTGAGE,3,0,1,0,1,0,0,0,0,0,A,2000,7.9,0,0.03,0,8
27974,30,95000,MORTGAGE,6,0,1,0,1,0,0,0,0,0,A,12000,8.94,0,0.13,0,6
27980,27,156000,MORTGAGE,11,0,1,0,1,0,0,0,0,0,A,5000,6.54,0,0.03,0,5
27992,28,64900,MORTGAGE,12,0,1,0,1,0,0,0,0,0,D,25000,15.37,1,0.39,0,6
27994,31,120000,MORTGAGE,6,0,1,0,1,0,0,0,0,0,A,28000,8.9,0,0.23,0,6
28006,33,101000,MORTGAGE,8,0,1,0,1,0,0,0,0,0,A,5000,7.49,0,0.05,0,5
28030,31,65000,MORTGAGE,3,0,1,0,1,0,0,0,0,0,C,10000,13.61,0,0.15,0,6
28031,33,71000,MORTGAGE,4,0,1,0,1,0,0,0,0,0,B,5300,11.49,0,0.07,0,9
28033,27,225000,MORTGAGE,1,0,1,0,1,0,0,0,0,0,B,14000,,0,0.06,0,6
28053,35,65000,MORTGAGE,,0,1,0,1,0,0,0,0,0,A,6500,5.42,0,0.1,0,7
28083,35,94000,MORTGAGE,9,0,1,0,1,0,0,0,0,0,B,15000,9.88,0,0.16,0,9
28102,29,55000,MORTGAGE,5,0,1,0,1,0,0,0,0,0,A,12000,7.49,0,0.22,0,8
28110,28,82500,MORTGAGE,12,0,1,0,1,0,0,0,0,0,A,11000,7.49,0,0.13,0,7
28112,30,130500,MORTGAGE,1,0,1,0,1,0,0,0,0,0,D,25000,15.33,1,0.19,0,6
28137,35,85000,MORTGAGE,0,0,1,0,1,0,0,0,0,0,B,20000,12.21,0,0.24,0,9
28152,28,44500,MORTGAGE,5,0,1,0,1,0,0,0,0,0,B,20000,9.45,0,0.45,0,8
28177,31,65200,MORTGAGE,7,0,1,0,1,0,0,0,0,0,A,7000,8,0,0.11,0,7
28185,29,66000,MORTGAGE,10,0,1,0,1,0,0,0,0,0,B,7000,9.91,0,0.11,0,6
28188,30,66000,MORTGAGE,14,0,1,0,1,0,0,0,0,0,C,11200,13.49,1,0.17,0,6
28205,30,36000,MORTGAGE,7,0,1,0,1,0,0,0,0,0,B,15000,11.83,0,0.42,0,10
28206,27,84906,MORTGAGE,11,0,1,0,1,0,0,0,0,0,A,4500,7.51,0,0.05,0,10
28214,30,114132,MORTGAGE,1,0,1,0,1,0,0,0,0,0,D,14400,14.54,1,0.13,0,10
28225,29,120000,MORTGAGE,2,0,1,0,1,0,0,0,0,0,A,35000,8.9,0,0.29,0,6
28231,31,73000,MORTGAGE,3,0,1,0,1,0,0,0,0,0,B,15000,,0,0.21,0,9
28288,28,46097,MORTGAGE,12,0,1,0,1,0,0,0,0,0,B,6000,10.75,0,0.13,0,8
28289,28,44500,MORTGAGE,2,0,1,0,1,0,0,0,0,0,A,10000,8.59,0,0.22,0,10
28298,30,83000,MORTGAGE,4,0,1,0,1,0,0,0,0,0,B,20000,11.11,0,0.24,0,9
28323,34,70000,MORTGAGE,13,0,1,0,1,0,0,0,0,0,A,20000,6.54,0,0.29,0,6
28328,28,59004,MORTGAGE,1,0,1,0,1,0,0,0,0,0,A,8000,7.37,1,0.14,0,10
28336,27,60000,MORTGAGE,2,0,1,0,1,0,0,0,0,0,B,15000,11.86,0,0.25,0,8
28343,34,41600,MORTGAGE,16,0,1,0,1,0,0,0,0,0,A,17500,6.17,0,0.42,0,8
28369,27,90000,MORTGAGE,4,0,1,0,1,0,0,0,0,0,A,15000,,0,0.17,0,6
28374,34,26400,MORTGAGE,0,0,1,0,1,0,0,0,0,0,B,3600,9.88,0,0.14,0,5
28376,32,48000,MORTGAGE,8,0,1,0,1,0,0,0,0,0,A,5200,5.42,0,0.11,0,5
28381,27,53004,MORTGAGE,10,0,1,0,1,0,0,0,0,0,B,5600,11.86,0,0.11,0,6
28414,31,106000,MORTGAGE,15,0,1,0,1,0,0,0,0,0,B,2400,9.63,0,0.02,0,5
28429,33,96000,MORTGAGE,0,0,1,0,1,0,0,0,0,0,C,8000,13.72,0,0.08,0,5
28438,30,130000,MORTGAGE,14,0,1,0,1,0,0,0,0,0,B,4000,,0,0.03,0,8
28447,27,54000,MORTGAGE,0,0,1,0,1,0,0,0,0,0,D,12000,16.49,1,0.22,0,10
28464,27,120000,MORTGAGE,4,0,1,0,1,0,0,0,0,0,A,8400,7.14,0,0.07,0,6
28465,30,30000,MORTGAGE,3,0,1,0,1,0,0,0,0,0,A,5100,7.9,0,0.17,0,5
28470,33,160000,MORTGAGE,3,0,1,0,1,0,0,0,0,0,B,22000,10.75,0,0.14,0,9
28472,30,50000,MORTGAGE,11,0,1,0,1,0,0,0,0,0,B,10000,,0,0.2,0,8
28475,32,120000,MORTGAGE,0,0,1,0,1,0,0,0,0,0,A,6600,7.49,0,0.06,0,5
28493,27,31200,MORTGAGE,1,0,1,0,1,0,0,0,0,0,A,7500,7.74,0,0.24,0,5
28502,31,73000,MORTGAGE,4,0,1,0,1,0,0,0,0,0,F,16000,19.41,1,0.22,0,7
28522,31,68000,MORTGAGE,2,0,1,0,1,0,0,0,0,0,B,18000,10,0,0.26,0,7
28523,35,65000,MORTGAGE,19,0,1,0,1,0,0,0,0,0,B,20000,10.25,0,0.31,0,5
28538,29,81000,MORTGAGE,5,0,1,0,1,0,0,0,0,0,E,12000,,1,0.15,0,6
28553,31,35352,MORTGAGE,15,0,1,0,1,0,0,0,0,0,A,9000,6.03,0,0.25,0,5
28575,31,82000,MORTGAGE,15,0,1,0,1,0,0,0,0,0,A,9000,5.42,0,0.11,0,10
28592,27,38000,MORTGAGE,11,0,1,0,1,0,0,0,0,0,B,5000,9.76,0,0.13,0,6
28595,30,66000,MORTGAGE,15,0,1,0,1,0,0,0,0,0,B,15000,11.14,0,0.23,0,5
28597,27,45600,MORTGAGE,3,0,1,0,1,0,0,0,0,0,A,1450,8.49,0,0.03,0,9
28598,28,107364,MORTGAGE,12,0,1,0,1,0,0,0,0,0,A,8000,6.76,0,0.07,0,9
28660,31,95000,MORTGAGE,5,0,1,0,1,0,0,0,0,0,B,15000,11.14,0,0.16,0,9
28688,32,35000,MORTGAGE,11,0,1,0,1,0,0,0,0,0,C,4000,13.61,0,0.11,0,6
28714,31,20500,MORTGAGE,4,0,1,0,1,0,0,0,0,0,A,1000,6.76,0,0.05,0,5
28721,30,54000,MORTGAGE,3,0,1,0,1,0,0,0,0,0,C,5000,12.61,1,0.09,0,9
28733,33,125000,MORTGAGE,2,0,1,0,1,0,0,0,0,0,A,20000,7.88,0,0.16,0,7
28745,31,78000,MORTGAGE,0,0,1,0,1,0,0,0,0,0,A,5000,,1,0.06,0,7
28753,28,52000,MORTGAGE,10,0,1,0,1,0,0,0,0,0,A,13600,7.88,0,0.26,0,5
28761,29,40000,MORTGAGE,8,0,1,0,1,0,0,0,0,0,A,8000,8.59,0,0.2,0,9
28766,29,32400,MORTGAGE,2,0,1,0,1,0,0,0,0,0,B,10625,,0,0.33,0,8
28824,31,50000,MORTGAGE,7,0,1,0,1,0,0,0,0,0,A,4800,6.03,0,0.1,0,7
28828,31,190000,MORTGAGE,15,0,1,0,1,0,0,0,0,0,C,24000,,0,0.13,0,6
28850,27,82500,MORTGAGE,3,0,1,0,1,0,0,0,0,0,A,11100,8.94,0,0.13,0,7
28893,33,140000,MORTGAGE,14,0,1,0,1,0,0,0,0,0,A,9600,6.91,0,0.07,0,5
28896,34,50000,MORTGAGE,11,0,1,0,1,0,0,0,0,0,A,4000,8.9,0,0.08,0,7
28907,29,83000,MORTGAGE,13,0,1,0,1,0,0,0,0,0,A,7500,8.9,0,0.09,0,6
28909,34,45000,MORTGAGE,1,0,1,0,1,0,0,0,0,0,B,12000,11.86,0,0.27,0,5
28921,32,99996,MORTGAGE,16,0,1,0,1,0,0,0,0,0,A,7000,7.14,0,0.07,0,10
28945,28,30000,MORTGAGE,8,0,1,0,1,0,0,0,0,0,A,3000,7.29,0,0.1,0,7
28969,27,113000,MORTGAGE,7,0,1,0,1,0,0,0,0,0,D,20000,,1,0.18,0,8
28992,27,50000,MORTGAGE,0,0,1,0,1,0,0,0,0,0,A,4000,,0,0.08,0,6
29006,29,79200,MORTGAGE,,0,1,0,1,0,0,0,0,0,A,8000,5.42,0,0.1,0,5
29008,33,102996,MORTGAGE,4,0,1,0,1,0,0,0,0,0,A,6000,,0,0.06,0,8
29009,29,90000,MORTGAGE,13,0,1,0,1,0,0,0,0,0,B,10000,12.21,0,0.11,0,7
29026,29,480000,MORTGAGE,6,0,1,0,1,0,0,0,0,0,A,6500,5.42,0,0.01,0,9
29035,27,45600,MORTGAGE,6,0,1,0,1,0,0,0,0,0,A,3000,6.99,0,0.07,0,5
29038,27,63844,MORTGAGE,11,0,1,0,1,0,0,0,0,0,A,20000,6.54,0,0.31,0,5
29044,27,84000,MORTGAGE,3,0,1,0,1,0,0,0,0,0,A,7000,7.29,0,0.08,0,10
29067,27,125000,MORTGAGE,2,0,1,0,1,0,0,0,0,0,A,8000,6.76,0,0.06,0,6
29068,34,38769,MORTGAGE,3,0,1,0,1,0,0,0,0,0,A,2400,8.9,0,0.06,0,6
29076,31,75000,MORTGAGE,4,0,1,0,1,0,0,0,0,0,B,13800,,0,0.18,0,9
29087,29,120000,MORTGAGE,3,0,1,0,1,0,0,0,0,0,C,6250,12.53,0,0.05,0,9
29101,30,25000,MORTGAGE,,0,1,0,1,0,0,0,0,0,B,7000,10.99,0,0.28,0,10
29122,50,900000,MORTGAGE,11,0,1,0,1,0,0,0,0,0,B,30000,12.69,0,0.03,0,15
29127,39,708000,MORTGAGE,14,0,1,0,1,0,0,0,0,0,B,25000,12.18,0,0.04,0,12
29134,41,480000,MORTGAGE,3,0,1,0,1,0,0,0,0,0,A,16000,7.9,0,0.03,0,17
29155,43,267000,MORTGAGE,14,0,1,0,1,0,0,0,0,0,B,21000,12.69,0,0.08,0,13
29162,41,250000,MORTGAGE,14,0,1,0,1,0,0,0,0,0,C,4200,13.11,0,0.02,0,14
29176,45,210000,MORTGAGE,14,0,1,0,1,0,0,0,0,0,A,12000,9.63,0,0.06,0,12
29184,37,200000,MORTGAGE,2,0,1,0,1,0,0,0,0,0,A,6000,5.42,0,0.03,0,14
29197,37,192000,MORTGAGE,14,0,1,0,1,0,0,0,0,0,A,25600,5.99,0,0.13,0,17
29249,36,148000,MORTGAGE,6,0,1,0,1,0,0,0,0,0,D,10000,14.11,1,0.07,0,13
29356,38,24000,MORTGAGE,6,0,1,0,1,0,0,0,0,0,A,1500,6.03,0,0.06,0,16
29384,36,24000,MORTGAGE,2,0,1,0,1,0,0,0,0,0,A,1500,9.63,0,0.06,0,16
29428,41,26400,MORTGAGE,4,0,1,0,1,0,0,0,0,0,B,6000,12.21,1,0.23,0,16
29429,44,26500,MORTGAGE,5,0,1,0,1,0,0,0,0,0,A,6200,6.03,0,0.23,0,16
29489,37,29000,MORTGAGE,8,0,1,0,1,0,0,0,0,0,B,7750,,0,0.27,0,16
29578,36,32000,MORTGAGE,6,0,1,0,1,0,0,0,0,0,B,12000,10.37,0,0.38,0,11
29595,36,32642,MORTGAGE,18,0,1,0,1,0,0,0,0,0,B,8500,11.49,0,0.26,0,12
29650,36,35000,MORTGAGE,5,0,1,0,1,0,0,0,0,0,A,12000,8.9,0,0.34,0,17
29668,38,35000,MORTGAGE,7,0,1,0,1,0,0,0,0,0,A,13075,7.29,0,0.37,0,16
29670,41,35000,MORTGAGE,18,0,1,0,1,0,0,0,0,0,C,1500,13.06,0,0.04,0,12
29706,37,36000,MORTGAGE,5,0,1,0,1,0,0,0,0,0,A,12000,6.03,0,0.33,0,13
29712,38,36000,MORTGAGE,3,0,1,0,1,0,0,0,0,0,C,6000,13.99,0,0.17,0,16
29713,44,30000,MORTGAGE,7,0,1,0,1,0,0,0,0,0,D,4500,15.62,1,0.15,0,15
29763,45,37500,MORTGAGE,1,0,1,0,1,0,0,0,0,0,B,5000,11.49,0,0.13,0,16
29797,37,38400,MORTGAGE,1,0,1,0,1,0,0,0,0,0,A,2400,6.99,0,0.06,0,17
29898,42,40800,MORTGAGE,5,0,1,0,1,0,0,0,0,0,A,10400,7.51,0,0.25,0,14
29906,36,41000,MORTGAGE,6,0,1,0,1,0,0,0,0,0,B,6250,10.62,0,0.15,0,17
29988,38,43000,MORTGAGE,3,0,1,0,1,0,0,0,0,0,A,8250,7.51,0,0.19,0,12
30002,36,43200,MORTGAGE,13,0,1,0,1,0,0,0,0,0,B,11000,,0,0.25,0,12
30009,36,43776,MORTGAGE,,0,1,0,1,0,0,0,0,0,A,6000,7.88,0,0.14,0,15
30060,38,45000,MORTGAGE,6,0,1,0,1,0,0,0,0,0,A,6375,7.51,0,0.14,0,16
30062,39,45000,MORTGAGE,3,0,1,0,1,0,0,0,0,0,C,12000,14.72,0,0.27,0,15
30099,42,45760,MORTGAGE,4,0,1,0,1,0,0,0,0,0,A,9600,7.51,0,0.21,0,17
30118,37,40680,MORTGAGE,6,0,1,0,1,0,0,0,0,0,D,8000,15.21,1,0.2,0,13
30122,41,47000,MORTGAGE,19,0,1,0,1,0,0,0,0,0,A,7200,7.51,0,0.15,0,16
30128,38,47000,MORTGAGE,5,0,1,0,1,0,0,0,0,0,A,11000,8.9,0,0.23,0,16
30144,39,47471,MORTGAGE,5,0,1,0,1,0,0,0,0,0,A,5000,7.51,0,0.11,0,14
30145,36,47500,MORTGAGE,8,0,1,0,1,0,0,0,0,0,A,2700,5.79,0,0.06,0,14
30161,44,48000,MORTGAGE,9,0,1,0,1,0,0,0,0,0,B,5000,9.99,0,0.1,0,15
30163,39,48000,MORTGAGE,,0,1,0,1,0,0,0,0,0,A,3000,5.42,0,0.06,0,11
30173,37,42000,MORTGAGE,,0,1,0,1,0,0,0,0,0,A,3000,6.17,1,0.07,0,13
30185,44,48000,MORTGAGE,12,0,1,0,1,0,0,0,0,0,B,17500,12.18,0,0.36,0,15
30201,38,49000,MORTGAGE,10,0,1,0,1,0,0,0,0,0,B,7250,11.99,0,0.15,0,11
30229,36,50000,MORTGAGE,8,0,1,0,1,0,0,0,0,0,A,10000,6.03,0,0.2,0,13
30238,44,50000,MORTGAGE,8,0,1,0,1,0,0,0,0,0,B,6000,11.99,0,0.12,0,17
30249,43,50000,MORTGAGE,2,0,1,0,1,0,0,0,0,0,B,5000,9.63,0,0.1,0,16
30268,41,50000,MORTGAGE,24,0,1,0,1,0,0,0,0,0,A,5000,6.76,0,0.1,0,12
30281,38,50000,MORTGAGE,5,0,1,0,1,0,0,0,0,0,A,3000,,0,0.06,0,17
30289,49,50000,MORTGAGE,4,0,1,0,1,0,0,0,0,0,A,10000,9.07,0,0.2,0,15
30293,36,44000,MORTGAGE,9,0,1,0,1,0,0,0,0,0,D,9400,13.3,1,0.21,0,15
30314,42,51000,MORTGAGE,5,0,1,0,1,0,0,0,0,0,A,20000,8.49,0,0.39,0,14
30322,37,51000,MORTGAGE,3,0,1,0,1,0,0,0,0,0,C,12800,12.84,0,0.25,0,12
30343,38,52000,MORTGAGE,13,0,1,0,1,0,0,0,0,0,B,5000,10.99,0,0.1,0,15
30346,37,52000,MORTGAGE,3,0,1,0,1,0,0,0,0,0,B,6000,8.88,0,0.12,0,16
30350,36,52000,MORTGAGE,8,0,1,0,1,0,0,0,0,0,B,2275,11.86,0,0.04,0,12
30351,40,52000,MORTGAGE,7,0,1,0,1,0,0,0,0,0,B,15250,11.86,0,0.29,0,12
30354,38,52000,MORTGAGE,3,0,1,0,1,0,0,0,0,0,A,15250,7.88,0,0.29,0,15
30363,41,52000,MORTGAGE,25,0,1,0,1,0,0,0,0,0,A,1500,8.32,0,0.03,0,14
30390,37,53532,MORTGAGE,12,0,1,0,1,0,0,0,0,0,A,4000,5.42,0,0.07,0,11
30405,41,54000,MORTGAGE,2,0,1,0,1,0,0,0,0,0,A,6000,6.17,0,0.11,0,14
30413,47,54000,MORTGAGE,1,0,1,0,1,0,0,0,0,0,B,4000,11.58,0,0.07,0,11
30485,39,49993,MORTGAGE,10,0,1,0,1,0,0,0,0,0,D,12600,16.89,1,0.25,0,15
30486,48,56000,MORTGAGE,7,0,1,0,1,0,0,0,0,0,A,15000,6.99,0,0.27,0,14
30512,39,57000,MORTGAGE,0,0,1,0,1,0,0,0,0,0,A,3000,9.63,0,0.05,0,14
30517,41,57253,MORTGAGE,,0,1,0,1,0,0,0,0,0,A,8500,5.79,0,0.15,0,11
30518,46,57359,MORTGAGE,3,0,1,0,1,0,0,0,0,0,A,9000,6.92,0,0.16,0,14
30523,37,57552,MORTGAGE,0,0,1,0,1,0,0,0,0,0,A,15000,9.63,0,0.26,0,12
30525,38,57600,MORTGAGE,2,0,1,0,1,0,0,0,0,0,B,9000,10.99,0,0.16,0,12
30536,41,58000,MORTGAGE,12,0,1,0,1,0,0,0,0,0,A,1800,7.51,0,0.03,0,12
30551,41,58000,MORTGAGE,6,0,1,0,1,0,0,0,0,0,C,5200,12.87,0,0.09,0,11
30554,37,52200,MORTGAGE,2,0,1,0,1,0,0,0,0,0,E,16000,15.25,1,0.31,0,11
30576,36,60000,MORTGAGE,7,0,1,0,1,0,0,0,0,0,B,17050,12.69,0,0.28,0,14
30582,39,60000,MORTGAGE,6,0,1,0,1,0,0,0,0,0,A,12800,6.62,0,0.21,0,14
30593,50,60000,MORTGAGE,8,0,1,0,1,0,0,0,0,0,A,2000,7.49,0,0.03,0,15
30595,38,60000,MORTGAGE,7,0,1,0,1,0,0,0,0,0,B,8000,10.99,0,0.13,0,13
30608,38,60000,MORTGAGE,,0,1,0,1,0,0,0,0,0,A,12000,7.66,0,0.2,0,15
30614,48,60000,MORTGAGE,0,0,1,0,1,0,0,0,0,0,A,2500,7.29,0,0.04,0,11
30638,37,60000,MORTGAGE,4,0,1,0,1,0,0,0,0,0,C,12000,12.73,0,0.2,0,15
30674,36,60996,MORTGAGE,8,0,1,0,1,0,0,0,0,0,B,15000,9.63,0,0.25,0,14
30677,41,61000,MORTGAGE,7,0,1,0,1,0,0,0,0,0,B,15000,,0,0.25,0,11
30686,36,61000,MORTGAGE,2,0,1,0,1,0,0,0,0,0,B,10000,10.25,0,0.16,0,12
30688,45,61000,MORTGAGE,2,0,1,0,1,0,0,0,0,0,C,11600,13.48,0,0.19,0,11
30689,37,61000,MORTGAGE,6,0,1,0,1,0,0,0,0,0,C,10000,13.57,0,0.16,0,15
30705,40,62000,MORTGAGE,17,0,1,0,1,0,0,0,0,0,A,2600,7.66,0,0.04,0,14
30711,36,62000,MORTGAGE,15,0,1,0,1,0,0,0,0,0,A,7500,8.59,0,0.12,0,14
30719,36,62400,MORTGAGE,0,0,1,0,1,0,0,0,0,0,A,2400,7.49,0,0.04,0,14
30729,48,56500,MORTGAGE,9,0,1,0,1,0,0,0,0,0,B,15000,11.14,1,0.27,0,11
30751,42,64000,MORTGAGE,0,0,1,0,1,0,0,0,0,0,A,2300,6.99,0,0.04,0,12
30765,50,58800,MORTGAGE,12,0,1,0,1,0,0,0,0,0,E,22000,17.74,1,0.37,0,15
30779,37,59000,MORTGAGE,11,0,1,0,1,0,0,0,0,0,E,15000,17.99,1,0.25,0,12
30811,42,65000,MORTGAGE,0,0,1,0,1,0,0,0,0,0,A,6000,9.32,0,0.09,0,16
30854,39,61020,MORTGAGE,4,0,1,0,1,0,0,0,0,0,D,9975,13.99,1,0.16,0,11
30862,38,67870,MORTGAGE,6,0,1,0,1,0,0,0,0,0,B,5000,,0,0.07,0,15
30913,36,70000,MORTGAGE,6,0,1,0,1,0,0,0,0,0,A,6000,5.42,0,0.09,0,16
30921,36,70000,MORTGAGE,16,0,1,0,1,0,0,0,0,0,A,16000,6.91,0,0.23,0,14
30928,39,70000,MORTGAGE,13,0,1,0,1,0,0,0,0,0,A,8400,7.88,0,0.12,0,15
30944,41,70000,MORTGAGE,12,0,1,0,1,0,0,0,0,0,B,20800,12.21,0,0.3,0,11
30956,37,71000,MORTGAGE,11,0,1,0,1,0,0,0,0,0,B,11200,12.42,0,0.16,0,11
30959,41,71000,MORTGAGE,1,0,1,0,1,0,0,0,0,0,B,12000,,0,0.17,0,15
30974,43,72000,MORTGAGE,9,0,1,0,1,0,0,0,0,0,A,5050,6.99,0,0.07,0,16
30981,38,72000,MORTGAGE,8,0,1,0,1,0,0,0,0,0,A,6000,5.99,0,0.08,0,11
30984,39,72000,MORTGAGE,9,0,1,0,1,0,0,0,0,0,B,15000,11.86,0,0.21,0,15
30989,42,72000,MORTGAGE,25,0,1,0,1,0,0,0,0,0,A,10000,7.14,0,0.14,0,13
30992,40,72000,MORTGAGE,18,0,1,0,1,0,0,0,0,0,A,14500,7.88,0,0.2,0,12
31007,37,73000,MORTGAGE,4,0,1,0,1,0,0,0,0,0,A,5000,5.99,0,0.07,0,15
31026,42,74000,MORTGAGE,7,0,1,0,1,0,0,0,0,0,A,5300,8.38,0,0.07,0,12
31077,39,75000,MORTGAGE,6,0,1,0,1,0,0,0,0,0,A,16000,7.88,0,0.21,0,14
31079,36,75000,MORTGAGE,2,0,1,0,1,0,0,0,0,0,B,14400,10.25,0,0.19,0,15
31092,37,75600,MORTGAGE,3,0,1,0,1,0,0,0,0,0,A,28000,7.49,0,0.37,0,15
31095,38,75996,MORTGAGE,12,0,1,0,1,0,0,0,0,0,A,3500,7.29,0,0.05,0,13
31096,37,75996,MORTGAGE,2,0,1,0,1,0,0,0,0,0,A,4400,,0,0.06,0,17
31110,49,70872,MORTGAGE,4,0,1,0,1,0,0,0,0,0,D,15000,14.84,1,0.21,0,11
31130,49,77736,MORTGAGE,,0,1,0,1,0,0,0,0,0,A,8000,6.03,0,0.1,0,17
31144,37,78000,MORTGAGE,5,0,1,0,1,0,0,0,0,0,B,12000,9.83,0,0.15,0,11
31151,39,78840,MORTGAGE,18,0,1,0,1,0,0,0,0,0,B,15000,11.71,0,0.19,0,13
31169,37,80000,MORTGAGE,8,0,1,0,1,0,0,0,0,0,A,13000,6.62,0,0.16,0,13
31178,43,80000,MORTGAGE,20,0,1,0,1,0,0,0,0,0,A,10000,6.99,0,0.13,0,15
31183,49,74000,MORTGAGE,20,0,1,0,1,0,0,0,0,0,E,12000,17.99,1,0.16,0,15
31185,36,80000,MORTGAGE,20,0,1,0,1,0,0,0,0,0,A,5000,7.29,0,0.06,0,16
31190,37,80000,MORTGAGE,5,0,1,0,1,0,0,0,0,0,B,10000,9.99,0,0.13,0,13
31203,44,80000,MORTGAGE,3,0,1,0,1,0,0,0,0,0,C,15000,13.11,0,0.19,0,16
31209,48,80000,MORTGAGE,0,0,1,0,1,0,0,0,0,0,A,7700,9.63,0,0.1,0,11
31262,43,84000,MORTGAGE,0,0,1,0,1,0,0,0,0,0,A,12000,5.42,0,0.14,0,16
31281,36,73000,MORTGAGE,3,0,1,0,1,0,0,0,0,0,D,8000,17.49,1,0.11,0,17
31290,47,85000,MORTGAGE,5,0,1,0,1,0,0,0,0,0,A,5500,6.76,0,0.06,0,12
31320,49,75000,MORTGAGE,21,0,1,0,1,0,0,0,0,0,D,15600,17.27,1,0.21,0,11
31354,40,90000,MORTGAGE,2,0,1,0,1,0,0,0,0,0,B,2800,10.65,0,0.03,0,14
31360,38,90000,MORTGAGE,1,0,1,0,1,0,0,0,0,0,A,7000,6.99,0,0.08,0,16
31371,37,90000,MORTGAGE,11,0,1,0,1,0,0,0,0,0,B,22000,8.88,0,0.24,0,12
31373,42,78000,MORTGAGE,,0,1,0,1,0,0,0,0,0,A,7000,5.42,1,0.09,0,15
31374,46,90000,MORTGAGE,5,0,1,0,1,0,0,0,0,0,A,20000,6.91,0,0.22,0,16
31388,37,78000,MORTGAGE,9,0,1,0,1,0,0,0,0,0,E,20000,16.35,1,0.26,0,14
31419,44,94128,MORTGAGE,14,0,1,0,1,0,0,0,0,0,A,4400,7.29,0,0.05,0,13
31427,49,95000,MORTGAGE,12,0,1,0,1,0,0,0,0,0,A,7500,6.03,0,0.08,0,13
31450,38,96000,MORTGAGE,15,0,1,0,1,0,0,0,0,0,A,6000,6.03,0,0.06,0,16
31451,46,96000,MORTGAGE,4,0,1,0,1,0,0,0,0,0,B,10000,12.69,0,0.1,0,11
31484,41,98004,MORTGAGE,25,0,1,0,1,0,0,0,0,0,C,12000,13.57,0,0.12,0,15
31510,36,88000,MORTGAGE,1,0,1,0,1,0,0,0,0,0,C,7750,13.23,1,0.09,0,14
31514,36,100000,MORTGAGE,17,0,1,0,1,0,0,0,0,0,A,6000,7.14,0,0.06,0,17
31519,48,100000,MORTGAGE,3,0,1,0,1,0,0,0,0,0,B,15000,9.88,0,0.15,0,11
31520,39,100000,MORTGAGE,9,0,1,0,1,0,0,0,0,0,A,3000,7.14,0,0.03,0,11
31536,46,101500,MORTGAGE,8,0,1,0,1,0,0,0,0,0,B,15000,11.14,0,0.15,0,14
31544,49,103000,MORTGAGE,14,0,1,0,1,0,0,0,0,0,A,12600,9.32,0,0.12,0,11
31556,49,105000,MORTGAGE,1,0,1,0,1,0,0,0,0,0,A,11000,9.32,0,0.1,0,13
31557,39,105000,MORTGAGE,1,0,1,0,1,0,0,0,0,0,A,9000,9.32,0,0.09,0,12
31614,38,114000,MORTGAGE,22,0,1,0,1,0,0,0,0,0,B,19000,9.99,0,0.17,0,12
31617,40,114054,MORTGAGE,3,0,1,0,1,0,0,0,0,0,A,35000,8.9,0,0.31,0,14
31620,39,114996,MORTGAGE,15,0,1,0,1,0,0,0,0,0,A,12500,6.54,0,0.11,0,11
31630,46,116000,MORTGAGE,6,0,1,0,1,0,0,0,0,0,A,10000,6.03,0,0.09,0,15
31644,38,118000,MORTGAGE,12,0,1,0,1,0,0,0,0,0,B,11400,10.59,0,0.1,0,12
31655,40,108000,MORTGAGE,7,0,1,0,1,0,0,0,0,0,D,6000,17.27,1,0.06,0,16
31659,36,120000,MORTGAGE,12,0,1,0,1,0,0,0,0,0,A,14500,5.42,0,0.12,0,15
31676,38,120000,MORTGAGE,2,0,1,0,1,0,0,0,0,0,B,24250,,0,0.2,0,12
31697,42,123735,MORTGAGE,8,0,1,0,1,0,0,0,0,0,A,6400,6.99,0,0.05,0,16
31707,39,125000,MORTGAGE,13,0,1,0,1,0,0,0,0,0,A,4500,6.62,0,0.04,0,11
31736,38,130000,MORTGAGE,8,0,1,0,1,0,0,0,0,0,B,11000,10.74,0,0.08,0,11
31739,40,130000,MORTGAGE,0,0,1,0,1,0,0,0,0,0,A,24250,6.17,0,0.19,0,16
31781,36,140004,MORTGAGE,4,0,1,0,1,0,0,0,0,0,A,10000,6.92,0,0.07,0,11
31792,36,144000,MORTGAGE,1,0,1,0,1,0,0,0,0,0,A,21000,7.9,0,0.15,0,16
31796,37,145000,MORTGAGE,0,0,1,0,1,0,0,0,0,0,B,21000,11.99,0,0.14,0,15
31799,40,145000,MORTGAGE,5,0,1,0,1,0,0,0,0,0,A,15000,7.88,0,0.1,0,15
31812,38,150000,MORTGAGE,3,0,1,0,1,0,0,0,0,0,B,7500,10,0,0.05,0,13
31816,36,150000,MORTGAGE,20,0,1,0,1,0,0,0,0,0,A,10000,,0,0.07,0,16
31826,39,150500,MORTGAGE,24,0,1,0,1,0,0,0,0,0,A,21000,,0,0.14,0,12
31828,38,151000,MORTGAGE,8,0,1,0,1,0,0,0,0,0,A,35000,8.9,0,0.23,0,12
31829,41,141000,MORTGAGE,12,0,1,0,1,0,0,0,0,0,D,25000,14.96,1,0.18,0,13
31832,36,155000,MORTGAGE,9,0,1,0,1,0,0,0,0,0,A,30000,7.9,0,0.19,0,17
31839,39,156000,MORTGAGE,2,0,1,0,1,0,0,0,0,0,B,15000,11.89,0,0.1,0,11
31855,40,165000,MORTGAGE,18,0,1,0,1,0,0,0,0,0,A,9000,7.51,0,0.05,0,16
31877,40,187000,MORTGAGE,0,0,1,0,1,0,0,0,0,0,A,10000,7.9,0,0.05,0,17
31896,36,238000,MORTGAGE,2,0,1,0,1,0,0,0,0,0,E,25000,15.95,1,0.11,0,17
31919,37,800000,MORTGAGE,10,0,1,0,1,0,0,0,0,0,B,15000,11.36,0,0.02,0,17
31925,44,1440000,MORTGAGE,7,0,1,0,1,0,0,0,0,0,A,6400,7.4,0,0,0,15
31951,38,55000,MORTGAGE,16,0,1,0,1,0,0,0,0,0,A,11700,7.66,0,0.21,0,13
31956,38,130000,MORTGAGE,1,0,1,0,1,0,0,0,0,0,B,30000,9.91,0,0.23,0,11
31971,46,90000,MORTGAGE,5,0,1,0,1,0,0,0,0,0,A,20000,6.91,0,0.22,0,15
32023,38,74237,MORTGAGE,4,0,1,0,1,0,0,0,0,0,C,18000,14.35,0,0.24,0,17
32029,39,27040,MORTGAGE,0,0,1,0,1,0,0,0,0,0,A,4800,8.59,0,0.18,0,13
32035,37,97000,MORTGAGE,7,0,1,0,1,0,0,0,0,0,A,10000,,0,0.1,0,15
32041,42,114000,MORTGAGE,4,0,1,0,1,0,0,0,0,0,B,19200,11.36,0,0.17,0,17
32042,38,81000,MORTGAGE,3,0,1,0,1,0,0,0,0,0,C,10000,14.27,0,0.12,0,11
32049,47,18000,MORTGAGE,,0,1,0,1,0,0,0,0,0,A,3000,5.42,1,0.17,0,13
32081,47,52000,MORTGAGE,4,0,1,0,1,0,0,0,0,0,A,12000,7.29,0,0.23,0,13
32082,43,55000,MORTGAGE,14,0,1,0,1,0,0,0,0,0,A,10000,6.03,0,0.18,0,11
32088,38,66000,MORTGAGE,8,0,1,0,1,0,0,0,0,0,D,5000,12.92,1,0.08,0,16
32100,42,31000,MORTGAGE,5,0,1,0,1,0,0,0,0,0,B,7200,11.99,0,0.23,0,16
32153,36,145000,MORTGAGE,4,0,1,0,1,0,0,0,0,0,B,5000,9.62,0,0.03,0,12
32178,40,59484,MORTGAGE,13,0,1,0,1,0,0,0,0,0,A,5500,7.14,0,0.09,0,14
32196,39,73000,MORTGAGE,3,0,1,0,1,0,0,0,0,0,A,10000,7.51,0,0.14,0,13
32221,37,80000,MORTGAGE,8,0,1,0,1,0,0,0,0,0,A,13000,6.62,0,0.16,0,16
32237,36,65000,MORTGAGE,1,0,1,0,1,0,0,0,0,0,B,7000,11.49,0,0.11,0,15
32239,40,86500,MORTGAGE,2,0,1,0,1,0,0,0,0,0,B,10000,10.25,0,0.12,0,14
32267,41,24000,MORTGAGE,5,0,1,0,1,0,0,0,0,0,A,1500,,0,0.06,0,14
32291,37,90000,MORTGAGE,11,0,1,0,1,0,0,0,0,0,A,4000,6.62,0,0.04,0,15
32293,38,200000,MORTGAGE,0,0,1,0,1,0,0,0,0,0,A,3000,7.68,0,0.01,0,12
32295,36,92000,MORTGAGE,18,0,1,0,1,0,0,0,0,0,A,4000,7.29,0,0.04,0,13
32311,57,15000,MORTGAGE,1,0,1,0,1,0,0,0,0,0,C,3000,12.68,1,0.2,0,23
32488,55,78000,MORTGAGE,2,0,1,0,1,0,0,0,0,0,D,8000,,1,0.1,0,29
32536,65,133000,MORTGAGE,2,0,1,0,1,0,0,0,0,0,E,18000,,1,0.14,0,25
32540,61,148000,MORTGAGE,30,0,1,0,1,0,0,0,0,0,B,24000,10.38,1,0.16,0,20
79,22,12000,OWN,6,1,0,0,1,0,0,0,0,0,A,4750,7.14,1,0.4,0,2
85,26,12000,OWN,0,1,0,0,1,0,0,0,0,0,A,2700,,1,0.23,0,4
136,23,13200,OWN,3,1,0,0,1,0,0,0,0,0,A,4950,7.9,1,0.38,0,4
165,23,14000,OWN,2,1,0,0,1,0,0,0,0,0,D,4000,,1,0.29,0,3
285,23,15000,OWN,4,1,0,0,1,0,0,0,0,0,C,4000,13.98,1,0.27,0,4
485,22,18000,OWN,1,1,0,0,1,0,0,0,0,0,B,3000,9.96,1,0.17,0,3
514,25,19000,OWN,3,1,0,0,1,0,0,0,0,0,A,4000,7.4,1,0.21,0,3
817,21,22000,OWN,2,1,0,0,1,0,0,0,0,0,D,4000,15.05,0,0.18,0,4
818,22,22000,OWN,1,1,0,0,1,0,0,0,0,0,D,8500,15.05,0,0.39,0,4
1253,26,25104,OWN,0,1,0,0,1,0,0,0,0,0,D,5400,16.49,0,0.22,0,2
1339,26,26000,OWN,0,1,0,0,1,0,0,0,0,0,E,8500,16.45,1,0.33,0,3
1707,22,28800,OWN,2,1,0,0,1,0,0,0,0,0,D,10000,16.49,0,0.35,0,4
3072,24,35004,OWN,8,1,0,0,1,0,0,0,0,0,D,8000,14.96,0,0.23,0,4
5794,23,46776,OWN,7,1,0,0,1,0,0,0,0,0,D,15000,13.24,0,0.32,0,4
6473,24,50000,OWN,5,1,0,0,1,0,0,0,0,0,D,15000,16.29,0,0.3,0,4
7695,23,54000,OWN,4,1,0,0,1,0,0,0,0,0,D,2800,14.42,0,0.05,0,3
8817,25,60000,OWN,1,1,0,0,1,0,0,0,0,0,D,10000,16.49,0,0.17,0,3
9598,24,56972,OWN,6,1,0,0,1,0,0,0,0,0,E,15000,16.4,1,0.26,0,4
12221,24,74000,OWN,8,1,0,0,1,0,0,0,0,0,G,35000,20.11,1,0.47,0,3
14850,21,26400,OWN,3,1,0,0,1,0,0,0,0,0,D,3000,14.54,0,0.11,0,4
16239,22,22000,OWN,1,1,0,0,1,0,0,0,0,0,D,8500,15.05,0,0.39,0,4
16902,25,62400,OWN,,1,0,0,1,0,0,0,0,0,D,15000,17.58,0,0.24,0,3
17748,22,33600,OWN,1,1,0,0,1,0,0,0,0,0,D,5000,18.25,0,0.15,0,2
17880,28,11340,OWN,,1,0,0,1,0,0,0,0,0,A,2325,6.39,1,0.21,0,7
18051,35,14400,OWN,2,1,0,0,1,0,0,0,0,0,B,5550,10.37,1,0.39,0,8
20853,29,43680,OWN,0,1,0,0,1,0,0,0,0,0,D,10000,14.46,0,0.23,0,8
21334,28,47000,OWN,5,1,0,0,1,0,0,0,0,0,D,13000,14.54,0,0.28,0,9
22030,27,51996,OWN,8,1,0,0,1,0,0,0,0,0,D,9600,14.09,0,0.18,0,9
23012,31,60000,OWN,3,1,0,0,1,0,0,0,0,0,D,5000,16.49,0,0.08,0,9
26097,31,33000,OWN,6,1,0,0,1,0,0,0,0,0,D,5000,14.96,0,0.15,0,6
27460,34,128000,OWN,0,1,0,0,1,0,0,0,0,0,E,25000,17.39,1,0.2,0,5
29151,38,12000,OWN,,1,0,0,1,0,0,0,0,0,A,4800,7.29,1,0.4,0,12
29202,36,14400,OWN,7,1,0,0,1,0,0,0,0,0,A,7000,5.42,1,0.49,0,16
30701,40,62000,OWN,5,1,0,0,1,0,0,0,0,0,D,4800,,0,0.08,0,16
31927,40,8628,OWN,,1,0,0,1,0,0,0,0,0,A,2500,,1,0.29,0,17
19,23,113000,RENT,8,0,0,1,1,0,0,0,0,0,D,35000,18.25,1,0.31,0,4
34,25,306000,RENT,2,0,0,1,1,0,0,0,0,0,C,24250,13.85,0,0.08,0,3
40,23,71500,RENT,3,0,0,1,1,0,0,0,0,0,D,30000,,1,0.42,0,4
50,26,89028,RENT,0,0,0,1,1,0,0,0,0,0,A,30000,6.62,1,0.34,0,3
83,25,100000,RENT,5,0,0,1,1,0,0,0,0,0,B,28000,12.69,0,0.28,0,3
87,23,151200,RENT,7,0,0,1,1,0,0,0,0,0,B,28000,11.11,0,0.19,0,2
126,23,225000,RENT,8,0,0,1,1,0,0,0,0,0,A,7500,8.63,0,0.03,0,2
129,23,50000,RENT,1,0,0,1,1,0,0,0,0,0,A,25000,7.9,1,0.5,0,3
131,24,44000,RENT,2,0,0,1,1,0,0,0,0,0,D,25000,15.33,1,0.57,0,2
144,26,46000,RENT,2,0,0,1,1,0,0,0,0,0,D,25000,11.86,1,0.54,0,4
158,26,56000,RENT,4,0,0,1,1,0,0,0,0,0,C,25000,12.87,1,0.45,0,2
209,25,75000,RENT,9,0,0,1,1,0,0,0,0,0,B,25000,10.36,1,0.33,0,2
232,26,80000,RENT,5,0,0,1,1,0,0,0,0,0,C,25000,13.61,1,0.31,0,4
241,23,74004,RENT,7,0,0,1,1,0,0,0,0,0,E,25000,16.35,1,0.34,0,4
243,25,81000,RENT,5,0,0,1,1,0,0,0,0,0,A,25000,7.29,1,0.31,0,3
260,23,76000,RENT,7,0,0,1,1,0,0,0,0,0,D,25000,16.02,1,0.33,0,4
272,23,90000,RENT,0,0,0,1,1,0,0,0,0,0,B,25000,11.36,0,0.28,0,3
301,26,174000,RENT,8,0,0,1,1,0,0,0,0,0,B,12000,12.53,0,0.07,0,4
311,24,171500,RENT,6,0,0,1,1,0,0,0,0,0,A,18000,8.9,0,0.1,0,4
338,24,133300,RENT,6,0,0,1,1,0,0,0,0,0,B,25000,10.37,0,0.19,0,2
344,26,135660,RENT,10,0,0,1,1,0,0,0,0,0,B,25000,12.53,0,0.18,0,4
355,23,148000,RENT,1,0,0,1,1,0,0,0,0,0,E,25000,14.93,1,0.17,0,3
369,23,60000,RENT,4,0,0,1,1,0,0,0,0,0,B,24750,9.33,1,0.41,0,3
417,26,62004,RENT,9,0,0,1,1,0,0,0,0,0,A,24000,7.9,1,0.39,0,3
419,26,65000,RENT,10,0,0,1,1,0,0,0,0,0,A,24000,,1,0.37,0,2
427,23,74000,RENT,7,0,0,1,1,0,0,0,0,0,B,24000,10.99,1,0.32,0,2
432,26,69000,RENT,0,0,0,1,1,0,0,0,0,0,F,24000,15.83,1,0.35,0,3
441,22,83000,RENT,6,0,0,1,1,0,0,0,0,0,E,24000,19.69,1,0.29,0,3
449,26,103872,RENT,6,0,0,1,1,0,0,0,0,0,G,24000,20.03,1,0.23,0,4
455,24,130000,RENT,7,0,0,1,1,0,0,0,0,0,B,24000,11.49,0,0.18,0,3
463,26,155000,RENT,7,0,0,1,1,0,0,0,0,0,B,24000,10.99,0,0.15,0,4
471,25,102000,RENT,9,0,0,1,1,0,0,0,0,0,C,23600,13.49,0,0.23,0,4
489,23,70000,RENT,7,0,0,1,1,0,0,0,0,0,C,22500,14.27,1,0.32,0,2
494,23,35000,RENT,2,0,0,1,1,0,0,0,0,0,B,22250,12.69,1,0.64,0,3
500,23,60000,RENT,6,0,0,1,1,0,0,0,0,0,B,22000,10.25,1,0.37,0,4
506,23,74064,RENT,3,0,0,1,1,0,0,0,0,0,B,22000,10.59,0,0.3,0,3
515,23,84000,RENT,3,0,0,1,1,0,0,0,0,0,B,22000,11.71,0,0.26,0,4
519,23,99996,RENT,3,0,0,1,1,0,0,0,0,0,A,22000,7.88,0,0.22,0,4
527,22,78000,RENT,6,0,0,1,1,0,0,0,0,0,B,21600,11.26,1,0.28,0,3
536,22,31000,RENT,5,0,0,1,1,0,0,0,0,0,B,21250,12.42,1,0.69,0,3
554,26,65219,RENT,11,0,0,1,1,0,0,0,0,0,D,21000,14.09,1,0.32,0,3
579,24,33000,RENT,1,0,0,1,1,0,0,0,0,0,B,20000,10.99,1,0.61,0,3
584,23,32000,RENT,3,0,0,1,1,0,0,0,0,0,D,20000,12.61,1,0.63,0,4
597,22,37212,RENT,6,0,0,1,1,0,0,0,0,0,E,20000,16.69,1,0.54,0,3
612,25,50000,RENT,10,0,0,1,1,0,0,0,0,0,A,20000,7.49,1,0.4,0,3
614,22,50000,RENT,6,0,0,1,1,0,0,0,0,0,C,20000,13.22,1,0.4,0,2
638,25,55000,RENT,3,0,0,1,1,0,0,0,0,0,A,20000,6.91,1,0.36,0,3
642,23,55000,RENT,5,0,0,1,1,0,0,0,0,0,B,20000,12.53,1,0.36,0,2
649,22,58000,RENT,0,0,0,1,1,0,0,0,0,0,C,20000,13.11,1,0.34,0,2
650,23,58800,RENT,7,0,0,1,1,0,0,0,0,0,A,20000,7.66,1,0.34,0,3
672,25,54000,RENT,1,0,0,1,1,0,0,0,0,0,D,20000,14.11,1,0.37,0,4
687,26,58000,RENT,0,0,0,1,1,0,0,0,0,0,B,20000,10.25,1,0.34,0,2
697,26,65004,RENT,7,0,0,1,1,0,0,0,0,0,B,20000,11.99,1,0.31,0,2
699,23,59004,RENT,5,0,0,1,1,0,0,0,0,0,B,20000,10.83,1,0.34,0,2
700,23,65500,RENT,2,0,0,1,1,0,0,0,0,0,C,20000,13.22,1,0.31,0,2
706,24,62400,RENT,4,0,0,1,1,0,0,0,0,0,D,20000,14.84,1,0.32,0,4
718,22,66000,RENT,3,0,0,1,1,0,0,0,0,0,D,20000,14.42,1,0.3,0,2
722,25,75000,RENT,8,0,0,1,1,0,0,0,0,0,B,20000,,0,0.27,0,4
729,22,69000,RENT,6,0,0,1,1,0,0,0,0,0,B,20000,10.99,1,0.29,0,4
737,26,70000,RENT,7,0,0,1,1,0,0,0,0,0,C,20000,13.16,1,0.29,0,3
739,22,77004,RENT,6,0,0,1,1,0,0,0,0,0,C,20000,13.98,0,0.26,0,4
768,22,81000,RENT,3,0,0,1,1,0,0,0,0,0,C,20000,13.49,0,0.25,0,4
781,25,85000,RENT,3,0,0,1,1,0,0,0,0,0,B,20000,10.25,0,0.24,0,3
787,22,87000,RENT,5,0,0,1,1,0,0,0,0,0,C,20000,13.85,0,0.23,0,4
791,24,90000,RENT,9,0,0,1,1,0,0,0,0,0,A,20000,6.54,0,0.22,0,3
795,23,90000,RENT,0,0,0,1,1,0,0,0,0,0,C,20000,13.57,0,0.22,0,4
804,26,93492,RENT,0,0,0,1,1,0,0,0,0,0,B,20000,9.45,0,0.21,0,4
807,23,83000,RENT,7,0,0,1,1,0,0,0,0,0,C,20000,,1,0.24,0,2
831,26,104000,RENT,0,0,0,1,1,0,0,0,0,0,B,20000,10.74,0,0.19,0,2
838,22,110000,RENT,6,0,0,1,1,0,0,0,0,0,C,20000,13.72,0,0.18,0,3
861,26,148000,RENT,1,0,0,1,1,0,0,0,0,0,E,20000,17.99,1,0.14,0,3
885,23,11820,RENT,,0,0,1,1,0,0,0,0,0,C,1000,14.65,0,0.08,0,3
890,24,13728,RENT,,0,0,1,1,0,0,0,0,0,B,1000,10,1,0.07,0,4
922,26,55000,RENT,7,0,0,1,1,0,0,0,0,0,A,18800,6.99,1,0.34,0,2
923,22,70000,RENT,2,0,0,1,1,0,0,0,0,0,B,18750,10.38,0,0.27,0,2
925,22,43000,RENT,4,0,0,1,1,0,0,0,0,0,B,18550,11.83,1,0.43,0,4
930,25,55784,RENT,2,0,0,1,1,0,0,0,0,0,C,18500,13.61,1,0.33,0,3
940,22,50000,RENT,2,0,0,1,1,0,0,0,0,0,B,18400,9.99,1,0.37,0,2
953,25,46000,RENT,8,0,0,1,1,0,0,0,0,0,C,18250,14.26,1,0.4,0,3
961,22,36000,RENT,6,0,0,1,1,0,0,0,0,0,B,18200,11.71,1,0.51,0,3
996,22,46610,RENT,6,0,0,1,1,0,0,0,0,0,B,18000,10.71,1,0.39,0,3
1029,26,71820,RENT,10,0,0,1,1,0,0,0,0,0,B,18000,11.83,0,0.25,0,2
1047,23,76500,RENT,3,0,0,1,1,0,0,0,0,0,B,18000,10.65,1,0.24,0,4
1059,24,95000,RENT,3,0,0,1,1,0,0,0,0,0,A,18000,8.49,0,0.19,0,4
1062,24,110000,RENT,4,0,0,1,1,0,0,0,0,0,B,18000,12.18,0,0.16,0,4
1068,22,144500,RENT,5,0,0,1,1,0,0,0,0,0,C,18000,13.72,0,0.12,0,3
1076,22,48000,RENT,0,0,0,1,1,0,0,0,0,0,C,17750,13.49,1,0.37,0,4
1077,22,65000,RENT,6,0,0,1,1,0,0,0,0,0,B,17700,11.49,0,0.27,0,2
1081,23,45000,RENT,1,0,0,1,1,0,0,0,0,0,A,17625,8.9,1,0.39,0,4
1100,23,49270,RENT,7,0,0,1,1,0,0,0,0,0,C,17500,13.85,1,0.36,0,4
1111,21,45408,RENT,3,0,0,1,1,0,0,0,0,0,B,17475,9.91,1,0.38,0,2
1115,24,96000,RENT,1,0,0,1,1,0,0,0,0,0,B,17400,10.37,0,0.18,0,2
1121,22,40000,RENT,1,0,0,1,1,0,0,0,0,0,B,17000,10.65,1,0.42,0,4
1123,22,42000,RENT,5,0,0,1,1,0,0,0,0,0,A,17000,7.66,1,0.4,0,4
1125,24,45792,RENT,3,0,0,1,1,0,0,0,0,0,B,17000,10.38,1,0.37,0,2
1126,23,47000,RENT,8,0,0,1,1,0,0,0,0,0,B,17000,9.99,1,0.36,0,4
1135,23,52000,RENT,3,0,0,1,1,0,0,0,0,0,B,17000,11.58,1,0.33,0,4
1139,24,55782,RENT,3,0,0,1,1,0,0,0,0,0,A,17000,7.51,0,0.3,0,3
1149,24,75000,RENT,0,0,0,1,1,0,0,0,0,0,B,17000,12.53,0,0.23,0,2
1154,22,89004,RENT,7,0,0,1,1,0,0,0,0,0,A,17000,9.63,0,0.19,0,4
1162,24,72000,RENT,0,0,0,1,1,0,0,0,0,0,A,16875,6.54,0,0.23,0,4
1179,23,103000,RENT,4,0,0,1,1,0,0,0,0,0,C,16800,13.11,0,0.16,0,4
1183,22,44500,RENT,1,0,0,1,1,0,0,0,0,0,B,16750,10.75,1,0.38,0,4
1185,23,46272,RENT,7,0,0,1,1,0,0,0,0,0,B,16750,11.99,1,0.36,0,3
1208,22,27600,RENT,2,0,0,1,1,0,0,0,0,0,B,16300,,1,0.59,0,4
1211,22,54000,RENT,3,0,0,1,1,0,0,0,0,0,B,16075,10.37,0,0.3,0,3
1236,24,42856,RENT,8,0,0,1,1,0,0,0,0,0,A,16000,8.9,1,0.37,0,3
1247,22,45000,RENT,6,0,0,1,1,0,0,0,0,0,B,16000,10.59,1,0.36,0,4
1270,24,54000,RENT,6,0,0,1,1,0,0,0,0,0,A,16000,,0,0.3,0,4
1272,25,49000,RENT,2,0,0,1,1,0,0,0,0,0,C,16000,,1,0.33,0,4
1274,21,55000,RENT,5,0,0,1,1,0,0,0,0,0,A,16000,8.94,0,0.29,0,2
1282,26,60000,RENT,10,0,0,1,1,0,0,0,0,0,A,16000,7.49,0,0.27,0,2
1311,23,62500,RENT,4,0,0,1,1,0,0,0,0,0,D,16000,14.54,1,0.26,0,2
1325,24,69000,RENT,2,0,0,1,1,0,0,0,0,0,B,16000,11.89,1,0.23,0,4
1338,22,25000,RENT,3,0,0,1,1,0,0,0,0,0,D,1000,15.95,1,0.04,0,2
1343,25,28000,RENT,6,0,0,1,1,0,0,0,0,0,A,1000,7.51,0,0.04,0,3
1355,21,30000,RENT,0,0,0,1,1,0,0,0,0,0,A,1000,,0,0.03,0,3
1363,25,33000,RENT,0,0,0,1,1,0,0,0,0,0,A,1000,7.29,0,0.03,0,4
1369,25,33600,RENT,5,0,0,1,1,0,0,0,0,0,B,1000,11.86,0,0.03,0,2
1377,22,35100,RENT,0,0,0,1,1,0,0,0,0,0,C,1000,13.98,0,0.03,0,2
1393,22,40000,RENT,3,0,0,1,1,0,0,0,0,0,A,1000,7.9,0,0.03,0,4
1400,21,34500,RENT,4,0,0,1,1,0,0,0,0,0,E,1000,16.45,1,0.03,0,2
1402,22,42000,RENT,3,0,0,1,1,0,0,0,0,0,B,1000,9.62,0,0.02,0,3
1409,25,40800,RENT,,0,0,1,1,0,0,0,0,0,D,1000,15.57,1,0.02,0,2
1417,23,51000,RENT,0,0,0,1,1,0,0,0,0,0,A,1000,7.14,0,0.02,0,2
1421,26,64000,RENT,,0,0,1,1,0,0,0,0,0,B,1000,10.75,0,0.02,0,3
1424,24,70399,RENT,0,0,0,1,1,0,0,0,0,0,A,1000,8.59,0,0.01,0,2
1431,23,38000,RENT,0,0,0,1,1,0,0,0,0,0,A,1075,,0,0.03,0,3
1434,25,35000,RENT,,0,0,1,1,0,0,0,0,0,A,1100,6.76,0,0.03,0,2
1444,21,14400,RENT,2,0,0,1,1,0,0,0,0,0,A,1200,7.14,0,0.08,0,3
1488,23,39000,RENT,2,0,0,1,1,0,0,0,0,0,D,1200,15.95,1,0.03,0,2
1492,25,55000,RENT,3,0,0,1,1,0,0,0,0,0,B,1200,11.58,0,0.02,0,4
1497,23,60000,RENT,7,0,0,1,1,0,0,0,0,0,B,1200,,0,0.02,0,3
1513,25,42000,RENT,0,0,0,1,1,0,0,0,0,0,A,1350,5.42,0,0.03,0,2
1514,22,69600,RENT,6,0,0,1,1,0,0,0,0,0,C,1350,12.68,0,0.02,0,3
1529,26,35652,RENT,5,0,0,1,1,0,0,0,0,0,B,1400,11.49,1,0.04,0,4
1530,26,45000,RENT,,0,0,1,1,0,0,0,0,0,B,1400,10.59,0,0.03,0,4
1547,22,27040,RENT,0,0,0,1,1,0,0,0,0,0,C,1500,12.73,0,0.06,0,2
1556,23,30000,RENT,1,0,0,1,1,0,0,0,0,0,A,1500,7.51,0,0.05,0,3
1557,21,30000,RENT,0,0,0,1,1,0,0,0,0,0,A,1500,7.29,0,0.05,0,3
1562,21,30000,RENT,0,0,0,1,1,0,0,0,0,0,C,1500,13.92,0,0.05,0,2
1563,23,31000,RENT,1,0,0,1,1,0,0,0,0,0,A,1500,8.94,0,0.05,0,3
1567,25,32000,RENT,2,0,0,1,1,0,0,0,0,0,A,1500,7.49,0,0.05,0,4
1569,25,32000,RENT,1,0,0,1,1,0,0,0,0,0,A,1500,7.29,0,0.05,0,3
1583,23,35000,RENT,6,0,0,1,1,0,0,0,0,0,B,1500,8.88,0,0.04,0,3
1603,24,34000,RENT,3,0,0,1,1,0,0,0,0,0,A,1500,8.94,1,0.04,0,2
1612,23,42000,RENT,3,0,0,1,1,0,0,0,0,0,B,1500,10.71,0,0.04,0,2
1625,24,50000,RENT,1,0,0,1,1,0,0,0,0,0,C,1500,14.26,0,0.03,0,2
1626,24,50400,RENT,8,0,0,1,1,0,0,0,0,0,A,1500,,0,0.03,0,4
1644,24,57996,RENT,2,0,0,1,1,0,0,0,0,0,B,1500,10.75,0,0.03,0,4
1647,25,63000,RENT,0,0,0,1,1,0,0,0,0,0,B,1500,12.42,0,0.02,0,4
1655,23,10008,RENT,,0,0,1,1,0,0,0,0,0,B,1600,10.36,1,0.16,0,2
1673,23,18600,RENT,2,0,0,1,1,0,0,0,0,0,B,1700,9.99,0,0.09,0,3
1675,23,45000,RENT,2,0,0,1,1,0,0,0,0,0,C,1700,14.72,0,0.04,0,2
1694,24,14400,RENT,3,0,0,1,1,0,0,0,0,0,A,1800,6.92,0,0.13,0,3
1726,22,57000,RENT,0,0,0,1,1,0,0,0,0,0,C,1800,14.27,0,0.03,0,3
1738,21,13200,RENT,2,0,0,1,1,0,0,0,0,0,A,1875,6.99,0,0.14,0,3
1741,22,26500,RENT,3,0,0,1,1,0,0,0,0,0,A,1900,7.29,1,0.07,0,3
1745,23,16800,RENT,0,0,0,1,1,0,0,0,0,0,B,1950,10.37,0,0.12,0,2
1750,24,10000,RENT,2,0,0,1,1,0,0,0,0,0,B,2000,10.25,1,0.2,0,2
1760,21,14400,RENT,0,0,0,1,1,0,0,0,0,0,A,2000,5.79,0,0.14,0,2
1763,26,14400,RENT,2,0,0,1,1,0,0,0,0,0,D,2000,15.58,1,0.14,0,4
1769,25,18000,RENT,4,0,0,1,1,0,0,0,0,0,A,2000,7.51,1,0.11,0,4
1778,22,19728,RENT,5,0,0,1,1,0,0,0,0,0,A,2000,7.49,0,0.1,0,2
1786,21,21600,RENT,0,0,0,1,1,0,0,0,0,0,B,2000,11.71,1,0.09,0,2
1787,22,21600,RENT,1,0,0,1,1,0,0,0,0,0,D,2000,16.89,1,0.09,0,2
1820,23,26496,RENT,1,0,0,1,1,0,0,0,0,0,C,2000,13.61,0,0.08,0,4
1821,23,27600,RENT,2,0,0,1,1,0,0,0,0,0,C,2000,13.99,1,0.07,0,3
1827,24,30000,RENT,2,0,0,1,1,0,0,0,0,0,A,2000,7.66,0,0.07,0,3
1838,23,83600,RENT,7,0,0,1,1,0,0,0,0,0,A,15000,8.49,1,0.18,0,2
1855,24,105000,RENT,8,0,0,1,1,0,0,0,0,0,B,15000,10.95,0,0.14,0,3
1861,24,98000,RENT,2,0,0,1,1,0,0,0,0,0,E,15000,14.93,1,0.15,0,2
1878,26,156000,RENT,2,0,0,1,1,0,0,0,0,0,B,15000,12.42,0,0.1,0,4
1879,24,148000,RENT,0,0,0,1,1,0,0,0,0,0,E,15000,16.82,1,0.1,0,3
1888,25,31500,RENT,8,0,0,1,1,0,0,0,0,0,A,14850,8.9,1,0.47,0,4
1902,26,32000,RENT,5,0,0,1,1,0,0,0,0,0,B,2000,11.49,0,0.06,0,3
1908,22,33000,RENT,1,0,0,1,1,0,0,0,0,0,A,2000,,0,0.06,0,3
1958,25,101424,RENT,6,0,0,1,1,0,0,0,0,0,A,2000,7.29,0,0.02,0,4
1974,23,33600,RENT,0,0,0,1,1,0,0,0,0,0,B,2100,,0,0.06,0,3
1977,22,40000,RENT,0,0,0,1,1,0,0,0,0,0,A,2100,6.39,0,0.05,0,2
1982,22,60000,RENT,5,0,0,1,1,0,0,0,0,0,C,2100,14.65,0,0.04,0,2
1990,26,110000,RENT,0,0,0,1,1,0,0,0,0,0,A,2100,7.12,0,0.02,0,2
1998,24,30000,RENT,2,0,0,1,1,0,0,0,0,0,A,14000,7.9,1,0.47,0,2
2002,22,32000,RENT,0,0,0,1,1,0,0,0,0,0,C,14000,13.49,1,0.44,0,2
2007,22,34000,RENT,6,0,0,1,1,0,0,0,0,0,B,14000,10.62,1,0.41,0,4
2014,26,39900,RENT,1,0,0,1,1,0,0,0,0,0,B,14000,10.37,1,0.35,0,3
2027,21,12000,RENT,0,0,0,1,1,0,0,0,0,0,C,2200,,1,0.18,0,3
2033,23,26004,RENT,8,0,0,1,1,0,0,0,0,0,B,2200,9.91,1,0.08,0,2
2037,25,38400,RENT,5,0,0,1,1,0,0,0,0,0,B,2200,12.69,0,0.06,0,3
2039,23,39000,RENT,7,0,0,1,1,0,0,0,0,0,B,2200,10.99,0,0.06,0,4
2048,21,52500,RENT,0,0,0,1,1,0,0,0,0,0,A,2225,7.66,0,0.04,0,3
2050,23,16000,RENT,6,0,0,1,1,0,0,0,0,0,C,2250,13.49,0,0.14,0,4
2052,26,42000,RENT,4,0,0,1,1,0,0,0,0,0,B,2250,10.38,0,0.05,0,4
2083,24,20000,RENT,0,0,0,1,1,0,0,0,0,0,D,2400,15.62,1,0.12,0,2
2086,23,21600,RENT,1,0,0,1,1,0,0,0,0,0,C,2400,15.23,1,0.11,0,4
2087,22,21996,RENT,6,0,0,1,1,0,0,0,0,0,C,2400,12.53,0,0.11,0,4
2112,22,32995,RENT,3,0,0,1,1,0,0,0,0,0,B,2400,11.48,0,0.07,0,4
2118,23,40000,RENT,3,0,0,1,1,0,0,0,0,0,A,2400,8.9,0,0.06,0,3
2140,26,46000,RENT,0,0,0,1,1,0,0,0,0,0,B,2400,9.91,0,0.05,0,4
2158,25,63000,RENT,3,0,0,1,1,0,0,0,0,0,A,2400,7.14,0,0.04,0,4
2159,23,63300,RENT,3,0,0,1,1,0,0,0,0,0,A,2400,7.9,0,0.04,0,4
2165,25,95000,RENT,,0,0,1,1,0,0,0,0,0,B,2400,9.25,0,0.03,0,2
2170,22,24000,RENT,0,0,0,1,1,0,0,0,0,0,A,2450,7.9,0,0.1,0,2
2187,25,53000,RENT,10,0,0,1,1,0,0,0,0,0,A,13500,6.99,0,0.25,0,3
2190,25,60000,RENT,9,0,0,1,1,0,0,0,0,0,A,13500,7.49,0,0.23,0,2
2191,22,68000,RENT,6,0,0,1,1,0,0,0,0,0,B,13500,10.62,0,0.2,0,4
2198,23,35000,RENT,6,0,0,1,1,0,0,0,0,0,B,13475,10.65,1,0.39,0,3
2205,22,50000,RENT,0,0,0,1,1,0,0,0,0,0,D,13350,14.59,1,0.27,0,2
2206,24,33000,RENT,2,0,0,1,1,0,0,0,0,0,A,13300,7.66,1,0.4,0,4
2212,22,33300,RENT,0,0,0,1,1,0,0,0,0,0,B,13250,,1,0.4,0,4
2223,25,46596,RENT,2,0,0,1,1,0,0,0,0,0,B,13200,12.53,0,0.28,0,4
2243,21,24000,RENT,5,0,0,1,1,0,0,0,0,0,C,13000,12.87,1,0.54,0,2
2257,24,36000,RENT,7,0,0,1,1,0,0,0,0,0,A,13000,7.29,1,0.36,0,3
2261,22,36000,RENT,6,0,0,1,1,0,0,0,0,0,B,13000,11.14,1,0.36,0,4
2267,25,38400,RENT,0,0,0,1,1,0,0,0,0,0,B,13000,10.74,1,0.34,0,3
2269,22,39000,RENT,5,0,0,1,1,0,0,0,0,0,B,13000,11.83,1,0.33,0,4
2271,24,40000,RENT,5,0,0,1,1,0,0,0,0,0,C,13000,14.26,1,0.33,0,3
2275,26,36000,RENT,6,0,0,1,1,0,0,0,0,0,A,13000,5.99,1,0.36,0,4
2289,26,48000,RENT,0,0,0,1,1,0,0,0,0,0,B,13000,11.26,0,0.27,0,3
2291,23,44000,RENT,7,0,0,1,1,0,0,0,0,0,D,13000,16.29,1,0.3,0,3
2296,21,22000,RENT,4,0,0,1,1,0,0,0,0,0,A,2500,7.14,0,0.11,0,4
2299,24,22000,RENT,0,0,0,1,1,0,0,0,0,0,B,2500,9.76,0,0.11,0,2
2314,22,25000,RENT,0,0,0,1,1,0,0,0,0,0,B,2500,11.14,0,0.1,0,3
2323,26,27200,RENT,4,0,0,1,1,0,0,0,0,0,C,2500,13.49,0,0.09,0,4
2327,24,28500,RENT,3,0,0,1,1,0,0,0,0,0,B,2500,11.36,0,0.09,0,4
2337,25,33000,RENT,6,0,0,1,1,0,0,0,0,0,B,2500,10.59,0,0.08,0,2
2344,23,35000,RENT,0,0,0,1,1,0,0,0,0,0,A,2500,7.51,0,0.07,0,2
2347,21,30000,RENT,3,0,0,1,1,0,0,0,0,0,A,2500,7.14,1,0.08,0,4
2354,25,38060,RENT,9,0,0,1,1,0,0,0,0,0,B,2500,12.53,0,0.07,0,2
2359,23,40000,RENT,0,0,0,1,1,0,0,0,0,0,B,2500,,0,0.06,0,2
2371,21,42500,RENT,0,0,0,1,1,0,0,0,0,0,B,2500,,0,0.06,0,2
2379,26,46000,RENT,10,0,0,1,1,0,0,0,0,0,A,2500,8.49,0,0.05,0,4
2395,26,48996,RENT,8,0,0,1,1,0,0,0,0,0,D,2500,14.59,1,0.05,0,2
2398,23,49000,RENT,1,0,0,1,1,0,0,0,0,0,F,2500,,1,0.05,0,2
2404,23,61000,RENT,3,0,0,1,1,0,0,0,0,0,A,2500,7.49,0,0.04,0,3
2410,24,69996,RENT,3,0,0,1,1,0,0,0,0,0,B,2500,12.53,0,0.04,0,3
2424,23,10560,RENT,0,0,0,1,1,0,0,0,0,0,B,2800,9.99,1,0.27,0,4
2429,21,14800,RENT,5,0,0,1,1,0,0,0,0,0,A,2800,8,1,0.19,0,3
2438,23,23760,RENT,2,0,0,1,1,0,0,0,0,0,B,2800,,0,0.12,0,2
2460,26,66000,RENT,0,0,0,1,1,0,0,0,0,0,A,2875,7.49,0,0.04,0,2
2464,22,31500,RENT,3,0,0,1,1,0,0,0,0,0,D,2900,,1,0.09,0,4
2476,23,13200,RENT,0,0,0,1,1,0,0,0,0,0,C,3000,,1,0.23,0,3
2496,23,17520,RENT,5,0,0,1,1,0,0,0,0,0,B,3000,10.37,1,0.17,0,4
2499,21,18000,RENT,0,0,0,1,1,0,0,0,0,0,A,3000,7.9,1,0.17,0,2
2506,22,18000,RENT,3,0,0,1,1,0,0,0,0,0,B,3000,10.59,1,0.17,0,3
2526,23,20800,RENT,0,0,0,1,1,0,0,0,0,0,B,3000,11.46,0,0.14,0,4
2546,25,30000,RENT,3,0,0,1,1,0,0,0,0,0,C,3000,12.98,0,0.1,0,3
2567,22,31356,RENT,0,0,0,1,1,0,0,0,0,0,A,3000,7.68,0,0.1,0,4
2571,25,32000,RENT,3,0,0,1,1,0,0,0,0,0,A,3000,8.94,0,0.09,0,3
2574,25,32004,RENT,0,0,0,1,1,0,0,0,0,0,A,3000,9.32,0,0.09,0,2
2584,22,34500,RENT,3,0,0,1,1,0,0,0,0,0,B,3000,11.83,0,0.09,0,2
2590,24,35256,RENT,2,0,0,1,1,0,0,0,0,0,B,3000,10.74,0,0.09,0,2
2596,24,36600,RENT,4,0,0,1,1,0,0,0,0,0,B,3000,9.33,0,0.08,0,2
2602,21,38000,RENT,5,0,0,1,1,0,0,0,0,0,A,3000,7.05,0,0.08,0,4
2621,22,37000,RENT,2,0,0,1,1,0,0,0,0,0,E,3000,20.3,1,0.08,0,2
2623,22,37000,RENT,6,0,0,1,1,0,0,0,0,0,B,3000,11.11,1,0.08,0,2
2640,24,45000,RENT,1,0,0,1,1,0,0,0,0,0,B,3000,9.99,0,0.07,0,4
2662,25,48000,RENT,2,0,0,1,1,0,0,0,0,0,A,3000,,0,0.06,0,4
2671,23,50000,RENT,1,0,0,1,1,0,0,0,0,0,A,3000,8.49,0,0.06,0,2
2672,23,44000,RENT,4,0,0,1,1,0,0,0,0,0,A,3000,7.66,1,0.07,0,4
2680,24,51000,RENT,1,0,0,1,1,0,0,0,0,0,A,3000,8.9,0,0.06,0,2
2685,23,51996,RENT,1,0,0,1,1,0,0,0,0,0,B,3000,10.37,0,0.06,0,2
2691,22,48609,RENT,6,0,0,1,1,0,0,0,0,0,A,12000,7.49,0,0.25,0,3
2709,24,44000,RENT,3,0,0,1,1,0,0,0,0,0,C,12000,12.23,1,0.27,0,3
2710,23,50000,RENT,1,0,0,1,1,0,0,0,0,0,A,12000,6.54,0,0.24,0,3
2711,22,44000,RENT,3,0,0,1,1,0,0,0,0,0,B,12000,11.86,1,0.27,0,2
2722,25,50400,RENT,7,0,0,1,1,0,0,0,0,0,B,12000,,0,0.24,0,3
2748,22,54000,RENT,2,0,0,1,1,0,0,0,0,0,B,12000,10.99,0,0.22,0,2
2750,22,54000,RENT,6,0,0,1,1,0,0,0,0,0,A,12000,8.49,0,0.22,0,4
2767,25,49000,RENT,1,0,0,1,1,0,0,0,0,0,D,12000,13.49,1,0.24,0,2
2787,21,57000,RENT,5,0,0,1,1,0,0,0,0,0,A,12000,7.29,0,0.21,0,4
2790,23,57000,RENT,4,0,0,1,1,0,0,0,0,0,A,12000,8.94,0,0.21,0,2
2795,26,58000,RENT,5,0,0,1,1,0,0,0,0,0,B,12000,9.91,0,0.21,0,3
2802,24,52000,RENT,8,0,0,1,1,0,0,0,0,0,B,3000,11.49,0,0.06,0,4
2820,26,55000,RENT,1,0,0,1,1,0,0,0,0,0,C,3000,,0,0.05,0,2
2829,25,50160,RENT,0,0,0,1,1,0,0,0,0,0,D,3000,14.42,1,0.06,0,2
2836,23,58500,RENT,2,0,0,1,1,0,0,0,0,0,B,3000,9.88,0,0.05,0,2
2837,23,59000,RENT,5,0,0,1,1,0,0,0,0,0,A,3000,7.14,0,0.05,0,2
2845,26,60000,RENT,3,0,0,1,1,0,0,0,0,0,B,3000,10,0,0.05,0,3
2846,23,60000,RENT,1,0,0,1,1,0,0,0,0,0,A,3000,7.51,0,0.05,0,2
2887,24,64000,RENT,7,0,0,1,1,0,0,0,0,0,D,3000,15.21,1,0.05,0,4
2899,23,74250,RENT,3,0,0,1,1,0,0,0,0,0,B,3000,11.99,0,0.04,0,4
2915,25,84000,RENT,9,0,0,1,1,0,0,0,0,0,A,3000,5.79,0,0.04,0,3
2925,26,100000,RENT,3,0,0,1,1,0,0,0,0,0,C,3000,13.57,0,0.03,0,3
2941,24,142000,RENT,3,0,0,1,1,0,0,0,0,0,A,3000,7.88,0,0.02,0,2
2971,25,16000,RENT,0,0,0,1,1,0,0,0,0,0,A,3200,9.32,1,0.2,0,2
2982,25,23040,RENT,0,0,0,1,1,0,0,0,0,0,C,3200,14.79,0,0.14,0,2
2984,21,24000,RENT,3,0,0,1,1,0,0,0,0,0,C,3200,13.57,0,0.13,0,4
2986,24,25000,RENT,6,0,0,1,1,0,0,0,0,0,C,3200,13.11,1,0.13,0,4
2991,26,30000,RENT,2,0,0,1,1,0,0,0,0,0,B,3200,,0,0.11,0,3
3004,21,31000,RENT,5,0,0,1,1,0,0,0,0,0,B,3200,10.37,1,0.1,0,3
3023,24,54731,RENT,2,0,0,1,1,0,0,0,0,0,B,3200,11.83,0,0.06,0,2
3031,24,60000,RENT,3,0,0,1,1,0,0,0,0,0,A,3200,7.14,0,0.05,0,3
3034,26,65000,RENT,5,0,0,1,1,0,0,0,0,0,B,3200,11.71,0,0.05,0,3
3055,22,17004,RENT,5,0,0,1,1,0,0,0,0,0,A,3250,6.91,1,0.19,0,2
3066,25,30000,RENT,0,0,0,1,1,0,0,0,0,0,A,3250,5.42,0,0.11,0,3
3068,24,39000,RENT,0,0,0,1,1,0,0,0,0,0,A,3250,8.94,1,0.08,0,2
3098,23,80004,RENT,2,0,0,1,1,0,0,0,0,0,A,3400,8.49,0,0.04,0,3
3126,21,21600,RENT,2,0,0,1,1,0,0,0,0,0,A,3500,7.51,0,0.16,0,2
3127,22,22292,RENT,5,0,0,1,1,0,0,0,0,0,D,3500,16.49,1,0.16,0,3
3129,22,23000,RENT,3,0,0,1,1,0,0,0,0,0,B,3500,10.37,0,0.15,0,4
3136,23,26000,RENT,0,0,0,1,1,0,0,0,0,0,A,3500,6.91,0,0.13,0,3
3138,21,26400,RENT,6,0,0,1,1,0,0,0,0,0,A,3500,8.49,1,0.13,0,3
3185,21,42000,RENT,5,0,0,1,1,0,0,0,0,0,B,3500,10.37,0,0.08,0,4
3203,23,47496,RENT,7,0,0,1,1,0,0,0,0,0,B,3500,12.69,0,0.07,0,3
3204,23,48000,RENT,7,0,0,1,1,0,0,0,0,0,C,3500,13.98,0,0.07,0,4
3205,25,48000,RENT,8,0,0,1,1,0,0,0,0,0,C,3500,13.16,0,0.07,0,3
3214,24,52000,RENT,4,0,0,1,1,0,0,0,0,0,A,3500,7.68,0,0.07,0,2
3220,24,55000,RENT,0,0,0,1,1,0,0,0,0,0,B,3500,8.88,0,0.06,0,4
3234,25,56400,RENT,2,0,0,1,1,0,0,0,0,0,D,3500,15.62,1,0.06,0,4
3251,25,77000,RENT,2,0,0,1,1,0,0,0,0,0,A,3500,7.9,0,0.05,0,4
3255,24,78000,RENT,1,0,0,1,1,0,0,0,0,0,B,3500,11.83,1,0.04,0,3
3259,23,98000,RENT,5,0,0,1,1,0,0,0,0,0,A,3500,8.07,0,0.04,0,3
3267,25,12000,RENT,,0,0,1,1,0,0,0,0,0,B,3600,9.62,1,0.3,0,2
3268,21,12120,RENT,0,0,0,1,1,0,0,0,0,0,A,3600,8.32,1,0.3,0,2
3280,24,24000,RENT,1,0,0,1,1,0,0,0,0,0,A,3600,6.62,1,0.15,0,4
3290,22,30000,RENT,2,0,0,1,1,0,0,0,0,0,B,3600,10.99,0,0.12,0,3
3303,25,31200,RENT,0,0,0,1,1,0,0,0,0,0,A,3600,8.9,0,0.12,0,2
3316,24,36000,RENT,1,0,0,1,1,0,0,0,0,0,A,3600,7.29,0,0.1,0,2
3321,22,38400,RENT,6,0,0,1,1,0,0,0,0,0,B,3600,12.69,0,0.09,0,3
3322,23,38400,RENT,7,0,0,1,1,0,0,0,0,0,C,3600,13.61,0,0.09,0,3
3340,24,40000,RENT,2,0,0,1,1,0,0,0,0,0,B,3600,11.12,0,0.09,0,3
3356,22,41000,RENT,2,0,0,1,1,0,0,0,0,0,B,11000,12.18,0,0.27,0,4
3369,26,45000,RENT,3,0,0,1,1,0,0,0,0,0,A,11000,6.99,0,0.24,0,2
3370,25,45000,RENT,2,0,0,1,1,0,0,0,0,0,B,11000,9.25,0,0.24,0,2
3376,22,45504,RENT,2,0,0,1,1,0,0,0,0,0,B,11000,10.99,0,0.24,0,2
3391,26,44000,RENT,4,0,0,1,1,0,0,0,0,0,D,11000,15.31,1,0.25,0,2
3401,23,56000,RENT,3,0,0,1,1,0,0,0,0,0,A,11000,7.49,0,0.2,0,4
3412,24,69996,RENT,9,0,0,1,1,0,0,0,0,0,B,11000,11.86,0,0.16,0,3
3421,24,100000,RENT,6,0,0,1,1,0,0,0,0,0,A,11000,5.42,0,0.11,0,4
3427,25,120000,RENT,9,0,0,1,1,0,0,0,0,0,B,11000,12.18,0,0.09,0,4
3440,24,40000,RENT,0,0,0,1,1,0,0,0,0,0,A,10800,6.92,0,0.27,0,4
3496,25,30000,RENT,9,0,0,1,1,0,0,0,0,0,A,10625,6.99,1,0.35,0,4
3512,25,35220,RENT,2,0,0,1,1,0,0,0,0,0,A,10500,7.29,0,0.3,0,3
3514,22,36000,RENT,6,0,0,1,1,0,0,0,0,0,B,10500,10.74,0,0.29,0,2
3537,21,42000,RENT,0,0,0,1,1,0,0,0,0,0,B,10400,11.49,0,0.25,0,4
3539,24,44000,RENT,4,0,0,1,1,0,0,0,0,0,B,10400,12.69,0,0.24,0,4
3540,23,51000,RENT,4,0,0,1,1,0,0,0,0,0,A,10400,,0,0.2,0,2
3554,23,66000,RENT,4,0,0,1,1,0,0,0,0,0,E,10250,14.38,1,0.16,0,4
3569,22,42492,RENT,6,0,0,1,1,0,0,0,0,0,B,3600,,1,0.08,0,3
3572,24,50000,RENT,4,0,0,1,1,0,0,0,0,0,B,3600,11.36,0,0.07,0,3
3574,25,51300,RENT,9,0,0,1,1,0,0,0,0,0,A,3600,7.49,0,0.07,0,3
3579,25,55000,RENT,9,0,0,1,1,0,0,0,0,0,A,3600,8.9,0,0.07,0,3
3591,23,65000,RENT,2,0,0,1,1,0,0,0,0,0,B,3600,11.49,0,0.06,0,2
3600,22,80000,RENT,5,0,0,1,1,0,0,0,0,0,B,3600,12.69,0,0.04,0,3
3618,23,36000,RENT,4,0,0,1,1,0,0,0,0,0,B,3700,9.25,0,0.1,0,2
3622,23,75000,RENT,2,0,0,1,1,0,0,0,0,0,A,3700,6.03,0,0.05,0,2
3624,23,33000,RENT,0,0,0,1,1,0,0,0,0,0,A,3725,6.54,0,0.11,0,2
3626,23,21000,RENT,3,0,0,1,1,0,0,0,0,0,D,3750,15.65,1,0.18,0,2
3635,21,25000,RENT,0,0,0,1,1,0,0,0,0,0,A,3800,8.59,0,0.15,0,2
3637,23,26400,RENT,7,0,0,1,1,0,0,0,0,0,A,3800,7.9,0,0.14,0,4
3638,25,30004,RENT,3,0,0,1,1,0,0,0,0,0,D,3800,14.84,1,0.13,0,2
3647,26,26000,RENT,2,0,0,1,1,0,0,0,0,0,C,3825,14.27,0,0.15,0,4
3657,23,48500,RENT,5,0,0,1,1,0,0,0,0,0,A,3850,8.49,0,0.08,0,4
3690,22,16800,RENT,2,0,0,1,1,0,0,0,0,0,C,4000,14.27,1,0.24,0,4
3695,24,18000,RENT,0,0,0,1,1,0,0,0,0,0,B,4000,,1,0.22,0,3
3706,25,19200,RENT,5,0,0,1,1,0,0,0,0,0,B,4000,,1,0.21,0,3
3709,25,19404,RENT,0,0,0,1,1,0,0,0,0,0,A,4000,8.63,1,0.21,0,3
3717,26,20004,RENT,2,0,0,1,1,0,0,0,0,0,B,4000,12.18,0,0.2,0,4
3718,23,20400,RENT,3,0,0,1,1,0,0,0,0,0,A,4000,8.94,0,0.2,0,4
3720,21,21000,RENT,2,0,0,1,1,0,0,0,0,0,B,4000,11.86,0,0.19,0,2
3729,23,24000,RENT,2,0,0,1,1,0,0,0,0,0,B,4000,,0,0.17,0,4
3741,22,25000,RENT,0,0,0,1,1,0,0,0,0,0,B,4000,10.36,0,0.16,0,2
3754,24,26400,RENT,3,0,0,1,1,0,0,0,0,0,B,4000,,1,0.15,0,3
3772,24,28704,RENT,3,0,0,1,1,0,0,0,0,0,B,4000,9.63,0,0.14,0,3
3775,22,28800,RENT,2,0,0,1,1,0,0,0,0,0,C,4000,13.48,0,0.14,0,2
3796,23,30000,RENT,0,0,0,1,1,0,0,0,0,0,B,4000,10.36,0,0.13,0,3
3811,26,31104,RENT,1,0,0,1,1,0,0,0,0,0,B,4000,9.99,0,0.13,0,3
3812,24,31200,RENT,3,0,0,1,1,0,0,0,0,0,B,4000,12.42,0,0.13,0,4
3816,23,31200,RENT,2,0,0,1,1,0,0,0,0,0,A,4000,8.59,0,0.13,0,3
3840,22,33000,RENT,5,0,0,1,1,0,0,0,0,0,A,4000,7.88,0,0.12,0,4
3841,23,33000,RENT,3,0,0,1,1,0,0,0,0,0,B,4000,10.96,0,0.12,0,4
3848,23,34500,RENT,3,0,0,1,1,0,0,0,0,0,B,4000,11.49,0,0.12,0,4
3850,22,34800,RENT,,0,0,1,1,0,0,0,0,0,B,4000,10.74,0,0.11,0,3
3870,24,36000,RENT,0,0,0,1,1,0,0,0,0,0,A,4000,7.4,0,0.11,0,4
3884,24,38400,RENT,4,0,0,1,1,0,0,0,0,0,A,4000,7.29,0,0.1,0,3
3898,24,40000,RENT,3,0,0,1,1,0,0,0,0,0,A,4000,5.42,0,0.1,0,2
3941,23,47000,RENT,3,0,0,1,1,0,0,0,0,0,A,4000,,0,0.09,0,4
3945,24,47088,RENT,8,0,0,1,1,0,0,0,0,0,A,4000,6.62,0,0.08,0,4
3958,24,44000,RENT,1,0,0,1,1,0,0,0,0,0,D,4000,17.58,1,0.09,0,2
3965,25,50000,RENT,2,0,0,1,1,0,0,0,0,0,B,4000,10.37,0,0.08,0,2
3977,22,50004,RENT,2,0,0,1,1,0,0,0,0,0,A,4000,6.92,0,0.08,0,2
3985,24,45000,RENT,0,0,0,1,1,0,0,0,0,0,D,4000,15.99,1,0.09,0,4
3990,24,52000,RENT,3,0,0,1,1,0,0,0,0,0,B,4000,10.37,0,0.08,0,3
4015,23,57600,RENT,1,0,0,1,1,0,0,0,0,0,A,4000,7.75,0,0.07,0,2
4034,25,62500,RENT,6,0,0,1,1,0,0,0,0,0,B,4000,10.37,0,0.06,0,3
4040,24,65000,RENT,0,0,0,1,1,0,0,0,0,0,A,4000,7.51,0,0.06,0,3
4053,23,69360,RENT,5,0,0,1,1,0,0,0,0,0,A,4000,7.74,0,0.06,0,3
4056,26,70000,RENT,4,0,0,1,1,0,0,0,0,0,A,4000,5.99,0,0.06,0,4
4063,24,72000,RENT,4,0,0,1,1,0,0,0,0,0,A,4000,7.88,0,0.06,0,3
4074,25,80000,RENT,2,0,0,1,1,0,0,0,0,0,B,4000,10.59,0,0.05,0,3
4079,24,81996,RENT,1,0,0,1,1,0,0,0,0,0,C,4000,12.53,0,0.05,0,4
4096,24,118068,RENT,0,0,0,1,1,0,0,0,0,0,B,4000,10.51,1,0.03,0,3
4101,24,16000,RENT,2,0,0,1,1,0,0,0,0,0,D,4200,,1,0.26,0,4
4113,26,29000,RENT,10,0,0,1,1,0,0,0,0,0,B,4200,,0,0.14,0,3
4126,24,14400,RENT,0,0,0,1,1,0,0,0,0,0,B,4375,,1,0.3,0,2
4129,26,15000,RENT,0,0,0,1,1,0,0,0,0,0,B,4375,12.69,1,0.29,0,4
4130,24,16800,RENT,,0,0,1,1,0,0,0,0,0,B,4375,9.99,1,0.26,0,2
4133,23,50000,RENT,5,0,0,1,1,0,0,0,0,0,A,4375,8.49,0,0.09,0,2
4137,24,25000,RENT,0,0,0,1,1,0,0,0,0,0,A,4400,6.76,0,0.18,0,3
4152,26,95459,RENT,10,0,0,1,1,0,0,0,0,0,C,4400,13.8,0,0.05,0,4
4154,24,42200,RENT,5,0,0,1,1,0,0,0,0,0,A,4450,9.32,0,0.11,0,4
4174,23,18000,RENT,0,0,0,1,1,0,0,0,0,0,B,4500,12.21,1,0.25,0,3
4183,25,21000,RENT,0,0,0,1,1,0,0,0,0,0,B,4500,9.62,0,0.21,0,4
4196,22,24500,RENT,3,0,0,1,1,0,0,0,0,0,A,4500,8.94,0,0.18,0,2
4204,23,33000,RENT,1,0,0,1,1,0,0,0,0,0,D,4500,15.05,1,0.14,0,4
4238,21,42000,RENT,4,0,0,1,1,0,0,0,0,0,A,4500,6.03,0,0.11,0,4
4239,22,42000,RENT,2,0,0,1,1,0,0,0,0,0,B,4500,11.49,0,0.11,0,4
4243,25,43738,RENT,0,0,0,1,1,0,0,0,0,0,A,4500,5.99,0,0.1,0,3
4246,21,41000,RENT,2,0,0,1,1,0,0,0,0,0,C,4500,13.49,1,0.11,0,3
4248,26,48000,RENT,10,0,0,1,1,0,0,0,0,0,B,4500,11.11,0,0.09,0,4
4249,23,48500,RENT,0,0,0,1,1,0,0,0,0,0,B,4500,12.21,0,0.09,0,4
4262,24,55000,RENT,2,0,0,1,1,0,0,0,0,0,A,4500,7.9,0,0.08,0,2
4264,22,55000,RENT,4,0,0,1,1,0,0,0,0,0,A,4500,6.76,0,0.08,0,4
4279,25,82560,RENT,6,0,0,1,1,0,0,0,0,0,A,4500,7.42,0,0.05,0,3
4288,22,29976,RENT,6,0,0,1,1,0,0,0,0,0,C,4550,12.84,0,0.15,0,3
4303,26,44000,RENT,5,0,0,1,1,0,0,0,0,0,C,4600,13.99,1,0.1,0,4
4325,24,45000,RENT,2,0,0,1,1,0,0,0,0,0,B,4700,10.96,0,0.1,0,2
4332,26,14040,RENT,1,0,0,1,1,0,0,0,0,0,B,4750,10.25,1,0.34,0,2
4339,22,20400,RENT,1,0,0,1,1,0,0,0,0,0,B,4750,11.49,0,0.23,0,2
4344,24,24000,RENT,8,0,0,1,1,0,0,0,0,0,B,4750,10.62,0,0.2,0,3
4355,22,19800,RENT,,0,0,1,1,0,0,0,0,0,B,4800,10.99,1,0.24,0,2
4356,26,20000,RENT,0,0,0,1,1,0,0,0,0,0,A,4800,7.49,0,0.24,0,2
4370,22,23448,RENT,,0,0,1,1,0,0,0,0,0,B,4800,11.86,0,0.2,0,3
4379,21,27000,RENT,,0,0,1,1,0,0,0,0,0,C,4800,13.49,0,0.18,0,4
4400,22,32000,RENT,0,0,0,1,1,0,0,0,0,0,B,4800,11.11,0,0.15,0,4
4415,26,35000,RENT,0,0,0,1,1,0,0,0,0,0,A,4800,8.9,0,0.14,0,2
4439,22,42000,RENT,4,0,0,1,1,0,0,0,0,0,C,4800,14.35,0,0.11,0,4
4440,25,42000,RENT,2,0,0,1,1,0,0,0,0,0,C,4800,13.22,0,0.11,0,4
4456,24,45840,RENT,2,0,0,1,1,0,0,0,0,0,A,4800,7.49,0,0.1,0,2
4461,21,47664,RENT,5,0,0,1,1,0,0,0,0,0,A,4800,7.9,0,0.1,0,2
4476,23,48600,RENT,2,0,0,1,1,0,0,0,0,0,B,4800,10.36,0,0.1,0,3
4523,24,69000,RENT,2,0,0,1,1,0,0,0,0,0,D,4800,15.21,1,0.07,0,4
4524,22,75000,RENT,0,0,0,1,1,0,0,0,0,0,B,4800,12.21,0,0.06,0,2
4534,26,95000,RENT,4,0,0,1,1,0,0,0,0,0,A,4800,,0,0.05,0,4
4565,25,98000,RENT,9,0,0,1,1,0,0,0,0,0,B,10000,12.69,0,0.1,0,4
4589,23,110000,RENT,5,0,0,1,1,0,0,0,0,0,A,10000,7.88,0,0.09,0,2
4608,21,120000,RENT,2,0,0,1,1,0,0,0,0,0,B,10000,11.71,0,0.08,0,3
4609,21,120000,RENT,4,0,0,1,1,0,0,0,0,0,B,10000,9.99,0,0.08,0,3
4615,25,120000,RENT,3,0,0,1,1,0,0,0,0,0,A,10000,9.32,0,0.08,0,2
4616,23,120000,RENT,0,0,0,1,1,0,0,0,0,0,C,10000,11.66,0,0.08,0,2
4660,22,83200,RENT,6,0,0,1,1,0,0,0,0,0,C,9975,,0,0.12,0,3
4667,22,33000,RENT,,0,0,1,1,0,0,0,0,0,C,9800,,1,0.3,0,2
4669,23,48000,RENT,7,0,0,1,1,0,0,0,0,0,A,9800,7.88,0,0.2,0,4
4703,23,107000,RENT,2,0,0,1,1,0,0,0,0,0,A,4900,8.94,0,0.05,0,2
4709,22,34000,RENT,3,0,0,1,1,0,0,0,0,0,A,4975,7.51,1,0.15,0,2
4710,24,75000,RENT,0,0,0,1,1,0,0,0,0,0,A,4975,6.76,0,0.07,0,4
4718,23,28000,RENT,4,0,0,1,1,0,0,0,0,0,C,5000,13.72,1,0.18,0,4
4729,23,29730,RENT,2,0,0,1,1,0,0,0,0,0,A,5000,7.66,0,0.17,0,4
4735,24,30000,RENT,6,0,0,1,1,0,0,0,0,0,B,5000,12.69,1,0.17,0,4
4754,26,30000,RENT,7,0,0,1,1,0,0,0,0,0,D,5000,14.42,1,0.17,0,4
4768,23,31920,RENT,0,0,0,1,1,0,0,0,0,0,A,5000,8,0,0.16,0,3
4775,23,32000,RENT,3,0,0,1,1,0,0,0,0,0,C,5000,14.79,0,0.16,0,2
4777,26,32000,RENT,3,0,0,1,1,0,0,0,0,0,A,5000,7.49,0,0.16,0,2
4781,24,32004,RENT,3,0,0,1,1,0,0,0,0,0,C,5000,13.23,0,0.16,0,2
4782,25,32004,RENT,5,0,0,1,1,0,0,0,0,0,C,5000,14.35,0,0.16,0,3
4788,22,32968,RENT,2,0,0,1,1,0,0,0,0,0,D,5000,14.61,1,0.15,0,3
4793,22,33000,RENT,1,0,0,1,1,0,0,0,0,0,B,5000,10.25,0,0.15,0,4
4798,26,33280,RENT,11,0,0,1,1,0,0,0,0,0,D,5000,14.11,1,0.15,0,4
4808,22,34000,RENT,3,0,0,1,1,0,0,0,0,0,A,5000,8,0,0.15,0,4
4813,24,34900,RENT,3,0,0,1,1,0,0,0,0,0,B,5000,11.49,0,0.14,0,3
4826,22,35000,RENT,3,0,0,1,1,0,0,0,0,0,A,5000,7.88,0,0.14,0,3
4827,24,35000,RENT,8,0,0,1,1,0,0,0,0,0,A,5000,7.88,0,0.14,0,4
4850,22,30000,RENT,2,0,0,1,1,0,0,0,0,0,D,5000,14.54,1,0.17,0,4
4852,23,36000,RENT,,0,0,1,1,0,0,0,0,0,A,5000,6.17,0,0.14,0,2
4864,24,36396,RENT,8,0,0,1,1,0,0,0,0,0,A,5000,6.03,0,0.14,0,3
4866,25,36480,RENT,4,0,0,1,1,0,0,0,0,0,A,5000,6.54,0,0.14,0,2
4876,23,31516,RENT,,0,0,1,1,0,0,0,0,0,B,5000,9.91,1,0.16,0,4
4896,24,38400,RENT,3,0,0,1,1,0,0,0,0,0,B,5000,11.14,0,0.13,0,3
4909,25,39996,RENT,2,0,0,1,1,0,0,0,0,0,C,5000,13.72,0,0.13,0,2
4914,25,39996,RENT,1,0,0,1,1,0,0,0,0,0,B,5000,11.89,0,0.13,0,4
4921,24,40000,RENT,5,0,0,1,1,0,0,0,0,0,B,5000,12.42,0,0.13,0,3
4934,25,40000,RENT,0,0,0,1,1,0,0,0,0,0,B,5000,11.36,0,0.13,0,4
4940,26,40000,RENT,3,0,0,1,1,0,0,0,0,0,B,5000,9.45,0,0.13,0,3
4954,23,41017,RENT,6,0,0,1,1,0,0,0,0,0,A,5000,,0,0.12,0,2
4960,26,42000,RENT,6,0,0,1,1,0,0,0,0,0,A,5000,7.29,0,0.12,0,4
4973,24,36000,RENT,2,0,0,1,1,0,0,0,0,0,D,5000,14.59,1,0.14,0,2
4986,22,42500,RENT,2,0,0,1,1,0,0,0,0,0,B,5000,12.42,0,0.12,0,4
4989,25,42996,RENT,6,0,0,1,1,0,0,0,0,0,B,5000,10.38,0,0.12,0,2
5023,23,45000,RENT,3,0,0,1,1,0,0,0,0,0,A,5000,9.32,0,0.11,0,4
5026,25,45000,RENT,0,0,0,1,1,0,0,0,0,0,B,5000,11.89,0,0.11,0,3
5028,25,45600,RENT,6,0,0,1,1,0,0,0,0,0,C,5000,,0,0.11,0,2
5042,24,46809,RENT,4,0,0,1,1,0,0,0,0,0,B,5000,12.18,0,0.11,0,4
5050,23,47184,RENT,0,0,0,1,1,0,0,0,0,0,B,5000,10.25,0,0.11,0,2
5062,23,48000,RENT,5,0,0,1,1,0,0,0,0,0,B,5000,9.25,0,0.1,0,2
5063,24,48000,RENT,8,0,0,1,1,0,0,0,0,0,B,5000,9.99,0,0.1,0,4
5064,23,48000,RENT,2,0,0,1,1,0,0,0,0,0,A,5000,6.17,0,0.1,0,4
5078,22,48000,RENT,2,0,0,1,1,0,0,0,0,0,B,5000,11.89,0,0.1,0,4
5097,22,50000,RENT,6,0,0,1,1,0,0,0,0,0,A,5000,5.42,0,0.1,0,3
5101,24,55000,RENT,6,0,0,1,1,0,0,0,0,0,C,9000,12.87,0,0.16,0,4
5118,25,57996,RENT,4,0,0,1,1,0,0,0,0,0,B,9000,11.83,0,0.16,0,4
5123,23,60000,RENT,1,0,0,1,1,0,0,0,0,0,A,9000,7.51,0,0.15,0,3
5139,22,60000,RENT,3,0,0,1,1,0,0,0,0,0,B,9000,11.86,0,0.15,0,4
5141,22,60000,RENT,0,0,0,1,1,0,0,0,0,0,C,9000,,0,0.15,0,2
5148,26,64000,RENT,3,0,0,1,1,0,0,0,0,0,A,9000,6.03,0,0.14,0,2
5155,22,65000,RENT,1,0,0,1,1,0,0,0,0,0,B,9000,9.91,0,0.14,0,4
5169,26,72000,RENT,0,0,0,1,1,0,0,0,0,0,B,9000,10.74,0,0.13,0,2
5175,22,75000,RENT,2,0,0,1,1,0,0,0,0,0,B,9000,10.99,0,0.12,0,4
5184,22,80000,RENT,3,0,0,1,1,0,0,0,0,0,A,9000,6.91,0,0.11,0,3
5189,23,83000,RENT,7,0,0,1,1,0,0,0,0,0,B,9000,10.59,0,0.11,0,4
5191,25,84000,RENT,5,0,0,1,1,0,0,0,0,0,B,9000,11.36,0,0.11,0,2
5221,24,133800,RENT,0,0,0,1,1,0,0,0,0,0,A,9000,7.9,0,0.07,0,4
5240,22,23000,RENT,1,0,0,1,1,0,0,0,0,0,B,8875,10.74,1,0.39,0,4
5263,25,80000,RENT,,0,0,1,1,0,0,0,0,0,A,8800,7.51,0,0.11,0,2
5274,22,50000,RENT,2,0,0,1,1,0,0,0,0,0,A,5000,7.88,0,0.1,0,4
5277,23,50000,RENT,0,0,0,1,1,0,0,0,0,0,B,5000,10.25,0,0.1,0,2
5278,23,50000,RENT,7,0,0,1,1,0,0,0,0,0,A,5000,7.4,0,0.1,0,2
5286,21,50252,RENT,4,0,0,1,1,0,0,0,0,0,B,5000,11.46,0,0.1,0,2
5312,25,25000,RENT,4,0,0,1,1,0,0,0,0,0,B,8500,11.26,1,0.34,0,2
5325,24,28800,RENT,1,0,0,1,1,0,0,0,0,0,A,8500,,0,0.3,0,2
5328,21,29760,RENT,1,0,0,1,1,0,0,0,0,0,B,8500,10.62,0,0.29,0,2
5344,26,40500,RENT,,0,0,1,1,0,0,0,0,0,A,8500,7.88,0,0.21,0,2
5345,21,42000,RENT,5,0,0,1,1,0,0,0,0,0,A,8500,7.51,0,0.2,0,4
5363,25,47000,RENT,8,0,0,1,1,0,0,0,0,0,B,8500,10.37,0,0.18,0,4
5369,21,44000,RENT,5,0,0,1,1,0,0,0,0,0,B,8500,11.49,1,0.19,0,2
5376,24,55000,RENT,5,0,0,1,1,0,0,0,0,0,B,8500,9.88,0,0.15,0,2
5438,25,56000,RENT,2,0,0,1,1,0,0,0,0,0,B,5000,,0,0.09,0,4
5457,25,58296,RENT,9,0,0,1,1,0,0,0,0,0,A,5000,6.17,0,0.09,0,4
5464,26,58979,RENT,2,0,0,1,1,0,0,0,0,0,A,5000,9.32,0,0.08,0,3
5478,23,60000,RENT,6,0,0,1,1,0,0,0,0,0,A,5000,6.99,0,0.08,0,3
5481,23,60000,RENT,2,0,0,1,1,0,0,0,0,0,A,5000,,0,0.08,0,3
5486,22,54000,RENT,1,0,0,1,1,0,0,0,0,0,A,5000,6.54,1,0.09,0,3
5502,25,62000,RENT,9,0,0,1,1,0,0,0,0,0,A,5000,,0,0.08,0,2
5507,22,63000,RENT,2,0,0,1,1,0,0,0,0,0,A,5000,7.74,0,0.08,0,3
5516,24,64600,RENT,2,0,0,1,1,0,0,0,0,0,A,5000,7.9,0,0.08,0,4
5550,22,67500,RENT,2,0,0,1,1,0,0,0,0,0,A,5000,7.74,0,0.07,0,4
5559,23,63900,RENT,7,0,0,1,1,0,0,0,0,0,D,5000,15.99,1,0.08,0,2
5560,24,69996,RENT,7,0,0,1,1,0,0,0,0,0,B,5000,10.38,0,0.07,0,4
5579,24,73000,RENT,1,0,0,1,1,0,0,0,0,0,B,5000,9.01,0,0.07,0,2
5593,22,75000,RENT,2,0,0,1,1,0,0,0,0,0,A,5000,5.79,0,0.07,0,2
5598,25,76000,RENT,1,0,0,1,1,0,0,0,0,0,A,5000,7.9,0,0.07,0,3
5599,25,76000,RENT,0,0,0,1,1,0,0,0,0,0,A,5000,8.9,0,0.07,0,2
5602,25,76500,RENT,4,0,0,1,1,0,0,0,0,0,C,5000,12.53,0,0.07,0,3
5603,25,78000,RENT,3,0,0,1,1,0,0,0,0,0,A,5000,7.66,0,0.06,0,3
5640,24,90000,RENT,0,0,0,1,1,0,0,0,0,0,B,5000,10.59,0,0.06,0,2
5663,24,100000,RENT,1,0,0,1,1,0,0,0,0,0,A,5000,,0,0.05,0,3
5684,22,111460,RENT,3,0,0,1,1,0,0,0,0,0,B,5000,11.71,0,0.04,0,4
5685,25,112000,RENT,7,0,0,1,1,0,0,0,0,0,B,5000,10.25,0,0.04,0,3
5701,23,138000,RENT,1,0,0,1,1,0,0,0,0,0,D,5000,14.91,1,0.04,0,4
5713,25,30000,RENT,2,0,0,1,1,0,0,0,0,0,E,5200,17.19,1,0.17,0,4
5714,25,32160,RENT,9,0,0,1,1,0,0,0,0,0,C,5200,14.65,0,0.16,0,4
5715,23,35000,RENT,0,0,0,1,1,0,0,0,0,0,C,5200,13.92,0,0.15,0,2
5717,25,38000,RENT,5,0,0,1,1,0,0,0,0,0,B,5200,10.74,0,0.14,0,3
5746,22,18000,RENT,2,0,0,1,1,0,0,0,0,0,C,5400,15.23,1,0.3,0,4
5791,26,15436,RENT,,0,0,1,1,0,0,0,0,0,A,5500,7.88,1,0.36,0,3
5820,22,26784,RENT,6,0,0,1,1,0,0,0,0,0,D,5500,14.74,1,0.21,0,4
5823,25,28800,RENT,0,0,0,1,1,0,0,0,0,0,B,5500,9.76,0,0.19,0,4
5838,23,33600,RENT,1,0,0,1,1,0,0,0,0,0,B,5500,,0,0.16,0,3
5851,24,38400,RENT,2,0,0,1,1,0,0,0,0,0,A,5500,6.92,0,0.14,0,3
5862,23,43000,RENT,1,0,0,1,1,0,0,0,0,0,B,5500,11.89,0,0.13,0,4
5874,22,50000,RENT,6,0,0,1,1,0,0,0,0,0,A,5500,7.14,0,0.11,0,3
5880,24,54000,RENT,6,0,0,1,1,0,0,0,0,0,A,5500,8.07,0,0.1,0,2
5918,24,19200,RENT,0,0,0,1,1,0,0,0,0,0,A,5600,8.9,1,0.29,0,2
5919,24,19800,RENT,1,0,0,1,1,0,0,0,0,0,A,5600,5.79,1,0.28,0,3
5927,22,26000,RENT,0,0,0,1,1,0,0,0,0,0,A,5600,8,0,0.22,0,2
5938,22,32000,RENT,3,0,0,1,1,0,0,0,0,0,A,5600,7.9,0,0.17,0,3
5948,24,38000,RENT,5,0,0,1,1,0,0,0,0,0,A,5600,6.62,0,0.15,0,4
5955,25,40000,RENT,2,0,0,1,1,0,0,0,0,0,B,5600,,0,0.14,0,3
5959,26,41000,RENT,10,0,0,1,1,0,0,0,0,0,C,5600,15.96,0,0.14,0,4
5992,21,60000,RENT,3,0,0,1,1,0,0,0,0,0,B,5600,9.25,0,0.09,0,3
5996,23,63000,RENT,0,0,0,1,1,0,0,0,0,0,A,5600,8.49,0,0.09,0,4
6019,21,89610,RENT,3,0,0,1,1,0,0,0,0,0,A,5600,6.54,0,0.06,0,4
6023,24,25000,RENT,0,0,0,1,1,0,0,0,0,0,C,5625,12.68,0,0.23,0,4
6037,24,46000,RENT,8,0,0,1,1,0,0,0,0,0,A,5700,7.66,0,0.12,0,3
6039,26,52500,RENT,0,0,0,1,1,0,0,0,0,0,B,5700,11.12,0,0.11,0,2
6072,26,144000,RENT,0,0,0,1,1,0,0,0,0,0,A,5800,7.29,0,0.04,0,3
6101,22,12000,RENT,0,0,0,1,1,0,0,0,0,0,B,6000,8.88,1,0.5,0,4
6119,21,18996,RENT,0,0,0,1,1,0,0,0,0,0,A,6000,,1,0.32,0,4
6155,26,24000,RENT,5,0,0,1,1,0,0,0,0,0,A,6000,6.62,0,0.25,0,4
6164,23,24000,RENT,0,0,0,1,1,0,0,0,0,0,B,6000,,0,0.25,0,2
6170,21,24996,RENT,6,0,0,1,1,0,0,0,0,0,C,6000,13.61,0,0.24,0,2
6175,25,25000,RENT,1,0,0,1,1,0,0,0,0,0,E,6000,16.4,1,0.24,0,2
6176,21,25000,RENT,3,0,0,1,1,0,0,0,0,0,B,6000,,0,0.24,0,4
6189,25,25200,RENT,0,0,0,1,1,0,0,0,0,0,B,6000,9.76,0,0.24,0,3
6192,21,26000,RENT,5,0,0,1,1,0,0,0,0,0,A,6000,7.49,0,0.23,0,2
6200,25,26780,RENT,0,0,0,1,1,0,0,0,0,0,B,6000,9.25,0,0.22,0,4
6209,22,27600,RENT,2,0,0,1,1,0,0,0,0,0,B,6000,10.38,0,0.22,0,4
6221,25,28675,RENT,1,0,0,1,1,0,0,0,0,0,A,6000,8.9,0,0.21,0,3
6225,23,28800,RENT,0,0,0,1,1,0,0,0,0,0,A,6000,8.94,0,0.21,0,3
6243,24,30000,RENT,2,0,0,1,1,0,0,0,0,0,C,6000,13.49,0,0.2,0,3
6252,23,30000,RENT,3,0,0,1,1,0,0,0,0,0,B,6000,11.71,0,0.2,0,4
6266,26,30000,RENT,3,0,0,1,1,0,0,0,0,0,A,6000,7.74,0,0.2,0,3
6272,26,31200,RENT,10,0,0,1,1,0,0,0,0,0,C,6000,15.23,0,0.19,0,3
6273,21,31200,RENT,1,0,0,1,1,0,0,0,0,0,D,6000,16.89,1,0.19,0,3
6274,25,31200,RENT,1,0,0,1,1,0,0,0,0,0,C,6000,13.8,1,0.19,0,4
6281,21,32000,RENT,5,0,0,1,1,0,0,0,0,0,A,6000,5.42,0,0.19,0,4
6299,26,33600,RENT,4,0,0,1,1,0,0,0,0,0,B,6000,10.71,0,0.18,0,3
6306,26,34000,RENT,6,0,0,1,1,0,0,0,0,0,B,6000,12.69,0,0.18,0,4
6342,22,36000,RENT,1,0,0,1,1,0,0,0,0,0,C,6000,12.68,0,0.17,0,4
6344,26,30000,RENT,2,0,0,1,1,0,0,0,0,0,E,6000,16.77,1,0.2,0,2
6352,25,36000,RENT,9,0,0,1,1,0,0,0,0,0,C,6000,14.72,0,0.17,0,2
6363,22,36000,RENT,1,0,0,1,1,0,0,0,0,0,A,6000,7.51,0,0.17,0,2
6384,23,31000,RENT,1,0,0,1,1,0,0,0,0,0,B,6000,11.71,1,0.19,0,2
6385,24,37000,RENT,1,0,0,1,1,0,0,0,0,0,A,6000,7.66,0,0.16,0,2
6390,21,37200,RENT,2,0,0,1,1,0,0,0,0,0,B,6000,11.71,0,0.16,0,4
6393,24,37920,RENT,4,0,0,1,1,0,0,0,0,0,A,6000,6.99,0,0.16,0,3
6400,24,38000,RENT,0,0,0,1,1,0,0,0,0,0,B,6000,10.39,0,0.16,0,2
6403,25,38004,RENT,0,0,0,1,1,0,0,0,0,0,B,6000,11.89,0,0.16,0,2
6410,24,33000,RENT,3,0,0,1,1,0,0,0,0,0,D,6000,15.62,1,0.18,0,2
6418,21,39900,RENT,3,0,0,1,1,0,0,0,0,0,B,6000,11.49,0,0.15,0,3
6419,23,39996,RENT,2,0,0,1,1,0,0,0,0,0,A,6000,7.51,0,0.15,0,3
6458,23,41124,RENT,7,0,0,1,1,0,0,0,0,0,A,6000,7.49,0,0.15,0,4
6464,22,42000,RENT,6,0,0,1,1,0,0,0,0,0,B,6000,10.65,0,0.14,0,2
6470,24,42000,RENT,8,0,0,1,1,0,0,0,0,0,C,6000,12.68,0,0.14,0,4
6521,23,45000,RENT,8,0,0,1,1,0,0,0,0,0,C,6000,12.53,0,0.13,0,2
6533,24,46151,RENT,2,0,0,1,1,0,0,0,0,0,B,6000,10.59,0,0.13,0,4
6544,24,47000,RENT,8,0,0,1,1,0,0,0,0,0,B,6000,10.99,0,0.13,0,4
6548,26,47000,RENT,1,0,0,1,1,0,0,0,0,0,B,6000,10.33,0,0.13,0,4
6575,23,42000,RENT,3,0,0,1,1,0,0,0,0,0,D,6000,14.42,1,0.14,0,4
6582,23,49000,RENT,6,0,0,1,1,0,0,0,0,0,A,6000,7.9,0,0.12,0,3
6592,23,50000,RENT,4,0,0,1,1,0,0,0,0,0,B,6000,11.49,0,0.12,0,3
6607,23,50000,RENT,4,0,0,1,1,0,0,0,0,0,A,6000,5.79,0,0.12,0,2
6611,22,50000,RENT,3,0,0,1,1,0,0,0,0,0,B,6000,10.25,0,0.12,0,3
6619,22,50000,RENT,2,0,0,1,1,0,0,0,0,0,B,6000,10.46,0,0.12,0,4
6625,22,50650,RENT,4,0,0,1,1,0,0,0,0,0,B,6000,11.86,0,0.12,0,2
6630,26,51356,RENT,4,0,0,1,1,0,0,0,0,0,A,6000,5.79,0,0.12,0,4
6632,25,51541,RENT,0,0,0,1,1,0,0,0,0,0,B,6000,12.18,0,0.12,0,4
6634,23,52000,RENT,4,0,0,1,1,0,0,0,0,0,C,6000,14.22,0,0.12,0,4
6663,25,55000,RENT,0,0,0,1,1,0,0,0,0,0,B,6000,10.65,0,0.11,0,2
6668,24,55000,RENT,0,0,0,1,1,0,0,0,0,0,A,6000,6.03,0,0.11,0,4
6672,22,55000,RENT,6,0,0,1,1,0,0,0,0,0,A,6000,6.99,0,0.11,0,3
6681,22,55000,RENT,5,0,0,1,1,0,0,0,0,0,A,6000,7.51,0,0.11,0,3
6693,23,50000,RENT,1,0,0,1,1,0,0,0,0,0,B,6000,11.48,1,0.12,0,4
6707,24,59400,RENT,8,0,0,1,1,0,0,0,0,0,A,6000,7.9,0,0.1,0,3
6710,23,60000,RENT,1,0,0,1,1,0,0,0,0,0,A,6000,,0,0.1,0,2
6742,22,24000,RENT,6,0,0,1,1,0,0,0,0,0,B,7125,9.67,0,0.3,0,3
6746,22,28000,RENT,6,0,0,1,1,0,0,0,0,0,B,7125,,0,0.25,0,4
6754,23,44400,RENT,2,0,0,1,1,0,0,0,0,0,A,7100,6.99,1,0.16,0,3
6755,25,95000,RENT,3,0,0,1,1,0,0,0,0,0,A,7100,6.99,0,0.07,0,2
6764,21,17000,RENT,,0,0,1,1,0,0,0,0,0,B,7000,10.62,1,0.41,0,2
6777,22,22500,RENT,2,0,0,1,1,0,0,0,0,0,B,7000,10.38,1,0.31,0,3
6778,24,22680,RENT,9,0,0,1,1,0,0,0,0,0,B,7000,10.62,1,0.31,0,3
6799,22,24996,RENT,6,0,0,1,1,0,0,0,0,0,B,7000,11.86,0,0.28,0,2
6804,23,63402,RENT,3,0,0,1,1,0,0,0,0,0,C,6000,13.22,0,0.09,0,4
6816,24,59000,RENT,2,0,0,1,1,0,0,0,0,0,D,6000,16,1,0.1,0,4
6818,25,65004,RENT,0,0,0,1,1,0,0,0,0,0,C,6000,12.87,0,0.09,0,4
6825,24,67644,RENT,3,0,0,1,1,0,0,0,0,0,A,6000,6.99,0,0.09,0,3
6836,22,69500,RENT,6,0,0,1,1,0,0,0,0,0,B,6000,10.65,0,0.09,0,4
6927,25,73000,RENT,2,0,0,1,1,0,0,0,0,0,D,6000,14.96,1,0.08,0,4
6959,24,96500,RENT,0,0,0,1,1,0,0,0,0,0,A,6000,7.66,0,0.06,0,2
6960,26,98000,RENT,8,0,0,1,1,0,0,0,0,0,B,6000,10.99,0,0.06,0,3
6972,23,95000,RENT,7,0,0,1,1,0,0,0,0,0,D,6000,16.49,1,0.06,0,4
6981,26,140000,RENT,2,0,0,1,1,0,0,0,0,0,B,6000,11.36,0,0.04,0,4
6984,26,38000,RENT,0,0,0,1,1,0,0,0,0,0,B,6025,10.99,0,0.16,0,3
6991,25,19200,RENT,3,0,0,1,1,0,0,0,0,0,B,6150,11.46,1,0.32,0,3
6994,24,77385,RENT,5,0,0,1,1,0,0,0,0,0,A,6150,5.99,0,0.08,0,4
7006,26,39996,RENT,2,0,0,1,1,0,0,0,0,0,C,6200,13.79,0,0.16,0,2
7017,22,46000,RENT,1,0,0,1,1,0,0,0,0,0,D,6200,,1,0.13,0,4
7019,23,60000,RENT,1,0,0,1,1,0,0,0,0,0,B,6200,10.65,0,0.1,0,3
7038,22,19200,RENT,2,0,0,1,1,0,0,0,0,0,A,6250,7.51,1,0.33,0,3
7060,22,56000,RENT,0,0,0,1,1,0,0,0,0,0,B,7000,11.36,0,0.13,0,2
7070,26,60000,RENT,9,0,0,1,1,0,0,0,0,0,C,7000,13.49,0,0.12,0,2
7074,23,60000,RENT,4,0,0,1,1,0,0,0,0,0,A,7000,6.03,0,0.12,0,3
7076,25,54000,RENT,1,0,0,1,1,0,0,0,0,0,F,7000,20.89,1,0.13,0,3
7081,23,60000,RENT,4,0,0,1,1,0,0,0,0,0,A,7000,5.79,0,0.12,0,3
7100,22,60500,RENT,3,0,0,1,1,0,0,0,0,0,C,7000,12.84,0,0.12,0,2
7108,25,62000,RENT,9,0,0,1,1,0,0,0,0,0,A,7000,7.49,0,0.11,0,4
7121,22,65000,RENT,0,0,0,1,1,0,0,0,0,0,C,7000,12.99,0,0.11,0,2
7131,24,65000,RENT,0,0,0,1,1,0,0,0,0,0,B,7000,11.83,0,0.11,0,2
7168,26,75000,RENT,0,0,0,1,1,0,0,0,0,0,A,7000,8.9,0,0.09,0,4
7180,22,80000,RENT,4,0,0,1,1,0,0,0,0,0,A,7000,6.62,0,0.09,0,3
7208,24,29000,RENT,0,0,0,1,1,0,0,0,0,0,B,6250,10.99,0,0.22,0,2
7214,23,38400,RENT,3,0,0,1,1,0,0,0,0,0,A,6250,8.9,0,0.16,0,4
7216,23,54000,RENT,3,0,0,1,1,0,0,0,0,0,A,6250,6.99,0,0.12,0,3
7218,21,30000,RENT,2,0,0,1,1,0,0,0,0,0,B,6300,11.71,0,0.21,0,3
7225,25,95000,RENT,1,0,0,1,1,0,0,0,0,0,A,7000,6.99,0,0.07,0,2
7227,24,96000,RENT,6,0,0,1,1,0,0,0,0,0,B,7000,9.91,0,0.07,0,2
7228,26,97000,RENT,2,0,0,1,1,0,0,0,0,0,A,7000,7.91,0,0.07,0,4
7230,26,100840,RENT,10,0,0,1,1,0,0,0,0,0,B,7000,9.99,0,0.07,0,3
7238,22,115200,RENT,0,0,0,1,1,0,0,0,0,0,A,7000,7.66,0,0.06,0,2
7267,22,60200,RENT,2,0,0,1,1,0,0,0,0,0,A,6325,7.51,0,0.11,0,3
7269,26,32000,RENT,7,0,0,1,1,0,0,0,0,0,B,6375,10.74,0,0.2,0,2
7274,22,20000,RENT,1,0,0,1,1,0,0,0,0,0,B,6500,10.99,1,0.33,0,2
7322,25,40000,RENT,1,0,0,1,1,0,0,0,0,0,B,6500,11.89,0,0.16,0,4
7348,21,55404,RENT,5,0,0,1,1,0,0,0,0,0,C,6500,13.98,0,0.12,0,4
7355,22,63211,RENT,7,0,0,1,1,0,0,0,0,0,B,6500,11.86,0,0.1,0,2
7356,25,66000,RENT,7,0,0,1,1,0,0,0,0,0,B,6500,10.25,0,0.1,0,3
7361,24,73000,RENT,2,0,0,1,1,0,0,0,0,0,A,6500,,0,0.09,0,4
7401,26,41000,RENT,1,0,0,1,1,0,0,0,0,0,A,6600,8,0,0.16,0,2
7406,23,52000,RENT,8,0,0,1,1,0,0,0,0,0,A,6600,7.49,0,0.13,0,3
7414,22,60000,RENT,0,0,0,1,1,0,0,0,0,0,B,6600,10.59,0,0.11,0,2
7428,25,13200,RENT,0,0,0,1,1,0,0,0,0,0,A,6625,8.63,1,0.5,0,3
7430,21,28000,RENT,2,0,0,1,1,0,0,0,0,0,C,6625,13.06,1,0.24,0,2
7443,21,21600,RENT,,0,0,1,1,0,0,0,0,0,A,6700,6.92,1,0.31,0,4
7450,22,48000,RENT,3,0,0,1,1,0,0,0,0,0,B,6700,11.99,0,0.14,0,3
7458,23,70000,RENT,8,0,0,1,1,0,0,0,0,0,A,6725,6.62,0,0.1,0,2
7501,25,68004,RENT,8,0,0,1,1,0,0,0,0,0,A,6800,8.49,0,0.1,0,4
7510,23,25000,RENT,4,0,0,1,1,0,0,0,0,0,B,6475,9.91,0,0.26,0,3
7535,22,30000,RENT,1,0,0,1,1,0,0,0,0,0,E,6400,16,1,0.21,0,3
7563,23,37000,RENT,4,0,0,1,1,0,0,0,0,0,A,6400,,0,0.17,0,4
7574,22,38000,RENT,2,0,0,1,1,0,0,0,0,0,F,6400,20.62,1,0.17,0,3
7600,24,60000,RENT,2,0,0,1,1,0,0,0,0,0,A,6400,,0,0.11,0,4
7607,24,65000,RENT,2,0,0,1,1,0,0,0,0,0,B,6400,10.65,0,0.1,0,2
7635,24,77500,RENT,0,0,0,1,1,0,0,0,0,0,B,6800,10.99,0,0.09,0,3
7643,23,124000,RENT,3,0,0,1,1,0,0,0,0,0,A,6800,6.03,0,0.05,0,2
7646,23,73000,RENT,0,0,0,1,1,0,0,0,0,0,B,6825,10.99,0,0.09,0,3
7648,22,47000,RENT,3,0,0,1,1,0,0,0,0,0,B,6850,10.65,1,0.15,0,4
7654,22,28000,RENT,5,0,0,1,1,0,0,0,0,0,B,6900,9.99,0,0.25,0,3
7665,26,34000,RENT,10,0,0,1,1,0,0,0,0,0,D,6925,15.99,1,0.2,0,3
7674,25,26004,RENT,8,0,0,1,1,0,0,0,0,0,A,7000,6.92,0,0.27,0,3
7694,23,28038,RENT,2,0,0,1,1,0,0,0,0,0,A,7000,7.88,0,0.25,0,4
7696,25,28500,RENT,0,0,0,1,1,0,0,0,0,0,B,7000,10,0,0.25,0,3
7699,23,28685,RENT,3,0,0,1,1,0,0,0,0,0,C,7000,12.73,0,0.24,0,2
7717,21,30600,RENT,,0,0,1,1,0,0,0,0,0,A,7000,7.29,0,0.23,0,2
7730,22,32340,RENT,6,0,0,1,1,0,0,0,0,0,A,7000,6.62,0,0.22,0,2
7738,23,33000,RENT,1,0,0,1,1,0,0,0,0,0,C,7000,13.61,0,0.21,0,4
7742,22,33000,RENT,2,0,0,1,1,0,0,0,0,0,B,7000,,0,0.21,0,2
7746,24,33996,RENT,1,0,0,1,1,0,0,0,0,0,C,7000,13.16,1,0.21,0,3
7753,23,35000,RENT,5,0,0,1,1,0,0,0,0,0,A,7000,6.03,0,0.2,0,2
7767,22,35350,RENT,3,0,0,1,1,0,0,0,0,0,B,7000,9.99,0,0.2,0,3
7785,25,37200,RENT,0,0,0,1,1,0,0,0,0,0,B,7000,12.42,0,0.19,0,3
7788,21,37200,RENT,1,0,0,1,1,0,0,0,0,0,B,7000,10.99,0,0.19,0,3
7796,25,38400,RENT,0,0,0,1,1,0,0,0,0,0,B,7000,9.99,0,0.18,0,2
7804,22,40000,RENT,0,0,0,1,1,0,0,0,0,0,B,7000,10.65,0,0.17,0,2
7807,22,40000,RENT,1,0,0,1,1,0,0,0,0,0,B,7000,11.11,0,0.17,0,3
7812,25,40000,RENT,2,0,0,1,1,0,0,0,0,0,A,7000,8.94,0,0.17,0,3
7837,26,42000,RENT,10,0,0,1,1,0,0,0,0,0,A,7000,,0,0.17,0,2
7839,22,42000,RENT,6,0,0,1,1,0,0,0,0,0,C,7000,12.68,0,0.17,0,2
7863,22,37200,RENT,6,0,0,1,1,0,0,0,0,0,A,7000,7.9,1,0.19,0,4
7872,26,45000,RENT,5,0,0,1,1,0,0,0,0,0,A,7000,8.9,0,0.16,0,4
7897,25,46000,RENT,3,0,0,1,1,0,0,0,0,0,A,7000,9.07,0,0.15,0,3
7898,25,46800,RENT,0,0,0,1,1,0,0,0,0,0,A,7000,8.63,0,0.15,0,3
7919,24,50000,RENT,8,0,0,1,1,0,0,0,0,0,B,7000,11.71,0,0.14,0,3
7953,25,52000,RENT,1,0,0,1,1,0,0,0,0,0,C,7000,12.53,0,0.13,0,3
7959,22,54000,RENT,0,0,0,1,1,0,0,0,0,0,C,7000,13.61,0,0.13,0,4
7963,23,54008,RENT,5,0,0,1,1,0,0,0,0,0,B,7000,9.91,0,0.13,0,3
7977,26,50000,RENT,1,0,0,1,1,0,0,0,0,0,B,7150,12.69,0,0.14,0,2
7982,23,85000,RENT,0,0,0,1,1,0,0,0,0,0,A,7175,7.49,0,0.08,0,4
7983,22,14400,RENT,0,0,0,1,1,0,0,0,0,0,B,7200,11.71,1,0.5,0,4
7985,22,20800,RENT,1,0,0,1,1,0,0,0,0,0,A,7200,6.91,1,0.35,0,4
7989,24,23000,RENT,1,0,0,1,1,0,0,0,0,0,B,7200,12.69,1,0.31,0,2
8004,21,31700,RENT,0,0,0,1,1,0,0,0,0,0,B,7200,11.71,1,0.23,0,4
8021,21,35000,RENT,5,0,0,1,1,0,0,0,0,0,B,7200,12.69,0,0.21,0,3
8024,23,31000,RENT,4,0,0,1,1,0,0,0,0,0,D,7200,14.54,1,0.23,0,3
8029,23,38000,RENT,0,0,0,1,1,0,0,0,0,0,A,7200,7.9,0,0.19,0,4
8048,24,45000,RENT,3,0,0,1,1,0,0,0,0,0,B,7200,10.65,0,0.16,0,4
8059,25,48000,RENT,6,0,0,1,1,0,0,0,0,0,B,7200,11.36,0,0.15,0,3
8065,22,50000,RENT,6,0,0,1,1,0,0,0,0,0,B,7200,,0,0.14,0,4
8080,22,54996,RENT,5,0,0,1,1,0,0,0,0,0,A,7200,7.66,0,0.13,0,2
8084,23,51000,RENT,3,0,0,1,1,0,0,0,0,0,E,7200,14.67,1,0.14,0,3
8116,23,80000,RENT,3,0,0,1,1,0,0,0,0,0,A,7200,8.9,0,0.09,0,2
8117,23,80500,RENT,5,0,0,1,1,0,0,0,0,0,B,7200,9.25,0,0.09,0,4
8124,25,88500,RENT,3,0,0,1,1,0,0,0,0,0,C,7200,13.47,0,0.08,0,3
8129,26,90000,RENT,1,0,0,1,1,0,0,0,0,0,B,7200,9.91,0,0.08,0,2
8134,23,93000,RENT,1,0,0,1,1,0,0,0,0,0,A,7200,6.92,0,0.08,0,2
8154,26,37086,RENT,7,0,0,1,1,0,0,0,0,0,A,7300,7.88,0,0.2,0,4
8157,26,41400,RENT,5,0,0,1,1,0,0,0,0,0,B,7300,9.45,0,0.18,0,4
8180,25,62000,RENT,0,0,0,1,1,0,0,0,0,0,A,7400,6.99,0,0.12,0,2
8192,23,21000,RENT,6,0,0,1,1,0,0,0,0,0,A,7500,6.91,1,0.36,0,4
8210,23,30000,RENT,3,0,0,1,1,0,0,0,0,0,B,7500,,0,0.25,0,4
8223,26,34000,RENT,5,0,0,1,1,0,0,0,0,0,A,7500,7.9,1,0.22,0,3
8234,25,35000,RENT,2,0,0,1,1,0,0,0,0,0,B,7500,10.99,0,0.21,0,2
8238,25,36000,RENT,0,0,0,1,1,0,0,0,0,0,C,7500,13.49,0,0.21,0,4
8264,24,40000,RENT,0,0,0,1,1,0,0,0,0,0,B,7500,11.36,0,0.19,0,4
8272,26,42000,RENT,0,0,0,1,1,0,0,0,0,0,B,7500,10.25,0,0.18,0,4
8299,26,46800,RENT,6,0,0,1,1,0,0,0,0,0,B,7500,9.99,0,0.16,0,3
8300,21,47500,RENT,2,0,0,1,1,0,0,0,0,0,B,7500,10.99,0,0.16,0,2
8304,22,42000,RENT,7,0,0,1,1,0,0,0,0,0,E,7500,17.04,1,0.18,0,2
8305,25,48000,RENT,9,0,0,1,1,0,0,0,0,0,C,7500,12.53,0,0.16,0,3
8329,22,44400,RENT,4,0,0,1,1,0,0,0,0,0,A,7500,8.49,1,0.17,0,4
8331,22,50663,RENT,0,0,0,1,1,0,0,0,0,0,C,7500,13.22,0,0.15,0,3
8340,22,55000,RENT,6,0,0,1,1,0,0,0,0,0,A,7500,6.03,0,0.14,0,2
8378,26,64000,RENT,8,0,0,1,1,0,0,0,0,0,B,7500,9.83,0,0.12,0,3
8415,24,79992,RENT,0,0,0,1,1,0,0,0,0,0,B,7500,10.71,0,0.09,0,4
8425,23,87000,RENT,1,0,0,1,1,0,0,0,0,0,B,7500,10.33,0,0.09,0,2
8488,26,24000,RENT,1,0,0,1,1,0,0,0,0,0,C,7750,14.35,1,0.32,0,3
8508,22,33000,RENT,5,0,0,1,1,0,0,0,0,0,B,7800,10.99,0,0.24,0,3
8514,21,34000,RENT,5,0,0,1,1,0,0,0,0,0,C,7800,13.79,1,0.23,0,2
8528,23,45000,RENT,0,0,0,1,1,0,0,0,0,0,B,7800,12.69,0,0.17,0,4
8530,24,54000,RENT,2,0,0,1,1,0,0,0,0,0,A,7800,7.9,0,0.14,0,4
8541,21,100000,RENT,1,0,0,1,1,0,0,0,0,0,A,7800,7.88,0,0.08,0,2
8592,23,23148,RENT,0,0,0,1,1,0,0,0,0,0,B,8000,,1,0.35,0,4
8611,23,25200,RENT,1,0,0,1,1,0,0,0,0,0,C,8000,12.73,1,0.32,0,4
8626,21,28000,RENT,0,0,0,1,1,0,0,0,0,0,A,8000,7.51,0,0.29,0,4
8628,23,28000,RENT,8,0,0,1,1,0,0,0,0,0,A,8000,7.74,0,0.29,0,4
8629,24,28000,RENT,9,0,0,1,1,0,0,0,0,0,C,8000,12.84,0,0.29,0,4
8657,25,30000,RENT,6,0,0,1,1,0,0,0,0,0,B,8000,10.74,0,0.27,0,3
8677,22,30996,RENT,2,0,0,1,1,0,0,0,0,0,B,8000,11.49,0,0.26,0,2
8688,25,32000,RENT,2,0,0,1,1,0,0,0,0,0,B,8000,10.62,0,0.25,0,3
8694,22,33996,RENT,1,0,0,1,1,0,0,0,0,0,B,8000,10.51,1,0.24,0,3
8695,22,34000,RENT,2,0,0,1,1,0,0,0,0,0,B,8000,9.91,0,0.24,0,4
8705,22,35000,RENT,3,0,0,1,1,0,0,0,0,0,C,8000,14.27,0,0.23,0,3
8731,22,30000,RENT,2,0,0,1,1,0,0,0,0,0,B,8000,11.11,1,0.27,0,3
8747,26,36903,RENT,3,0,0,1,1,0,0,0,0,0,B,8000,12.21,0,0.22,0,2
8781,22,38004,RENT,2,0,0,1,1,0,0,0,0,0,B,8000,11.36,0,0.21,0,3
8785,26,39000,RENT,2,0,0,1,1,0,0,0,0,0,A,8000,6.62,0,0.21,0,2
8796,25,40000,RENT,9,0,0,1,1,0,0,0,0,0,B,8000,12.42,0,0.2,0,2
8805,21,40000,RENT,2,0,0,1,1,0,0,0,0,0,B,8000,9.63,0,0.2,0,2
8809,22,40000,RENT,2,0,0,1,1,0,0,0,0,0,B,8000,11.36,0,0.2,0,4
8857,23,43000,RENT,3,0,0,1,1,0,0,0,0,0,B,8000,10.37,0,0.19,0,4
8875,23,39000,RENT,3,0,0,1,1,0,0,0,0,0,D,8000,16.49,1,0.21,0,3
8876,24,39000,RENT,4,0,0,1,1,0,0,0,0,0,C,8000,,1,0.21,0,2
8895,22,46000,RENT,3,0,0,1,1,0,0,0,0,0,A,8000,6.17,0,0.17,0,2
8904,21,41000,RENT,4,0,0,1,1,0,0,0,0,0,B,8000,9.91,1,0.2,0,4
8917,23,48000,RENT,3,0,0,1,1,0,0,0,0,0,A,8000,8.49,0,0.17,0,2
8926,24,48000,RENT,,0,0,1,1,0,0,0,0,0,A,8000,7.51,0,0.17,0,4
8931,26,48000,RENT,3,0,0,1,1,0,0,0,0,0,B,8000,9.96,0,0.17,0,3
8951,24,50000,RENT,9,0,0,1,1,0,0,0,0,0,B,8000,9.99,0,0.16,0,2
8960,25,50000,RENT,4,0,0,1,1,0,0,0,0,0,C,8000,13.85,0,0.16,0,3
8975,26,50049,RENT,5,0,0,1,1,0,0,0,0,0,C,8000,12.99,0,0.16,0,3
8985,23,52000,RENT,5,0,0,1,1,0,0,0,0,0,C,8000,13.22,0,0.15,0,2
9001,26,53688,RENT,11,0,0,1,1,0,0,0,0,0,A,8000,5.42,0,0.15,0,4
9002,23,54000,RENT,7,0,0,1,1,0,0,0,0,0,B,8000,10.99,0,0.15,0,4
9003,23,48000,RENT,3,0,0,1,1,0,0,0,0,0,D,8000,15.58,1,0.17,0,2
9008,23,54500,RENT,2,0,0,1,1,0,0,0,0,0,A,8000,,0,0.15,0,2
9009,22,54600,RENT,6,0,0,1,1,0,0,0,0,0,A,8000,7.51,0,0.15,0,2
9033,23,55550,RENT,7,0,0,1,1,0,0,0,0,0,B,8000,,0,0.14,0,3
9037,23,50000,RENT,7,0,0,1,1,0,0,0,0,0,D,8000,16.02,1,0.16,0,3
9049,23,57996,RENT,5,0,0,1,1,0,0,0,0,0,A,8000,7.14,0,0.14,0,2
9064,22,60000,RENT,2,0,0,1,1,0,0,0,0,0,C,8000,13.49,0,0.13,0,3
9078,23,60000,RENT,2,0,0,1,1,0,0,0,0,0,B,8000,,0,0.13,0,3
9113,23,15000,RENT,3,0,0,1,1,0,0,0,0,0,B,5175,12.18,1,0.34,0,2
9114,25,21000,RENT,0,0,0,1,1,0,0,0,0,0,B,5175,12.53,1,0.25,0,2
9116,21,54000,RENT,5,0,0,1,1,0,0,0,0,0,A,5125,5.99,1,0.09,0,4
9124,21,35368,RENT,0,0,0,1,1,0,0,0,0,0,C,5100,12.99,0,0.14,0,2
9135,22,36000,RENT,4,0,0,1,1,0,0,0,0,0,B,5075,,0,0.14,0,2
9142,22,40000,RENT,2,0,0,1,1,0,0,0,0,0,C,5025,13.43,0,0.13,0,2
9152,24,13000,RENT,0,0,0,1,1,0,0,0,0,0,A,5000,8,1,0.38,0,2
9163,26,15600,RENT,5,0,0,1,1,0,0,0,0,0,A,5000,5.99,1,0.32,0,3
9172,22,16320,RENT,0,0,0,1,1,0,0,0,0,0,B,5000,12.53,1,0.31,0,2
9181,21,17220,RENT,,0,0,1,1,0,0,0,0,0,B,5000,10.37,1,0.29,0,3
9193,24,19200,RENT,2,0,0,1,1,0,0,0,0,0,B,5000,,1,0.26,0,3
9204,22,20000,RENT,2,0,0,1,1,0,0,0,0,0,B,5000,11.86,0,0.25,0,4
9205,21,20000,RENT,2,0,0,1,1,0,0,0,0,0,B,5000,10.39,0,0.25,0,2
9216,24,21000,RENT,0,0,0,1,1,0,0,0,0,0,A,5000,8.63,0,0.24,0,2
9220,26,21600,RENT,0,0,0,1,1,0,0,0,0,0,B,5000,9.99,0,0.23,0,4
9232,26,22800,RENT,4,0,0,1,1,0,0,0,0,0,C,5000,13.57,0,0.22,0,4
9241,24,24000,RENT,4,0,0,1,1,0,0,0,0,0,A,5000,7.51,0,0.21,0,2
9256,25,24000,RENT,2,0,0,1,1,0,0,0,0,0,C,5000,12.61,0,0.21,0,3
9258,23,24000,RENT,4,0,0,1,1,0,0,0,0,0,B,5000,10.62,0,0.21,0,4
9263,21,24996,RENT,0,0,0,1,1,0,0,0,0,0,D,5000,,1,0.2,0,3
9275,23,25000,RENT,0,0,0,1,1,0,0,0,0,0,A,5000,6.91,0,0.2,0,3
9281,24,25000,RENT,2,0,0,1,1,0,0,0,0,0,A,5000,8.94,1,0.2,0,2
9303,22,27000,RENT,6,0,0,1,1,0,0,0,0,0,A,5000,9.32,0,0.19,0,2
9305,25,27096,RENT,7,0,0,1,1,0,0,0,0,0,A,5000,7.9,1,0.18,0,2
9383,24,70000,RENT,8,0,0,1,1,0,0,0,0,0,B,8000,11.71,0,0.11,0,3
9403,25,72000,RENT,2,0,0,1,1,0,0,0,0,0,A,8000,7.9,0,0.11,0,4
9423,22,75000,RENT,0,0,0,1,1,0,0,0,0,0,A,8000,5.99,0,0.11,0,3
9424,23,75000,RENT,5,0,0,1,1,0,0,0,0,0,B,8000,10.74,0,0.11,0,3
9434,24,77000,RENT,2,0,0,1,1,0,0,0,0,0,A,8000,7.51,0,0.1,0,3
9476,23,76500,RENT,0,0,0,1,1,0,0,0,0,0,C,8000,14.26,1,0.1,0,4
9489,23,92004,RENT,2,0,0,1,1,0,0,0,0,0,B,8000,11.49,0,0.09,0,4
9497,25,95000,RENT,0,0,0,1,1,0,0,0,0,0,B,8000,10.36,0,0.08,0,3
9515,23,89000,RENT,8,0,0,1,1,0,0,0,0,0,D,8000,14.74,1,0.09,0,3
9517,24,105000,RENT,8,0,0,1,1,0,0,0,0,0,A,8000,7.51,0,0.08,0,3
9521,24,108000,RENT,8,0,0,1,1,0,0,0,0,0,B,8000,9.88,0,0.07,0,4
9529,25,108000,RENT,5,0,0,1,1,0,0,0,0,0,E,8000,16.77,1,0.07,0,3
9547,24,131400,RENT,8,0,0,1,1,0,0,0,0,0,D,8000,15.99,1,0.06,0,2
9556,21,50000,RENT,5,0,0,1,1,0,0,0,0,0,A,8075,6.17,0,0.16,0,2
9559,23,78000,RENT,7,0,0,1,1,0,0,0,0,0,A,8100,7.29,0,0.1,0,2
9593,21,50000,RENT,5,0,0,1,1,0,0,0,0,0,A,8300,8.9,0,0.17,0,4
9601,26,77100,RENT,6,0,0,1,1,0,0,0,0,0,A,8350,6.99,0,0.11,0,3
9631,26,35500,RENT,10,0,0,1,1,0,0,0,0,0,D,8400,17.27,1,0.24,0,4
9643,26,48000,RENT,4,0,0,1,1,0,0,0,0,0,B,8400,11.12,0,0.17,0,2
9648,26,51300,RENT,9,0,0,1,1,0,0,0,0,0,B,8400,11.99,0,0.16,0,3
9665,23,56000,RENT,3,0,0,1,1,0,0,0,0,0,B,8400,10.99,0,0.15,0,2
9705,26,18000,RENT,2,0,0,1,1,0,0,0,0,0,C,8500,14.27,1,0.47,0,3
9709,26,19200,RENT,0,0,0,1,1,0,0,0,0,0,B,8500,9.99,1,0.44,0,2
9723,25,55000,RENT,0,0,0,1,1,0,0,0,0,0,C,8575,14.65,0,0.16,0,3
9772,22,26000,RENT,0,0,0,1,1,0,0,0,0,0,C,9000,12.73,1,0.35,0,4
9807,24,34000,RENT,0,0,0,1,1,0,0,0,0,0,B,9000,11.83,0,0.26,0,4
9809,24,34000,RENT,2,0,0,1,1,0,0,0,0,0,C,9000,13.16,0,0.26,0,3
9820,23,36000,RENT,,0,0,1,1,0,0,0,0,0,B,9000,11.11,0,0.25,0,3
9845,24,38400,RENT,6,0,0,1,1,0,0,0,0,0,A,9000,7.9,0,0.23,0,2
9872,23,42000,RENT,3,0,0,1,1,0,0,0,0,0,A,9000,7.51,0,0.21,0,4
9884,26,44000,RENT,4,0,0,1,1,0,0,0,0,0,B,9000,10.99,0,0.2,0,2
9899,26,45000,RENT,0,0,0,1,1,0,0,0,0,0,B,9000,10.39,0,0.2,0,2
9913,25,47000,RENT,1,0,0,1,1,0,0,0,0,0,A,9000,7.51,0,0.19,0,3
9916,22,48000,RENT,2,0,0,1,1,0,0,0,0,0,A,9000,7.88,0,0.19,0,2
9923,25,50000,RENT,5,0,0,1,1,0,0,0,0,0,B,9000,12.69,0,0.18,0,3
9931,26,50760,RENT,3,0,0,1,1,0,0,0,0,0,A,9000,8.94,0,0.18,0,2
9940,26,51400,RENT,4,0,0,1,1,0,0,0,0,0,C,9000,13.61,0,0.18,0,2
9956,24,52800,RENT,8,0,0,1,1,0,0,0,0,0,A,9000,7.49,0,0.17,0,4
9958,23,53664,RENT,1,0,0,1,1,0,0,0,0,0,B,9000,12.21,0,0.17,0,4
9978,26,45000,RENT,2,0,0,1,1,0,0,0,0,0,A,9050,7.29,0,0.2,0,3
9982,22,57500,RENT,1,0,0,1,1,0,0,0,0,0,B,9100,11.49,0,0.16,0,4
9989,26,29000,RENT,10,0,0,1,1,0,0,0,0,0,A,9200,7.49,1,0.32,0,3
9990,21,30000,RENT,6,0,0,1,1,0,0,0,0,0,A,9200,6.62,1,0.31,0,3
10001,24,77385,RENT,6,0,0,1,1,0,0,0,0,0,A,9200,6.03,0,0.12,0,3
10008,21,13000,RENT,0,0,0,1,1,0,0,0,0,0,C,9250,12.53,1,0.71,0,3
10030,24,28800,RENT,3,0,0,1,1,0,0,0,0,0,C,9250,13.57,1,0.32,0,3
10044,22,66800,RENT,2,0,0,1,1,0,0,0,0,0,A,9300,,0,0.14,0,3
10069,21,26000,RENT,1,0,0,1,1,0,0,0,0,0,D,9450,16.77,1,0.36,0,2
10113,22,56400,RENT,2,0,0,1,1,0,0,0,0,0,A,9500,8.9,0,0.17,0,4
10120,25,68000,RENT,2,0,0,1,1,0,0,0,0,0,A,9500,7.14,0,0.14,0,3
10130,22,43000,RENT,1,0,0,1,1,0,0,0,0,0,A,9575,6.62,0,0.22,0,3
10163,25,31000,RENT,5,0,0,1,1,0,0,0,0,0,D,9600,16.77,1,0.31,0,3
10199,22,46000,RENT,0,0,0,1,1,0,0,0,0,0,B,9600,10.99,0,0.21,0,4
10227,22,49000,RENT,3,0,0,1,1,0,0,0,0,0,D,9600,,1,0.2,0,2
10235,25,60000,RENT,9,0,0,1,1,0,0,0,0,0,A,9600,7.9,0,0.16,0,2
10254,24,65450,RENT,7,0,0,1,1,0,0,0,0,0,A,9600,8.49,0,0.15,0,2
10257,22,68004,RENT,4,0,0,1,1,0,0,0,0,0,A,9600,7.51,0,0.14,0,2
10289,24,77964,RENT,4,0,0,1,1,0,0,0,0,0,D,9600,14.42,1,0.12,0,2
10307,23,97500,RENT,0,0,0,1,1,0,0,0,0,0,B,9600,10.37,0,0.1,0,3
10363,24,24000,RENT,3,0,0,1,1,0,0,0,0,0,B,10000,10.38,1,0.42,0,4
10368,21,24000,RENT,,0,0,1,1,0,0,0,0,0,C,10000,13.48,1,0.42,0,2
10370,24,24000,RENT,6,0,0,1,1,0,0,0,0,0,B,10000,10.99,1,0.42,0,4
10371,22,24000,RENT,6,0,0,1,1,0,0,0,0,0,A,10000,,1,0.42,0,3
10386,25,25000,RENT,,0,0,1,1,0,0,0,0,0,A,10000,7.66,1,0.4,0,4
10401,22,26000,RENT,1,0,0,1,1,0,0,0,0,0,B,10000,10.65,1,0.38,0,3
10422,24,27000,RENT,0,0,0,1,1,0,0,0,0,0,C,10000,12.73,1,0.37,0,2
10425,23,27996,RENT,7,0,0,1,1,0,0,0,0,0,A,10000,,1,0.36,0,2
10434,21,29000,RENT,5,0,0,1,1,0,0,0,0,0,B,10000,10,1,0.34,0,4
10448,23,30000,RENT,3,0,0,1,1,0,0,0,0,0,A,10000,7.49,1,0.33,0,2
10449,26,30000,RENT,1,0,0,1,1,0,0,0,0,0,A,10000,6.99,1,0.33,0,4
10457,22,30000,RENT,6,0,0,1,1,0,0,0,0,0,B,10000,10.37,1,0.33,0,4
10491,24,30000,RENT,4,0,0,1,1,0,0,0,0,0,C,10000,11.66,1,0.33,0,2
10494,23,30680,RENT,7,0,0,1,1,0,0,0,0,0,B,10000,10.37,1,0.33,0,4
10495,26,30720,RENT,4,0,0,1,1,0,0,0,0,0,B,10000,11.49,1,0.33,0,3
10498,26,30720,RENT,5,0,0,1,1,0,0,0,0,0,A,10000,7.88,1,0.33,0,2
10544,21,33000,RENT,5,0,0,1,1,0,0,0,0,0,D,10000,,1,0.3,0,4
10547,21,33276,RENT,1,0,0,1,1,0,0,0,0,0,B,10000,11.83,0,0.3,0,3
10557,24,33600,RENT,1,0,0,1,1,0,0,0,0,0,B,10000,9.88,1,0.3,0,4
10566,22,34500,RENT,0,0,0,1,1,0,0,0,0,0,C,10000,13.79,0,0.29,0,2
10570,24,35000,RENT,1,0,0,1,1,0,0,0,0,0,B,10000,,0,0.29,0,4
10579,24,35000,RENT,8,0,0,1,1,0,0,0,0,0,C,10000,13.48,0,0.29,0,4
10589,23,35000,RENT,3,0,0,1,1,0,0,0,0,0,C,10000,13.22,0,0.29,0,2
10607,25,36000,RENT,2,0,0,1,1,0,0,0,0,0,B,10000,12.42,0,0.28,0,4
10643,23,30000,RENT,1,0,0,1,1,0,0,0,0,0,E,10000,16,1,0.33,0,4
10649,24,36000,RENT,2,0,0,1,1,0,0,0,0,0,B,10000,11.46,0,0.28,0,4
10655,22,37000,RENT,,0,0,1,1,0,0,0,0,0,B,10000,,0,0.27,0,2
10667,26,37500,RENT,1,0,0,1,1,0,0,0,0,0,A,10000,8.94,0,0.27,0,3
10668,23,31800,RENT,4,0,0,1,1,0,0,0,0,0,D,10000,15.33,1,0.31,0,4
10698,24,38400,RENT,9,0,0,1,1,0,0,0,0,0,B,10000,10.38,0,0.26,0,3
10706,26,38832,RENT,0,0,0,1,1,0,0,0,0,0,B,10000,10.37,0,0.26,0,2
10719,22,39600,RENT,5,0,0,1,1,0,0,0,0,0,B,10000,11.71,0,0.25,0,2
10749,24,40000,RENT,5,0,0,1,1,0,0,0,0,0,B,10000,11.99,0,0.25,0,3
10784,23,40000,RENT,4,0,0,1,1,0,0,0,0,0,C,10000,12.84,0,0.25,0,4
10795,24,41004,RENT,2,0,0,1,1,0,0,0,0,0,B,10000,11.14,0,0.24,0,2
10818,22,42000,RENT,6,0,0,1,1,0,0,0,0,0,A,10000,6.17,0,0.24,0,3
10855,23,44796,RENT,2,0,0,1,1,0,0,0,0,0,B,10000,11.48,0,0.22,0,2
10892,24,45000,RENT,3,0,0,1,1,0,0,0,0,0,A,10000,7.51,0,0.22,0,2
10912,24,39000,RENT,1,0,0,1,1,0,0,0,0,0,D,10000,14.11,1,0.26,0,3
10913,25,45000,RENT,1,0,0,1,1,0,0,0,0,0,B,10000,11.89,0,0.22,0,3
11023,25,65000,RENT,2,0,0,1,1,0,0,0,0,0,B,4200,,0,0.06,0,2
11029,22,72500,RENT,6,0,0,1,1,0,0,0,0,0,B,4200,11.71,0,0.06,0,3
11041,22,48000,RENT,1,0,0,1,1,0,0,0,0,0,B,4100,11.99,0,0.09,0,3
11059,26,46877,RENT,,0,0,1,1,0,0,0,0,0,A,10000,5.42,0,0.21,0,2
11075,23,48000,RENT,1,0,0,1,1,0,0,0,0,0,A,10000,7.29,0,0.21,0,2
11079,21,48000,RENT,1,0,0,1,1,0,0,0,0,0,A,10000,5.79,0,0.21,0,2
11122,22,49920,RENT,6,0,0,1,1,0,0,0,0,0,B,10000,11.14,0,0.2,0,2
11133,23,50000,RENT,0,0,0,1,1,0,0,0,0,0,A,10000,,0,0.2,0,2
11135,21,50000,RENT,4,0,0,1,1,0,0,0,0,0,B,10000,11.71,0,0.2,0,3
11137,24,50000,RENT,1,0,0,1,1,0,0,0,0,0,A,10000,7.51,0,0.2,0,4
11145,21,50000,RENT,1,0,0,1,1,0,0,0,0,0,A,10000,6.99,0,0.2,0,4
11156,24,50000,RENT,,0,0,1,1,0,0,0,0,0,A,10000,7.29,0,0.2,0,4
11191,25,50000,RENT,2,0,0,1,1,0,0,0,0,0,B,10000,10.95,0,0.2,0,3
11202,25,50500,RENT,3,0,0,1,1,0,0,0,0,0,C,10000,13.85,0,0.2,0,2
11214,24,51160,RENT,5,0,0,1,1,0,0,0,0,0,B,10000,10.75,0,0.2,0,3
11223,24,52000,RENT,2,0,0,1,1,0,0,0,0,0,B,10000,9.91,0,0.19,0,2
11237,24,52000,RENT,6,0,0,1,1,0,0,0,0,0,A,10000,7.88,0,0.19,0,4
11240,23,46000,RENT,2,0,0,1,1,0,0,0,0,0,D,10000,12.61,1,0.22,0,2
11246,21,53000,RENT,4,0,0,1,1,0,0,0,0,0,B,10000,10.62,0,0.19,0,3
11248,26,53000,RENT,5,0,0,1,1,0,0,0,0,0,A,10000,8.59,0,0.19,0,4
11310,24,55000,RENT,6,0,0,1,1,0,0,0,0,0,A,10000,8.94,0,0.18,0,3
11338,24,51000,RENT,,0,0,1,1,0,0,0,0,0,E,10000,17.19,1,0.2,0,2
11340,23,57000,RENT,7,0,0,1,1,0,0,0,0,0,B,10000,11.48,0,0.18,0,4
11347,22,58000,RENT,6,0,0,1,1,0,0,0,0,0,A,10000,6.54,0,0.17,0,2
11349,23,58000,RENT,2,0,0,1,1,0,0,0,0,0,A,10000,7.88,0,0.17,0,2
11377,26,60000,RENT,5,0,0,1,1,0,0,0,0,0,C,10000,14.27,0,0.17,0,4
11407,23,60000,RENT,5,0,0,1,1,0,0,0,0,0,A,10000,7.14,0,0.17,0,2
11427,24,54000,RENT,1,0,0,1,1,0,0,0,0,0,D,10000,14.11,1,0.19,0,4
11480,22,45000,RENT,0,0,0,1,1,0,0,0,0,0,C,4000,,0,0.09,0,4
11482,26,45000,RENT,1,0,0,1,1,0,0,0,0,0,B,4000,12.21,0,0.09,0,3
11488,23,62000,RENT,1,0,0,1,1,0,0,0,0,0,A,10000,8.94,0,0.16,0,2
11490,22,62000,RENT,6,0,0,1,1,0,0,0,0,0,A,10000,,0,0.16,0,4
11492,26,62000,RENT,1,0,0,1,1,0,0,0,0,0,B,10000,11.26,0,0.16,0,2
11532,22,65000,RENT,1,0,0,1,1,0,0,0,0,0,B,10000,10,0,0.15,0,2
11550,23,65488,RENT,1,0,0,1,1,0,0,0,0,0,B,10000,11.86,0,0.15,0,3
11554,26,65520,RENT,3,0,0,1,1,0,0,0,0,0,A,10000,7.51,0,0.15,0,4
11555,25,65900,RENT,2,0,0,1,1,0,0,0,0,0,A,10000,8.49,0,0.15,0,2
11576,25,68000,RENT,1,0,0,1,1,0,0,0,0,0,C,10000,14.26,0,0.15,0,4
11578,21,68400,RENT,2,0,0,1,1,0,0,0,0,0,B,10000,11.11,0,0.15,0,4
11581,24,68750,RENT,6,0,0,1,1,0,0,0,0,0,A,10000,6.17,0,0.15,0,4
11585,22,64000,RENT,2,0,0,1,1,0,0,0,0,0,B,10000,12.69,1,0.16,0,4
11619,23,70000,RENT,2,0,0,1,1,0,0,0,0,0,A,10000,9.63,0,0.14,0,3
11625,23,70872,RENT,7,0,0,1,1,0,0,0,0,0,C,10000,,0,0.14,0,2
11645,26,72000,RENT,0,0,0,1,1,0,0,0,0,0,A,10000,5.79,0,0.14,0,3
11653,23,72858,RENT,7,0,0,1,1,0,0,0,0,0,B,10000,11.48,0,0.14,0,3
11673,22,75000,RENT,6,0,0,1,1,0,0,0,0,0,A,10000,7.51,0,0.13,0,4
11703,23,75000,RENT,0,0,0,1,1,0,0,0,0,0,A,10000,9.63,0,0.13,0,2
11713,26,76250,RENT,6,0,0,1,1,0,0,0,0,0,B,10000,10.71,0,0.13,0,3
11718,23,78000,RENT,7,0,0,1,1,0,0,0,0,0,A,10000,5.79,0,0.13,0,3
11727,22,79000,RENT,3,0,0,1,1,0,0,0,0,0,A,10000,7.88,0,0.13,0,2
11770,24,82800,RENT,4,0,0,1,1,0,0,0,0,0,B,10000,10.59,0,0.12,0,3
11783,23,84000,RENT,7,0,0,1,1,0,0,0,0,0,A,10000,5.99,0,0.12,0,2
11804,22,85000,RENT,0,0,0,1,1,0,0,0,0,0,A,10000,7.66,0,0.12,0,3
11808,23,85000,RENT,5,0,0,1,1,0,0,0,0,0,A,10000,6.17,0,0.12,0,4
11823,24,75996,RENT,1,0,0,1,1,0,0,0,0,0,E,10000,16,1,0.13,0,2
11829,24,90000,RENT,0,0,0,1,1,0,0,0,0,0,A,10000,,0,0.11,0,2
11833,25,90000,RENT,9,0,0,1,1,0,0,0,0,0,B,10000,12.42,0,0.11,0,2
11837,23,90000,RENT,0,0,0,1,1,0,0,0,0,0,A,10000,7.49,0,0.11,0,3
11850,26,91000,RENT,6,0,0,1,1,0,0,0,0,0,C,10000,,0,0.11,0,4
11879,24,95000,RENT,8,0,0,1,1,0,0,0,0,0,A,10000,,0,0.11,0,2
11888,23,69000,RENT,6,0,0,1,1,0,0,0,0,0,B,10150,11.99,0,0.15,0,3
11909,23,85000,RENT,1,0,0,1,1,0,0,0,0,0,A,10200,,0,0.12,0,3
11914,26,27000,RENT,9,0,0,1,1,0,0,0,0,0,A,11000,8.9,1,0.41,0,3
11915,23,27000,RENT,7,0,0,1,1,0,0,0,0,0,A,11000,8.59,1,0.41,0,4
11919,23,29472,RENT,3,0,0,1,1,0,0,0,0,0,C,11000,13.49,1,0.37,0,4
11923,25,32000,RENT,7,0,0,1,1,0,0,0,0,0,A,11000,7.66,1,0.34,0,3
11926,23,33000,RENT,0,0,0,1,1,0,0,0,0,0,A,11000,7.66,1,0.33,0,2
11948,25,45000,RENT,2,0,0,1,1,0,0,0,0,0,C,11100,13.11,0,0.25,0,2
12004,22,57800,RENT,6,0,0,1,1,0,0,0,0,0,C,11200,13.16,1,0.19,0,3
12035,25,45000,RENT,2,0,0,1,1,0,0,0,0,0,A,11250,9.38,0,0.25,0,2
12049,21,29000,RENT,5,0,0,1,1,0,0,0,0,0,B,11325,9.91,1,0.39,0,3
12090,26,34100,RENT,0,0,0,1,1,0,0,0,0,0,A,11500,6.62,1,0.34,0,3
12100,23,34000,RENT,0,0,0,1,1,0,0,0,0,0,B,11500,11.49,1,0.34,0,2
12106,24,42000,RENT,8,0,0,1,1,0,0,0,0,0,A,11500,7.88,0,0.27,0,2
12111,26,45760,RENT,8,0,0,1,1,0,0,0,0,0,C,11500,11.78,0,0.25,0,4
12133,25,77954,RENT,9,0,0,1,1,0,0,0,0,0,D,11550,16.77,1,0.15,0,2
12137,26,70000,RENT,0,0,0,1,1,0,0,0,0,0,A,11600,6.99,0,0.17,0,3
12150,22,66000,RENT,6,0,0,1,1,0,0,0,0,0,E,11750,17.14,1,0.18,0,2
12163,23,35000,RENT,2,0,0,1,1,0,0,0,0,0,A,11900,7.66,1,0.34,0,3
12165,21,50000,RENT,5,0,0,1,1,0,0,0,0,0,A,11975,,0,0.24,0,3
12219,22,31000,RENT,0,0,0,1,1,0,0,0,0,0,B,12000,10.25,1,0.39,0,4
12224,22,31800,RENT,,0,0,1,1,0,0,0,0,0,A,12000,5.42,1,0.38,0,2
12240,23,33000,RENT,8,0,0,1,1,0,0,0,0,0,A,12000,8.49,1,0.36,0,3
12256,23,34000,RENT,5,0,0,1,1,0,0,0,0,0,C,12000,12.84,1,0.35,0,4
12264,26,34138,RENT,3,0,0,1,1,0,0,0,0,0,B,12000,10.39,1,0.35,0,2
12275,22,35000,RENT,6,0,0,1,1,0,0,0,0,0,B,12000,11.71,1,0.34,0,4
12276,23,35000,RENT,3,0,0,1,1,0,0,0,0,0,B,12000,10,1,0.34,0,4
12287,26,30000,RENT,4,0,0,1,1,0,0,0,0,0,B,12000,11.11,1,0.4,0,3
12298,21,36780,RENT,2,0,0,1,1,0,0,0,0,0,B,12000,11.49,1,0.33,0,4
12299,25,31008,RENT,2,0,0,1,1,0,0,0,0,0,C,12000,13.79,1,0.39,0,4
12332,24,38001,RENT,4,0,0,1,1,0,0,0,0,0,A,12000,6.17,1,0.32,0,3
12366,24,39996,RENT,8,0,0,1,1,0,0,0,0,0,B,12000,12.69,0,0.3,0,3
12378,26,40000,RENT,0,0,0,1,1,0,0,0,0,0,B,12000,9.99,0,0.3,0,3
12382,22,40000,RENT,2,0,0,1,1,0,0,0,0,0,B,12000,10.99,0,0.3,0,2
12385,22,40000,RENT,1,0,0,1,1,0,0,0,0,0,C,12000,13.22,0,0.3,0,4
12388,23,40000,RENT,2,0,0,1,1,0,0,0,0,0,B,12000,12.18,0,0.3,0,4
12397,22,40320,RENT,0,0,0,1,1,0,0,0,0,0,C,12000,14.27,0,0.3,0,3
12400,25,41000,RENT,6,0,0,1,1,0,0,0,0,0,B,12000,11.71,0,0.29,0,3
12422,25,42500,RENT,1,0,0,1,1,0,0,0,0,0,B,12000,12.69,0,0.28,0,3
12471,25,45000,RENT,9,0,0,1,1,0,0,0,0,0,B,12000,9.62,0,0.27,0,3
12500,22,47000,RENT,6,0,0,1,1,0,0,0,0,0,A,12000,6.03,0,0.26,0,3
12533,23,54000,RENT,0,0,0,1,1,0,0,0,0,0,B,12000,12.42,1,0.22,0,2
12535,23,60000,RENT,2,0,0,1,1,0,0,0,0,0,B,12000,12.69,0,0.2,0,2
12539,26,60000,RENT,5,0,0,1,1,0,0,0,0,0,A,12000,6.62,0,0.2,0,2
12549,24,60000,RENT,1,0,0,1,1,0,0,0,0,0,B,12000,10.36,0,0.2,0,3
12589,25,61000,RENT,2,0,0,1,1,0,0,0,0,0,A,12000,7.29,0,0.2,0,3
12600,22,24000,RENT,0,0,0,1,1,0,0,0,0,0,C,3000,,1,0.13,0,4
12601,26,24856,RENT,0,0,0,1,1,0,0,0,0,0,A,3000,9.32,0,0.12,0,4
12603,21,24996,RENT,0,0,0,1,1,0,0,0,0,0,B,3000,11.49,0,0.12,0,3
12606,25,25000,RENT,3,0,0,1,1,0,0,0,0,0,B,3000,11.12,0,0.12,0,4
12635,23,28000,RENT,0,0,0,1,1,0,0,0,0,0,B,3000,10.25,0,0.11,0,4
12639,25,28800,RENT,2,0,0,1,1,0,0,0,0,0,B,3000,12.42,0,0.1,0,2
12648,23,30000,RENT,7,0,0,1,1,0,0,0,0,0,B,3000,12.69,1,0.1,0,4
12650,26,30000,RENT,1,0,0,1,1,0,0,0,0,0,C,3000,13.49,0,0.1,0,4
12659,23,62000,RENT,8,0,0,1,1,0,0,0,0,0,A,12000,5.79,0,0.19,0,2
12680,25,63000,RENT,1,0,0,1,1,0,0,0,0,0,C,12000,14.26,0,0.19,0,3
12693,26,64500,RENT,1,0,0,1,1,0,0,0,0,0,B,12000,10.99,0,0.19,0,4
12695,24,65000,RENT,5,0,0,1,1,0,0,0,0,0,A,12000,8.9,0,0.18,0,2
12696,21,65000,RENT,0,0,0,1,1,0,0,0,0,0,B,12000,11.71,0,0.18,0,4
12709,22,59000,RENT,2,0,0,1,1,0,0,0,0,0,F,12000,17.58,1,0.2,0,4
12723,21,69000,RENT,5,0,0,1,1,0,0,0,0,0,A,12000,7.88,0,0.17,0,4
12805,26,41000,RENT,8,0,0,1,1,0,0,0,0,0,B,3000,12.42,0,0.07,0,3
12818,22,42000,RENT,6,0,0,1,1,0,0,0,0,0,B,3000,12.69,0,0.07,0,2
12869,25,42264,RENT,3,0,0,1,1,0,0,0,0,0,B,3000,10.71,0,0.07,0,2
12877,23,74706,RENT,4,0,0,1,1,0,0,0,0,0,B,12000,11.58,0,0.16,0,3
12904,24,69000,RENT,2,0,0,1,1,0,0,0,0,0,B,12000,10.2,1,0.17,0,4
12909,26,77000,RENT,2,0,0,1,1,0,0,0,0,0,B,12000,11.71,0,0.16,0,2
12913,26,78000,RENT,4,0,0,1,1,0,0,0,0,0,A,12000,7.14,0,0.15,0,2
12976,22,83000,RENT,6,0,0,1,1,0,0,0,0,0,B,12000,11.71,0,0.14,0,4
12977,26,83000,RENT,1,0,0,1,1,0,0,0,0,0,B,12000,9.99,0,0.14,0,3
12992,25,85000,RENT,5,0,0,1,1,0,0,0,0,0,B,12000,12.42,0,0.14,0,4
13081,22,90000,RENT,3,0,0,1,1,0,0,0,0,0,A,12000,8.94,0,0.13,0,3
13090,23,91392,RENT,7,0,0,1,1,0,0,0,0,0,A,12000,5.42,0,0.13,0,3
13097,26,92500,RENT,3,0,0,1,1,0,0,0,0,0,B,12000,11.71,0,0.13,0,3
13105,23,95000,RENT,6,0,0,1,1,0,0,0,0,0,B,12000,11.71,0,0.13,0,3
13107,26,95000,RENT,0,0,0,1,1,0,0,0,0,0,B,12000,10.65,0,0.13,0,4
13153,25,93000,RENT,0,0,0,1,1,0,0,0,0,0,D,12000,13.12,1,0.13,0,2
13164,24,113000,RENT,4,0,0,1,1,0,0,0,0,0,A,12000,7.49,0,0.11,0,2
13168,22,119000,RENT,2,0,0,1,1,0,0,0,0,0,B,12000,10.36,0,0.1,0,2
13199,23,140000,RENT,5,0,0,1,1,0,0,0,0,0,B,12000,11.12,0,0.09,0,3
13228,24,42000,RENT,9,0,0,1,1,0,0,0,0,0,A,12125,,0,0.29,0,3
13247,26,32000,RENT,4,0,0,1,1,0,0,0,0,0,A,12250,,1,0.38,0,2
13254,24,36000,RENT,0,0,0,1,1,0,0,0,0,0,B,12250,11.49,1,0.34,0,2
13278,25,42000,RENT,8,0,0,1,1,0,0,0,0,0,A,12375,7.29,0,0.29,0,4
13286,23,31000,RENT,5,0,0,1,1,0,0,0,0,0,B,12500,10.65,1,0.4,0,4
13296,22,30000,RENT,0,0,0,1,1,0,0,0,0,0,A,2800,6.54,0,0.09,0,3
13307,22,40000,RENT,1,0,0,1,1,0,0,0,0,0,A,2800,7.49,0,0.07,0,4
13324,22,46800,RENT,5,0,0,1,1,0,0,0,0,0,B,2800,10.37,0,0.06,0,3
13329,24,50000,RENT,0,0,0,1,1,0,0,0,0,0,A,2800,5.79,0,0.06,0,2
13371,23,24000,RENT,7,0,0,1,1,0,0,0,0,0,B,2700,10.75,1,0.11,0,2
13376,23,26000,RENT,3,0,0,1,1,0,0,0,0,0,A,2700,7.29,0,0.1,0,3
13380,22,31200,RENT,0,0,0,1,1,0,0,0,0,0,A,2700,6.91,0,0.09,0,4
13390,25,51000,RENT,1,0,0,1,1,0,0,0,0,0,B,2700,9.7,0,0.05,0,2
13392,25,46200,RENT,1,0,0,1,1,0,0,0,0,0,F,2700,15.96,1,0.06,0,2
13442,25,100000,RENT,3,0,0,1,1,0,0,0,0,0,A,2600,7.9,0,0.03,0,3
13456,23,41000,RENT,1,0,0,1,1,0,0,0,0,0,C,12500,13.57,0,0.3,0,4
13470,23,15600,RENT,,0,0,1,1,0,0,0,0,0,A,2500,7.29,1,0.16,0,3
13482,22,18204,RENT,2,0,0,1,1,0,0,0,0,0,B,2500,11.89,0,0.14,0,4
13492,25,37560,RENT,2,0,0,1,1,0,0,0,0,0,F,12500,18.62,1,0.33,0,3
13505,24,50000,RENT,0,0,0,1,1,0,0,0,0,0,A,12500,7.88,0,0.25,0,3
13518,26,51000,RENT,10,0,0,1,1,0,0,0,0,0,E,12500,14.18,1,0.25,0,4
13542,23,84000,RENT,0,0,0,1,1,0,0,0,0,0,A,12500,6.54,0,0.15,0,4
13543,24,73000,RENT,6,0,0,1,1,0,0,0,0,0,D,12500,6,1,0.17,0,2
13550,24,110000,RENT,1,0,0,1,1,0,0,0,0,0,B,12500,9.62,0,0.11,0,4
13561,22,110000,RENT,3,0,0,1,1,0,0,0,0,0,B,12600,10.75,0,0.11,0,2
13578,23,38500,RENT,8,0,0,1,1,0,0,0,0,0,A,12800,8.9,1,0.33,0,4
13599,23,60000,RENT,2,0,0,1,1,0,0,0,0,0,B,12800,10.59,0,0.21,0,4
13630,22,50000,RENT,0,0,0,1,1,0,0,0,0,0,B,13000,12.42,0,0.26,0,2
13661,24,56000,RENT,2,0,0,1,1,0,0,0,0,0,B,13000,11.83,0,0.23,0,4
13671,22,60000,RENT,0,0,0,1,1,0,0,0,0,0,A,13000,8.94,0,0.22,0,2
13702,24,70000,RENT,2,0,0,1,1,0,0,0,0,0,B,13000,10,0,0.19,0,2
13711,23,75000,RENT,6,0,0,1,1,0,0,0,0,0,A,13000,6.91,0,0.17,0,2
13714,25,75000,RENT,4,0,0,1,1,0,0,0,0,0,B,13000,11.48,0,0.17,0,4
13725,25,87000,RENT,6,0,0,1,1,0,0,0,0,0,A,13000,7.29,0,0.15,0,2
13728,23,90000,RENT,4,0,0,1,1,0,0,0,0,0,C,13000,12.73,0,0.14,0,2
13739,24,110000,RENT,4,0,0,1,1,0,0,0,0,0,A,13000,8.9,0,0.12,0,2
13763,25,68000,RENT,2,0,0,1,1,0,0,0,0,0,B,13600,10,0,0.2,0,3
13782,25,33000,RENT,0,0,0,1,1,0,0,0,0,0,E,13650,16.35,1,0.41,0,4
13801,25,35000,RENT,0,0,0,1,1,0,0,0,0,0,A,13750,7.51,1,0.39,0,4
13837,26,42000,RENT,4,0,0,1,1,0,0,0,0,0,B,14000,9.45,1,0.33,0,2
13867,24,46800,RENT,4,0,0,1,1,0,0,0,0,0,A,14000,7.88,0,0.3,0,4
13878,26,44000,RENT,10,0,0,1,1,0,0,0,0,0,D,14000,14.83,1,0.32,0,2
13947,25,56004,RENT,0,0,0,1,1,0,0,0,0,0,A,14000,6.92,0,0.25,0,2
13986,23,62000,RENT,7,0,0,1,1,0,0,0,0,0,B,14000,10.99,0,0.23,0,4
13993,22,64000,RENT,2,0,0,1,1,0,0,0,0,0,A,14000,7.88,0,0.22,0,3
13996,23,65000,RENT,2,0,0,1,1,0,0,0,0,0,B,14000,9.99,0,0.22,0,2
14065,24,81000,RENT,2,0,0,1,1,0,0,0,0,0,C,14000,14.17,0,0.17,0,4
14130,22,128165,RENT,6,0,0,1,1,0,0,0,0,0,A,14000,8.94,0,0.11,0,3
14173,22,40000,RENT,4,0,0,1,1,0,0,0,0,0,B,14125,11.49,1,0.35,0,3
14207,22,43000,RENT,2,0,0,1,1,0,0,0,0,0,A,14400,7.88,1,0.33,0,2
14217,24,50000,RENT,4,0,0,1,1,0,0,0,0,0,A,14400,,0,0.29,0,2
14219,23,51000,RENT,3,0,0,1,1,0,0,0,0,0,A,14400,7.51,0,0.28,0,4
14235,23,58977,RENT,7,0,0,1,1,0,0,0,0,0,C,14400,,0,0.24,0,4
14242,22,54000,RENT,0,0,0,1,1,0,0,0,0,0,D,14400,,1,0.27,0,4
14257,23,72000,RENT,3,0,0,1,1,0,0,0,0,0,B,14400,11.14,0,0.2,0,3
14294,26,88068,RENT,10,0,0,1,1,0,0,0,0,0,B,14400,,0,0.16,0,2
14310,25,113000,RENT,8,0,0,1,1,0,0,0,0,0,B,14400,11.71,1,0.13,0,4
14338,26,36000,RENT,2,0,0,1,1,0,0,0,0,0,B,14500,9.88,1,0.4,0,3
14398,24,48000,RENT,2,0,0,1,1,0,0,0,0,0,B,14550,9.62,0,0.3,0,3
14406,25,31200,RENT,8,0,0,1,1,0,0,0,0,0,C,14700,12.29,1,0.47,0,4
14407,24,82440,RENT,8,0,0,1,1,0,0,0,0,0,A,14700,8.49,0,0.18,0,4
14429,26,30000,RENT,5,0,0,1,1,0,0,0,0,0,C,15000,12.84,1,0.5,0,3
14485,22,35064,RENT,4,0,0,1,1,0,0,0,0,0,A,2000,8.38,0,0.06,0,2
14502,25,37315,RENT,1,0,0,1,1,0,0,0,0,0,A,2000,6.39,0,0.05,0,4
14579,23,45000,RENT,1,0,0,1,1,0,0,0,0,0,C,2000,13.49,0,0.04,0,2
14623,25,48000,RENT,3,0,0,1,1,0,0,0,0,0,B,2000,10.74,0,0.04,0,2
14687,25,37818,RENT,5,0,0,1,1,0,0,0,0,0,C,15000,13.48,1,0.4,0,3
14702,21,40000,RENT,6,0,0,1,1,0,0,0,0,0,C,15000,14.27,1,0.38,0,3
14730,22,41000,RENT,3,0,0,1,1,0,0,0,0,0,C,15000,12.73,1,0.37,0,3
14775,22,43000,RENT,7,0,0,1,1,0,0,0,0,0,B,15000,10.99,1,0.35,0,2
14778,25,38400,RENT,3,0,0,1,1,0,0,0,0,0,B,15000,10.65,1,0.39,0,2
14792,26,45000,RENT,10,0,0,1,1,0,0,0,0,0,A,15000,7.29,1,0.33,0,4
14793,22,45000,RENT,0,0,0,1,1,0,0,0,0,0,B,15000,10.37,1,0.33,0,2
14815,25,45000,RENT,4,0,0,1,1,0,0,0,0,0,C,15000,,1,0.33,0,3
14864,23,37500,RENT,0,0,0,1,1,0,0,0,0,0,A,1800,8.94,0,0.05,0,4
14902,23,48000,RENT,2,0,0,1,1,0,0,0,0,0,B,15000,10.75,1,0.31,0,3
14983,22,51000,RENT,6,0,0,1,1,0,0,0,0,0,B,15000,11.11,0,0.29,0,4
15024,25,25000,RENT,1,0,0,1,1,0,0,0,0,0,B,1600,9.99,0,0.06,0,3
15032,22,26880,RENT,2,0,0,1,1,0,0,0,0,0,B,1600,11.12,0,0.06,0,2
15047,23,29000,RENT,0,0,0,1,1,0,0,0,0,0,A,1600,7.88,1,0.06,0,3
15084,23,70000,RENT,7,0,0,1,1,0,0,0,0,0,B,1600,11.14,0,0.02,0,4
15126,21,17000,RENT,0,0,0,1,1,0,0,0,0,0,E,1500,18.64,1,0.09,0,2
15159,23,20004,RENT,2,0,0,1,1,0,0,0,0,0,B,1500,9.62,0,0.07,0,3
15166,24,23004,RENT,9,0,0,1,1,0,0,0,0,0,A,1500,7.68,0,0.07,0,2
15178,26,25000,RENT,1,0,0,1,1,0,0,0,0,0,E,1500,14.7,1,0.06,0,2
15227,24,56000,RENT,1,0,0,1,1,0,0,0,0,0,C,15000,12.87,0,0.27,0,2
15248,24,53000,RENT,1,0,0,1,1,0,0,0,0,0,D,15000,16.77,1,0.28,0,2
15273,26,60000,RENT,7,0,0,1,1,0,0,0,0,0,A,15000,6.03,0,0.25,0,3
15289,25,60000,RENT,5,0,0,1,1,0,0,0,0,0,C,15000,12.99,0,0.25,0,4
15291,23,60000,RENT,0,0,0,1,1,0,0,0,0,0,B,15000,11.11,0,0.25,0,2
15305,25,60000,RENT,7,0,0,1,1,0,0,0,0,0,B,15000,,0,0.25,0,3
15308,24,60000,RENT,8,0,0,1,1,0,0,0,0,0,B,15000,11.83,0,0.25,0,3
15329,24,61100,RENT,1,0,0,1,1,0,0,0,0,0,B,15000,12.53,0,0.25,0,2
15336,24,61800,RENT,2,0,0,1,1,0,0,0,0,0,B,15000,,0,0.24,0,4
15339,23,56000,RENT,4,0,0,1,1,0,0,0,0,0,B,15000,12.69,1,0.27,0,4
15361,25,58000,RENT,5,0,0,1,1,0,0,0,0,0,D,15000,18.25,1,0.26,0,2
15389,25,59000,RENT,0,0,0,1,1,0,0,0,0,0,E,15000,16.45,1,0.25,0,4
15484,25,72000,RENT,7,0,0,1,1,0,0,0,0,0,B,15000,12.42,0,0.21,0,3
15487,25,72000,RENT,7,0,0,1,1,0,0,0,0,0,C,15000,12.68,0,0.21,0,3
15542,26,76000,RENT,6,0,0,1,1,0,0,0,0,0,C,15000,13.11,0,0.2,0,4
15589,23,81960,RENT,7,0,0,1,1,0,0,0,0,0,B,15000,10.62,0,0.18,0,3
15600,26,84000,RENT,4,0,0,1,1,0,0,0,0,0,B,15000,10.14,0,0.18,0,4
15640,26,78000,RENT,1,0,0,1,1,0,0,0,0,0,B,15000,12.42,1,0.19,0,3
15642,24,90000,RENT,0,0,0,1,1,0,0,0,0,0,A,15000,7.9,0,0.17,0,2
15696,24,48000,RENT,4,0,0,1,1,0,0,0,0,0,B,15200,11.48,1,0.32,0,3
15732,23,54000,RENT,7,0,0,1,1,0,0,0,0,0,B,15550,11.71,0,0.29,0,4
15734,22,50000,RENT,7,0,0,1,1,0,0,0,0,0,B,15600,12.21,1,0.31,0,4
15740,25,62000,RENT,7,0,0,1,1,0,0,0,0,0,A,15600,7.49,0,0.25,0,4
15761,23,77000,RENT,2,0,0,1,1,0,0,0,0,0,B,16000,11.14,0,0.21,0,3
15769,25,80000,RENT,0,0,0,1,1,0,0,0,0,0,B,16000,9.88,0,0.2,0,3
15777,25,83000,RENT,2,0,0,1,1,0,0,0,0,0,B,16000,10.99,0,0.19,0,2
15803,26,93000,RENT,10,0,0,1,1,0,0,0,0,0,B,16000,11.11,0,0.17,0,4
15841,24,98004,RENT,0,0,0,1,1,0,0,0,0,0,D,16000,16.32,1,0.16,0,2
15860,22,125000,RENT,3,0,0,1,1,0,0,0,0,0,A,16000,7.9,0,0.13,0,2
15876,24,35000,RENT,8,0,0,1,1,0,0,0,0,0,B,19000,11.36,1,0.54,0,2
15878,26,30000,RENT,5,0,0,1,1,0,0,0,0,0,A,19075,7.49,1,0.64,0,3
15900,22,126500,RENT,1,0,0,1,1,0,0,0,0,0,C,19200,13.79,0,0.15,0,4
15935,23,9600,RENT,3,0,0,1,1,0,0,0,0,0,B,2100,10.62,1,0.22,0,3
15949,21,8000,RENT,1,0,0,1,1,0,0,0,0,0,A,2800,7.4,1,0.35,0,2
15966,24,21600,RENT,0,0,0,1,1,0,0,0,0,0,C,6600,12.68,1,0.31,0,4
15995,25,45000,RENT,4,0,0,1,1,0,0,0,0,0,C,15000,,1,0.33,0,2
15997,22,33000,RENT,6,0,0,1,1,0,0,0,0,0,C,6000,13.85,0,0.18,0,3
16003,24,41160,RENT,2,0,0,1,1,0,0,0,0,0,A,4000,,0,0.1,0,3
16009,21,15360,RENT,0,0,0,1,1,0,0,0,0,0,B,1600,12.69,0,0.1,0,3
16024,23,24000,RENT,4,0,0,1,1,0,0,0,0,0,A,5000,6.62,0,0.21,0,2
16036,24,40000,RENT,5,0,0,1,1,0,0,0,0,0,A,10000,7.88,0,0.25,0,3
16069,26,78000,RENT,6,0,0,1,1,0,0,0,0,0,C,18000,13.49,0,0.23,0,4
16087,24,79000,RENT,8,0,0,1,1,0,0,0,0,0,A,21000,7.9,0,0.27,0,4
16098,26,105000,RENT,1,0,0,1,1,0,0,0,0,0,B,12100,,0,0.12,0,3
16100,22,55000,RENT,2,0,0,1,1,0,0,0,0,0,A,6000,8.9,0,0.11,0,4
16124,23,30000,RENT,0,0,0,1,1,0,0,0,0,0,B,5000,11.86,0,0.17,0,4
16134,23,36000,RENT,,0,0,1,1,0,0,0,0,0,B,9000,11.11,0,0.25,0,4
16135,26,76668,RENT,10,0,0,1,1,0,0,0,0,0,A,7200,9.63,0,0.09,0,4
16177,24,54996,RENT,0,0,0,1,1,0,0,0,0,0,C,12500,12.87,0,0.23,0,2
16181,22,34992,RENT,1,0,0,1,1,0,0,0,0,0,B,5000,,0,0.14,0,2
16232,25,24996,RENT,8,0,0,1,1,0,0,0,0,0,C,2500,12.98,0,0.1,0,4
16245,26,145000,RENT,1,0,0,1,1,0,0,0,0,0,B,10000,10.99,0,0.07,0,3
16261,22,30000,RENT,2,0,0,1,1,0,0,0,0,0,B,6000,12.42,0,0.2,0,4
16267,26,42000,RENT,3,0,0,1,1,0,0,0,0,0,A,4500,7.66,0,0.11,0,2
16271,24,39000,RENT,2,0,0,1,1,0,0,0,0,0,E,16000,19.91,1,0.41,0,3
16295,26,71004,RENT,0,0,0,1,1,0,0,0,0,0,D,20000,13.36,1,0.28,0,2
16311,23,30000,RENT,6,0,0,1,1,0,0,0,0,0,A,4800,7.49,0,0.16,0,4
16318,25,72000,RENT,,0,0,1,1,0,0,0,0,0,A,17000,7.88,0,0.24,0,3
16321,24,60140,RENT,2,0,0,1,1,0,0,0,0,0,A,7000,8.59,0,0.12,0,4
16345,23,55000,RENT,0,0,0,1,1,0,0,0,0,0,C,10200,12.73,0,0.19,0,2
16385,22,40000,RENT,2,0,0,1,1,0,0,0,0,0,B,7000,11.99,0,0.17,0,3
16405,25,60000,RENT,0,0,0,1,1,0,0,0,0,0,B,7000,9.25,0,0.12,0,4
16413,22,30000,RENT,1,0,0,1,1,0,0,0,0,0,C,15000,15.27,1,0.5,0,4
16418,23,32535,RENT,6,0,0,1,1,0,0,0,0,0,B,4000,,0,0.12,0,2
16426,22,100000,RENT,3,0,0,1,1,0,0,0,0,0,A,1200,8.59,0,0.01,0,4
16441,21,26000,RENT,5,0,0,1,1,0,0,0,0,0,A,6000,7.49,0,0.23,0,2
16494,23,42000,RENT,7,0,0,1,1,0,0,0,0,0,B,15000,11.83,1,0.36,0,2
16521,26,32000,RENT,3,0,0,1,1,0,0,0,0,0,A,5000,6.03,0,0.16,0,2
16537,25,60000,RENT,0,0,0,1,1,0,0,0,0,0,A,1200,7.66,0,0.02,0,3
16594,23,90000,RENT,4,0,0,1,1,0,0,0,0,0,C,13000,12.73,0,0.14,0,2
16615,26,48000,RENT,5,0,0,1,1,0,0,0,0,0,F,25000,18.43,1,0.52,0,3
16617,22,27000,RENT,3,0,0,1,1,0,0,0,0,0,A,2800,7.51,1,0.1,0,3
16643,24,37200,RENT,8,0,0,1,1,0,0,0,0,0,A,7200,7.9,0,0.19,0,4
16656,25,31000,RENT,2,0,0,1,1,0,0,0,0,0,A,1800,8.32,0,0.06,0,2
16681,22,37000,RENT,,0,0,1,1,0,0,0,0,0,B,10000,,0,0.27,0,2
16682,24,54000,RENT,6,0,0,1,1,0,0,0,0,0,A,5500,8.07,0,0.1,0,3
16712,21,20004,RENT,2,0,0,1,1,0,0,0,0,0,B,3000,10.37,0,0.15,0,4
16719,25,55000,RENT,0,0,0,1,1,0,0,0,0,0,B,6000,10.65,0,0.11,0,2
16739,23,22800,RENT,5,0,0,1,1,0,0,0,0,0,A,1775,6.99,0,0.08,0,2
16747,25,24996,RENT,3,0,0,1,1,0,0,0,0,0,C,7500,12.98,0,0.3,0,2
16765,26,120000,RENT,10,0,0,1,1,0,0,0,0,0,B,6000,9.88,0,0.05,0,4
16770,21,28800,RENT,5,0,0,1,1,0,0,0,0,0,B,8000,9.88,0,0.28,0,2
16771,24,50400,RENT,8,0,0,1,1,0,0,0,0,0,A,1500,,0,0.03,0,2
16784,22,46000,RENT,3,0,0,1,1,0,0,0,0,0,B,11000,10.59,0,0.24,0,2
16790,22,75000,RENT,2,0,0,1,1,0,0,0,0,0,B,21000,10,0,0.28,0,4
16798,22,48000,RENT,6,0,0,1,1,0,0,0,0,0,A,16500,8.9,1,0.34,0,3
16809,23,72000,RENT,4,0,0,1,1,0,0,0,0,0,C,10000,13.85,0,0.14,0,3
16819,23,60000,RENT,7,0,0,1,1,0,0,0,0,0,B,25000,10.25,1,0.42,0,2
16847,22,35000,RENT,1,0,0,1,1,0,0,0,0,0,B,8000,9.2,0,0.23,0,4
16866,25,54000,RENT,3,0,0,1,1,0,0,0,0,0,D,7000,15.62,1,0.13,0,3
16900,24,52800,RENT,1,0,0,1,1,0,0,0,0,0,C,8000,12.87,0,0.15,0,4
16925,21,36000,RENT,3,0,0,1,1,0,0,0,0,0,C,5000,12.99,0,0.14,0,4
16930,23,120000,RENT,7,0,0,1,1,0,0,0,0,0,B,25000,9.99,0,0.21,0,2
16936,22,27000,RENT,5,0,0,1,1,0,0,0,0,0,B,2925,10.71,0,0.11,0,3
16965,23,43000,RENT,1,0,0,1,1,0,0,0,0,0,A,3000,8.49,0,0.07,0,3
16983,24,55000,RENT,0,0,0,1,1,0,0,0,0,0,B,4000,11.26,0,0.07,0,3
17013,25,53000,RENT,6,0,0,1,1,0,0,0,0,0,C,3000,13.99,0,0.06,0,4
17026,23,72000,RENT,7,0,0,1,1,0,0,0,0,0,B,10000,10.59,0,0.14,0,3
17029,26,56000,RENT,10,0,0,1,1,0,0,0,0,0,B,10000,12.69,1,0.18,0,4
17062,23,17688,RENT,0,0,0,1,1,0,0,0,0,0,B,1700,11.11,0,0.1,0,3
17065,22,46000,RENT,1,0,0,1,1,0,0,0,0,0,D,6200,,1,0.13,0,3
17126,26,35000,RENT,2,0,0,1,1,0,0,0,0,0,A,2500,8.9,0,0.07,0,2
17134,24,21000,RENT,0,0,0,1,1,0,0,0,0,0,C,4000,13.43,0,0.19,0,4
17149,24,92341,RENT,9,0,0,1,1,0,0,0,0,0,A,12000,7.51,0,0.13,0,4
17151,23,60000,RENT,2,0,0,1,1,0,0,0,0,0,A,5000,6.91,0,0.08,0,3
17159,23,69000,RENT,7,0,0,1,1,0,0,0,0,0,B,4800,10.75,0,0.07,0,2
17178,24,38700,RENT,2,0,0,1,1,0,0,0,0,0,B,10000,,0,0.26,0,3
17187,26,64000,RENT,,0,0,1,1,0,0,0,0,0,B,1000,10.75,0,0.02,0,2
17189,24,51500,RENT,6,0,0,1,1,0,0,0,0,0,B,20000,12.21,1,0.39,0,4
17234,24,72000,RENT,8,0,0,1,1,0,0,0,0,0,C,16000,13.06,0,0.22,0,4
17262,25,75000,RENT,0,0,0,1,1,0,0,0,0,0,B,20000,10.38,0,0.27,0,2
17273,23,35400,RENT,4,0,0,1,1,0,0,0,0,0,B,9600,11.89,0,0.27,0,2
17276,23,14400,RENT,0,0,0,1,1,0,0,0,0,0,B,4000,10.74,1,0.28,0,3
17279,22,35000,RENT,0,0,0,1,1,0,0,0,0,0,B,3000,,0,0.09,0,2
17287,25,48000,RENT,3,0,0,1,1,0,0,0,0,0,B,2000,10.74,0,0.04,0,3
17333,25,82560,RENT,6,0,0,1,1,0,0,0,0,0,A,4500,7.42,0,0.05,0,4
17336,25,31500,RENT,8,0,0,1,1,0,0,0,0,0,A,14850,8.9,1,0.47,0,3
17345,24,35000,RENT,1,0,0,1,1,0,0,0,0,0,A,12000,6.54,1,0.34,0,2
17392,23,37500,RENT,2,0,0,1,1,0,0,0,0,0,C,8000,14.26,0,0.21,0,4
17393,25,49000,RENT,9,0,0,1,1,0,0,0,0,0,A,10000,6.62,1,0.2,0,2
17437,24,122000,RENT,4,0,0,1,1,0,0,0,0,0,B,15000,11.58,0,0.12,0,2
17444,21,42500,RENT,0,0,0,1,1,0,0,0,0,0,B,2500,,0,0.06,0,4
17461,23,47233,RENT,7,0,0,1,1,0,0,0,0,0,B,5000,11.36,0,0.11,0,4
17484,24,41000,RENT,1,0,0,1,1,0,0,0,0,0,C,7000,12.53,0,0.17,0,2
17496,23,36100,RENT,2,0,0,1,1,0,0,0,0,0,A,5000,7.49,0,0.14,0,2
17506,25,42000,RENT,1,0,0,1,1,0,0,0,0,0,B,6000,,0,0.14,0,2
17523,22,40000,RENT,2,0,0,1,1,0,0,0,0,0,A,4000,,0,0.1,0,3
17526,22,44004,RENT,2,0,0,1,1,0,0,0,0,0,A,5000,8.9,0,0.11,0,3
17535,22,64000,RENT,5,0,0,1,1,0,0,0,0,0,A,6600,8.9,0,0.1,0,4
17546,25,34000,RENT,10,0,0,1,1,0,0,0,0,0,B,20000,8.88,1,0.59,0,2
17553,22,59000,RENT,2,0,0,1,1,0,0,0,0,0,B,11000,10.74,0,0.19,0,3
17561,26,70000,RENT,2,0,0,1,1,0,0,0,0,0,B,10000,9.45,0,0.14,0,3
17565,23,40000,RENT,5,0,0,1,1,0,0,0,0,0,B,2000,11.71,0,0.05,0,4
17600,24,30000,RENT,6,0,0,1,1,0,0,0,0,0,A,6000,7.51,0,0.2,0,3
17602,21,18000,RENT,0,0,0,1,1,0,0,0,0,0,A,3000,7.9,1,0.17,0,2
17620,23,69996,RENT,7,0,0,1,1,0,0,0,0,0,C,5600,13.11,0,0.08,0,4
17657,25,96000,RENT,3,0,0,1,1,0,0,0,0,0,B,12000,11.99,0,0.13,0,3
17668,22,25200,RENT,7,0,0,1,1,0,0,0,0,0,D,7500,14.96,1,0.3,0,3
17692,24,45000,RENT,1,0,0,1,1,0,0,0,0,0,B,12000,10.99,0,0.27,0,3
17694,26,55000,RENT,1,0,0,1,1,0,0,0,0,0,A,3200,8.49,0,0.06,0,2
17696,23,18000,RENT,5,0,0,1,1,0,0,0,0,0,B,4000,10.99,1,0.22,0,3
17704,22,45000,RENT,4,0,0,1,1,0,0,0,0,0,A,5400,7.29,0,0.12,0,2
17717,22,22596,RENT,4,0,0,1,1,0,0,0,0,0,B,7500,9.76,1,0.33,0,3
17726,26,46000,RENT,4,0,0,1,1,0,0,0,0,0,A,9000,7.14,0,0.2,0,3
17738,23,82000,RENT,2,0,0,1,1,0,0,0,0,0,B,20900,12.69,0,0.25,0,2
17740,23,108000,RENT,7,0,0,1,1,0,0,0,0,0,B,10000,,1,0.09,0,3
17774,25,62500,RENT,2,0,0,1,1,0,0,0,0,0,D,12000,16.77,1,0.19,0,4
17781,26,56000,RENT,6,0,0,1,1,0,0,0,0,0,C,8150,12.87,0,0.15,0,2
17811,26,92500,RENT,3,0,0,1,1,0,0,0,0,0,B,12000,11.71,0,0.13,0,4
17816,24,57500,RENT,4,0,0,1,1,0,0,0,0,0,C,2525,,0,0.04,0,4
17837,33,77100,RENT,6,0,0,1,1,0,0,0,0,0,A,35000,8.49,1,0.45,0,9
17845,27,100000,RENT,1,0,0,1,1,0,0,0,0,0,C,35000,16.11,1,0.35,0,9
17847,30,504000,RENT,4,0,0,1,1,0,0,0,0,0,B,3000,11.36,0,0.01,0,9
17864,28,165000,RENT,3,0,0,1,1,0,0,0,0,0,B,35000,11.49,0,0.21,0,9
17867,30,81000,RENT,14,0,0,1,1,0,0,0,0,0,B,34000,10.59,1,0.42,0,8
17871,28,350000,RENT,1,0,0,1,1,0,0,0,0,0,B,20000,,0,0.06,0,9
17883,28,105500,RENT,1,0,0,1,1,0,0,0,0,0,A,31000,8.49,0,0.29,0,9
17884,29,74000,RENT,2,0,0,1,1,0,0,0,0,0,D,30750,,1,0.42,0,6
17892,34,80000,RENT,0,0,0,1,1,0,0,0,0,0,A,30000,6.62,1,0.38,0,5
17897,28,288000,RENT,5,0,0,1,1,0,0,0,0,0,E,25000,17.93,1,0.09,0,8
17951,29,110000,RENT,9,0,0,1,1,0,0,0,0,0,B,25600,,0,0.23,0,5
17959,33,48000,RENT,11,0,0,1,1,0,0,0,0,0,B,25000,9.99,1,0.52,0,10
17985,27,49000,RENT,11,0,0,1,1,0,0,0,0,0,B,25000,11.36,1,0.51,0,5
18010,35,188000,RENT,4,0,0,1,1,0,0,0,0,0,D,5000,16.49,1,0.03,0,9
18013,30,65000,RENT,2,0,0,1,1,0,0,0,0,0,B,25000,10.38,1,0.38,0,8
18015,31,65800,RENT,15,0,0,1,1,0,0,0,0,0,A,25000,7.51,1,0.38,0,9
18017,30,200000,RENT,5,0,0,1,1,0,0,0,0,0,B,10000,11.36,0,0.05,0,9
18020,32,188000,RENT,14,0,0,1,1,0,0,0,0,0,B,25000,10.62,1,0.13,0,5
18034,32,64000,RENT,11,0,0,1,1,0,0,0,0,0,D,25000,15.2,1,0.39,0,5
18042,34,75000,RENT,9,0,0,1,1,0,0,0,0,0,B,25000,10.38,1,0.33,0,8
18060,30,190000,RENT,3,0,0,1,1,0,0,0,0,0,B,15000,11.48,0,0.08,0,8
18120,35,175000,RENT,0,0,0,1,1,0,0,0,0,0,B,16000,11.49,0,0.09,0,10
18141,35,110000,RENT,9,0,0,1,1,0,0,0,0,0,C,25000,13.49,0,0.23,0,8
18156,33,120000,RENT,9,0,0,1,1,0,0,0,0,0,B,25000,11.36,0,0.21,0,8
18158,33,125000,RENT,5,0,0,1,1,0,0,0,0,0,B,25000,11.36,0,0.2,0,5
18170,32,150000,RENT,7,0,0,1,1,0,0,0,0,0,A,25000,8.49,0,0.17,0,7
18177,30,150000,RENT,5,0,0,1,1,0,0,0,0,0,C,25000,12.53,0,0.17,0,6
18184,29,163000,RENT,4,0,0,1,1,0,0,0,0,0,B,25000,9.91,0,0.15,0,5
18218,29,160000,RENT,0,0,0,1,1,0,0,0,0,0,C,15000,13.04,0,0.09,0,5
18225,27,128000,RENT,11,0,0,1,1,0,0,0,0,0,D,24250,14.59,1,0.19,0,10
18228,34,168000,RENT,0,0,0,1,1,0,0,0,0,0,B,24250,11.83,0,0.14,0,10
18230,27,47000,RENT,0,0,0,1,1,0,0,0,0,0,E,24000,17.14,1,0.51,0,5
18231,35,49000,RENT,2,0,0,1,1,0,0,0,0,0,D,24000,15.2,1,0.49,0,10
18239,31,59712,RENT,0,0,0,1,1,0,0,0,0,0,E,24000,17.43,1,0.4,0,9
18240,28,67000,RENT,5,0,0,1,1,0,0,0,0,0,A,24000,7.49,1,0.36,0,10
18266,29,40000,RENT,2,0,0,1,1,0,0,0,0,0,B,23500,11.12,1,0.59,0,8
18268,28,58704,RENT,5,0,0,1,1,0,0,0,0,0,C,23500,14.72,1,0.4,0,7
18278,29,46000,RENT,1,0,0,1,1,0,0,0,0,0,D,22750,14.46,1,0.49,0,9
18306,28,68666,RENT,7,0,0,1,1,0,0,0,0,0,B,21000,12.69,1,0.31,0,8
18308,31,72000,RENT,6,0,0,1,1,0,0,0,0,0,B,21000,11.99,1,0.29,0,6
18311,33,83000,RENT,0,0,0,1,1,0,0,0,0,0,B,21000,11.71,1,0.25,0,7
18325,32,39500,RENT,12,0,0,1,1,0,0,0,0,0,C,20000,13.11,1,0.51,0,5
18326,27,40000,RENT,11,0,0,1,1,0,0,0,0,0,A,20000,6.91,1,0.5,0,8
18335,27,50004,RENT,5,0,0,1,1,0,0,0,0,0,B,20000,,1,0.4,0,9
18347,27,55000,RENT,3,0,0,1,1,0,0,0,0,0,C,20000,13.48,1,0.36,0,9
18350,28,57000,RENT,12,0,0,1,1,0,0,0,0,0,B,20000,11.71,1,0.35,0,6
18355,31,59000,RENT,14,0,0,1,1,0,0,0,0,0,A,20000,7.51,1,0.34,0,10
18379,27,66000,RENT,3,0,0,1,1,0,0,0,0,0,B,20000,10.62,0,0.3,0,9
18388,28,71874,RENT,6,0,0,1,1,0,0,0,0,0,B,20000,11.48,0,0.28,0,6
18389,34,72000,RENT,6,0,0,1,1,0,0,0,0,0,B,20000,,0,0.28,0,6
18398,27,75000,RENT,0,0,0,1,1,0,0,0,0,0,C,20000,13.49,0,0.27,0,7
18412,29,77625,RENT,1,0,0,1,1,0,0,0,0,0,B,20000,11.11,0,0.26,0,9
18425,33,85000,RENT,16,0,0,1,1,0,0,0,0,0,C,20000,15.27,0,0.24,0,10
18431,27,88000,RENT,4,0,0,1,1,0,0,0,0,0,B,20000,10.38,0,0.23,0,7
18432,30,90000,RENT,2,0,0,1,1,0,0,0,0,0,B,20000,11.99,0,0.22,0,9
18433,27,90000,RENT,0,0,0,1,1,0,0,0,0,0,A,20000,6.54,0,0.22,0,9
18435,29,92000,RENT,2,0,0,1,1,0,0,0,0,0,C,20000,13.72,0,0.22,0,10
18460,31,101000,RENT,3,0,0,1,1,0,0,0,0,0,A,20000,7.9,0,0.2,0,10
18472,30,115000,RENT,3,0,0,1,1,0,0,0,0,0,B,20000,11.11,0,0.17,0,7
18478,27,120000,RENT,1,0,0,1,1,0,0,0,0,0,A,20000,6.54,0,0.17,0,9
18481,27,125000,RENT,3,0,0,1,1,0,0,0,0,0,B,20000,9.25,0,0.16,0,8
18482,35,113000,RENT,0,0,0,1,1,0,0,0,0,0,E,20000,,1,0.18,0,7
18499,28,113000,RENT,9,0,0,1,1,0,0,0,0,0,C,19975,13.92,1,0.18,0,9
18503,33,18000,RENT,0,0,0,1,1,0,0,0,0,0,A,500,,0,0.03,0,6
18504,27,12000,RENT,1,0,0,1,1,0,0,0,0,0,A,725,7.37,0,0.06,0,6
18538,27,60000,RENT,4,0,0,1,1,0,0,0,0,0,B,18500,10.99,1,0.31,0,5
18542,33,62500,RENT,3,0,0,1,1,0,0,0,0,0,B,18400,9.91,0,0.29,0,7
18547,29,30996,RENT,0,0,0,1,1,0,0,0,0,0,B,18000,10.75,1,0.58,0,7
18554,34,45996,RENT,4,0,0,1,1,0,0,0,0,0,A,18000,,1,0.39,0,9
18563,32,55000,RENT,0,0,0,1,1,0,0,0,0,0,B,18000,10.38,1,0.33,0,7
18565,29,56964,RENT,12,0,0,1,1,0,0,0,0,0,A,18000,,1,0.32,0,8
18576,27,69790,RENT,6,0,0,1,1,0,0,0,0,0,B,18000,10.25,0,0.26,0,9
18578,28,64000,RENT,1,0,0,1,1,0,0,0,0,0,B,18000,11.58,1,0.28,0,6
18589,28,81972,RENT,4,0,0,1,1,0,0,0,0,0,B,18000,10.99,0,0.22,0,6
18608,27,132000,RENT,4,0,0,1,1,0,0,0,0,0,A,18000,8.49,0,0.14,0,9
18610,33,140000,RENT,2,0,0,1,1,0,0,0,0,0,C,18000,,0,0.13,0,9
18613,33,30000,RENT,2,0,0,1,1,0,0,0,0,0,A,17975,8.49,1,0.6,0,8
18619,31,105600,RENT,5,0,0,1,1,0,0,0,0,0,B,17700,10.99,0,0.17,0,6
18636,31,636000,RENT,2,0,0,1,1,0,0,0,0,0,B,17500,11.48,0,0.03,0,10
18638,27,45000,RENT,1,0,0,1,1,0,0,0,0,0,B,17475,11.99,1,0.39,0,8
18642,35,54000,RENT,4,0,0,1,1,0,0,0,0,0,E,17250,19.42,1,0.32,0,10
18648,28,45300,RENT,3,0,0,1,1,0,0,0,0,0,C,17000,14.72,1,0.38,0,10
18654,32,61000,RENT,4,0,0,1,1,0,0,0,0,0,B,17000,11.49,0,0.28,0,5
18669,34,78000,RENT,0,0,0,1,1,0,0,0,0,0,A,16800,7.37,0,0.22,0,5
18684,35,57721,RENT,3,0,0,1,1,0,0,0,0,0,B,16500,,0,0.29,0,6
18687,27,68000,RENT,10,0,0,1,1,0,0,0,0,0,A,16500,7.88,0,0.24,0,7
18694,30,54000,RENT,2,0,0,1,1,0,0,0,0,0,D,16200,15.57,1,0.3,0,10
18702,27,30000,RENT,12,0,0,1,1,0,0,0,0,0,B,16000,10.99,1,0.53,0,6
18704,29,40000,RENT,12,0,0,1,1,0,0,0,0,0,B,16000,11.71,1,0.4,0,6
18705,30,40000,RENT,8,0,0,1,1,0,0,0,0,0,B,16000,11.48,1,0.4,0,8
18709,29,44000,RENT,14,0,0,1,1,0,0,0,0,0,B,16000,,1,0.36,0,9
18712,27,39000,RENT,3,0,0,1,1,0,0,0,0,0,C,16000,12.73,1,0.41,0,8
18714,28,47831,RENT,8,0,0,1,1,0,0,0,0,0,C,16000,13.85,1,0.33,0,7
18724,30,51600,RENT,5,0,0,1,1,0,0,0,0,0,C,16000,13.49,1,0.31,0,8
18732,27,62000,RENT,4,0,0,1,1,0,0,0,0,0,A,16000,7.88,0,0.26,0,10
18781,27,51298,RENT,11,0,0,1,1,0,0,0,0,0,B,1000,10.37,0,0.02,0,7
18788,29,74000,RENT,11,0,0,1,1,0,0,0,0,0,B,1000,9.91,0,0.01,0,5
18796,30,14800,RENT,5,0,0,1,1,0,0,0,0,0,A,1200,8,0,0.08,0,9
18799,29,20000,RENT,3,0,0,1,1,0,0,0,0,0,B,1200,11.71,1,0.06,0,7
18800,29,20000,RENT,0,0,0,1,1,0,0,0,0,0,C,1200,11.54,0,0.06,0,5
18808,34,39996,RENT,6,0,0,1,1,0,0,0,0,0,A,1200,7.88,0,0.03,0,8
18821,32,195000,RENT,4,0,0,1,1,0,0,0,0,0,C,1250,13.23,0,0.01,0,7
18836,31,54000,RENT,2,0,0,1,1,0,0,0,0,0,A,1400,,0,0.03,0,8
18839,31,78411,RENT,9,0,0,1,1,0,0,0,0,0,A,1400,,0,0.02,0,6
18854,29,30000,RENT,12,0,0,1,1,0,0,0,0,0,B,1500,11.49,1,0.05,0,8
18859,35,33996,RENT,0,0,0,1,1,0,0,0,0,0,B,1500,10.99,0,0.04,0,7
18876,30,39000,RENT,,0,0,1,1,0,0,0,0,0,A,1500,7.51,1,0.04,0,9
18886,32,54000,RENT,7,0,0,1,1,0,0,0,0,0,D,1500,14.42,1,0.03,0,9
18899,28,53040,RENT,6,0,0,1,1,0,0,0,0,0,A,1700,8.49,0,0.03,0,8
18914,27,60000,RENT,11,0,0,1,1,0,0,0,0,0,B,1800,11.46,0,0.03,0,8
18968,28,102000,RENT,12,0,0,1,1,0,0,0,0,0,B,15000,11.46,0,0.15,0,7
18971,27,106000,RENT,5,0,0,1,1,0,0,0,0,0,B,15000,10.75,0,0.14,0,6
18972,29,106800,RENT,0,0,0,1,1,0,0,0,0,0,A,15000,,0,0.14,0,6
18986,29,120000,RENT,3,0,0,1,1,0,0,0,0,0,A,15000,9.63,0,0.13,0,6
18994,28,140000,RENT,0,0,0,1,1,0,0,0,0,0,B,15000,11.26,0,0.11,0,5
19001,30,175000,RENT,3,0,0,1,1,0,0,0,0,0,B,15000,11.26,0,0.09,0,8
19002,29,200000,RENT,2,0,0,1,1,0,0,0,0,0,B,15000,10.37,0,0.07,0,5
19012,30,42000,RENT,4,0,0,1,1,0,0,0,0,0,B,14750,,1,0.35,0,7
19017,29,30000,RENT,0,0,0,1,1,0,0,0,0,0,B,2000,10.75,0,0.07,0,7
19020,31,33000,RENT,1,0,0,1,1,0,0,0,0,0,A,2000,5.79,0,0.06,0,5
19023,27,40000,RENT,9,0,0,1,1,0,0,0,0,0,B,2000,10.75,0,0.05,0,6
19025,30,51600,RENT,12,0,0,1,1,0,0,0,0,0,B,2000,9.99,0,0.04,0,5
19031,33,57500,RENT,2,0,0,1,1,0,0,0,0,0,B,2000,,0,0.03,0,5
19039,29,68500,RENT,4,0,0,1,1,0,0,0,0,0,A,2000,,0,0.03,0,9
19069,27,39000,RENT,3,0,0,1,1,0,0,0,0,0,B,2100,,0,0.05,0,6
19082,34,36000,RENT,5,0,0,1,1,0,0,0,0,0,A,14000,7.51,1,0.39,0,6
19083,35,37000,RENT,5,0,0,1,1,0,0,0,0,0,A,14000,7.88,1,0.38,0,8
19089,29,14400,RENT,4,0,0,1,1,0,0,0,0,0,A,2200,5.99,0,0.15,0,10
19097,31,42000,RENT,2,0,0,1,1,0,0,0,0,0,A,2200,9.63,0,0.05,0,8
19103,28,80000,RENT,5,0,0,1,1,0,0,0,0,0,B,2200,9.99,0,0.03,0,6
19105,34,120000,RENT,0,0,0,1,1,0,0,0,0,0,A,2200,7.51,0,0.02,0,5
19110,27,48000,RENT,5,0,0,1,1,0,0,0,0,0,B,2250,,0,0.05,0,7
19150,30,39000,RENT,1,0,0,1,1,0,0,0,0,0,B,2400,10.99,0,0.06,0,7
19151,35,39800,RENT,5,0,0,1,1,0,0,0,0,0,B,2400,11.71,0,0.06,0,10
19155,34,40000,RENT,1,0,0,1,1,0,0,0,0,0,A,2400,9.32,0,0.06,0,7
19156,28,35000,RENT,4,0,0,1,1,0,0,0,0,0,A,2400,7.29,1,0.07,0,9
19198,29,64402,RENT,1,0,0,1,1,0,0,0,0,0,A,13500,7.49,0,0.21,0,8
19200,27,75805,RENT,1,0,0,1,1,0,0,0,0,0,E,13450,16.32,1,0.18,0,8
19216,31,88000,RENT,1,0,0,1,1,0,0,0,0,0,B,13225,12.42,0,0.15,0,7
19230,34,92500,RENT,4,0,0,1,1,0,0,0,0,0,A,13050,7.66,0,0.14,0,5
19233,31,27600,RENT,16,0,0,1,1,0,0,0,0,0,A,13000,6.54,1,0.47,0,9
19236,28,33000,RENT,3,0,0,1,1,0,0,0,0,0,A,13000,7.9,1,0.39,0,6
19243,27,37800,RENT,1,0,0,1,1,0,0,0,0,0,B,13000,11.83,1,0.34,0,5
19248,27,45000,RENT,11,0,0,1,1,0,0,0,0,0,A,13000,8.94,0,0.29,0,6
19250,30,47000,RENT,2,0,0,1,1,0,0,0,0,0,B,13000,9.63,0,0.28,0,5
19297,27,39996,RENT,7,0,0,1,1,0,0,0,0,0,D,2500,15.65,1,0.06,0,8
19300,27,47544,RENT,11,0,0,1,1,0,0,0,0,0,A,2500,7.88,0,0.05,0,5
19309,28,54924,RENT,6,0,0,1,1,0,0,0,0,0,B,2500,11.14,0,0.05,0,6
19313,27,56000,RENT,1,0,0,1,1,0,0,0,0,0,C,2500,11.72,1,0.04,0,5
19327,27,95800,RENT,1,0,0,1,1,0,0,0,0,0,B,2500,11.58,0,0.03,0,9
19335,32,24000,RENT,7,0,0,1,1,0,0,0,0,0,B,2800,10.99,0,0.12,0,9
19368,32,18072,RENT,,0,0,1,1,0,0,0,0,0,A,3000,6.03,1,0.17,0,7
19376,35,21600,RENT,0,0,0,1,1,0,0,0,0,0,C,3000,14.35,0,0.14,0,9
19402,33,34320,RENT,1,0,0,1,1,0,0,0,0,0,D,3000,14.11,1,0.09,0,5
19404,27,35000,RENT,0,0,0,1,1,0,0,0,0,0,A,3000,8.49,0,0.09,0,10
19405,27,35000,RENT,0,0,0,1,1,0,0,0,0,0,B,3000,,0,0.09,0,8
19409,31,36000,RENT,5,0,0,1,1,0,0,0,0,0,B,3000,9.91,0,0.08,0,7
19411,29,36000,RENT,7,0,0,1,1,0,0,0,0,0,B,3000,10.99,0,0.08,0,10
19413,31,30000,RENT,0,0,0,1,1,0,0,0,0,0,B,3000,10.08,1,0.1,0,10
19423,30,38400,RENT,,0,0,1,1,0,0,0,0,0,C,3000,12.99,0,0.08,0,9
19451,32,39314,RENT,16,0,0,1,1,0,0,0,0,0,C,3000,15.23,1,0.08,0,7
19456,30,40750,RENT,2,0,0,1,1,0,0,0,0,0,D,3000,15.28,1,0.07,0,10
19465,32,48750,RENT,5,0,0,1,1,0,0,0,0,0,C,3000,13.49,0,0.06,0,7
19474,28,50000,RENT,2,0,0,1,1,0,0,0,0,0,B,3000,10.37,0,0.06,0,9
19489,31,44000,RENT,4,0,0,1,1,0,0,0,0,0,D,12000,17.27,1,0.27,0,7
19490,31,50000,RENT,9,0,0,1,1,0,0,0,0,0,A,12000,6.03,0,0.24,0,6
19494,32,50000,RENT,16,0,0,1,1,0,0,0,0,0,B,12000,12.53,0,0.24,0,10
19499,30,50600,RENT,1,0,0,1,1,0,0,0,0,0,C,12000,13.48,0,0.24,0,6
19506,30,52000,RENT,3,0,0,1,1,0,0,0,0,0,A,12000,7.91,0,0.23,0,9
19515,30,53000,RENT,4,0,0,1,1,0,0,0,0,0,A,12000,6.03,0,0.23,0,7
19516,29,53000,RENT,6,0,0,1,1,0,0,0,0,0,C,12000,,0,0.23,0,8
19535,29,49000,RENT,2,0,0,1,1,0,0,0,0,0,D,12000,15.37,1,0.24,0,7
19536,34,55000,RENT,3,0,0,1,1,0,0,0,0,0,C,12000,13.16,0,0.22,0,8
19537,29,55500,RENT,13,0,0,1,1,0,0,0,0,0,A,12000,7.88,0,0.22,0,8
19541,30,57000,RENT,14,0,0,1,1,0,0,0,0,0,A,12000,5.42,0,0.21,0,7
19544,28,51200,RENT,12,0,0,1,1,0,0,0,0,0,B,12000,,1,0.23,0,7
19547,30,58800,RENT,0,0,0,1,1,0,0,0,0,0,A,12000,,0,0.2,0,10
19554,35,54084,RENT,2,0,0,1,1,0,0,0,0,0,C,3000,12.61,0,0.06,0,6
19571,28,60000,RENT,2,0,0,1,1,0,0,0,0,0,B,3000,11.49,0,0.05,0,5
19581,29,56400,RENT,1,0,0,1,1,0,0,0,0,0,A,3000,7.9,1,0.05,0,6
19589,32,67000,RENT,11,0,0,1,1,0,0,0,0,0,A,3000,7.14,0,0.04,0,9
19603,28,75000,RENT,7,0,0,1,1,0,0,0,0,0,A,3000,7.68,0,0.04,0,7
19605,32,70000,RENT,2,0,0,1,1,0,0,0,0,0,B,3000,11.11,1,0.04,0,6
19606,29,76000,RENT,2,0,0,1,1,0,0,0,0,0,A,3000,,0,0.04,0,5
19610,30,80000,RENT,13,0,0,1,1,0,0,0,0,0,A,3000,5.79,0,0.04,0,6
19615,33,93000,RENT,1,0,0,1,1,0,0,0,0,0,A,3000,,0,0.03,0,7
19616,27,93600,RENT,1,0,0,1,1,0,0,0,0,0,B,3000,10.36,0,0.03,0,9
19621,35,104000,RENT,0,0,0,1,1,0,0,0,0,0,B,3000,11.58,0,0.03,0,6
19623,32,105000,RENT,15,0,0,1,1,0,0,0,0,0,B,3000,,0,0.03,0,5
19657,30,36000,RENT,2,0,0,1,1,0,0,0,0,0,A,3200,7.88,0,0.09,0,10
19671,27,50004,RENT,12,0,0,1,1,0,0,0,0,0,B,3200,11.49,0,0.06,0,7
19676,28,55000,RENT,2,0,0,1,1,0,0,0,0,0,C,3200,12.98,0,0.06,0,7
19693,33,18996,RENT,5,0,0,1,1,0,0,0,0,0,D,3250,16.32,1,0.17,0,7
19697,30,26400,RENT,14,0,0,1,1,0,0,0,0,0,C,3250,14.35,1,0.12,0,9
19717,35,48000,RENT,0,0,0,1,1,0,0,0,0,0,C,3400,13.06,0,0.07,0,9
19718,28,76000,RENT,4,0,0,1,1,0,0,0,0,0,A,3400,8.49,0,0.04,0,5
19741,29,27048,RENT,5,0,0,1,1,0,0,0,0,0,B,3500,11.99,0,0.13,0,7
19764,33,48000,RENT,17,0,0,1,1,0,0,0,0,0,B,3500,11.86,0,0.07,0,10
19766,29,42000,RENT,6,0,0,1,1,0,0,0,0,0,D,3500,12.67,1,0.08,0,5
19773,28,53000,RENT,6,0,0,1,1,0,0,0,0,0,B,3500,11.49,0,0.07,0,6
19780,29,56000,RENT,7,0,0,1,1,0,0,0,0,0,B,3500,10.37,0,0.06,0,7
19796,28,69996,RENT,8,0,0,1,1,0,0,0,0,0,A,3500,6.62,0,0.05,0,9
19810,32,25000,RENT,0,0,0,1,1,0,0,0,0,0,A,3600,8.94,0,0.14,0,8
19823,28,31200,RENT,3,0,0,1,1,0,0,0,0,0,A,3600,6.39,0,0.12,0,7
19832,27,36200,RENT,2,0,0,1,1,0,0,0,0,0,B,3600,,0,0.1,0,10
19898,27,104000,RENT,8,0,0,1,1,0,0,0,0,0,B,11000,,0,0.11,0,8
19901,32,24000,RENT,3,0,0,1,1,0,0,0,0,0,A,10800,7.75,1,0.45,0,8
19902,29,32000,RENT,6,0,0,1,1,0,0,0,0,0,C,10800,13.57,1,0.34,0,6
19910,34,48000,RENT,4,0,0,1,1,0,0,0,0,0,B,10800,10.99,0,0.23,0,7
19914,29,52000,RENT,3,0,0,1,1,0,0,0,0,0,C,10800,14.27,0,0.21,0,5
19916,27,48000,RENT,3,0,0,1,1,0,0,0,0,0,D,10800,15.99,1,0.23,0,8
19925,27,24960,RENT,3,0,0,1,1,0,0,0,0,0,B,10750,10.25,1,0.43,0,10
19927,29,28800,RENT,4,0,0,1,1,0,0,0,0,0,A,10750,7.51,1,0.37,0,10
19934,30,26500,RENT,14,0,0,1,1,0,0,0,0,0,C,10625,14.27,1,0.4,0,9
19944,29,35000,RENT,1,0,0,1,1,0,0,0,0,0,A,10625,7.9,0,0.3,0,8
19951,29,49668,RENT,4,0,0,1,1,0,0,0,0,0,A,10525,7.9,0,0.21,0,6
19962,33,53796,RENT,1,0,0,1,1,0,0,0,0,0,B,10500,11.14,0,0.2,0,6
19974,32,32004,RENT,10,0,0,1,1,0,0,0,0,0,C,10400,15.27,1,0.32,0,9
19977,27,45000,RENT,12,0,0,1,1,0,0,0,0,0,C,10400,14.65,0,0.23,0,9
19994,33,48000,RENT,4,0,0,1,1,0,0,0,0,0,B,3600,11.99,0,0.07,0,10
19995,32,48000,RENT,15,0,0,1,1,0,0,0,0,0,A,3600,6.92,0,0.07,0,5
20001,33,53000,RENT,4,0,0,1,1,0,0,0,0,0,B,3600,9.25,0,0.07,0,5
20002,29,54996,RENT,8,0,0,1,1,0,0,0,0,0,A,3600,9.63,0,0.07,0,5
20008,30,60000,RENT,1,0,0,1,1,0,0,0,0,0,A,3600,8.59,0,0.06,0,9
20009,28,60000,RENT,1,0,0,1,1,0,0,0,0,0,B,3600,12.21,0,0.06,0,10
20015,33,74400,RENT,15,0,0,1,1,0,0,0,0,0,C,3600,15.27,0,0.05,0,9
20019,35,85000,RENT,1,0,0,1,1,0,0,0,0,0,A,3600,7.51,0,0.04,0,6
20025,30,110000,RENT,0,0,0,1,1,0,0,0,0,0,B,3600,10.71,0,0.03,0,8
20033,32,25000,RENT,9,0,0,1,1,0,0,0,0,0,B,3700,9.91,0,0.15,0,6
20087,28,19200,RENT,0,0,0,1,1,0,0,0,0,0,B,4000,12.69,1,0.21,0,8
20092,30,19968,RENT,3,0,0,1,1,0,0,0,0,0,E,4000,16.45,1,0.2,0,9
20094,28,20000,RENT,5,0,0,1,1,0,0,0,0,0,B,4000,10.99,0,0.2,0,9
20104,32,21600,RENT,4,0,0,1,1,0,0,0,0,0,A,4000,8.07,0,0.19,0,10
20107,32,22800,RENT,1,0,0,1,1,0,0,0,0,0,B,4000,,0,0.18,0,8
20113,27,24000,RENT,0,0,0,1,1,0,0,0,0,0,C,4000,12.87,0,0.17,0,10
20125,28,27600,RENT,8,0,0,1,1,0,0,0,0,0,C,4000,15.23,0,0.14,0,8
20129,29,28550,RENT,6,0,0,1,1,0,0,0,0,0,B,4000,10.59,0,0.14,0,10
20151,33,32004,RENT,3,0,0,1,1,0,0,0,0,0,A,4000,8.32,0,0.12,0,7
20176,28,36000,RENT,1,0,0,1,1,0,0,0,0,0,B,4000,12.42,0,0.11,0,10
20183,32,37400,RENT,0,0,0,1,1,0,0,0,0,0,B,4000,10.38,0,0.11,0,7
20194,30,34000,RENT,6,0,0,1,1,0,0,0,0,0,C,4000,13.49,1,0.12,0,5
20197,33,40000,RENT,2,0,0,1,1,0,0,0,0,0,A,4000,7.88,0,0.1,0,10
20210,30,42000,RENT,1,0,0,1,1,0,0,0,0,0,A,4000,7.88,0,0.1,0,6
20230,28,48000,RENT,2,0,0,1,1,0,0,0,0,0,A,4000,,0,0.08,0,7
20237,27,48996,RENT,2,0,0,1,1,0,0,0,0,0,A,4000,9.32,0,0.08,0,9
20270,35,60000,RENT,0,0,0,1,1,0,0,0,0,0,C,4000,13.98,0,0.07,0,7
20291,29,75000,RENT,2,0,0,1,1,0,0,0,0,0,A,4000,8.49,0,0.05,0,6
20294,32,75250,RENT,1,0,0,1,1,0,0,0,0,0,C,4000,12.99,0,0.05,0,7
20297,27,80000,RENT,3,0,0,1,1,0,0,0,0,0,B,4000,12.69,0,0.05,0,8
20316,28,110000,RENT,3,0,0,1,1,0,0,0,0,0,B,4000,12.18,0,0.04,0,9
20320,27,138000,RENT,2,0,0,1,1,0,0,0,0,0,B,4000,11.71,1,0.03,0,10
20332,27,96000,RENT,0,0,0,1,1,0,0,0,0,0,B,4375,8.88,0,0.05,0,7
20372,34,33000,RENT,5,0,0,1,1,0,0,0,0,0,A,4500,,0,0.14,0,9
20381,35,39000,RENT,8,0,0,1,1,0,0,0,0,0,A,4500,6.62,0,0.12,0,6
20406,27,60000,RENT,6,0,0,1,1,0,0,0,0,0,B,4500,12.69,0,0.07,0,7
20425,28,60000,RENT,12,0,0,1,1,0,0,0,0,0,A,4600,7.88,0,0.08,0,6
20431,33,86000,RENT,0,0,0,1,1,0,0,0,0,0,A,4700,9.63,0,0.05,0,7
20436,34,19200,RENT,12,0,0,1,1,0,0,0,0,0,B,4750,11.83,1,0.25,0,10
20437,32,20000,RENT,3,0,0,1,1,0,0,0,0,0,B,4750,10.37,0,0.24,0,8
20441,34,39996,RENT,0,0,0,1,1,0,0,0,0,0,B,4750,9.25,0,0.12,0,10
20443,30,60000,RENT,0,0,0,1,1,0,0,0,0,0,B,4750,9.99,0,0.08,0,7
20453,27,20400,RENT,,0,0,1,1,0,0,0,0,0,A,4800,,0,0.24,0,6
20460,28,22884,RENT,4,0,0,1,1,0,0,0,0,0,B,4800,10.38,0,0.21,0,7
20490,27,40000,RENT,0,0,0,1,1,0,0,0,0,0,A,4800,,0,0.12,0,8
20491,27,40000,RENT,4,0,0,1,1,0,0,0,0,0,B,4800,11.71,0,0.12,0,8
20496,28,38100,RENT,6,0,0,1,1,0,0,0,0,0,B,4800,9.63,1,0.13,0,10
20502,33,45000,RENT,1,0,0,1,1,0,0,0,0,0,B,4800,10.59,0,0.11,0,8
20513,27,49200,RENT,4,0,0,1,1,0,0,0,0,0,C,4800,14.65,0,0.1,0,7
20521,28,49000,RENT,6,0,0,1,1,0,0,0,0,0,D,4800,15.99,1,0.1,0,5
20527,28,56000,RENT,5,0,0,1,1,0,0,0,0,0,E,4800,16.45,1,0.09,0,7
20533,29,59004,RENT,0,0,0,1,1,0,0,0,0,0,B,4800,11.49,1,0.08,0,7
20542,35,80000,RENT,5,0,0,1,1,0,0,0,0,0,A,4800,7.49,0,0.06,0,9
20543,34,96900,RENT,1,0,0,1,1,0,0,0,0,0,A,4800,5.42,0,0.05,0,10
20545,28,118000,RENT,7,0,0,1,1,0,0,0,0,0,A,4800,8.9,0,0.04,0,6
20564,32,100000,RENT,0,0,0,1,1,0,0,0,0,0,B,10000,9.99,0,0.1,0,8
20575,28,103241,RENT,2,0,0,1,1,0,0,0,0,0,B,10000,9.88,0,0.1,0,8
20578,34,110000,RENT,0,0,0,1,1,0,0,0,0,0,A,10000,7.66,0,0.09,0,9
20604,29,136000,RENT,0,0,0,1,1,0,0,0,0,0,A,10000,7.14,0,0.07,0,6
20620,31,24000,RENT,0,0,0,1,1,0,0,0,0,0,A,9925,6.62,1,0.41,0,6
20675,29,31100,RENT,2,0,0,1,1,0,0,0,0,0,B,5000,9.63,0,0.16,0,8
20700,31,34000,RENT,3,0,0,1,1,0,0,0,0,0,A,5000,5.42,0,0.15,0,7
20707,27,35000,RENT,9,0,0,1,1,0,0,0,0,0,B,5000,11.49,0,0.14,0,8
20713,35,36000,RENT,3,0,0,1,1,0,0,0,0,0,A,5000,7.51,0,0.14,0,5
20753,33,38500,RENT,1,0,0,1,1,0,0,0,0,0,A,5000,7.14,0,0.13,0,10
20783,27,42000,RENT,7,0,0,1,1,0,0,0,0,0,A,5000,5.42,0,0.12,0,5
20788,32,42000,RENT,4,0,0,1,1,0,0,0,0,0,B,5000,10.08,0,0.12,0,9
20791,31,42100,RENT,4,0,0,1,1,0,0,0,0,0,B,5000,10.36,0,0.12,0,9
20801,28,44000,RENT,7,0,0,1,1,0,0,0,0,0,A,5000,5.42,0,0.11,0,7
20805,28,39000,RENT,6,0,0,1,1,0,0,0,0,0,A,5000,5.99,1,0.13,0,7
20811,32,45000,RENT,1,0,0,1,1,0,0,0,0,0,B,5000,10.36,0,0.11,0,5
20828,27,48000,RENT,3,0,0,1,1,0,0,0,0,0,B,5000,11.71,0,0.1,0,7
20835,32,48000,RENT,5,0,0,1,1,0,0,0,0,0,B,5000,11.49,0,0.1,0,8
20876,31,62201,RENT,2,0,0,1,1,0,0,0,0,0,B,9000,12.53,0,0.14,0,8
20883,28,66000,RENT,11,0,0,1,1,0,0,0,0,0,C,9000,13.99,0,0.14,0,7
20885,30,67092,RENT,0,0,0,1,1,0,0,0,0,0,C,9000,12.87,0,0.13,0,8
20900,28,75000,RENT,4,0,0,1,1,0,0,0,0,0,B,9000,12.21,0,0.12,0,8
20908,28,84800,RENT,4,0,0,1,1,0,0,0,0,0,B,9000,,0,0.11,0,7
20916,27,88000,RENT,11,0,0,1,1,0,0,0,0,0,A,9000,6.91,0,0.1,0,10
20919,27,90000,RENT,2,0,0,1,1,0,0,0,0,0,C,9000,13.49,0,0.1,0,7
20924,27,112440,RENT,9,0,0,1,1,0,0,0,0,0,A,9000,,0,0.08,0,7
20948,29,28114,RENT,0,0,0,1,1,0,0,0,0,0,B,8800,10,1,0.31,0,10
20950,27,42000,RENT,3,0,0,1,1,0,0,0,0,0,B,8800,11.71,0,0.21,0,5
20961,30,65000,RENT,3,0,0,1,1,0,0,0,0,0,B,8800,10,0,0.14,0,8
20962,29,65500,RENT,1,0,0,1,1,0,0,0,0,0,B,8800,10.71,0,0.13,0,10
20977,32,44004,RENT,2,0,0,1,1,0,0,0,0,0,F,5000,18.25,1,0.11,0,5
20985,29,51000,RENT,1,0,0,1,1,0,0,0,0,0,A,5000,8,0,0.1,0,6
21000,33,25000,RENT,,0,0,1,1,0,0,0,0,0,C,8500,13.43,1,0.34,0,6
21025,27,42000,RENT,4,0,0,1,1,0,0,0,0,0,B,8500,9.99,0,0.2,0,8
21075,27,55000,RENT,11,0,0,1,1,0,0,0,0,0,C,5000,13.8,0,0.09,0,6
21086,29,57312,RENT,3,0,0,1,1,0,0,0,0,0,B,5000,11.86,0,0.09,0,6
21099,27,54000,RENT,6,0,0,1,1,0,0,0,0,0,B,5000,11.99,1,0.09,0,10
21107,27,54000,RENT,0,0,0,1,1,0,0,0,0,0,D,5000,13.17,1,0.09,0,8
21109,30,60000,RENT,1,0,0,1,1,0,0,0,0,0,B,5000,,0,0.08,0,7
21115,27,62000,RENT,7,0,0,1,1,0,0,0,0,0,A,5000,,0,0.08,0,5
21118,27,63000,RENT,11,0,0,1,1,0,0,0,0,0,B,5000,10,0,0.08,0,5
21126,28,59000,RENT,2,0,0,1,1,0,0,0,0,0,C,5000,15.23,1,0.08,0,6
21147,34,70000,RENT,0,0,0,1,1,0,0,0,0,0,B,5000,9.91,0,0.07,0,7
21170,32,80000,RENT,0,0,0,1,1,0,0,0,0,0,C,5000,,0,0.06,0,6
21173,28,74000,RENT,0,0,0,1,1,0,0,0,0,0,D,5000,15.21,1,0.07,0,8
21194,31,86000,RENT,2,0,0,1,1,0,0,0,0,0,A,5000,,0,0.06,0,8
21247,31,39000,RENT,15,0,0,1,1,0,0,0,0,0,C,5200,13.48,0,0.13,0,9
21249,27,45000,RENT,0,0,0,1,1,0,0,0,0,0,C,5200,13.49,0,0.12,0,8
21250,28,39000,RENT,12,0,0,1,1,0,0,0,0,0,B,5250,11.49,0,0.13,0,8
21255,27,20160,RENT,4,0,0,1,1,0,0,0,0,0,A,5300,,0,0.26,0,6
21271,30,29120,RENT,0,0,0,1,1,0,0,0,0,0,A,5400,7.14,0,0.19,0,10
21287,27,77200,RENT,0,0,0,1,1,0,0,0,0,0,B,5425,10.59,1,0.07,0,9
21319,31,30000,RENT,,0,0,1,1,0,0,0,0,0,B,5500,8.88,0,0.18,0,9
21332,34,42000,RENT,5,0,0,1,1,0,0,0,0,0,A,5500,7.66,0,0.13,0,7
21337,27,44196,RENT,2,0,0,1,1,0,0,0,0,0,C,5500,13.8,0,0.12,0,10
21343,31,54000,RENT,2,0,0,1,1,0,0,0,0,0,C,5500,13.23,0,0.1,0,9
21345,30,60000,RENT,11,0,0,1,1,0,0,0,0,0,A,5500,7.51,0,0.09,0,10
21351,30,73000,RENT,15,0,0,1,1,0,0,0,0,0,B,5500,9.99,0,0.08,0,9
21352,28,105000,RENT,5,0,0,1,1,0,0,0,0,0,C,5500,15.23,0,0.05,0,7
21369,31,30000,RENT,1,0,0,1,1,0,0,0,0,0,A,5600,7.74,0,0.19,0,7
21380,32,43000,RENT,16,0,0,1,1,0,0,0,0,0,A,5600,7.51,0,0.13,0,7
21395,28,56056,RENT,3,0,0,1,1,0,0,0,0,0,B,5600,10.37,0,0.1,0,6
21398,29,60000,RENT,0,0,0,1,1,0,0,0,0,0,B,5600,9.99,0,0.09,0,7
21419,31,109440,RENT,9,0,0,1,1,0,0,0,0,0,D,5600,,1,0.05,0,10
21428,32,53000,RENT,0,0,0,1,1,0,0,0,0,0,B,5700,9.99,0,0.11,0,9
21436,27,32000,RENT,1,0,0,1,1,0,0,0,0,0,A,5800,7.49,0,0.18,0,5
21439,32,42000,RENT,1,0,0,1,1,0,0,0,0,0,A,5800,9.32,0,0.14,0,10
21458,27,58000,RENT,5,0,0,1,1,0,0,0,0,0,A,5900,9.32,0,0.1,0,7
21468,27,18000,RENT,0,0,0,1,1,0,0,0,0,0,A,6000,7.49,1,0.33,0,5
21480,31,20800,RENT,0,0,0,1,1,0,0,0,0,0,C,6000,14.26,0,0.29,0,8
21502,35,24000,RENT,2,0,0,1,1,0,0,0,0,0,C,6000,12.87,0,0.25,0,7
21515,33,27120,RENT,,0,0,1,1,0,0,0,0,0,C,6000,13.49,1,0.22,0,8
21533,35,30000,RENT,1,0,0,1,1,0,0,0,0,0,A,6000,6.54,0,0.2,0,6
21534,28,30000,RENT,2,0,0,1,1,0,0,0,0,0,B,6000,11.49,1,0.2,0,9
21539,33,30000,RENT,0,0,0,1,1,0,0,0,0,0,B,6000,10.51,0,0.2,0,10
21573,27,34000,RENT,0,0,0,1,1,0,0,0,0,0,A,6000,6.99,0,0.18,0,6
21594,31,36000,RENT,3,0,0,1,1,0,0,0,0,0,A,6000,8.9,0,0.17,0,9
21625,28,39184,RENT,3,0,0,1,1,0,0,0,0,0,A,6000,6.17,0,0.15,0,7
21628,27,40000,RENT,1,0,0,1,1,0,0,0,0,0,B,6000,11.99,0,0.15,0,6
21631,33,40000,RENT,0,0,0,1,1,0,0,0,0,0,A,6000,7.51,0,0.15,0,6
21633,29,40000,RENT,2,0,0,1,1,0,0,0,0,0,B,6000,11.14,0,0.15,0,6
21641,30,41000,RENT,14,0,0,1,1,0,0,0,0,0,A,6000,6.03,0,0.15,0,10
21727,33,44000,RENT,6,0,0,1,1,0,0,0,0,0,D,6000,14.96,1,0.14,0,8
21731,31,50100,RENT,5,0,0,1,1,0,0,0,0,0,B,6000,10,0,0.12,0,5
21734,28,51000,RENT,5,0,0,1,1,0,0,0,0,0,B,6000,12.69,0,0.12,0,5
21740,28,52000,RENT,6,0,0,1,1,0,0,0,0,0,A,6000,7.14,0,0.12,0,6
21746,29,54000,RENT,2,0,0,1,1,0,0,0,0,0,A,6000,7.9,0,0.11,0,7
21757,29,55000,RENT,13,0,0,1,1,0,0,0,0,0,B,6000,,0,0.11,0,9
21770,29,59000,RENT,3,0,0,1,1,0,0,0,0,0,B,6000,10.37,0,0.1,0,7
21782,32,60000,RENT,0,0,0,1,1,0,0,0,0,0,B,6000,10.36,0,0.1,0,7
21784,27,60000,RENT,0,0,0,1,1,0,0,0,0,0,B,6000,9.25,0,0.1,0,9
21809,35,80000,RENT,0,0,0,1,1,0,0,0,0,0,B,7050,8.88,0,0.09,0,5
21816,30,14500,RENT,15,0,0,1,1,0,0,0,0,0,A,7000,6.76,1,0.48,0,5
21824,33,20244,RENT,0,0,0,1,1,0,0,0,0,0,B,7000,9.45,1,0.35,0,8
21829,27,24000,RENT,4,0,0,1,1,0,0,0,0,0,B,7000,10.75,0,0.29,0,10
21831,28,24996,RENT,2,0,0,1,1,0,0,0,0,0,C,7000,12.53,0,0.28,0,8
21849,35,65004,RENT,2,0,0,1,1,0,0,0,0,0,A,6000,7.29,0,0.09,0,10
21854,27,67000,RENT,3,0,0,1,1,0,0,0,0,0,B,6000,9.99,0,0.09,0,8
21861,28,70000,RENT,2,0,0,1,1,0,0,0,0,0,B,6000,10.36,0,0.09,0,9
21871,27,72000,RENT,4,0,0,1,1,0,0,0,0,0,C,6000,15.96,0,0.08,0,10
21877,31,66000,RENT,4,0,0,1,1,0,0,0,0,0,C,6000,14.35,1,0.09,0,5
21879,27,66000,RENT,11,0,0,1,1,0,0,0,0,0,D,6000,,1,0.09,0,8
21906,33,80000,RENT,10,0,0,1,1,0,0,0,0,0,A,6000,8.49,0,0.07,0,6
21917,32,85000,RENT,7,0,0,1,1,0,0,0,0,0,B,6000,11.71,0,0.07,0,5
21923,31,87500,RENT,4,0,0,1,1,0,0,0,0,0,B,6000,11.99,0,0.07,0,5
21946,27,108000,RENT,4,0,0,1,1,0,0,0,0,0,B,6000,10.65,0,0.06,0,7
21947,31,110000,RENT,15,0,0,1,1,0,0,0,0,0,A,6000,6.99,0,0.05,0,6
21955,30,155000,RENT,9,0,0,1,1,0,0,0,0,0,A,6000,7.14,0,0.04,0,10
21956,35,165996,RENT,1,0,0,1,1,0,0,0,0,0,A,6000,5.42,0,0.04,0,10
21961,32,12000,RENT,2,0,0,1,1,0,0,0,0,0,B,6075,12.42,1,0.51,0,8
21973,35,24996,RENT,2,0,0,1,1,0,0,0,0,0,B,6200,,0,0.25,0,5
22012,30,56400,RENT,1,0,0,1,1,0,0,0,0,0,B,7000,11.49,1,0.12,0,9
22016,29,64000,RENT,3,0,0,1,1,0,0,0,0,0,A,7000,7.51,0,0.11,0,6
22020,30,65000,RENT,14,0,0,1,1,0,0,0,0,0,C,7000,13.49,0,0.11,0,8
22024,33,65000,RENT,3,0,0,1,1,0,0,0,0,0,C,7000,14.26,0,0.11,0,10
22054,31,29640,RENT,4,0,0,1,1,0,0,0,0,0,D,6250,14.96,1,0.21,0,7
22098,27,16800,RENT,3,0,0,1,1,0,0,0,0,0,B,6500,11.99,1,0.39,0,8
22132,34,36500,RENT,4,0,0,1,1,0,0,0,0,0,D,6500,15.65,1,0.18,0,10
22137,31,50000,RENT,8,0,0,1,1,0,0,0,0,0,A,6500,9.38,0,0.13,0,5
22148,27,68000,RENT,0,0,0,1,1,0,0,0,0,0,A,6500,7.51,0,0.1,0,7
22195,32,22704,RENT,4,0,0,1,1,0,0,0,0,0,B,6800,,0,0.3,0,8
22235,29,34000,RENT,2,0,0,1,1,0,0,0,0,0,B,6400,6,0,0.19,0,8
22325,27,29004,RENT,6,0,0,1,1,0,0,0,0,0,A,7000,6.03,0,0.24,0,10
22332,27,30000,RENT,2,0,0,1,1,0,0,0,0,0,B,7000,10.37,0,0.23,0,7
22355,27,36500,RENT,3,0,0,1,1,0,0,0,0,0,C,7000,10.78,0,0.19,0,8
22358,28,37000,RENT,3,0,0,1,1,0,0,0,0,0,A,7000,9.32,0,0.19,0,8
22392,33,36000,RENT,5,0,0,1,1,0,0,0,0,0,A,7000,5.79,1,0.19,0,5
22435,31,49000,RENT,8,0,0,1,1,0,0,0,0,0,B,7000,12.69,0,0.14,0,6
22437,30,50000,RENT,0,0,0,1,1,0,0,0,0,0,C,7000,14.65,0,0.14,0,9
22439,35,50000,RENT,4,0,0,1,1,0,0,0,0,0,B,7000,11.49,0,0.14,0,9
22441,29,50000,RENT,3,0,0,1,1,0,0,0,0,0,B,7000,,0,0.14,0,6
22444,29,50400,RENT,6,0,0,1,1,0,0,0,0,0,A,7000,6.17,0,0.14,0,8
22449,28,52000,RENT,0,0,0,1,1,0,0,0,0,0,B,7000,,0,0.13,0,9
22456,28,53000,RENT,0,0,0,1,1,0,0,0,0,0,B,7000,9.88,0,0.13,0,9
22491,30,30000,RENT,7,0,0,1,1,0,0,0,0,0,B,7200,10.36,0,0.24,0,6
22512,27,42504,RENT,2,0,0,1,1,0,0,0,0,0,B,7200,10.59,0,0.17,0,6
22514,27,39000,RENT,4,0,0,1,1,0,0,0,0,0,B,7200,10.65,1,0.18,0,5
22521,28,50000,RENT,4,0,0,1,1,0,0,0,0,0,B,7200,,0,0.14,0,7
22539,29,75000,RENT,2,0,0,1,1,0,0,0,0,0,A,7200,7.9,0,0.1,0,10
22540,28,75000,RENT,8,0,0,1,1,0,0,0,0,0,B,7200,9.88,0,0.1,0,7
22569,27,120000,RENT,0,0,0,1,1,0,0,0,0,0,A,7200,7.29,0,0.06,0,10
22583,30,115000,RENT,7,0,0,1,1,0,0,0,0,0,B,7300,10.25,0,0.06,0,9
22591,28,140000,RENT,0,0,0,1,1,0,0,0,0,0,A,7400,6.03,0,0.05,0,9
22673,34,39000,RENT,0,0,0,1,1,0,0,0,0,0,B,7500,9.45,1,0.19,0,9
22707,34,57000,RENT,9,0,0,1,1,0,0,0,0,0,B,7500,11.14,0,0.13,0,7
22718,31,60000,RENT,3,0,0,1,1,0,0,0,0,0,A,7500,5.79,0,0.13,0,9
22742,27,80000,RENT,3,0,0,1,1,0,0,0,0,0,B,7500,12.18,0,0.09,0,5
22751,27,90000,RENT,0,0,0,1,1,0,0,0,0,0,B,7500,,0,0.08,0,6
22753,31,99504,RENT,5,0,0,1,1,0,0,0,0,0,C,7500,13.57,0,0.08,0,10
22771,27,85000,RENT,1,0,0,1,1,0,0,0,0,0,A,7525,,0,0.09,0,8
22776,27,28000,RENT,1,0,0,1,1,0,0,0,0,0,B,7600,10.99,0,0.27,0,7
22831,28,70000,RENT,1,0,0,1,1,0,0,0,0,0,A,7800,7.9,0,0.11,0,8
22843,28,35000,RENT,3,0,0,1,1,0,0,0,0,0,D,7950,15.62,1,0.23,0,10
22860,32,20400,RENT,2,0,0,1,1,0,0,0,0,0,A,8000,8.49,1,0.39,0,6
22874,27,24000,RENT,2,0,0,1,1,0,0,0,0,0,A,8000,7.29,1,0.33,0,7
22902,30,28800,RENT,1,0,0,1,1,0,0,0,0,0,C,8000,12.73,0,0.28,0,10
22912,35,30000,RENT,0,0,0,1,1,0,0,0,0,0,G,8000,20.52,1,0.27,0,7
22918,28,30996,RENT,0,0,0,1,1,0,0,0,0,0,A,8000,7.29,0,0.26,0,10
22930,33,34000,RENT,6,0,0,1,1,0,0,0,0,0,B,8000,9.99,0,0.24,0,5
22935,34,35000,RENT,9,0,0,1,1,0,0,0,0,0,A,8000,,0,0.23,0,10
22962,27,31000,RENT,4,0,0,1,1,0,0,0,0,0,A,8000,7.66,1,0.26,0,8
22964,32,37050,RENT,2,0,0,1,1,0,0,0,0,0,A,8000,8,0,0.22,0,6
22968,31,37681,RENT,16,0,0,1,1,0,0,0,0,0,B,8000,10.99,0,0.21,0,7
22993,31,40000,RENT,1,0,0,1,1,0,0,0,0,0,A,8000,7.9,0,0.2,0,9
22996,32,40000,RENT,3,0,0,1,1,0,0,0,0,0,B,8000,9.62,0,0.2,0,9
23000,31,40000,RENT,2,0,0,1,1,0,0,0,0,0,B,8000,11.89,0,0.2,0,7
23009,30,36000,RENT,7,0,0,1,1,0,0,0,0,0,D,8000,15.99,1,0.22,0,6
23036,31,45000,RENT,3,0,0,1,1,0,0,0,0,0,B,8000,10.99,0,0.18,0,10
23053,30,46000,RENT,5,0,0,1,1,0,0,0,0,0,A,8000,7.14,0,0.17,0,10
23099,30,52000,RENT,4,0,0,1,1,0,0,0,0,0,B,8000,11.11,0,0.15,0,8
23108,28,54000,RENT,5,0,0,1,1,0,0,0,0,0,C,8000,15.23,0,0.15,0,9
23113,30,54996,RENT,4,0,0,1,1,0,0,0,0,0,A,8000,5.79,0,0.15,0,10
23131,32,56004,RENT,9,0,0,1,1,0,0,0,0,0,A,8000,7.66,0,0.14,0,5
23143,29,60000,RENT,3,0,0,1,1,0,0,0,0,0,B,8000,12.42,0,0.13,0,7
23171,29,47133,RENT,5,0,0,1,1,0,0,0,0,0,B,5100,11.86,0,0.11,0,7
23173,31,61150,RENT,0,0,0,1,1,0,0,0,0,0,B,5100,11.49,0,0.08,0,8
23180,29,50000,RENT,4,0,0,1,1,0,0,0,0,0,C,5050,12.73,0,0.1,0,5
23219,30,20520,RENT,0,0,0,1,1,0,0,0,0,0,B,5000,9.99,0,0.24,0,5
23236,33,24000,RENT,10,0,0,1,1,0,0,0,0,0,B,5000,10.65,0,0.21,0,7
23237,31,24000,RENT,0,0,0,1,1,0,0,0,0,0,B,5000,10.99,1,0.21,0,6
23240,30,24000,RENT,0,0,0,1,1,0,0,0,0,0,B,5000,10.59,0,0.21,0,6
23250,28,24000,RENT,0,0,0,1,1,0,0,0,0,0,B,5000,11.86,0,0.21,0,5
23256,33,24720,RENT,5,0,0,1,1,0,0,0,0,0,A,5000,7.49,0,0.2,0,5
23257,31,24996,RENT,0,0,0,1,1,0,0,0,0,0,C,5000,12.99,1,0.2,0,8
23270,28,26000,RENT,2,0,0,1,1,0,0,0,0,0,A,5000,7.9,0,0.19,0,6
23280,27,27000,RENT,1,0,0,1,1,0,0,0,0,0,A,5000,7.88,0,0.19,0,8
23328,32,63000,RENT,9,0,0,1,1,0,0,0,0,0,B,8000,10.74,1,0.13,0,5
23364,27,76860,RENT,4,0,0,1,1,0,0,0,0,0,A,8000,5.79,0,0.1,0,6
23382,28,85000,RENT,8,0,0,1,1,0,0,0,0,0,B,8000,11.71,0,0.09,0,5
23405,33,104000,RENT,9,0,0,1,1,0,0,0,0,0,B,8000,11.58,0,0.08,0,8
23433,27,67000,RENT,1,0,0,1,1,0,0,0,0,0,C,8050,14.72,0,0.12,0,9
23440,33,42996,RENT,2,0,0,1,1,0,0,0,0,0,A,8200,7.88,0,0.19,0,9
23460,34,32758,RENT,0,0,0,1,1,0,0,0,0,0,D,8400,14.96,1,0.26,0,5
23477,32,42000,RENT,0,0,0,1,1,0,0,0,0,0,A,8400,7.88,0,0.2,0,9
23508,28,66000,RENT,12,0,0,1,1,0,0,0,0,0,A,8400,7.51,1,0.13,0,8
23511,28,75000,RENT,4,0,0,1,1,0,0,0,0,0,B,8400,11.14,1,0.11,0,5
23604,31,37200,RENT,4,0,0,1,1,0,0,0,0,0,A,9000,7.51,0,0.24,0,6
23609,28,38000,RENT,8,0,0,1,1,0,0,0,0,0,B,9000,9.96,0,0.24,0,9
23620,32,40020,RENT,2,0,0,1,1,0,0,0,0,0,C,9000,14.35,0,0.22,0,6
23639,28,45000,RENT,4,0,0,1,1,0,0,0,0,0,C,9000,14.65,0,0.2,0,10
23642,29,45000,RENT,0,0,0,1,1,0,0,0,0,0,B,9000,12.69,0,0.2,0,7
23651,34,47700,RENT,2,0,0,1,1,0,0,0,0,0,A,9000,7.14,0,0.19,0,7
23653,32,48000,RENT,3,0,0,1,1,0,0,0,0,0,C,9000,13.99,0,0.19,0,8
23660,33,50000,RENT,1,0,0,1,1,0,0,0,0,0,A,9000,7.51,0,0.18,0,5
23669,30,51600,RENT,5,0,0,1,1,0,0,0,0,0,A,9000,6.54,0,0.17,0,6
23684,35,55000,RENT,3,0,0,1,1,0,0,0,0,0,B,9000,10.25,0,0.16,0,6
23706,28,19000,RENT,1,0,0,1,1,0,0,0,0,0,B,9250,11.49,1,0.49,0,7
23744,32,29000,RENT,16,0,0,1,1,0,0,0,0,0,D,9450,16.29,1,0.33,0,8
23748,32,70000,RENT,1,0,0,1,1,0,0,0,0,0,B,9450,10.83,0,0.14,0,10
23756,34,36000,RENT,2,0,0,1,1,0,0,0,0,0,A,9500,8.59,0,0.26,0,8
23765,33,70000,RENT,10,0,0,1,1,0,0,0,0,0,A,9500,,0,0.14,0,5
23783,33,33504,RENT,4,0,0,1,1,0,0,0,0,0,B,9600,10.99,0,0.29,0,8
23787,28,34000,RENT,7,0,0,1,1,0,0,0,0,0,B,9600,10.99,0,0.28,0,5
23789,27,37595,RENT,6,0,0,1,1,0,0,0,0,0,A,9600,7.14,0,0.26,0,8
23802,27,41400,RENT,2,0,0,1,1,0,0,0,0,0,B,9600,,0,0.23,0,5
23845,32,80000,RENT,6,0,0,1,1,0,0,0,0,0,B,9600,11.14,0,0.12,0,5
23868,29,71000,RENT,4,0,0,1,1,0,0,0,0,0,A,9700,8.94,0,0.14,0,5
23881,33,30784,RENT,7,0,0,1,1,0,0,0,0,0,C,9950,12.99,1,0.32,0,8
23888,33,21600,RENT,3,0,0,1,1,0,0,0,0,0,B,10000,12.53,1,0.46,0,8
23894,33,24000,RENT,6,0,0,1,1,0,0,0,0,0,A,10000,8.9,1,0.42,0,5
23909,27,24600,RENT,0,0,0,1,1,0,0,0,0,0,A,10000,,1,0.41,0,8
23911,32,25000,RENT,1,0,0,1,1,0,0,0,0,0,A,10000,8.49,1,0.4,0,10
23925,27,27000,RENT,6,0,0,1,1,0,0,0,0,0,D,10000,15.62,1,0.37,0,6
23926,34,27600,RENT,5,0,0,1,1,0,0,0,0,0,B,10000,10.37,1,0.36,0,6
23963,28,30000,RENT,0,0,0,1,1,0,0,0,0,0,A,10000,9.32,1,0.33,0,7
23965,31,30000,RENT,2,0,0,1,1,0,0,0,0,0,A,10000,8.63,1,0.33,0,5
23994,29,32997,RENT,7,0,0,1,1,0,0,0,0,0,A,10000,5.79,0,0.3,0,7
23998,27,33600,RENT,3,0,0,1,1,0,0,0,0,0,C,10000,14.72,0,0.3,0,8
24004,33,34000,RENT,7,0,0,1,1,0,0,0,0,0,C,10000,14.22,0,0.29,0,9
24028,31,29000,RENT,0,0,0,1,1,0,0,0,0,0,E,10000,13.75,1,0.34,0,8
24042,28,36000,RENT,0,0,0,1,1,0,0,0,0,0,B,10000,11.11,0,0.28,0,5
24055,31,30000,RENT,4,0,0,1,1,0,0,0,0,0,D,10000,14.42,1,0.33,0,9
24069,28,38000,RENT,0,0,0,1,1,0,0,0,0,0,A,10000,8.49,0,0.26,0,7
24074,28,38004,RENT,4,0,0,1,1,0,0,0,0,0,C,10000,13.61,0,0.26,0,7
24106,30,40000,RENT,11,0,0,1,1,0,0,0,0,0,B,10000,10.65,0,0.25,0,5
24125,27,40000,RENT,10,0,0,1,1,0,0,0,0,0,B,10000,11.36,0,0.25,0,5
24127,29,34000,RENT,0,0,0,1,1,0,0,0,0,0,B,10000,12.53,1,0.29,0,6
24156,28,42500,RENT,2,0,0,1,1,0,0,0,0,0,A,10000,7.88,0,0.24,0,6
24177,35,44000,RENT,8,0,0,1,1,0,0,0,0,0,A,10000,6.54,0,0.23,0,6
24187,28,45000,RENT,1,0,0,1,1,0,0,0,0,0,B,10000,9.91,0,0.22,0,6
24202,27,45000,RENT,9,0,0,1,1,0,0,0,0,0,A,10000,7.51,0,0.22,0,5
24218,34,52800,RENT,2,0,0,1,1,0,0,0,0,0,B,4325,10.75,0,0.08,0,5
24224,28,10800,RENT,0,0,0,1,1,0,0,0,0,0,B,4200,11.83,1,0.39,0,5
24269,27,48000,RENT,4,0,0,1,1,0,0,0,0,0,B,4200,10.74,0,0.09,0,5
24300,27,71000,RENT,9,0,0,1,1,0,0,0,0,0,B,4200,,0,0.06,0,5
24325,29,47800,RENT,4,0,0,1,1,0,0,0,0,0,A,10000,7.49,0,0.21,0,5
24392,28,50000,RENT,12,0,0,1,1,0,0,0,0,0,B,10000,10.74,0,0.2,0,8
24395,32,50000,RENT,6,0,0,1,1,0,0,0,0,0,B,10000,9.25,0,0.2,0,8
24405,29,50000,RENT,2,0,0,1,1,0,0,0,0,0,B,10000,11.26,0,0.2,0,6
24427,32,51996,RENT,2,0,0,1,1,0,0,0,0,0,A,10000,5.79,0,0.19,0,9
24428,33,51996,RENT,4,0,0,1,1,0,0,0,0,0,A,10000,7.14,0,0.19,0,6
24460,33,54000,RENT,15,0,0,1,1,0,0,0,0,0,B,10000,10.99,0,0.19,0,8
24476,31,55000,RENT,3,0,0,1,1,0,0,0,0,0,B,10000,10.59,0,0.18,0,10
24485,29,55000,RENT,2,0,0,1,1,0,0,0,0,0,B,10000,12.53,0,0.18,0,9
24492,27,55812,RENT,3,0,0,1,1,0,0,0,0,0,A,10000,6.54,0,0.18,0,10
24559,27,54000,RENT,4,0,0,1,1,0,0,0,0,0,D,10000,15.95,1,0.19,0,9
24568,29,60000,RENT,4,0,0,1,1,0,0,0,0,0,A,10000,8.59,0,0.17,0,5
24619,30,64000,RENT,4,0,0,1,1,0,0,0,0,0,B,10000,11.99,0,0.16,0,6
24621,28,64125,RENT,2,0,0,1,1,0,0,0,0,0,B,10000,10.65,0,0.16,0,7
24654,30,67202,RENT,4,0,0,1,1,0,0,0,0,0,A,10000,,0,0.15,0,7
24663,27,68000,RENT,0,0,0,1,1,0,0,0,0,0,B,10000,,0,0.15,0,5
24700,30,72000,RENT,1,0,0,1,1,0,0,0,0,0,B,10000,9.99,0,0.14,0,7
24705,28,66000,RENT,12,0,0,1,1,0,0,0,0,0,D,10000,15.7,1,0.15,0,5
24710,32,73000,RENT,4,0,0,1,1,0,0,0,0,0,A,10000,8.59,0,0.14,0,8
24752,34,80000,RENT,6,0,0,1,1,0,0,0,0,0,B,10000,9.91,0,0.13,0,7
24784,28,83004,RENT,3,0,0,1,1,0,0,0,0,0,B,10000,11.86,0,0.12,0,10
24795,32,84456,RENT,5,0,0,1,1,0,0,0,0,0,B,10000,9.88,0,0.12,0,10
24825,27,90000,RENT,3,0,0,1,1,0,0,0,0,0,A,10000,7.66,0,0.11,0,7
24828,32,90000,RENT,2,0,0,1,1,0,0,0,0,0,B,10000,11.12,0,0.11,0,8
24839,30,80004,RENT,2,0,0,1,1,0,0,0,0,0,B,10000,12.21,1,0.12,0,6
24872,27,30000,RENT,8,0,0,1,1,0,0,0,0,0,B,11000,9.91,1,0.37,0,10
24883,27,120000,RENT,2,0,0,1,1,0,0,0,0,0,B,11050,12.69,0,0.09,0,7
24897,33,34000,RENT,17,0,0,1,1,0,0,0,0,0,D,11175,14.96,1,0.33,0,8
24916,33,45600,RENT,0,0,0,1,1,0,0,0,0,0,A,11200,5.79,0,0.25,0,8
24946,28,85000,RENT,7,0,0,1,1,0,0,0,0,0,B,11200,9.91,0,0.13,0,10
24955,27,101000,RENT,2,0,0,1,1,0,0,0,0,0,B,11200,10.99,0,0.11,0,6
24963,33,43200,RENT,6,0,0,1,1,0,0,0,0,0,A,11350,7.88,0,0.26,0,7
25001,27,38500,RENT,0,0,0,1,1,0,0,0,0,0,B,11500,12.42,0,0.3,0,9
25032,33,30000,RENT,3,0,0,1,1,0,0,0,0,0,B,11975,9.99,1,0.4,0,8
25058,28,28080,RENT,0,0,0,1,1,0,0,0,0,0,A,12000,7.88,1,0.43,0,5
25062,28,30000,RENT,4,0,0,1,1,0,0,0,0,0,A,12000,6.62,1,0.4,0,7
25070,31,30000,RENT,4,0,0,1,1,0,0,0,0,0,B,12000,10.39,1,0.4,0,9
25081,28,32000,RENT,12,0,0,1,1,0,0,0,0,0,A,12000,7.88,1,0.38,0,9
25082,28,32400,RENT,3,0,0,1,1,0,0,0,0,0,C,12000,14.26,1,0.37,0,10
25119,29,36000,RENT,1,0,0,1,1,0,0,0,0,0,B,12000,12.21,1,0.33,0,9
25129,28,37500,RENT,4,0,0,1,1,0,0,0,0,0,C,12000,,1,0.32,0,9
25174,30,34000,RENT,0,0,0,1,1,0,0,0,0,0,C,12000,12.87,1,0.35,0,6
25176,32,40000,RENT,3,0,0,1,1,0,0,0,0,0,B,12000,11.89,0,0.3,0,10
25185,32,35830,RENT,,0,0,1,1,0,0,0,0,0,A,12000,7.51,1,0.33,0,7
25201,33,42000,RENT,3,0,0,1,1,0,0,0,0,0,C,12000,13.57,0,0.29,0,7
25250,28,40000,RENT,0,0,0,1,1,0,0,0,0,0,E,12000,15.57,1,0.3,0,7
25318,31,24000,RENT,2,0,0,1,1,0,0,0,0,0,A,3000,7.49,0,0.13,0,10
25327,28,25000,RENT,0,0,0,1,1,0,0,0,0,0,A,3000,5.42,0,0.12,0,6
25333,30,25000,RENT,0,0,0,1,1,0,0,0,0,0,A,3000,,0,0.12,0,7
25346,27,26880,RENT,1,0,0,1,1,0,0,0,0,0,A,3000,5.79,0,0.11,0,10
25368,35,30000,RENT,0,0,0,1,1,0,0,0,0,0,B,3000,10.65,0,0.1,0,9
25388,28,62500,RENT,3,0,0,1,1,0,0,0,0,0,A,12000,,0,0.19,0,7
25410,34,65000,RENT,2,0,0,1,1,0,0,0,0,0,A,12000,7.49,0,0.18,0,7
25420,31,68000,RENT,4,0,0,1,1,0,0,0,0,0,A,12000,7.66,0,0.18,0,8
25424,29,63600,RENT,5,0,0,1,1,0,0,0,0,0,B,12000,12.42,1,0.19,0,8
25458,34,66000,RENT,5,0,0,1,1,0,0,0,0,0,D,12000,14.3,1,0.18,0,6
25462,28,72500,RENT,1,0,0,1,1,0,0,0,0,0,A,12000,7.49,0,0.17,0,6
25523,30,76000,RENT,3,0,0,1,1,0,0,0,0,0,B,12000,10.99,0,0.16,0,10
25535,31,80000,RENT,15,0,0,1,1,0,0,0,0,0,A,12000,5.79,0,0.15,0,5
25547,31,80400,RENT,0,0,0,1,1,0,0,0,0,0,A,12000,7.29,0,0.15,0,10
25552,27,81193,RENT,2,0,0,1,1,0,0,0,0,0,B,12000,10.71,0,0.15,0,6
25609,33,90000,RENT,0,0,0,1,1,0,0,0,0,0,A,12000,6.03,0,0.13,0,6
25621,35,90000,RENT,0,0,0,1,1,0,0,0,0,0,B,12000,10.99,0,0.13,0,6
25642,31,95004,RENT,1,0,0,1,1,0,0,0,0,0,B,12000,10.75,0,0.13,0,5
25657,30,100000,RENT,13,0,0,1,1,0,0,0,0,0,A,12000,7.88,0,0.12,0,9
25672,30,111996,RENT,1,0,0,1,1,0,0,0,0,0,A,12000,7.49,0,0.11,0,6
25677,32,120000,RENT,11,0,0,1,1,0,0,0,0,0,A,12000,7.51,0,0.1,0,9
25683,27,120000,RENT,4,0,0,1,1,0,0,0,0,0,A,12000,,0,0.1,0,5
25700,28,140000,RENT,3,0,0,1,1,0,0,0,0,0,B,12000,9.91,0,0.09,0,10
25707,30,150000,RENT,14,0,0,1,1,0,0,0,0,0,A,12000,7.29,0,0.08,0,7
25717,27,170000,RENT,3,0,0,1,1,0,0,0,0,0,B,12075,12.42,0,0.07,0,9
25768,29,40000,RENT,,0,0,1,1,0,0,0,0,0,A,2800,,0,0.07,0,5
25799,27,67000,RENT,1,0,0,1,1,0,0,0,0,0,C,2800,13.04,0,0.04,0,10
25813,30,57120,RENT,3,0,0,1,1,0,0,0,0,0,B,2750,10.37,0,0.05,0,5
25859,31,10000,RENT,15,0,0,1,1,0,0,0,0,0,A,2650,7.4,1,0.27,0,9
25866,29,15000,RENT,,0,0,1,1,0,0,0,0,0,D,2600,16.29,1,0.17,0,10
25875,28,32000,RENT,0,0,0,1,1,0,0,0,0,0,C,2600,13.49,0,0.08,0,8
25961,28,54000,RENT,5,0,0,1,1,0,0,0,0,0,B,12700,11.71,1,0.24,0,7
25986,28,70000,RENT,0,0,0,1,1,0,0,0,0,0,C,12800,13.57,0,0.18,0,6
26015,27,55000,RENT,11,0,0,1,1,0,0,0,0,0,B,13000,8.88,0,0.24,0,6
26035,28,62496,RENT,1,0,0,1,1,0,0,0,0,0,B,13000,10.37,0,0.21,0,8
26052,32,65004,RENT,0,0,0,1,1,0,0,0,0,0,C,13000,12.53,0,0.2,0,6
26132,28,41400,RENT,2,0,0,1,1,0,0,0,0,0,C,14000,13.48,1,0.34,0,6
26134,27,42000,RENT,0,0,0,1,1,0,0,0,0,0,B,14000,9.88,1,0.33,0,5
26143,28,37000,RENT,0,0,0,1,1,0,0,0,0,0,D,14000,14.42,1,0.38,0,10
26182,28,44000,RENT,7,0,0,1,1,0,0,0,0,0,F,14000,19.04,1,0.32,0,10
26183,33,50000,RENT,2,0,0,1,1,0,0,0,0,0,B,14000,10.62,0,0.28,0,9
26205,27,48000,RENT,9,0,0,1,1,0,0,0,0,0,C,14000,13.79,1,0.29,0,10
26284,34,75000,RENT,4,0,0,1,1,0,0,0,0,0,B,14000,12.69,0,0.19,0,7
26302,31,78000,RENT,1,0,0,1,1,0,0,0,0,0,A,14000,9.63,0,0.18,0,9
26325,29,85000,RENT,3,0,0,1,1,0,0,0,0,0,A,14000,5.42,0,0.16,0,5
26349,30,105000,RENT,3,0,0,1,1,0,0,0,0,0,B,14000,11.49,0,0.13,0,6
26360,29,125000,RENT,2,0,0,1,1,0,0,0,0,0,A,14000,9.63,0,0.11,0,6
26383,28,30000,RENT,0,0,0,1,1,0,0,0,0,0,D,14125,14.74,1,0.47,0,10
26398,28,46400,RENT,6,0,0,1,1,0,0,0,0,0,C,14125,,0,0.3,0,5
26423,30,43000,RENT,2,0,0,1,1,0,0,0,0,0,A,14400,6.99,1,0.33,0,10
26550,33,90000,RENT,8,0,0,1,1,0,0,0,0,0,C,14500,14.65,0,0.16,0,9
26589,27,32000,RENT,0,0,0,1,1,0,0,0,0,0,B,15000,,1,0.47,0,7
26590,30,32000,RENT,1,0,0,1,1,0,0,0,0,0,B,15000,12.42,1,0.47,0,5
26611,29,35000,RENT,2,0,0,1,1,0,0,0,0,0,B,2000,9.63,0,0.06,0,8
26624,35,37000,RENT,2,0,0,1,1,0,0,0,0,0,B,2000,11.26,0,0.05,0,10
26647,27,39600,RENT,4,0,0,1,1,0,0,0,0,0,A,2000,7.9,0,0.05,0,6
26653,27,33600,RENT,11,0,0,1,1,0,0,0,0,0,A,15000,5.79,1,0.45,0,8
26659,33,42000,RENT,0,0,0,1,1,0,0,0,0,0,C,2000,14.65,0,0.05,0,10
26665,28,42000,RENT,3,0,0,1,1,0,0,0,0,0,B,2000,11.49,0,0.05,0,5
26697,29,47340,RENT,5,0,0,1,1,0,0,0,0,0,B,2000,9.99,0,0.04,0,6
26713,27,48192,RENT,12,0,0,1,1,0,0,0,0,0,A,2000,7.66,0,0.04,0,9
26733,29,35000,RENT,4,0,0,1,1,0,0,0,0,0,C,15000,13.22,1,0.43,0,5
26739,29,30000,RENT,1,0,0,1,1,0,0,0,0,0,E,15000,16.4,1,0.5,0,10
26759,29,38000,RENT,13,0,0,1,1,0,0,0,0,0,A,15000,6.91,1,0.39,0,8
26786,28,40500,RENT,9,0,0,1,1,0,0,0,0,0,A,15000,7.88,1,0.37,0,5
26855,35,45000,RENT,3,0,0,1,1,0,0,0,0,0,C,15000,,1,0.33,0,8
26873,34,45600,RENT,6,0,0,1,1,0,0,0,0,0,B,15000,11.48,1,0.33,0,9
26880,27,47000,RENT,,0,0,1,1,0,0,0,0,0,A,15000,8.49,1,0.32,0,10
26891,29,35000,RENT,12,0,0,1,1,0,0,0,0,0,A,1800,5.42,0,0.05,0,7
26908,28,47881,RENT,12,0,0,1,1,0,0,0,0,0,B,15000,,1,0.31,0,7
26970,30,44000,RENT,4,0,0,1,1,0,0,0,0,0,A,15000,6.54,1,0.34,0,5
27042,33,30000,RENT,0,0,0,1,1,0,0,0,0,0,B,1600,10.25,0,0.05,0,9
27047,30,38400,RENT,6,0,0,1,1,0,0,0,0,0,C,1600,13.49,0,0.04,0,10
27069,29,63500,RENT,4,0,0,1,1,0,0,0,0,0,B,1600,11.83,0,0.03,0,5
27184,28,50000,RENT,4,0,0,1,1,0,0,0,0,0,D,15000,14.91,1,0.3,0,7
27190,28,56496,RENT,0,0,0,1,1,0,0,0,0,0,C,15000,12.61,0,0.27,0,10
27200,27,57720,RENT,12,0,0,1,1,0,0,0,0,0,C,15000,,0,0.26,0,6
27218,27,59200,RENT,4,0,0,1,1,0,0,0,0,0,B,15000,10.75,0,0.25,0,7
27254,33,54000,RENT,17,0,0,1,1,0,0,0,0,0,B,15000,11.86,1,0.28,0,7
27459,31,75000,RENT,5,0,0,1,1,0,0,0,0,0,B,15000,12.69,0,0.2,0,5
27471,27,75000,RENT,2,0,0,1,1,0,0,0,0,0,C,15000,14.35,0,0.2,0,5
27534,28,80000,RENT,2,0,0,1,1,0,0,0,0,0,B,15000,11.48,0,0.19,0,5
27542,32,84000,RENT,7,0,0,1,1,0,0,0,0,0,B,15000,10.99,0,0.18,0,7
27562,27,86000,RENT,7,0,0,1,1,0,0,0,0,0,A,15000,6.91,0,0.17,0,5
27586,34,78000,RENT,9,0,0,1,1,0,0,0,0,0,E,15000,16.4,1,0.19,0,5
27607,28,92000,RENT,4,0,0,1,1,0,0,0,0,0,A,15000,7.9,0,0.16,0,9
27683,30,55000,RENT,14,0,0,1,1,0,0,0,0,0,C,15800,14.72,0,0.29,0,9
27814,28,60000,RENT,3,0,0,1,1,0,0,0,0,0,A,19200,7.88,1,0.32,0,8
27832,27,82000,RENT,,0,0,1,1,0,0,0,0,0,B,19200,9.99,0,0.23,0,8
27845,32,95000,RENT,1,0,0,1,1,0,0,0,0,0,B,19200,11.89,0,0.2,0,9
27886,29,9600,RENT,1,0,0,1,1,0,0,0,0,0,B,2600,12.69,1,0.27,0,7
27909,29,35000,RENT,12,0,0,1,1,0,0,0,0,0,A,1800,5.42,0,0.05,0,5
27914,35,21340,RENT,0,0,0,1,1,0,0,0,0,0,B,8000,11.14,1,0.37,0,7
27920,30,21600,RENT,1,0,0,1,1,0,0,0,0,0,B,1500,11.71,1,0.07,0,8
27928,31,56000,RENT,15,0,0,1,1,0,0,0,0,0,C,3000,14.27,0,0.05,0,6
27934,32,46000,RENT,0,0,0,1,1,0,0,0,0,0,D,3000,16.29,1,0.07,0,6
27935,27,69000,RENT,11,0,0,1,1,0,0,0,0,0,D,6000,15.21,1,0.09,0,8
27941,33,58000,RENT,0,0,0,1,1,0,0,0,0,0,B,14400,9.91,0,0.25,0,8
27944,29,22000,RENT,0,0,0,1,1,0,0,0,0,0,B,8000,,1,0.36,0,5
27988,31,59000,RENT,2,0,0,1,1,0,0,0,0,0,C,8750,12.68,0,0.15,0,7
27996,27,31500,RENT,10,0,0,1,1,0,0,0,0,0,C,6000,12.84,1,0.19,0,8
28017,28,40000,RENT,12,0,0,1,1,0,0,0,0,0,B,12000,11.11,0,0.3,0,7
28035,30,56400,RENT,1,0,0,1,1,0,0,0,0,0,B,7000,11.49,1,0.12,0,10
28044,34,29152,RENT,,0,0,1,1,0,0,0,0,0,B,5000,10.36,0,0.17,0,10
28065,28,24000,RENT,0,0,0,1,1,0,0,0,0,0,C,10000,12.87,1,0.42,0,8
28115,29,19200,RENT,4,0,0,1,1,0,0,0,0,0,B,4000,10.37,1,0.21,0,6
28171,27,27180,RENT,,0,0,1,1,0,0,0,0,0,A,4800,7.14,0,0.18,0,5
28201,29,64000,RENT,3,0,0,1,1,0,0,0,0,0,C,15000,15.27,1,0.23,0,10
28218,27,38500,RENT,1,0,0,1,1,0,0,0,0,0,B,3000,11.48,0,0.08,0,8
28229,34,28800,RENT,0,0,0,1,1,0,0,0,0,0,F,2500,21.36,1,0.09,0,7
28243,35,102000,RENT,3,0,0,1,1,0,0,0,0,0,C,20000,13.85,0,0.2,0,5
28253,30,53000,RENT,4,0,0,1,1,0,0,0,0,0,A,12000,6.03,0,0.23,0,5
28267,27,30996,RENT,4,0,0,1,1,0,0,0,0,0,D,5775,14.91,1,0.19,0,10
28274,34,92500,RENT,4,0,0,1,1,0,0,0,0,0,A,13050,7.66,0,0.14,0,6
28282,30,40000,RENT,1,0,0,1,1,0,0,0,0,0,A,5500,7.74,0,0.14,0,10
28285,28,48000,RENT,5,0,0,1,1,0,0,0,0,0,B,15000,11.99,1,0.31,0,10
28362,31,101000,RENT,3,0,0,1,1,0,0,0,0,0,A,20000,7.9,0,0.2,0,5
28372,32,32004,RENT,1,0,0,1,1,0,0,0,0,0,D,3400,,1,0.11,0,7
28491,28,59600,RENT,2,0,0,1,1,0,0,0,0,0,A,5000,5.79,0,0.08,0,10
28492,33,60000,RENT,3,0,0,1,1,0,0,0,0,0,A,9000,8.49,0,0.15,0,8
28495,29,55000,RENT,3,0,0,1,1,0,0,0,0,0,B,1200,9.99,0,0.02,0,9
28536,27,30000,RENT,3,0,0,1,1,0,0,0,0,0,A,13000,7.88,1,0.43,0,8
28554,28,77385,RENT,3,0,0,1,1,0,0,0,0,0,A,6000,7.66,0,0.08,0,9
28566,28,73000,RENT,3,0,0,1,1,0,0,0,0,0,C,1000,,0,0.01,0,7
28576,28,33288,RENT,2,0,0,1,1,0,0,0,0,0,C,10800,12.09,1,0.32,0,5
28583,28,30000,RENT,4,0,0,1,1,0,0,0,0,0,A,8000,,0,0.27,0,8
28590,35,43000,RENT,19,0,0,1,1,0,0,0,0,0,C,1200,13.8,0,0.03,0,8
28596,32,38000,RENT,2,0,0,1,1,0,0,0,0,0,B,12000,12.42,1,0.32,0,9
28615,28,29000,RENT,4,0,0,1,1,0,0,0,0,0,D,10000,16.77,1,0.34,0,10
28619,27,55200,RENT,0,0,0,1,1,0,0,0,0,0,A,4000,6.76,0,0.07,0,6
28633,35,32000,RENT,4,0,0,1,1,0,0,0,0,0,A,14500,6.17,1,0.45,0,5
28638,34,47700,RENT,2,0,0,1,1,0,0,0,0,0,A,9000,7.14,0,0.19,0,10
28646,29,153000,RENT,1,0,0,1,1,0,0,0,0,0,B,17600,8.7,0,0.12,0,7
28656,30,34000,RENT,0,0,0,1,1,0,0,0,0,0,D,2400,15.57,1,0.07,0,5
28658,27,48000,RENT,0,0,0,1,1,0,0,0,0,0,B,10000,10.62,0,0.21,0,7
28672,32,38000,RENT,3,0,0,1,1,0,0,0,0,0,A,6350,5.79,0,0.17,0,8
28687,34,56000,RENT,16,0,0,1,1,0,0,0,0,0,A,5000,8.9,0,0.09,0,5
28693,27,25000,RENT,4,0,0,1,1,0,0,0,0,0,D,8000,14.84,1,0.32,0,5
28706,28,30000,RENT,2,0,0,1,1,0,0,0,0,0,A,12000,5.42,1,0.4,0,6
28738,29,24960,RENT,13,0,0,1,1,0,0,0,0,0,A,4000,5.42,0,0.16,0,10
28740,29,98850,RENT,6,0,0,1,1,0,0,0,0,0,A,12500,,0,0.13,0,10
28764,35,90000,RENT,3,0,0,1,1,0,0,0,0,0,B,11000,11.99,0,0.12,0,10
28772,29,72000,RENT,13,0,0,1,1,0,0,0,0,0,C,15900,13.04,0,0.22,0,10
28780,31,50000,RENT,9,0,0,1,1,0,0,0,0,0,A,12000,6.03,0,0.24,0,6
28798,28,60000,RENT,12,0,0,1,1,0,0,0,0,0,A,4600,7.88,0,0.08,0,8
28806,29,18000,RENT,,0,0,1,1,0,0,0,0,0,B,6400,10.37,1,0.36,0,6
28814,27,132000,RENT,6,0,0,1,1,0,0,0,0,0,C,20000,12.73,0,0.15,0,10
28826,27,64000,RENT,2,0,0,1,1,0,0,0,0,0,C,5000,12.99,0,0.08,0,8
28830,32,100000,RENT,7,0,0,1,1,0,0,0,0,0,C,14400,13.35,0,0.14,0,5
28840,28,21000,RENT,6,0,0,1,1,0,0,0,0,0,A,6250,7.9,0,0.3,0,8
28853,35,28080,RENT,3,0,0,1,1,0,0,0,0,0,C,9600,13.57,1,0.34,0,6
28861,34,30636,RENT,4,0,0,1,1,0,0,0,0,0,B,10000,10.37,1,0.33,0,10
28874,33,53000,RENT,6,0,0,1,1,0,0,0,0,0,B,2500,9.99,0,0.05,0,7
28911,34,30000,RENT,2,0,0,1,1,0,0,0,0,0,A,12000,8.9,1,0.4,0,7
28915,29,40000,RENT,1,0,0,1,1,0,0,0,0,0,A,3600,8.59,0,0.09,0,5
28918,34,52809,RENT,18,0,0,1,1,0,0,0,0,0,B,13000,10.62,0,0.25,0,8
28922,30,78000,RENT,10,0,0,1,1,0,0,0,0,0,D,15000,14.96,1,0.19,0,9
28935,29,19200,RENT,1,0,0,1,1,0,0,0,0,0,A,2000,5.99,1,0.1,0,6
28948,28,37090,RENT,2,0,0,1,1,0,0,0,0,0,B,3000,11.12,0,0.08,0,5
28960,34,113000,RENT,6,0,0,1,1,0,0,0,0,0,C,9600,,0,0.08,0,5
28993,29,62000,RENT,13,0,0,1,1,0,0,0,0,0,C,9000,,0,0.15,0,7
29003,30,28000,RENT,5,0,0,1,1,0,0,0,0,0,C,12000,14.22,1,0.43,0,8
29010,34,18000,RENT,0,0,0,1,1,0,0,0,0,0,B,1500,11.48,1,0.08,0,8
29042,33,30000,RENT,0,0,0,1,1,0,0,0,0,0,A,6500,8.49,0,0.22,0,10
29071,34,70000,RENT,1,0,0,1,1,0,0,0,0,0,B,6000,11.89,0,0.09,0,7
29090,30,90000,RENT,14,0,0,1,1,0,0,0,0,0,A,18000,8.94,0,0.2,0,7
29142,43,74000,RENT,2,0,0,1,1,0,0,0,0,0,E,30600,18.79,1,0.41,0,17
29147,37,55000,RENT,19,0,0,1,1,0,0,0,0,0,B,30000,9.91,1,0.55,0,15
29152,36,280000,RENT,3,0,0,1,1,0,0,0,0,0,C,5000,14.26,0,0.02,0,16
29161,36,250000,RENT,2,0,0,1,1,0,0,0,0,0,A,20000,7.88,0,0.08,0,17
29180,45,60000,RENT,4,0,0,1,1,0,0,0,0,0,B,25000,9.99,1,0.42,0,16
29232,39,170000,RENT,9,0,0,1,1,0,0,0,0,0,C,17000,12.99,0,0.1,0,14
29238,36,127000,RENT,20,0,0,1,1,0,0,0,0,0,D,25000,14.59,1,0.2,0,11
29252,40,125000,RENT,1,0,0,1,1,0,0,0,0,0,B,24250,,0,0.19,0,17
29258,39,55059,RENT,16,0,0,1,1,0,0,0,0,0,B,24000,12.53,1,0.44,0,15
29282,42,82000,RENT,6,0,0,1,1,0,0,0,0,0,B,22000,10.99,0,0.27,0,12
29284,39,119000,RENT,3,0,0,1,1,0,0,0,0,0,B,22000,11.49,0,0.18,0,12
29308,40,50004,RENT,3,0,0,1,1,0,0,0,0,0,B,20000,,1,0.4,0,17
29311,40,45996,RENT,4,0,0,1,1,0,0,0,0,0,D,20000,14.61,1,0.43,0,11
29314,38,64700,RENT,5,0,0,1,1,0,0,0,0,0,B,20000,11.11,1,0.31,0,13
29334,37,92000,RENT,,0,0,1,1,0,0,0,0,0,D,20000,14.46,1,0.22,0,15
29345,40,172800,RENT,9,0,0,1,1,0,0,0,0,0,B,20000,,0,0.12,0,13
29355,37,103000,RENT,3,0,0,1,1,0,0,0,0,0,A,18550,7.88,0,0.18,0,12
29359,42,45000,RENT,1,0,0,1,1,0,0,0,0,0,B,18200,10.83,1,0.4,0,14
29374,38,81000,RENT,7,0,0,1,1,0,0,0,0,0,B,18000,10.59,0,0.22,0,16
29394,38,47000,RENT,4,0,0,1,1,0,0,0,0,0,A,16500,7.9,1,0.35,0,16
29397,48,92000,RENT,6,0,0,1,1,0,0,0,0,0,B,16500,12.69,0,0.18,0,15
29403,36,44000,RENT,4,0,0,1,1,0,0,0,0,0,C,16000,14.65,1,0.36,0,11
29406,37,60000,RENT,21,0,0,1,1,0,0,0,0,0,B,16000,,0,0.27,0,15
29413,40,70000,RENT,2,0,0,1,1,0,0,0,0,0,B,16000,11.99,0,0.23,0,12
29416,42,22000,RENT,,0,0,1,1,0,0,0,0,0,A,1000,7.29,0,0.05,0,13
29433,44,17112,RENT,,0,0,1,1,0,0,0,0,0,A,1200,7.66,0,0.07,0,14
29435,36,19200,RENT,,0,0,1,1,0,0,0,0,0,B,1200,9.62,0,0.06,0,14
29457,39,39000,RENT,7,0,0,1,1,0,0,0,0,0,B,1500,10.36,1,0.04,0,16
29458,40,49788,RENT,1,0,0,1,1,0,0,0,0,0,A,1500,9.32,0,0.03,0,16
29482,37,51000,RENT,5,0,0,1,1,0,0,0,0,0,A,1800,7.51,0,0.04,0,14
29486,42,40000,RENT,6,0,0,1,1,0,0,0,0,0,B,1950,11.86,0,0.05,0,17
29487,36,90000,RENT,6,0,0,1,1,0,0,0,0,0,B,1950,12.42,0,0.02,0,15
29516,37,63000,RENT,1,0,0,1,1,0,0,0,0,0,A,14900,9.63,0,0.24,0,13
29517,37,48000,RENT,0,0,0,1,1,0,0,0,0,0,B,14725,,1,0.31,0,11
29523,43,60000,RENT,5,0,0,1,1,0,0,0,0,0,B,2000,12.53,0,0.03,0,17
29525,43,69000,RENT,0,0,0,1,1,0,0,0,0,0,A,2000,8.9,0,0.03,0,17
29530,38,34800,RENT,1,0,0,1,1,0,0,0,0,0,C,2100,14.72,0,0.06,0,13
29542,37,14000,RENT,0,0,0,1,1,0,0,0,0,0,B,2400,,1,0.17,0,11
29555,37,100000,RENT,0,0,0,1,1,0,0,0,0,0,B,2400,9.99,0,0.02,0,16
29572,42,32004,RENT,1,0,0,1,1,0,0,0,0,0,A,2500,7.49,1,0.08,0,17
29619,38,49000,RENT,4,0,0,1,1,0,0,0,0,0,A,3000,7.51,0,0.06,0,13
29635,39,49000,RENT,2,0,0,1,1,0,0,0,0,0,D,12000,14.59,1,0.24,0,14
29636,41,55000,RENT,9,0,0,1,1,0,0,0,0,0,B,12000,12.53,0,0.22,0,15
29642,43,54000,RENT,0,0,0,1,1,0,0,0,0,0,A,3000,8.94,0,0.06,0,14
29655,37,64680,RENT,10,0,0,1,1,0,0,0,0,0,B,3000,12.53,0,0.05,0,14
29680,37,63000,RENT,1,0,0,1,1,0,0,0,0,0,C,3200,,0,0.05,0,11
29707,38,43000,RENT,4,0,0,1,1,0,0,0,0,0,B,3500,11.83,0,0.08,0,12
29727,46,60000,RENT,12,0,0,1,1,0,0,0,0,0,B,11000,9.91,0,0.18,0,13
29728,44,62000,RENT,11,0,0,1,1,0,0,0,0,0,A,11000,8.07,0,0.18,0,16
29729,37,63000,RENT,2,0,0,1,1,0,0,0,0,0,B,11000,,0,0.17,0,16
29739,44,35000,RENT,4,0,0,1,1,0,0,0,0,0,B,10825,10.65,1,0.31,0,12
29745,38,70000,RENT,3,0,0,1,1,0,0,0,0,0,B,10800,12.21,0,0.15,0,16
29758,43,90000,RENT,5,0,0,1,1,0,0,0,0,0,B,10400,11.49,0,0.12,0,14
29773,50,36996,RENT,6,0,0,1,1,0,0,0,0,0,C,3800,12.53,0,0.1,0,15
29778,40,13273,RENT,3,0,0,1,1,0,0,0,0,0,B,3850,9.99,1,0.29,0,12
29788,41,24000,RENT,2,0,0,1,1,0,0,0,0,0,D,4000,16.07,1,0.17,0,14
29791,42,26280,RENT,2,0,0,1,1,0,0,0,0,0,B,4000,9.99,0,0.15,0,17
29838,38,74000,RENT,21,0,0,1,1,0,0,0,0,0,B,4000,11.26,0,0.05,0,14
29842,36,76000,RENT,2,0,0,1,1,0,0,0,0,0,E,4000,17.39,1,0.05,0,13
29866,37,45600,RENT,2,0,0,1,1,0,0,0,0,0,B,4500,11.86,0,0.1,0,16
29876,38,42000,RENT,0,0,0,1,1,0,0,0,0,0,B,4600,,0,0.11,0,16
29884,39,24000,RENT,0,0,0,1,1,0,0,0,0,0,A,4800,7.49,0,0.2,0,16
29903,39,64000,RENT,9,0,0,1,1,0,0,0,0,0,C,4800,12.73,0,0.07,0,16
29945,39,55000,RENT,1,0,0,1,1,0,0,0,0,0,B,4975,12.21,0,0.09,0,11
29951,36,30000,RENT,1,0,0,1,1,0,0,0,0,0,B,5000,11.14,0,0.17,0,17
29961,41,34800,RENT,4,0,0,1,1,0,0,0,0,0,B,5000,11.99,0,0.14,0,14
29974,38,37200,RENT,1,0,0,1,1,0,0,0,0,0,B,5000,9.99,0,0.13,0,11
30013,37,65000,RENT,7,0,0,1,1,0,0,0,0,0,A,9000,6.91,0,0.14,0,15
30028,42,32400,RENT,1,0,0,1,1,0,0,0,0,0,D,8875,16.29,1,0.27,0,16
30038,37,50000,RENT,0,0,0,1,1,0,0,0,0,0,B,5000,11.89,0,0.1,0,12
30043,36,26000,RENT,,0,0,1,1,0,0,0,0,0,B,8500,10.62,1,0.33,0,14
30047,38,64777,RENT,5,0,0,1,1,0,0,0,0,0,A,8500,7.51,0,0.13,0,13
30052,41,52000,RENT,2,0,0,1,1,0,0,0,0,0,A,5000,7.88,0,0.1,0,13
30057,50,54996,RENT,0,0,0,1,1,0,0,0,0,0,C,5000,13.47,0,0.09,0,14
30063,41,52106,RENT,4,0,0,1,1,0,0,0,0,0,C,5000,12.84,1,0.1,0,17
30071,38,64000,RENT,4,0,0,1,1,0,0,0,0,0,A,5000,7.88,0,0.08,0,16
30072,40,65000,RENT,1,0,0,1,1,0,0,0,0,0,B,5000,9.63,0,0.08,0,16
30100,36,100000,RENT,14,0,0,1,1,0,0,0,0,0,A,5000,7.66,0,0.05,0,11
30113,40,28800,RENT,4,0,0,1,1,0,0,0,0,0,B,5400,10.37,0,0.19,0,15
30133,36,50000,RENT,2,0,0,1,1,0,0,0,0,0,A,5500,8.32,0,0.11,0,16
30170,44,119000,RENT,0,0,0,1,1,0,0,0,0,0,A,5900,6.17,0,0.05,0,14
30182,38,25200,RENT,0,0,0,1,1,0,0,0,0,0,D,6000,14.59,1,0.24,0,12
30189,48,30000,RENT,0,0,0,1,1,0,0,0,0,0,B,6000,12.42,1,0.2,0,12
30195,38,32000,RENT,0,0,0,1,1,0,0,0,0,0,B,6000,11.36,1,0.19,0,16
30196,43,33000,RENT,0,0,0,1,1,0,0,0,0,0,D,6000,15.62,1,0.18,0,14
30223,42,44000,RENT,0,0,0,1,1,0,0,0,0,0,A,6000,9.63,0,0.14,0,14
30227,36,45000,RENT,14,0,0,1,1,0,0,0,0,0,B,6000,9.99,0,0.13,0,12
30263,39,60000,RENT,2,0,0,1,1,0,0,0,0,0,C,6000,15.27,0,0.1,0,14
30285,44,70000,RENT,15,0,0,1,1,0,0,0,0,0,A,6000,5.79,0,0.09,0,16
30299,37,79000,RENT,2,0,0,1,1,0,0,0,0,0,B,6000,10,0,0.08,0,16
30327,36,52000,RENT,2,0,0,1,1,0,0,0,0,0,C,7000,13.85,1,0.13,0,11
30358,41,30600,RENT,0,0,0,1,1,0,0,0,0,0,B,6500,10.65,0,0.21,0,12
30373,40,60000,RENT,0,0,0,1,1,0,0,0,0,0,B,6500,11.11,0,0.11,0,13
30406,36,112455,RENT,3,0,0,1,1,0,0,0,0,0,B,6400,9.99,0,0.06,0,16
30424,39,37800,RENT,5,0,0,1,1,0,0,0,0,0,B,7000,11.49,0,0.19,0,11
30427,37,35000,RENT,0,0,0,1,1,0,0,0,0,0,D,7000,16.77,1,0.2,0,17
30438,40,38000,RENT,4,0,0,1,1,0,0,0,0,0,D,7000,15.99,1,0.18,0,16
30443,37,45000,RENT,1,0,0,1,1,0,0,0,0,0,A,7000,7.49,0,0.16,0,15
30465,44,29088,RENT,3,0,0,1,1,0,0,0,0,0,B,7200,11.71,0,0.25,0,17
30473,42,40000,RENT,0,0,0,1,1,0,0,0,0,0,B,7200,10.75,0,0.18,0,17
30481,37,66560,RENT,11,0,0,1,1,0,0,0,0,0,B,7200,10,0,0.11,0,15
30492,38,26300,RENT,1,0,0,1,1,0,0,0,0,0,C,7500,13.47,1,0.29,0,12
30514,42,58000,RENT,16,0,0,1,1,0,0,0,0,0,C,7500,12.99,0,0.13,0,17
30529,37,95000,RENT,0,0,0,1,1,0,0,0,0,0,A,7500,7.51,0,0.08,0,16
30534,37,178008,RENT,12,0,0,1,1,0,0,0,0,0,B,7500,11.14,0,0.04,0,11
30538,36,21324,RENT,0,0,0,1,1,0,0,0,0,0,D,7550,14.61,1,0.35,0,13
30540,41,34560,RENT,8,0,0,1,1,0,0,0,0,0,D,7550,16.89,1,0.22,0,14
30552,44,43000,RENT,3,0,0,1,1,0,0,0,0,0,B,7800,,0,0.18,0,13
30561,36,24000,RENT,2,0,0,1,1,0,0,0,0,0,C,8000,13.61,1,0.33,0,14
30575,45,32000,RENT,0,0,0,1,1,0,0,0,0,0,B,8000,10.99,0,0.25,0,12
30579,36,34000,RENT,2,0,0,1,1,0,0,0,0,0,B,8000,,0,0.24,0,16
30581,47,30000,RENT,5,0,0,1,1,0,0,0,0,0,B,8000,12.18,1,0.27,0,11
30597,37,42000,RENT,5,0,0,1,1,0,0,0,0,0,B,8000,12.69,0,0.19,0,15
30624,37,50000,RENT,1,0,0,1,1,0,0,0,0,0,C,8000,,0,0.16,0,16
30662,37,20004,RENT,0,0,0,1,1,0,0,0,0,0,B,5000,,0,0.25,0,12
30684,40,62000,RENT,3,0,0,1,1,0,0,0,0,0,A,8000,8.49,0,0.13,0,15
30687,36,62000,RENT,3,0,0,1,1,0,0,0,0,0,B,8000,11.12,0,0.13,0,13
30693,38,65004,RENT,1,0,0,1,1,0,0,0,0,0,B,8000,11.83,0,0.12,0,11
30700,49,72000,RENT,4,0,0,1,1,0,0,0,0,0,A,8000,7.49,0,0.11,0,17
30723,40,164000,RENT,11,0,0,1,1,0,0,0,0,0,A,8000,,0,0.05,0,17
30726,48,40000,RENT,2,0,0,1,1,0,0,0,0,0,C,8050,12.98,0,0.2,0,13
30733,37,33280,RENT,2,0,0,1,1,0,0,0,0,0,C,8400,13.92,0,0.25,0,11
30763,39,30000,RENT,6,0,0,1,1,0,0,0,0,0,D,9000,16.89,1,0.3,0,16
30776,37,44700,RENT,0,0,0,1,1,0,0,0,0,0,A,9000,8.59,0,0.2,0,16
30781,41,45600,RENT,3,0,0,1,1,0,0,0,0,0,B,9000,10,0,0.2,0,12
30788,49,50000,RENT,4,0,0,1,1,0,0,0,0,0,B,9200,,0,0.18,0,16
30817,40,32000,RENT,19,0,0,1,1,0,0,0,0,0,B,9600,9.88,0,0.3,0,14
30833,36,62000,RENT,5,0,0,1,1,0,0,0,0,0,A,9600,9.32,0,0.15,0,11
30849,36,24000,RENT,20,0,0,1,1,0,0,0,0,0,B,10000,11.86,1,0.42,0,15
30850,37,24000,RENT,5,0,0,1,1,0,0,0,0,0,B,10000,9.76,1,0.42,0,13
30863,46,30000,RENT,15,0,0,1,1,0,0,0,0,0,C,10000,13.49,1,0.33,0,12
30880,37,32000,RENT,4,0,0,1,1,0,0,0,0,0,C,10000,13.79,1,0.31,0,15
30881,40,32400,RENT,1,0,0,1,1,0,0,0,0,0,B,10000,10,1,0.31,0,14
30885,45,35000,RENT,13,0,0,1,1,0,0,0,0,0,A,10000,8.49,0,0.29,0,11
30886,38,29000,RENT,2,0,0,1,1,0,0,0,0,0,D,10000,,1,0.34,0,16
30889,41,36000,RENT,5,0,0,1,1,0,0,0,0,0,A,10000,6.03,0,0.28,0,15
30898,38,38000,RENT,3,0,0,1,1,0,0,0,0,0,A,10000,8.59,0,0.26,0,15
30933,39,60000,RENT,4,0,0,1,1,0,0,0,0,0,A,4300,7.49,0,0.07,0,17
30943,36,46000,RENT,2,0,0,1,1,0,0,0,0,0,C,10000,12.53,0,0.22,0,14
30945,42,30000,RENT,0,0,0,1,1,0,0,0,0,0,A,4200,7.49,0,0.14,0,13
30965,41,47508,RENT,3,0,0,1,1,0,0,0,0,0,B,10000,10.74,0,0.21,0,16
30970,45,48000,RENT,2,0,0,1,1,0,0,0,0,0,B,10000,11.86,0,0.21,0,16
30975,36,48450,RENT,2,0,0,1,1,0,0,0,0,0,C,10000,13.61,0,0.21,0,15
31002,44,54000,RENT,0,0,0,1,1,0,0,0,0,0,C,10000,,0,0.19,0,11
31012,39,56000,RENT,16,0,0,1,1,0,0,0,0,0,C,10000,13.06,0,0.18,0,11
31015,37,58000,RENT,2,0,0,1,1,0,0,0,0,0,B,10000,,0,0.17,0,12
31044,45,62200,RENT,6,0,0,1,1,0,0,0,0,0,B,10000,10.39,0,0.16,0,11
31053,37,65000,RENT,2,0,0,1,1,0,0,0,0,0,A,10000,5.42,0,0.15,0,14
31106,38,85900,RENT,6,0,0,1,1,0,0,0,0,0,B,10000,12.53,0,0.12,0,13
31111,36,92000,RENT,5,0,0,1,1,0,0,0,0,0,B,10000,11.71,0,0.11,0,16
31118,38,50400,RENT,5,0,0,1,1,0,0,0,0,0,B,10100,11.49,0,0.2,0,16
31128,39,26000,RENT,11,0,0,1,1,0,0,0,0,0,A,11000,8.59,1,0.42,0,12
31141,42,66000,RENT,9,0,0,1,1,0,0,0,0,0,A,11200,5.79,0,0.17,0,12
31147,40,132000,RENT,18,0,0,1,1,0,0,0,0,0,C,11200,12.68,0,0.08,0,12
31164,37,73000,RENT,4,0,0,1,1,0,0,0,0,0,B,11500,12.21,0,0.16,0,11
31180,44,30000,RENT,2,0,0,1,1,0,0,0,0,0,B,12000,11.11,1,0.4,0,15
31241,37,59448,RENT,6,0,0,1,1,0,0,0,0,0,A,12000,6.54,0,0.2,0,16
31265,38,62000,RENT,3,0,0,1,1,0,0,0,0,0,B,12000,,0,0.19,0,16
31368,36,41000,RENT,18,0,0,1,1,0,0,0,0,0,B,12400,10.65,0,0.3,0,14
31402,42,82500,RENT,3,0,0,1,1,0,0,0,0,0,A,2575,6.76,0,0.03,0,11
31416,39,182500,RENT,2,0,0,1,1,0,0,0,0,0,A,12500,5.42,0,0.07,0,14
31472,39,52000,RENT,1,0,0,1,1,0,0,0,0,0,B,14000,11.71,0,0.27,0,12
31506,37,73000,RENT,21,0,0,1,1,0,0,0,0,0,D,14000,16.02,1,0.19,0,17
31512,37,105000,RENT,6,0,0,1,1,0,0,0,0,0,A,14000,6.03,0,0.13,0,11
31517,36,130000,RENT,3,0,0,1,1,0,0,0,0,0,B,14000,10.37,0,0.11,0,14
31521,50,150000,RENT,3,0,0,1,1,0,0,0,0,0,A,14000,6.91,0,0.09,0,12
31522,41,180000,RENT,16,0,0,1,1,0,0,0,0,0,A,14000,6.03,0,0.08,0,15
31548,39,96500,RENT,4,0,0,1,1,0,0,0,0,0,D,14400,15.2,1,0.15,0,11
31621,39,44531,RENT,0,0,0,1,1,0,0,0,0,0,B,15000,12.53,1,0.34,0,13
31623,49,45000,RENT,2,0,0,1,1,0,0,0,0,0,C,15000,13.49,1,0.33,0,12
31625,46,39000,RENT,2,0,0,1,1,0,0,0,0,0,B,15000,10.99,1,0.38,0,12
31727,37,60000,RENT,,0,0,1,1,0,0,0,0,0,B,15000,12.42,0,0.25,0,15
31774,50,69000,RENT,8,0,0,1,1,0,0,0,0,0,D,15000,,1,0.22,0,17
31909,45,54000,RENT,1,0,0,1,1,0,0,0,0,0,B,19425,11.99,1,0.36,0,17
31948,40,38000,RENT,4,0,0,1,1,0,0,0,0,0,D,7000,15.99,1,0.18,0,16
31955,40,15864,RENT,,0,0,1,1,0,0,0,0,0,B,2375,11.11,0,0.15,0,12
31975,39,12000,RENT,,0,0,1,1,0,0,0,0,0,B,2000,10.65,1,0.17,0,16
31997,41,69000,RENT,15,0,0,1,1,0,0,0,0,0,D,4000,16.29,1,0.06,0,13
31999,37,45000,RENT,1,0,0,1,1,0,0,0,0,0,B,9000,11.71,1,0.2,0,16
32033,41,38500,RENT,6,0,0,1,1,0,0,0,0,0,A,7500,8.49,0,0.19,0,12
32048,36,250000,RENT,2,0,0,1,1,0,0,0,0,0,A,20000,7.88,0,0.08,0,17
32055,50,19200,RENT,2,0,0,1,1,0,0,0,0,0,F,4000,,1,0.21,0,11
32057,39,37800,RENT,5,0,0,1,1,0,0,0,0,0,B,7000,11.49,0,0.19,0,16
32080,38,30000,RENT,6,0,0,1,1,0,0,0,0,0,A,8000,,0,0.27,0,12
32089,43,55000,RENT,3,0,0,1,1,0,0,0,0,0,B,11750,10.99,0,0.21,0,16
32138,36,36000,RENT,3,0,0,1,1,0,0,0,0,0,B,2500,9.76,0,0.07,0,12
32150,42,32000,RENT,5,0,0,1,1,0,0,0,0,0,B,10000,11.71,1,0.31,0,14
32159,37,85000,RENT,5,0,0,1,1,0,0,0,0,0,A,35000,8.9,1,0.41,0,17
32177,39,97000,RENT,15,0,0,1,1,0,0,0,0,0,B,3000,9.25,0,0.03,0,13
32180,36,58000,RENT,18,0,0,1,1,0,0,0,0,0,A,5000,6.62,0,0.09,0,17
32185,40,64200,RENT,2,0,0,1,1,0,0,0,0,0,A,3000,7.74,0,0.05,0,17
32192,41,45840,RENT,5,0,0,1,1,0,0,0,0,0,B,4600,10.99,0,0.1,0,14
32205,37,45000,RENT,0,0,0,1,1,0,0,0,0,0,A,8000,9.63,0,0.18,0,14
32216,39,24000,RENT,1,0,0,1,1,0,0,0,0,0,A,8500,7.49,1,0.35,0,12
32256,38,35000,RENT,0,0,0,1,1,0,0,0,0,0,B,5600,11.11,0,0.16,0,17
32288,36,44000,RENT,4,0,0,1,1,0,0,0,0,0,D,8000,17.49,1,0.18,0,15
32299,58,900000,RENT,18,0,0,1,1,0,0,0,0,0,C,19600,13.98,0,0.02,0,28
32320,54,50000,RENT,14,0,0,1,1,0,0,0,0,0,A,20000,7.9,1,0.4,0,20
32324,52,59004,RENT,4,0,0,1,1,0,0,0,0,0,D,20000,15.58,1,0.34,0,22
32333,51,45000,RENT,1,0,0,1,1,0,0,0,0,0,A,16000,7.9,1,0.36,0,19
32334,54,33600,RENT,0,0,0,1,1,0,0,0,0,0,B,1000,10.65,1,0.03,0,29
32336,55,54000,RENT,4,0,0,1,1,0,0,0,0,0,C,1000,13.99,1,0.02,0,27
32349,53,26400,RENT,3,0,0,1,1,0,0,0,0,0,A,2500,,0,0.09,0,28
32357,51,50000,RENT,9,0,0,1,1,0,0,0,0,0,B,12000,10.37,0,0.24,0,25
32364,52,85000,RENT,1,0,0,1,1,0,0,0,0,0,B,11000,12.42,0,0.13,0,25
32377,60,31500,RENT,2,0,0,1,1,0,0,0,0,0,C,4650,13.23,0,0.15,0,27
32388,51,60000,RENT,6,0,0,1,1,0,0,0,0,0,A,8500,5.79,0,0.14,0,18
32395,63,37000,RENT,24,0,0,1,1,0,0,0,0,0,C,5450,15.96,1,0.15,0,22
32410,52,75400,RENT,0,0,0,1,1,0,0,0,0,0,A,6125,7.74,0,0.08,0,18
32415,52,150000,RENT,1,0,0,1,1,0,0,0,0,0,A,7000,6.99,0,0.05,0,28
32425,53,28000,RENT,2,0,0,1,1,0,0,0,0,0,C,7000,6,0,0.25,0,26
32431,56,65000,RENT,7,0,0,1,1,0,0,0,0,0,A,7700,5.42,0,0.12,0,24
32480,52,36000,RENT,8,0,0,1,1,0,0,0,0,0,B,11200,12.18,1,0.31,0,29
32484,55,34000,RENT,0,0,0,1,1,0,0,0,0,0,A,12000,6.92,1,0.35,0,30
32519,57,40000,RENT,1,0,0,1,1,0,0,0,0,0,A,15000,8.9,1,0.38,0,20
32546,60,9600,RENT,4,0,0,1,1,0,0,0,0,0,B,2800,10.99,1,0.29,0,28
32557,55,50000,RENT,2,0,0,1,1,0,0,0,0,0,A,20000,7.51,1,0.4,0,28
89,21,12000,MORTGAGE,5,0,1,0,1,0,0,0,0,0,E,3250,15.68,1,0.27,1,3
102,25,221004,MORTGAGE,6,0,1,0,1,0,0,0,0,0,D,11900,14.42,1,0.05,1,3
237,24,172000,MORTGAGE,6,0,1,0,1,0,0,0,0,0,C,20000,13.47,1,0.12,1,4
302,25,162000,MORTGAGE,5,0,1,0,1,0,0,0,0,0,E,25000,16,1,0.15,1,3
348,22,153000,MORTGAGE,5,0,1,0,1,0,0,0,0,0,D,24000,15.62,1,0.16,1,2
353,23,16000,MORTGAGE,3,0,1,0,1,0,0,0,0,0,C,2275,13.06,0,0.14,1,4
539,22,19200,MORTGAGE,6,0,1,0,1,0,0,0,0,0,C,5000,14.17,1,0.26,1,2
696,21,21000,MORTGAGE,5,0,1,0,1,0,0,0,0,0,D,3500,17.27,1,0.17,1,2
721,22,21120,MORTGAGE,3,0,1,0,1,0,0,0,0,0,D,1625,16.89,1,0.08,1,3
943,25,24000,MORTGAGE,0,0,1,0,1,0,0,0,0,0,C,6000,13.49,0,0.25,1,3
1732,24,28800,MORTGAGE,5,0,1,0,1,0,0,0,0,0,C,5500,,0,0.19,1,3
1748,24,28900,MORTGAGE,2,0,1,0,1,0,0,0,0,0,C,5500,12.98,0,0.19,1,2
1818,21,29664,MORTGAGE,5,0,1,0,1,0,0,0,0,0,C,5000,13.57,1,0.17,1,4
1826,23,29952,MORTGAGE,1,0,1,0,1,0,0,0,0,0,D,4750,14.46,1,0.16,1,4
2041,24,30000,MORTGAGE,3,0,1,0,1,0,0,0,0,0,C,4500,14.72,0,0.15,1,4
2078,24,30000,MORTGAGE,9,0,1,0,1,0,0,0,0,0,C,2400,13.11,0,0.08,1,2
2199,23,30652,MORTGAGE,4,0,1,0,1,0,0,0,0,0,D,6000,14.54,1,0.2,1,2
2317,22,31356,MORTGAGE,6,0,1,0,1,0,0,0,0,0,D,11225,,1,0.36,1,2
2595,23,33000,MORTGAGE,2,0,1,0,1,0,0,0,0,0,C,3000,14.35,0,0.09,1,3
2616,23,33098,MORTGAGE,,0,1,0,1,0,0,0,0,0,D,9000,16.29,1,0.27,1,3
2811,22,34800,MORTGAGE,3,0,1,0,1,0,0,0,0,0,C,1500,13.49,0,0.04,1,3
3130,24,35640,MORTGAGE,1,0,1,0,1,0,0,0,0,0,C,10000,13.49,0,0.28,1,3
3293,23,36000,MORTGAGE,7,0,1,0,1,0,0,0,0,0,C,15800,13.72,0,0.44,1,4
3359,25,36000,MORTGAGE,3,0,1,0,1,0,0,0,0,0,C,7000,12.73,0,0.19,1,2
3915,26,33000,MORTGAGE,1,0,1,0,1,0,0,0,0,0,C,12000,10.91,1,0.36,1,3
3939,23,39500,MORTGAGE,3,0,1,0,1,0,0,0,0,0,C,10000,14.22,0,0.25,1,2
4146,22,40000,MORTGAGE,6,0,1,0,1,0,0,0,0,0,C,5000,12.99,0,0.13,1,2
4427,22,40269,MORTGAGE,6,0,1,0,1,0,0,0,0,0,C,6625,15.23,0,0.16,1,3
5037,22,43000,MORTGAGE,2,0,1,0,1,0,0,0,0,0,C,8500,12.09,0,0.2,1,4
5289,24,39000,MORTGAGE,3,0,1,0,1,0,0,0,0,0,D,4150,17.58,1,0.11,1,2
5346,26,39000,MORTGAGE,0,0,1,0,1,0,0,0,0,0,D,5600,16.49,1,0.14,1,3
5418,22,45000,MORTGAGE,5,0,1,0,1,0,0,0,0,0,C,5000,12.61,0,0.11,1,2
5665,22,39868,MORTGAGE,2,0,1,0,1,0,0,0,0,0,D,2400,16.02,1,0.06,1,4
5675,25,39996,MORTGAGE,9,0,1,0,1,0,0,0,0,0,D,1500,,1,0.04,1,3
5859,23,47000,MORTGAGE,7,0,1,0,1,0,0,0,0,0,C,13850,12.68,0,0.29,1,4
5890,24,47000,MORTGAGE,5,0,1,0,1,0,0,0,0,0,C,10000,13.79,0,0.21,1,4
5945,26,41682,MORTGAGE,7,0,1,0,1,0,0,0,0,0,C,18000,13.22,1,0.43,1,3
6046,22,48000,MORTGAGE,6,0,1,0,1,0,0,0,0,0,C,10000,13.49,0,0.21,1,4
6068,25,48000,MORTGAGE,9,0,1,0,1,0,0,0,0,0,C,1000,13.49,0,0.02,1,3
6071,23,42000,MORTGAGE,3,0,1,0,1,0,0,0,0,0,C,1800,12.99,1,0.04,1,3
6326,24,43000,MORTGAGE,8,0,1,0,1,0,0,0,0,0,D,10000,16.89,1,0.23,1,2
6399,25,49500,MORTGAGE,3,0,1,0,1,0,0,0,0,0,C,9250,13.79,0,0.19,1,2
6480,25,44000,MORTGAGE,9,0,1,0,1,0,0,0,0,0,D,15000,,1,0.34,1,2
6930,22,50285,MORTGAGE,6,0,1,0,1,0,0,0,0,0,C,7000,13.11,0,0.14,1,4
6986,22,50900,MORTGAGE,6,0,1,0,1,0,0,0,0,0,C,22000,,0,0.43,1,3
7061,21,45000,MORTGAGE,3,0,1,0,1,0,0,0,0,0,D,8000,15.31,1,0.18,1,3
7256,24,46000,MORTGAGE,6,0,1,0,1,0,0,0,0,0,D,12000,14.83,1,0.26,1,3
7340,22,46320,MORTGAGE,6,0,1,0,1,0,0,0,0,0,D,15000,12.86,1,0.32,1,4
7409,22,53000,MORTGAGE,6,0,1,0,1,0,0,0,0,0,C,1000,15.27,0,0.02,1,4
7590,21,48000,MORTGAGE,5,0,1,0,1,0,0,0,0,0,D,18000,15.62,1,0.38,1,3
7724,24,54400,MORTGAGE,8,0,1,0,1,0,0,0,0,0,C,12000,,0,0.22,1,4
7978,26,55000,MORTGAGE,4,0,1,0,1,0,0,0,0,0,C,13000,13.98,0,0.24,1,3
8114,23,49530,MORTGAGE,7,0,1,0,1,0,0,0,0,0,D,16000,14.54,1,0.32,1,2
8149,23,56000,MORTGAGE,4,0,1,0,1,0,0,0,0,0,C,13600,15.23,0,0.24,1,4
8265,26,56810,MORTGAGE,10,0,1,0,1,0,0,0,0,0,C,2500,,0,0.04,1,3
8284,25,51000,MORTGAGE,9,0,1,0,1,0,0,0,0,0,D,5500,16.77,1,0.11,1,2
8404,22,57600,MORTGAGE,2,0,1,0,1,0,0,0,0,0,C,4000,,0,0.07,1,2
8837,25,54000,MORTGAGE,,0,1,0,1,0,0,0,0,0,D,10000,16.89,1,0.19,1,2
9098,22,60000,MORTGAGE,5,0,1,0,1,0,0,0,0,0,C,12500,13.11,0,0.21,1,2
9103,23,54000,MORTGAGE,7,0,1,0,1,0,0,0,0,0,D,5000,14.96,1,0.09,1,2
9118,22,60000,MORTGAGE,6,0,1,0,1,0,0,0,0,0,C,6000,13.11,0,0.1,1,4
9164,22,54000,MORTGAGE,3,0,1,0,1,0,0,0,0,0,D,22750,,1,0.42,1,2
9333,22,61000,MORTGAGE,1,0,1,0,1,0,0,0,0,0,C,21000,14.26,0,0.34,1,4
9402,22,62000,MORTGAGE,2,0,1,0,1,0,0,0,0,0,C,13000,15.27,0,0.21,1,2
9525,22,56208,MORTGAGE,6,0,1,0,1,0,0,0,0,0,D,12000,16.29,1,0.21,1,2
9826,26,64956,MORTGAGE,0,0,1,0,1,0,0,0,0,0,C,7500,13.47,0,0.12,1,3
10029,24,65000,MORTGAGE,3,0,1,0,1,0,0,0,0,0,C,7000,13.61,0,0.11,1,3
10103,24,59000,MORTGAGE,3,0,1,0,1,0,0,0,0,0,C,6800,12.53,1,0.12,1,4
10114,22,59000,MORTGAGE,3,0,1,0,1,0,0,0,0,0,D,19750,14.11,1,0.33,1,3
10280,23,60000,MORTGAGE,5,0,1,0,1,0,0,0,0,0,C,5600,14.22,1,0.09,1,4
10701,22,70000,MORTGAGE,5,0,1,0,1,0,0,0,0,0,C,8000,13.49,0,0.11,1,2
10708,25,70000,MORTGAGE,1,0,1,0,1,0,0,0,0,0,C,11300,14.65,0,0.16,1,2
11106,23,66000,MORTGAGE,7,0,1,0,1,0,0,0,0,0,D,4000,15.62,1,0.06,1,4
11283,22,73000,MORTGAGE,5,0,1,0,1,0,0,0,0,0,C,22000,15.96,0,0.3,1,4
11321,26,67000,MORTGAGE,2,0,1,0,1,0,0,0,0,0,D,6500,14.11,1,0.1,1,2
11520,22,69000,MORTGAGE,6,0,1,0,1,0,0,0,0,0,D,10000,15.62,1,0.14,1,2
11521,24,75000,MORTGAGE,4,0,1,0,1,0,0,0,0,0,C,11200,13.99,0,0.15,1,4
11562,25,69000,MORTGAGE,10,0,1,0,1,0,0,0,0,0,D,15000,14.54,1,0.22,1,3
11608,25,75000,MORTGAGE,2,0,1,0,1,0,0,0,0,0,C,12000,,0,0.16,1,3
11832,25,76209,MORTGAGE,9,0,1,0,1,0,0,0,0,0,C,3000,,0,0.04,1,4
11846,22,76500,MORTGAGE,2,0,1,0,1,0,0,0,0,0,C,15000,,0,0.2,1,4
11891,26,77000,MORTGAGE,4,0,1,0,1,0,0,0,0,0,C,5400,13.04,0,0.07,1,3
11893,23,71000,MORTGAGE,2,0,1,0,1,0,0,0,0,0,E,20000,15.13,1,0.28,1,2
11900,24,71004,MORTGAGE,8,0,1,0,1,0,0,0,0,0,D,5000,14.96,1,0.07,1,3
11911,24,77350,MORTGAGE,2,0,1,0,1,0,0,0,0,0,C,4800,13.79,0,0.06,1,4
11921,26,77604,MORTGAGE,0,0,1,0,1,0,0,0,0,0,C,6800,13.06,0,0.09,1,4
12075,26,79000,MORTGAGE,4,0,1,0,1,0,0,0,0,0,C,18500,,0,0.23,1,3
12234,26,74000,MORTGAGE,0,0,1,0,1,0,0,0,0,0,E,16800,16.4,1,0.23,1,4
12280,24,80000,MORTGAGE,8,0,1,0,1,0,0,0,0,0,C,24000,14.35,0,0.3,1,3
12377,24,74004,MORTGAGE,7,0,1,0,1,0,0,0,0,0,D,25000,15.57,1,0.34,1,3
12416,24,80689,MORTGAGE,1,0,1,0,1,0,0,0,0,0,C,16000,13.22,0,0.2,1,2
12516,22,82000,MORTGAGE,6,0,1,0,1,0,0,0,0,0,C,10000,12.87,0,0.12,1,2
12519,26,76000,MORTGAGE,10,0,1,0,1,0,0,0,0,0,E,7200,16.35,1,0.09,1,2
12534,25,76248,MORTGAGE,6,0,1,0,1,0,0,0,0,0,C,9750,14.27,1,0.13,1,3
12764,26,85000,MORTGAGE,10,0,1,0,1,0,0,0,0,0,C,4650,13.49,0,0.05,1,3
12848,23,85000,MORTGAGE,8,0,1,0,1,0,0,0,0,0,C,5000,14.35,0,0.06,1,2
12917,25,85000,MORTGAGE,5,0,1,0,1,0,0,0,0,0,C,7500,11.03,0,0.09,1,3
12926,26,73008,MORTGAGE,4,0,1,0,1,0,0,0,0,0,E,15000,15.68,1,0.21,1,3
13275,24,90000,MORTGAGE,0,0,1,0,1,0,0,0,0,0,C,24000,13.06,0,0.27,1,2
13313,24,90000,MORTGAGE,8,0,1,0,1,0,0,0,0,0,C,19750,13.61,0,0.22,1,2
13426,23,91000,MORTGAGE,7,0,1,0,1,0,0,0,0,0,C,7500,11.97,0,0.08,1,2
13481,26,80004,MORTGAGE,7,0,1,0,1,0,0,0,0,0,C,7500,15.23,1,0.09,1,2
13549,25,93080,MORTGAGE,3,0,1,0,1,0,0,0,0,0,C,8450,13.49,0,0.09,1,2
13602,23,94800,MORTGAGE,7,0,1,0,1,0,0,0,0,0,C,6000,14.27,0,0.06,1,3
13642,24,83000,MORTGAGE,2,0,1,0,1,0,0,0,0,0,D,28000,16.49,1,0.34,1,3
13747,24,83904,MORTGAGE,8,0,1,0,1,0,0,0,0,0,D,16000,16.07,1,0.19,1,4
13855,24,97000,MORTGAGE,3,0,1,0,1,0,0,0,0,0,C,6400,15.96,0,0.07,1,2
13886,25,85584,MORTGAGE,10,0,1,0,1,0,0,0,0,0,E,24000,17.19,1,0.28,1,2
13895,22,85992,MORTGAGE,6,0,1,0,1,0,0,0,0,0,D,3500,14.74,1,0.04,1,3
13915,25,86000,MORTGAGE,7,0,1,0,1,0,0,0,0,0,D,24000,,1,0.28,1,2
13924,23,86000,MORTGAGE,7,0,1,0,1,0,0,0,0,0,D,4800,16,1,0.06,1,3
14105,24,100000,MORTGAGE,8,0,1,0,1,0,0,0,0,0,C,3600,13.23,0,0.04,1,2
14108,26,100000,MORTGAGE,0,0,1,0,1,0,0,0,0,0,C,17000,13.61,0,0.17,1,3
14176,23,100000,MORTGAGE,5,0,1,0,1,0,0,0,0,0,C,15000,11.34,0,0.15,1,2
14234,23,102000,MORTGAGE,7,0,1,0,1,0,0,0,0,0,C,6000,,0,0.06,1,3
14239,25,102000,MORTGAGE,9,0,1,0,1,0,0,0,0,0,C,14400,,0,0.14,1,2
14381,26,93000,MORTGAGE,7,0,1,0,1,0,0,0,0,0,D,25000,16,1,0.27,1,2
14577,24,98000,MORTGAGE,1,0,1,0,1,0,0,0,0,0,C,16000,14.79,1,0.16,1,2
14714,23,112404,MORTGAGE,1,0,1,0,1,0,0,0,0,0,C,6000,13.23,0,0.05,1,2
14767,25,102996,MORTGAGE,4,0,1,0,1,0,0,0,0,0,D,20000,14.54,1,0.19,1,3
14781,25,115000,MORTGAGE,3,0,1,0,1,0,0,0,0,0,C,7000,,0,0.06,1,4
14822,26,115200,MORTGAGE,10,0,1,0,1,0,0,0,0,0,C,4500,11.97,0,0.04,1,2
14847,23,104736,MORTGAGE,3,0,1,0,1,0,0,0,0,0,D,25000,14.11,1,0.24,1,2
14924,23,108000,MORTGAGE,5,0,1,0,1,0,0,0,0,0,D,10000,,1,0.09,1,2
15000,24,120000,MORTGAGE,8,0,1,0,1,0,0,0,0,0,C,8400,13.72,0,0.07,1,2
15078,24,108000,MORTGAGE,1,0,1,0,1,0,0,0,0,0,D,25000,13.99,1,0.23,1,2
15188,25,113000,MORTGAGE,4,0,1,0,1,0,0,0,0,0,D,5000,14.54,1,0.04,1,2
15261,26,127000,MORTGAGE,5,0,1,0,1,0,0,0,0,0,C,4900,,0,0.04,1,3
15367,23,130208,MORTGAGE,7,0,1,0,1,0,0,0,0,0,C,20000,12.73,0,0.15,1,4
15439,25,135000,MORTGAGE,4,0,1,0,1,0,0,0,0,0,C,20000,12.73,0,0.15,1,3
15444,24,123000,MORTGAGE,8,0,1,0,1,0,0,0,0,0,C,24250,12.87,1,0.2,1,4
15474,25,126996,MORTGAGE,8,0,1,0,1,0,0,0,0,0,C,5000,12.73,1,0.04,1,2
15480,24,128000,MORTGAGE,7,0,1,0,1,0,0,0,0,0,D,18000,17.27,1,0.14,1,2
15566,25,133000,MORTGAGE,8,0,1,0,1,0,0,0,0,0,F,3000,17.9,1,0.02,1,2
15612,25,150000,MORTGAGE,8,0,1,0,1,0,0,0,0,0,C,5000,12.99,0,0.03,1,4
15662,25,150000,MORTGAGE,6,0,1,0,1,0,0,0,0,0,C,5000,13.16,0,0.03,1,4
15697,23,143000,MORTGAGE,7,0,1,0,1,0,0,0,0,0,D,24250,14.59,1,0.17,1,2
15716,25,156000,MORTGAGE,9,0,1,0,1,0,0,0,0,0,C,10000,13.22,0,0.06,1,2
15735,26,148000,MORTGAGE,3,0,1,0,1,0,0,0,0,0,E,7500,18.39,1,0.05,1,3
15743,24,148000,MORTGAGE,8,0,1,0,1,0,0,0,0,0,D,25000,15.31,1,0.17,1,2
15749,24,162000,MORTGAGE,8,0,1,0,1,0,0,0,0,0,C,16000,15.96,0,0.1,1,2
15879,26,216000,MORTGAGE,6,0,1,0,1,0,0,0,0,0,C,15000,13.98,1,0.07,1,3
15909,25,370000,MORTGAGE,5,0,1,0,1,0,0,0,0,0,C,15000,12.99,0,0.04,1,2
16051,23,16000,MORTGAGE,1,0,1,0,1,0,0,0,0,0,C,5600,12.84,1,0.35,1,2
16054,23,78000,MORTGAGE,7,0,1,0,1,0,0,0,0,0,C,4200,13.06,0,0.05,1,3
16210,22,16800,MORTGAGE,0,0,1,0,1,0,0,0,0,0,C,4750,13.85,1,0.28,1,4
16236,24,64000,MORTGAGE,7,0,1,0,1,0,0,0,0,0,F,4000,20.89,1,0.06,1,2
16399,24,64000,MORTGAGE,2,0,1,0,1,0,0,0,0,0,E,12000,17.56,1,0.19,1,4
16419,26,122000,MORTGAGE,4,0,1,0,1,0,0,0,0,0,C,4800,,0,0.04,1,2
16484,23,78000,MORTGAGE,1,0,1,0,1,0,0,0,0,0,C,8000,12.87,1,0.1,1,3
16514,22,107000,MORTGAGE,6,0,1,0,1,0,0,0,0,0,D,35000,16.49,1,0.33,1,3
16546,24,60000,MORTGAGE,8,0,1,0,1,0,0,0,0,0,C,21000,,0,0.35,1,3
16569,23,51000,MORTGAGE,6,0,1,0,1,0,0,0,0,0,D,17500,14.09,1,0.34,1,2
16647,24,98000,MORTGAGE,0,0,1,0,1,0,0,0,0,0,D,13200,15.28,1,0.13,1,3
16670,23,73426,MORTGAGE,0,0,1,0,1,0,0,0,0,0,C,7500,,0,0.1,1,2
16742,24,44000,MORTGAGE,2,0,1,0,1,0,0,0,0,0,D,25000,15.58,1,0.57,1,3
16758,23,49000,MORTGAGE,7,0,1,0,1,0,0,0,0,0,D,5000,15.21,1,0.1,1,3
16786,26,32500,MORTGAGE,8,0,1,0,1,0,0,0,0,0,C,3000,13.22,0,0.09,1,3
16826,23,40000,MORTGAGE,7,0,1,0,1,0,0,0,0,0,C,6000,14.79,0,0.15,1,3
16919,23,64000,MORTGAGE,0,0,1,0,1,0,0,0,0,0,D,12000,15.62,1,0.19,1,4
16920,25,122000,MORTGAGE,8,0,1,0,1,0,0,0,0,0,C,10000,13.57,0,0.08,1,4
17015,21,12000,MORTGAGE,5,0,1,0,1,0,0,0,0,0,E,3250,15.68,1,0.27,1,2
17238,23,75000,MORTGAGE,0,0,1,0,1,0,0,0,0,0,C,9500,,0,0.13,1,3
17248,23,76000,MORTGAGE,7,0,1,0,1,0,0,0,0,0,D,9000,,1,0.12,1,3
17309,24,103000,MORTGAGE,8,0,1,0,1,0,0,0,0,0,C,21000,13.49,0,0.2,1,3
17431,24,88000,MORTGAGE,2,0,1,0,1,0,0,0,0,0,G,25000,18.84,1,0.28,1,2
17516,26,51000,MORTGAGE,10,0,1,0,1,0,0,0,0,0,D,13000,15.33,1,0.25,1,2
17663,24,56000,MORTGAGE,8,0,1,0,1,0,0,0,0,0,E,20000,16.7,1,0.36,1,4
17725,26,69000,MORTGAGE,10,0,1,0,1,0,0,0,0,0,D,6200,15.99,1,0.09,1,3
17741,25,78000,MORTGAGE,7,0,1,0,1,0,0,0,0,0,C,9000,11.78,1,0.12,1,3
17788,23,87000,MORTGAGE,0,0,1,0,1,0,0,0,0,0,C,7500,11.28,0,0.09,1,4
17803,24,93000,MORTGAGE,5,0,1,0,1,0,0,0,0,0,D,12000,16.29,1,0.13,1,3
17848,35,500000,MORTGAGE,17,0,1,0,1,0,0,0,0,0,C,20000,13.85,0,0.04,1,7
17849,35,500000,MORTGAGE,6,0,1,0,1,0,0,0,0,0,C,7500,12.29,0,0.01,1,9
17850,33,468000,MORTGAGE,14,0,1,0,1,0,0,0,0,0,D,3750,15.62,1,0.01,1,10
17887,27,300000,MORTGAGE,6,0,1,0,1,0,0,0,0,0,C,10000,14.27,0,0.03,1,7
17896,32,288000,MORTGAGE,8,0,1,0,1,0,0,0,0,0,D,25000,14.83,1,0.09,1,10
17924,31,260000,MORTGAGE,6,0,1,0,1,0,0,0,0,0,C,25000,13.57,0,0.1,1,10
17980,30,198000,MORTGAGE,5,0,1,0,1,0,0,0,0,0,E,15000,,1,0.08,1,9
18059,34,178000,MORTGAGE,4,0,1,0,1,0,0,0,0,0,D,12000,15.65,1,0.07,1,5
18076,29,173000,MORTGAGE,7,0,1,0,1,0,0,0,0,0,D,28000,17.49,1,0.16,1,10
18115,31,15000,MORTGAGE,3,0,1,0,1,0,0,0,0,0,D,2000,16.89,1,0.13,1,8
18143,31,159200,MORTGAGE,1,0,1,0,1,0,0,0,0,0,D,16000,15.65,1,0.1,1,6
18210,27,160000,MORTGAGE,12,0,1,0,1,0,0,0,0,0,C,7000,12.23,0,0.04,1,6
18707,33,25000,MORTGAGE,0,0,1,0,1,0,0,0,0,0,C,3000,12.53,0,0.12,1,10
18768,29,26004,MORTGAGE,13,0,1,0,1,0,0,0,0,0,D,4000,14.74,1,0.15,1,9
18981,33,30000,MORTGAGE,1,0,1,0,1,0,0,0,0,0,C,4000,,0,0.13,1,7
19186,31,30000,MORTGAGE,15,0,1,0,1,0,0,0,0,0,D,11225,13.62,1,0.37,1,6
19293,27,32000,MORTGAGE,11,0,1,0,1,0,0,0,0,0,D,1000,16.29,1,0.03,1,10
19357,29,32400,MORTGAGE,0,0,1,0,1,0,0,0,0,0,C,4000,12.98,0,0.12,1,6
19649,32,35000,MORTGAGE,11,0,1,0,1,0,0,0,0,0,C,4000,13.61,0,0.11,1,5
19918,27,36789,MORTGAGE,1,0,1,0,1,0,0,0,0,0,C,5500,13.57,0,0.15,1,8
19954,35,31000,MORTGAGE,2,0,1,0,1,0,0,0,0,0,D,5000,14.46,1,0.16,1,5
19963,31,37000,MORTGAGE,12,0,1,0,1,0,0,0,0,0,C,22000,12.73,0,0.59,1,7
19981,29,31100,MORTGAGE,9,0,1,0,1,0,0,0,0,0,E,3000,16.82,1,0.1,1,5
20081,35,32000,MORTGAGE,1,0,1,0,1,0,0,0,0,0,D,10750,14.96,1,0.34,1,5
20111,27,38004,MORTGAGE,11,0,1,0,1,0,0,0,0,0,C,6500,13.79,0,0.17,1,8
20407,29,40000,MORTGAGE,5,0,1,0,1,0,0,0,0,0,C,4000,14.35,0,0.1,1,6
20517,29,34999,MORTGAGE,8,0,1,0,1,0,0,0,0,0,D,6250,15.95,1,0.18,1,9
20711,27,36000,MORTGAGE,9,0,1,0,1,0,0,0,0,0,E,15200,16.35,1,0.42,1,6
20974,31,39000,MORTGAGE,6,0,1,0,1,0,0,0,0,0,D,4000,16.77,1,0.1,1,9
20976,31,45000,MORTGAGE,12,0,1,0,1,0,0,0,0,0,C,12250,14.27,0,0.27,1,10
21134,34,45000,MORTGAGE,1,0,1,0,1,0,0,0,0,0,C,3800,13.16,0,0.08,1,5
21187,27,45500,MORTGAGE,2,0,1,0,1,0,0,0,0,0,C,5000,13.23,0,0.11,1,8
21281,27,46300,MORTGAGE,3,0,1,0,1,0,0,0,0,0,C,11500,13.48,0,0.25,1,8
21387,28,48000,MORTGAGE,,0,1,0,1,0,0,0,0,0,C,5000,14.65,0,0.1,1,7
21587,35,43000,MORTGAGE,7,0,1,0,1,0,0,0,0,0,D,13200,16.77,1,0.31,1,9
21642,31,50000,MORTGAGE,8,0,1,0,1,0,0,0,0,0,C,6000,13.49,0,0.12,1,9
21737,30,50000,MORTGAGE,12,0,1,0,1,0,0,0,0,0,C,8000,13.06,0,0.16,1,5
21992,30,51000,MORTGAGE,6,0,1,0,1,0,0,0,0,0,C,15000,12.73,0,0.29,1,5
22198,27,47000,MORTGAGE,2,0,1,0,1,0,0,0,0,0,D,25000,14.96,1,0.53,1,9
22236,27,54000,MORTGAGE,1,0,1,0,1,0,0,0,0,0,C,6000,14.27,0,0.11,1,7
22347,29,54912,MORTGAGE,11,0,1,0,1,0,0,0,0,0,C,5500,12.53,0,0.1,1,8
22710,31,57200,MORTGAGE,3,0,1,0,1,0,0,0,0,0,C,7500,13.11,0,0.13,1,5
22804,27,58000,MORTGAGE,9,0,1,0,1,0,0,0,0,0,C,6500,13.98,0,0.11,1,8
23068,28,60000,MORTGAGE,12,0,1,0,1,0,0,0,0,0,C,16800,12.61,0,0.28,1,7
23167,30,60000,MORTGAGE,,0,1,0,1,0,0,0,0,0,C,6000,12.73,0,0.1,1,6
23566,31,64000,MORTGAGE,15,0,1,0,1,0,0,0,0,0,C,20000,,0,0.31,1,5
23758,29,59000,MORTGAGE,9,0,1,0,1,0,0,0,0,0,D,18000,15.65,1,0.31,1,8
23873,28,60675,MORTGAGE,6,0,1,0,1,0,0,0,0,0,D,14000,15.62,1,0.23,1,10
24022,28,63000,MORTGAGE,5,0,1,0,1,0,0,0,0,0,C,9000,13.72,1,0.14,1,9
24038,28,63000,MORTGAGE,3,0,1,0,1,0,0,0,0,0,D,11200,14.42,1,0.18,1,7
24100,27,70000,MORTGAGE,1,0,1,0,1,0,0,0,0,0,C,5500,13.49,0,0.08,1,10
24219,33,70000,MORTGAGE,0,0,1,0,1,0,0,0,0,0,C,3000,13.57,0,0.04,1,9
24353,30,72000,MORTGAGE,8,0,1,0,1,0,0,0,0,0,C,4800,13.49,0,0.07,1,7
24424,29,66000,MORTGAGE,4,0,1,0,1,0,0,0,0,0,E,8200,17.04,1,0.12,1,7
24591,35,75000,MORTGAGE,5,0,1,0,1,0,0,0,0,0,C,4000,14.27,0,0.05,1,5
24708,28,69000,MORTGAGE,5,0,1,0,1,0,0,0,0,0,F,25000,19.41,1,0.36,1,5
24742,34,75000,MORTGAGE,2,0,1,0,1,0,0,0,0,0,C,8400,,0,0.11,1,8
24891,29,72000,MORTGAGE,12,0,1,0,1,0,0,0,0,0,D,12000,15.62,1,0.17,1,9
25239,29,76000,MORTGAGE,9,0,1,0,1,0,0,0,0,0,D,4400,16.29,1,0.06,1,10
25392,29,78132,MORTGAGE,11,0,1,0,1,0,0,0,0,0,D,25000,15.33,1,0.32,1,6
25406,32,84996,MORTGAGE,7,0,1,0,1,0,0,0,0,0,C,6000,12.99,0,0.07,1,7
25487,33,85000,MORTGAGE,0,0,1,0,1,0,0,0,0,0,C,5000,13.61,0,0.06,1,7
25506,31,73000,MORTGAGE,9,0,1,0,1,0,0,0,0,0,E,18000,17.39,1,0.25,1,10
25538,27,73680,MORTGAGE,11,0,1,0,1,0,0,0,0,0,E,10000,17.93,1,0.14,1,6
25576,27,74400,MORTGAGE,11,0,1,0,1,0,0,0,0,0,D,10000,16,1,0.13,1,6
25625,27,87988,MORTGAGE,5,0,1,0,1,0,0,0,0,0,C,20000,12.84,0,0.23,1,10
25639,29,88000,MORTGAGE,3,0,1,0,1,0,0,0,0,0,C,15000,13.85,0,0.17,1,6
25828,28,78000,MORTGAGE,11,0,1,0,1,0,0,0,0,0,E,12000,16.95,1,0.15,1,7
25945,29,81000,MORTGAGE,5,0,1,0,1,0,0,0,0,0,E,12000,,1,0.15,1,9
25950,27,93000,MORTGAGE,5,0,1,0,1,0,0,0,0,0,C,16000,13.57,0,0.17,1,10
26074,35,83234,MORTGAGE,19,0,1,0,1,0,0,0,0,0,D,10000,18.25,1,0.12,1,9
26081,35,84000,MORTGAGE,5,0,1,0,1,0,0,0,0,0,C,15200,15.27,1,0.18,1,7
26088,28,84000,MORTGAGE,1,0,1,0,1,0,0,0,0,0,D,3000,15.99,1,0.04,1,6
26090,27,96000,MORTGAGE,4,0,1,0,1,0,0,0,0,0,C,2500,12.99,0,0.03,1,10
26139,35,84000,MORTGAGE,0,0,1,0,1,0,0,0,0,0,C,20000,11.54,1,0.24,1,6
26196,32,86000,MORTGAGE,6,0,1,0,1,0,0,0,0,0,E,15000,16.4,1,0.17,1,5
26296,32,88000,MORTGAGE,13,0,1,0,1,0,0,0,0,0,C,17600,13.49,1,0.2,1,10
26356,33,88000,MORTGAGE,17,0,1,0,1,0,0,0,0,0,C,20000,13.48,1,0.23,1,10
26597,30,107000,MORTGAGE,0,0,1,0,1,0,0,0,0,0,C,2500,10.78,0,0.02,1,6
26628,33,96000,MORTGAGE,11,0,1,0,1,0,0,0,0,0,D,15000,14.62,1,0.16,1,10
26890,30,116500,MORTGAGE,9,0,1,0,1,0,0,0,0,0,C,15000,14.79,0,0.13,1,7
26901,29,117600,MORTGAGE,13,0,1,0,1,0,0,0,0,0,C,14400,12.99,0,0.12,1,6
26943,27,120000,MORTGAGE,4,0,1,0,1,0,0,0,0,0,C,15000,13.49,0,0.13,1,6
27041,27,108000,MORTGAGE,11,0,1,0,1,0,0,0,0,0,D,25000,14.96,1,0.23,1,9
27084,34,120579,MORTGAGE,9,0,1,0,1,0,0,0,0,0,C,9600,,0,0.08,1,7
27090,31,121000,MORTGAGE,15,0,1,0,1,0,0,0,0,0,C,25000,12.73,0,0.21,1,9
27153,30,113000,MORTGAGE,4,0,1,0,1,0,0,0,0,0,D,30000,15.62,1,0.27,1,8
27260,33,118000,MORTGAGE,12,0,1,0,1,0,0,0,0,0,D,35000,17.49,1,0.3,1,7
27288,35,130000,MORTGAGE,3,0,1,0,1,0,0,0,0,0,C,9000,12.73,0,0.07,1,8
27292,33,118000,MORTGAGE,5,0,1,0,1,0,0,0,0,0,D,25000,14.96,1,0.21,1,9
27304,29,130000,MORTGAGE,7,0,1,0,1,0,0,0,0,0,C,18000,13.22,0,0.14,1,8
27309,29,130000,MORTGAGE,13,0,1,0,1,0,0,0,0,0,C,6000,13.04,0,0.05,1,9
27340,30,134500,MORTGAGE,9,0,1,0,1,0,0,0,0,0,C,24000,15.96,0,0.18,1,6
27361,28,123000,MORTGAGE,3,0,1,0,1,0,0,0,0,0,C,15000,13.85,1,0.12,1,9
27426,28,128000,MORTGAGE,11,0,1,0,1,0,0,0,0,0,G,14400,22.11,1,0.11,1,8
27506,27,144000,MORTGAGE,4,0,1,0,1,0,0,0,0,0,C,21000,13.57,0,0.15,1,8
27524,28,133000,MORTGAGE,6,0,1,0,1,0,0,0,0,0,E,20000,,1,0.15,1,5
27537,29,136000,MORTGAGE,4,0,1,0,1,0,0,0,0,0,D,7775,14.96,1,0.06,1,5
27606,35,150000,MORTGAGE,5,0,1,0,1,0,0,0,0,0,C,15000,13.16,0,0.1,1,7
27680,35,148000,MORTGAGE,19,0,1,0,1,0,0,0,0,0,D,25000,14.62,1,0.17,1,10
27684,27,151000,MORTGAGE,11,0,1,0,1,0,0,0,0,0,D,20000,14.74,1,0.13,1,9
27733,31,176600,MORTGAGE,15,0,1,0,1,0,0,0,0,0,C,3500,,0,0.02,1,7
27743,29,180000,MORTGAGE,13,0,1,0,1,0,0,0,0,0,C,12000,12.99,0,0.07,1,5
27752,34,185000,MORTGAGE,18,0,1,0,1,0,0,0,0,0,C,18250,,0,0.1,1,5
27778,33,201000,MORTGAGE,3,0,1,0,1,0,0,0,0,0,C,20000,14.27,0,0.1,1,7
27800,27,213000,MORTGAGE,11,0,1,0,1,0,0,0,0,0,E,35000,16.77,1,0.16,1,5
27808,30,230000,MORTGAGE,14,0,1,0,1,0,0,0,0,0,C,12000,13.98,0,0.05,1,10
27809,29,218000,MORTGAGE,1,0,1,0,1,0,0,0,0,0,F,25000,19.04,1,0.11,1,9
28116,28,65007,MORTGAGE,4,0,1,0,1,0,0,0,0,0,F,25000,18.62,1,0.38,1,9
28144,28,11029,MORTGAGE,12,0,1,0,1,0,0,0,0,0,C,2150,10.78,1,0.19,1,6
28202,27,157544,MORTGAGE,8,0,1,0,1,0,0,0,0,0,C,35000,12.99,0,0.22,1,10
28239,34,263004,MORTGAGE,2,0,1,0,1,0,0,0,0,0,D,25000,16.32,1,0.1,1,9
28257,29,60000,MORTGAGE,13,0,1,0,1,0,0,0,0,0,G,25000,20.16,1,0.42,1,9
28380,33,25000,MORTGAGE,0,0,1,0,1,0,0,0,0,0,C,3000,12.53,0,0.12,1,6
28439,31,238000,MORTGAGE,14,0,1,0,1,0,0,0,0,0,D,12000,14.09,1,0.05,1,10
28599,34,67392,MORTGAGE,0,0,1,0,1,0,0,0,0,0,C,15000,13.85,1,0.22,1,8
28747,28,69000,MORTGAGE,5,0,1,0,1,0,0,0,0,0,D,20000,14.91,1,0.29,1,5
28752,27,19200,MORTGAGE,3,0,1,0,1,0,0,0,0,0,D,1400,16.77,1,0.07,1,6
28788,34,30144,MORTGAGE,3,0,1,0,1,0,0,0,0,0,C,18000,12.84,0,0.6,1,5
28817,33,120999,MORTGAGE,7,0,1,0,1,0,0,0,0,0,C,15200,13.61,0,0.13,1,7
28868,28,75000,MORTGAGE,12,0,1,0,1,0,0,0,0,0,C,15250,11.34,0,0.2,1,7
28901,34,225000,MORTGAGE,4,0,1,0,1,0,0,0,0,0,C,3000,13.35,0,0.01,1,7
29013,30,94000,MORTGAGE,13,0,1,0,1,0,0,0,0,0,C,10000,14.27,0,0.11,1,10
29100,34,220000,MORTGAGE,13,0,1,0,1,0,0,0,0,0,C,11275,12.99,0,0.05,1,8
29687,45,35004,MORTGAGE,5,0,1,0,1,0,0,0,0,0,C,10000,,0,0.29,1,17
30183,48,42000,MORTGAGE,3,0,1,0,1,0,0,0,0,0,C,14400,12.87,1,0.34,1,17
30383,36,53000,MORTGAGE,0,0,1,0,1,0,0,0,0,0,C,2200,14.35,0,0.04,1,17
30476,36,49074,MORTGAGE,3,0,1,0,1,0,0,0,0,0,E,8000,15.68,1,0.16,1,14
30619,37,54000,MORTGAGE,21,0,1,0,1,0,0,0,0,0,D,25000,15.57,1,0.46,1,16
30682,38,55000,MORTGAGE,4,0,1,0,1,0,0,0,0,0,D,25000,,1,0.45,1,14
30699,45,56000,MORTGAGE,8,0,1,0,1,0,0,0,0,0,D,7000,16.29,1,0.13,1,12
30836,36,60000,MORTGAGE,3,0,1,0,1,0,0,0,0,0,D,13000,14.11,1,0.22,1,14
30851,43,61000,MORTGAGE,3,0,1,0,1,0,0,0,0,0,E,16000,,1,0.26,1,17
30910,36,64000,MORTGAGE,20,0,1,0,1,0,0,0,0,0,E,6800,18.39,1,0.11,1,12
30934,39,64000,MORTGAGE,2,0,1,0,1,0,0,0,0,0,E,8750,,1,0.14,1,13
31091,40,69000,MORTGAGE,21,0,1,0,1,0,0,0,0,0,D,13200,13.24,1,0.19,1,14
31108,46,76800,MORTGAGE,0,0,1,0,1,0,0,0,0,0,C,13000,15.96,0,0.17,1,13
31196,38,80000,MORTGAGE,5,0,1,0,1,0,0,0,0,0,C,4000,12.98,0,0.05,1,13
31220,44,80160,MORTGAGE,13,0,1,0,1,0,0,0,0,0,C,5500,13.92,0,0.07,1,13
31321,41,75000,MORTGAGE,13,0,1,0,1,0,0,0,0,0,D,4800,15.58,1,0.06,1,15
31343,49,77000,MORTGAGE,4,0,1,0,1,0,0,0,0,0,D,16000,14.09,1,0.21,1,12
31377,36,78000,MORTGAGE,7,0,1,0,1,0,0,0,0,0,C,9600,13.98,1,0.12,1,13
31418,44,82000,MORTGAGE,5,0,1,0,1,0,0,0,0,0,C,8400,12.84,1,0.1,1,17
31432,38,83000,MORTGAGE,1,0,1,0,1,0,0,0,0,0,D,24000,14.91,1,0.29,1,12
31526,42,100000,MORTGAGE,16,0,1,0,1,0,0,0,0,0,C,4800,13.47,0,0.05,1,13
31546,38,103970,MORTGAGE,0,0,1,0,1,0,0,0,0,0,C,15000,14.35,0,0.14,1,14
31559,43,93000,MORTGAGE,15,0,1,0,1,0,0,0,0,0,D,7500,12.86,1,0.08,1,15
31567,48,94050,MORTGAGE,1,0,1,0,1,0,0,0,0,0,D,23000,14.96,1,0.24,1,16
31582,41,109920,MORTGAGE,18,0,1,0,1,0,0,0,0,0,C,20000,13.35,0,0.18,1,17
31611,45,100000,MORTGAGE,3,0,1,0,1,0,0,0,0,0,E,10000,16,1,0.1,1,13
31613,42,101000,MORTGAGE,6,0,1,0,1,0,0,0,0,0,F,25000,16.15,1,0.25,1,17
31663,48,120000,MORTGAGE,18,0,1,0,1,0,0,0,0,0,C,3600,,0,0.03,1,17
31699,36,124000,MORTGAGE,2,0,1,0,1,0,0,0,0,0,C,2000,12.99,0,0.02,1,16
31714,41,125000,MORTGAGE,7,0,1,0,1,0,0,0,0,0,C,20000,13.11,0,0.16,1,13
31743,41,132000,MORTGAGE,3,0,1,0,1,0,0,0,0,0,C,8000,13.49,0,0.06,1,17
31748,36,123000,MORTGAGE,1,0,1,0,1,0,0,0,0,0,D,2500,14.91,1,0.02,1,14
31800,37,146000,MORTGAGE,5,0,1,0,1,0,0,0,0,0,C,10000,13.99,0,0.07,1,16
31870,37,181000,MORTGAGE,11,0,1,0,1,0,0,0,0,0,C,20000,13.85,0,0.11,1,17
31903,38,313000,MORTGAGE,0,0,1,0,1,0,0,0,0,0,C,21600,,0,0.07,1,16
31906,39,310400,MORTGAGE,13,0,1,0,1,0,0,0,0,0,D,15000,15.65,1,0.05,1,11
32066,43,78000,MORTGAGE,0,0,1,0,1,0,0,0,0,0,D,15000,14.46,1,0.19,1,13
32102,41,103000,MORTGAGE,2,0,1,0,1,0,0,0,0,0,D,20000,14.61,1,0.19,1,16
32281,36,53800,MORTGAGE,20,0,1,0,1,0,0,0,0,0,D,18200,18.25,1,0.34,1,12
32296,42,101000,MORTGAGE,6,0,1,0,1,0,0,0,0,0,F,25000,16.15,1,0.25,1,14
32399,51,42000,MORTGAGE,2,0,1,0,1,0,0,0,0,0,C,15000,13.99,1,0.36,1,20
110,25,12816,OWN,0,1,0,0,1,0,0,0,0,0,C,3000,12.87,1,0.23,1,4
117,23,12996,OWN,0,1,0,0,1,0,0,0,0,0,C,2400,13.49,1,0.18,1,2
680,22,20400,OWN,0,1,0,0,1,0,0,0,0,0,D,3800,,0,0.19,1,3
815,24,22000,OWN,1,1,0,0,1,0,0,0,0,0,D,3000,16,0,0.14,1,2
1251,22,25062,OWN,4,1,0,0,1,0,0,0,0,0,D,4000,16.49,0,0.16,1,2
5780,23,46500,OWN,2,1,0,0,1,0,0,0,0,0,D,6000,,0,0.13,1,2
7252,24,52000,OWN,4,1,0,0,1,0,0,0,0,0,D,7000,14.09,0,0.13,1,4
7294,25,46000,OWN,0,1,0,0,1,0,0,0,0,0,E,19750,16.7,1,0.43,1,4
8010,22,55000,OWN,4,1,0,0,1,0,0,0,0,0,D,5000,14.61,0,0.09,1,2
10220,22,66000,OWN,6,1,0,0,1,0,0,0,0,0,D,7500,17.58,0,0.11,1,4
11312,26,67000,OWN,10,1,0,0,1,0,0,0,0,0,E,5000,16.45,1,0.07,1,3
12580,22,83000,OWN,6,1,0,0,1,0,0,0,0,0,D,25000,15.95,0,0.3,1,4
14047,22,31193,OWN,0,1,0,0,1,0,0,0,0,0,D,4000,14.74,0,0.13,1,2
14285,23,30000,OWN,1,1,0,0,1,0,0,0,0,0,D,4000,15.65,0,0.13,1,4
14287,21,30000,OWN,6,1,0,0,1,0,0,0,0,0,D,4000,,0,0.13,1,3
14304,25,30000,OWN,9,1,0,0,1,0,0,0,0,0,E,1200,16.69,1,0.04,1,3
14393,25,30000,OWN,4,1,0,0,1,0,0,0,0,0,D,10000,14.61,0,0.33,1,2
14788,24,115000,OWN,8,1,0,0,1,0,0,0,0,0,D,35000,16.89,0,0.3,1,4
15165,22,24000,OWN,0,1,0,0,1,0,0,0,0,0,D,4200,15.62,0,0.17,1,2
15844,23,14400,OWN,7,1,0,0,1,0,0,0,0,0,C,3000,14.72,1,0.21,1,2
16998,24,84996,OWN,4,1,0,0,1,0,0,0,0,0,D,8000,15.57,0,0.09,1,4
17261,22,36000,OWN,4,1,0,0,1,0,0,0,0,0,D,5000,14.61,0,0.14,1,4
17417,26,52000,OWN,10,1,0,0,1,0,0,0,0,0,D,5000,15.65,0,0.1,1,4
18706,31,25000,OWN,0,1,0,0,1,0,0,0,0,0,D,2400,14.42,0,0.1,1,8
18738,27,25740,OWN,3,1,0,0,1,0,0,0,0,0,D,5000,14.11,0,0.19,1,5
19260,27,31200,OWN,1,1,0,0,1,0,0,0,0,0,E,7000,16.35,1,0.22,1,10
21776,30,50000,OWN,4,1,0,0,1,0,0,0,0,0,D,10000,15.95,0,0.2,1,7
22393,28,55000,OWN,0,1,0,0,1,0,0,0,0,0,D,6700,16.77,0,0.12,1,7
22693,28,51000,OWN,2,1,0,0,1,0,0,0,0,0,E,20400,17.74,1,0.4,1,5
23127,28,54000,OWN,13,1,0,0,1,0,0,0,0,0,E,6500,16.45,1,0.12,1,6
23246,27,60000,OWN,11,1,0,0,1,0,0,0,0,0,D,18000,13.24,0,0.3,1,7
27010,29,120000,OWN,11,1,0,0,1,0,0,0,0,0,D,5000,14.09,0,0.04,1,6
27369,28,123000,OWN,0,1,0,0,1,0,0,0,0,0,G,22000,20.86,1,0.18,1,8
27581,33,18720,OWN,0,1,0,0,1,0,0,0,0,0,C,3500,13.16,1,0.19,1,6
28329,30,60000,OWN,7,1,0,0,1,0,0,0,0,0,D,6000,14.84,0,0.1,1,5
29261,39,17721,OWN,0,1,0,0,1,0,0,0,0,0,C,3975,11.97,1,0.22,1,15
30077,36,45000,OWN,4,1,0,0,1,0,0,0,0,0,D,8000,14.74,0,0.18,1,13
38,24,64000,RENT,8,0,0,1,1,0,0,0,0,0,D,30000,14.54,1,0.47,1,3
51,24,78000,RENT,4,0,0,1,1,0,0,0,0,0,D,30000,,1,0.38,1,4
52,23,78000,RENT,7,0,0,1,1,0,0,0,0,0,F,30000,18.62,1,0.38,1,3
164,26,54000,RENT,7,0,0,1,1,0,0,0,0,0,D,25000,14.83,1,0.46,1,2
189,24,60000,RENT,2,0,0,1,1,0,0,0,0,0,E,25000,,1,0.42,1,2
219,23,78000,RENT,7,0,0,1,1,0,0,0,0,0,C,25000,,1,0.32,1,2
242,26,74004,RENT,10,0,0,1,1,0,0,0,0,0,D,25000,,1,0.34,1,4
273,24,79000,RENT,9,0,0,1,1,0,0,0,0,0,D,25000,14.96,1,0.32,1,4
280,25,83800,RENT,2,0,0,1,1,0,0,0,0,0,D,25000,15.95,1,0.3,1,3
287,22,88000,RENT,6,0,0,1,1,0,0,0,0,0,D,25000,15.58,1,0.28,1,2
296,23,93000,RENT,0,0,0,1,1,0,0,0,0,0,D,25000,14.59,1,0.27,1,2
320,22,100580,RENT,6,0,0,1,1,0,0,0,0,0,D,25000,14.96,1,0.25,1,2
383,22,74000,RENT,7,0,0,1,1,0,0,0,0,0,D,24250,15.65,1,0.33,1,2
403,22,43000,RENT,7,0,0,1,1,0,0,0,0,0,C,24000,13.85,1,0.56,1,3
421,23,59000,RENT,5,0,0,1,1,0,0,0,0,0,E,24000,19.69,1,0.41,1,2
448,22,98000,RENT,7,0,0,1,1,0,0,0,0,0,F,24000,,1,0.24,1,2
460,23,138000,RENT,7,0,0,1,1,0,0,0,0,0,D,24000,16,1,0.17,1,2
465,26,170000,RENT,3,0,0,1,1,0,0,0,0,0,C,24000,,0,0.14,1,2
525,26,63000,RENT,2,0,0,1,1,0,0,0,0,0,C,21600,14.35,1,0.34,1,3
603,22,45000,RENT,1,0,0,1,1,0,0,0,0,0,C,20000,13.92,1,0.44,1,3
625,22,46000,RENT,2,0,0,1,1,0,0,0,0,0,D,20000,16,1,0.43,1,4
628,25,46000,RENT,9,0,0,1,1,0,0,0,0,0,C,20000,11.78,1,0.43,1,2
661,23,54000,RENT,6,0,0,1,1,0,0,0,0,0,D,20000,14.84,1,0.37,1,3
751,24,72000,RENT,6,0,0,1,1,0,0,0,0,0,D,20000,,1,0.28,1,4
833,23,95000,RENT,0,0,0,1,1,0,0,0,0,0,D,20000,14.59,1,0.21,1,2
853,26,130000,RENT,10,0,0,1,1,0,0,0,0,0,C,20000,13.11,0,0.15,1,4
868,25,175000,RENT,3,0,0,1,1,0,0,0,0,0,C,20000,14.72,0,0.11,1,2
876,25,19000,RENT,0,0,0,1,1,0,0,0,0,0,C,750,12.29,0,0.04,1,4
908,25,54000,RENT,8,0,0,1,1,0,0,0,0,0,C,19000,,1,0.35,1,4
956,22,50000,RENT,6,0,0,1,1,0,0,0,0,0,E,18250,16.7,1,0.36,1,3
974,24,42765,RENT,9,0,0,1,1,0,0,0,0,0,C,18000,11.03,1,0.42,1,2
983,24,43400,RENT,2,0,0,1,1,0,0,0,0,0,E,18000,16.63,1,0.41,1,2
1246,24,39000,RENT,2,0,0,1,1,0,0,0,0,0,E,16000,19.91,1,0.41,1,3
1306,22,65000,RENT,6,0,0,1,1,0,0,0,0,0,C,16000,13.47,0,0.25,1,3
1326,21,20000,RENT,2,0,0,1,1,0,0,0,0,0,C,1000,14.26,0,0.05,1,2
1335,22,24000,RENT,3,0,0,1,1,0,0,0,0,0,C,1000,12.84,0,0.04,1,4
1458,23,26400,RENT,3,0,0,1,1,0,0,0,0,0,C,1200,14.35,1,0.05,1,4
1477,23,36000,RENT,7,0,0,1,1,0,0,0,0,0,C,1200,13.99,0,0.03,1,4
1503,22,54000,RENT,4,0,0,1,1,0,0,0,0,0,C,1300,14.27,1,0.02,1,2
1517,23,14650,RENT,0,0,0,1,1,0,0,0,0,0,D,1400,15.62,1,0.1,1,3
1559,24,30000,RENT,2,0,0,1,1,0,0,0,0,0,C,1500,14.22,0,0.05,1,4
1586,23,29004,RENT,7,0,0,1,1,0,0,0,0,0,D,1500,14.59,1,0.05,1,2
1606,22,34980,RENT,3,0,0,1,1,0,0,0,0,0,C,1500,12.23,1,0.04,1,4
1682,22,10000,RENT,,0,0,1,1,0,0,0,0,0,C,1750,14.72,1,0.17,1,3
1683,23,10000,RENT,1,0,0,1,1,0,0,0,0,0,D,1750,15.05,1,0.17,1,3
1716,25,45000,RENT,2,0,0,1,1,0,0,0,0,0,C,1800,12.61,0,0.04,1,4
1723,21,48000,RENT,1,0,0,1,1,0,0,0,0,0,C,1800,13.35,0,0.04,1,2
1740,26,19392,RENT,7,0,0,1,1,0,0,0,0,0,C,1900,,0,0.1,1,3
1814,24,25200,RENT,8,0,0,1,1,0,0,0,0,0,D,2000,14.96,1,0.08,1,4
1840,26,84000,RENT,7,0,0,1,1,0,0,0,0,0,D,15000,16,1,0.18,1,3
1850,26,100000,RENT,0,0,0,1,1,0,0,0,0,0,C,15000,14.26,0,0.15,1,2
1932,22,65000,RENT,3,0,0,1,1,0,0,0,0,0,C,2000,14.27,0,0.03,1,4
1994,26,57600,RENT,10,0,0,1,1,0,0,0,0,0,D,2150,15.62,1,0.04,1,3
2023,24,34400,RENT,8,0,0,1,1,0,0,0,0,0,D,14000,16,1,0.41,1,3
2081,22,18000,RENT,,0,0,1,1,0,0,0,0,0,C,2400,13.61,0,0.13,1,3
2182,23,51000,RENT,6,0,0,1,1,0,0,0,0,0,C,13500,12.23,0,0.26,1,2
2211,22,30000,RENT,4,0,0,1,1,0,0,0,0,0,E,13250,16.4,1,0.44,1,3
2213,26,37500,RENT,6,0,0,1,1,0,0,0,0,0,C,13250,13.49,1,0.35,1,3
2260,23,30000,RENT,4,0,0,1,1,0,0,0,0,0,C,13000,13.57,1,0.43,1,2
2326,21,28200,RENT,2,0,0,1,1,0,0,0,0,0,D,2500,16.77,1,0.09,1,2
2340,21,34368,RENT,0,0,0,1,1,0,0,0,0,0,C,2500,12.87,0,0.07,1,2
2380,26,46500,RENT,1,0,0,1,1,0,0,0,0,0,C,2500,14.72,0,0.05,1,3
2389,26,52000,RENT,6,0,0,1,1,0,0,0,0,0,C,2500,14.82,0,0.05,1,2
2394,22,54996,RENT,6,0,0,1,1,0,0,0,0,0,C,2500,14.35,0,0.05,1,4
2402,22,60000,RENT,5,0,0,1,1,0,0,0,0,0,C,2500,,0,0.04,1,4
2491,23,16080,RENT,,0,0,1,1,0,0,0,0,0,D,3000,16.29,1,0.19,1,2
2529,23,21000,RENT,2,0,0,1,1,0,0,0,0,0,C,3000,12.68,0,0.14,1,2
2540,24,30000,RENT,4,0,0,1,1,0,0,0,0,0,E,3000,19.29,1,0.1,1,2
2553,24,30000,RENT,1,0,0,1,1,0,0,0,0,0,C,3000,13.98,1,0.1,1,2
2589,22,29244,RENT,0,0,0,1,1,0,0,0,0,0,D,3000,13.3,1,0.1,1,2
2660,24,42000,RENT,9,0,0,1,1,0,0,0,0,0,E,3000,,1,0.07,1,3
2688,25,52000,RENT,1,0,0,1,1,0,0,0,0,0,C,3000,12.99,0,0.06,1,4
2697,26,49200,RENT,,0,0,1,1,0,0,0,0,0,C,12000,15.23,0,0.24,1,3
2742,23,47000,RENT,7,0,0,1,1,0,0,0,0,0,D,12000,16.29,1,0.26,1,3
2786,23,51000,RENT,3,0,0,1,1,0,0,0,0,0,E,12000,17.99,1,0.24,1,4
2791,23,57720,RENT,8,0,0,1,1,0,0,0,0,0,C,12000,12.87,0,0.21,1,3
2793,23,51840,RENT,1,0,0,1,1,0,0,0,0,0,D,12000,15.95,1,0.23,1,3
2819,22,49000,RENT,7,0,0,1,1,0,0,0,0,0,C,3000,12.23,1,0.06,1,2
2859,23,56500,RENT,7,0,0,1,1,0,0,0,0,0,D,3000,14.84,1,0.05,1,3
2937,24,125000,RENT,3,0,0,1,1,0,0,0,0,0,C,3000,14.72,0,0.02,1,3
3003,22,30000,RENT,,0,0,1,1,0,0,0,0,0,D,3200,15.62,1,0.11,1,4
3084,24,30000,RENT,2,0,0,1,1,0,0,0,0,0,C,3350,14.72,0,0.11,1,2
3154,22,34000,RENT,0,0,0,1,1,0,0,0,0,0,C,3500,14.27,0,0.1,1,3
3162,21,35000,RENT,3,0,0,1,1,0,0,0,0,0,C,3500,12.53,0,0.1,1,4
3222,23,56000,RENT,7,0,0,1,1,0,0,0,0,0,C,3500,,0,0.06,1,3
3224,26,51000,RENT,3,0,0,1,1,0,0,0,0,0,D,3500,13.24,1,0.07,1,4
3245,23,64000,RENT,7,0,0,1,1,0,0,0,0,0,C,3500,14.72,1,0.05,1,2
3247,26,68004,RENT,10,0,0,1,1,0,0,0,0,0,D,3500,15.28,1,0.05,1,3
3286,21,26400,RENT,0,0,0,1,1,0,0,0,0,0,C,3600,14.27,0,0.14,1,3
3329,23,40000,RENT,3,0,0,1,1,0,0,0,0,0,C,3600,15.96,0,0.09,1,4
3351,22,39500,RENT,3,0,0,1,1,0,0,0,0,0,C,11000,12.68,0,0.28,1,2
3471,22,20796,RENT,1,0,0,1,1,0,0,0,0,0,D,10775,15.37,1,0.52,1,2
3477,23,33600,RENT,2,0,0,1,1,0,0,0,0,0,C,10750,,1,0.32,1,3
3547,25,35280,RENT,3,0,0,1,1,0,0,0,0,0,C,10375,14.27,1,0.29,1,4
3564,22,39600,RENT,4,0,0,1,1,0,0,0,0,0,D,3600,17.49,1,0.09,1,3
3565,22,41000,RENT,2,0,0,1,1,0,0,0,0,0,D,3600,16.77,1,0.09,1,3
3634,25,19200,RENT,0,0,0,1,1,0,0,0,0,0,C,3800,14.35,1,0.2,1,4
3683,22,14400,RENT,0,0,0,1,1,0,0,0,0,0,C,4000,10.91,1,0.28,1,2
3692,21,17500,RENT,0,0,0,1,1,0,0,0,0,0,C,4000,13.22,1,0.23,1,4
3698,25,18000,RENT,0,0,0,1,1,0,0,0,0,0,C,4000,13.22,1,0.22,1,4
3831,25,32640,RENT,4,0,0,1,1,0,0,0,0,0,C,4000,12.73,0,0.12,1,4
3988,23,45630,RENT,0,0,0,1,1,0,0,0,0,0,E,4000,19.29,1,0.09,1,3
3989,23,51996,RENT,7,0,0,1,1,0,0,0,0,0,C,4000,13.98,0,0.08,1,2
3993,25,46392,RENT,9,0,0,1,1,0,0,0,0,0,D,4000,16.32,1,0.09,1,3
4003,21,55000,RENT,5,0,0,1,1,0,0,0,0,0,C,4000,13.35,0,0.07,1,2
4047,23,61000,RENT,2,0,0,1,1,0,0,0,0,0,D,4000,16,1,0.07,1,4
4100,24,15000,RENT,8,0,0,1,1,0,0,0,0,0,C,4200,13.11,1,0.28,1,2
4117,25,12000,RENT,3,0,0,1,1,0,0,0,0,0,C,4350,12.98,1,0.36,1,4
4147,24,49000,RENT,8,0,0,1,1,0,0,0,0,0,D,4400,16.77,1,0.09,1,3
4307,26,52800,RENT,3,0,0,1,1,0,0,0,0,0,D,4600,15.62,1,0.09,1,4
4394,25,30000,RENT,5,0,0,1,1,0,0,0,0,0,C,4800,11.22,0,0.16,1,3
4399,22,32000,RENT,3,0,0,1,1,0,0,0,0,0,D,4800,16.49,1,0.15,1,2
4412,23,33000,RENT,5,0,0,1,1,0,0,0,0,0,D,4800,14.54,1,0.15,1,3
4471,22,48000,RENT,0,0,0,1,1,0,0,0,0,0,C,4800,12.98,0,0.1,1,2
4522,22,67200,RENT,6,0,0,1,1,0,0,0,0,0,E,4800,16.7,1,0.07,1,2
4570,24,87996,RENT,8,0,0,1,1,0,0,0,0,0,D,10000,14.84,1,0.11,1,2
4604,25,116000,RENT,5,0,0,1,1,0,0,0,0,0,C,10000,14.26,0,0.09,1,4
4643,25,153000,RENT,9,0,0,1,1,0,0,0,0,0,D,10000,14.96,1,0.07,1,4
4832,25,29000,RENT,3,0,0,1,1,0,0,0,0,0,D,5000,15.7,1,0.17,1,3
4933,22,34000,RENT,4,0,0,1,1,0,0,0,0,0,C,5000,12.73,1,0.15,1,3
4984,24,36100,RENT,4,0,0,1,1,0,0,0,0,0,D,5000,12.92,1,0.14,1,3
4987,22,42500,RENT,0,0,0,1,1,0,0,0,0,0,C,5000,12.98,0,0.12,1,4
5015,24,39000,RENT,1,0,0,1,1,0,0,0,0,0,E,5000,16.77,1,0.13,1,3
5024,23,39000,RENT,3,0,0,1,1,0,0,0,0,0,D,5000,15.37,1,0.13,1,4
5067,23,42000,RENT,0,0,0,1,1,0,0,0,0,0,C,5000,,1,0.12,1,2
5294,21,45996,RENT,5,0,0,1,1,0,0,0,0,0,D,5000,,1,0.11,1,3
5295,25,45996,RENT,2,0,0,1,1,0,0,0,0,0,G,5000,,1,0.11,1,4
5386,23,65000,RENT,6,0,0,1,1,0,0,0,0,0,C,8500,13.35,0,0.13,1,2
5429,25,55000,RENT,3,0,0,1,1,0,0,0,0,0,C,5000,,0,0.09,1,4
5443,24,51000,RENT,2,0,0,1,1,0,0,0,0,0,D,5000,14.74,1,0.1,1,2
5465,26,53000,RENT,4,0,0,1,1,0,0,0,0,0,D,5000,15.95,1,0.09,1,2
5473,22,54000,RENT,6,0,0,1,1,0,0,0,0,0,D,5000,17.27,1,0.09,1,2
5610,22,74000,RENT,3,0,0,1,1,0,0,0,0,0,C,5000,13.49,1,0.07,1,4
5636,25,76000,RENT,2,0,0,1,1,0,0,0,0,0,E,5000,17.19,1,0.07,1,3
5648,25,80000,RENT,8,0,0,1,1,0,0,0,0,0,D,5000,14.96,1,0.06,1,4
5706,22,24000,RENT,0,0,0,1,1,0,0,0,0,0,C,5200,13.49,0,0.22,1,2
5778,24,112000,RENT,5,0,0,1,1,0,0,0,0,0,C,5400,15.27,0,0.05,1,4
5831,22,33000,RENT,0,0,0,1,1,0,0,0,0,0,E,5500,,1,0.17,1,3
5861,23,37000,RENT,5,0,0,1,1,0,0,0,0,0,D,5500,15.31,1,0.15,1,2
5878,22,44052,RENT,3,0,0,1,1,0,0,0,0,0,D,5500,,1,0.12,1,2
6054,21,18000,RENT,2,0,0,1,1,0,0,0,0,0,C,5800,14.72,1,0.32,1,4
6093,23,20124,RENT,,0,0,1,1,0,0,0,0,0,C,5950,13.49,0,0.3,1,3
6108,24,16800,RENT,2,0,0,1,1,0,0,0,0,0,D,6000,14.84,1,0.36,1,4
6131,22,21300,RENT,0,0,0,1,1,0,0,0,0,0,C,6000,15.96,0,0.28,1,3
6143,22,22880,RENT,5,0,0,1,1,0,0,0,0,0,C,6000,13.57,0,0.26,1,4
6264,26,30000,RENT,0,0,0,1,1,0,0,0,0,0,D,6000,,1,0.2,1,2
6308,23,34000,RENT,2,0,0,1,1,0,0,0,0,0,D,6000,14.09,1,0.18,1,4
6341,22,30000,RENT,0,0,0,1,1,0,0,0,0,0,E,6000,19.39,1,0.2,1,4
6359,23,30000,RENT,4,0,0,1,1,0,0,0,0,0,D,6000,16.32,1,0.2,1,3
6395,25,32000,RENT,9,0,0,1,1,0,0,0,0,0,C,6000,12.99,1,0.19,1,2
6417,25,33600,RENT,9,0,0,1,1,0,0,0,0,0,D,6000,15.58,1,0.18,1,2
6551,24,41628,RENT,6,0,0,1,1,0,0,0,0,0,C,6000,11.28,1,0.14,1,2
6597,22,50000,RENT,3,0,0,1,1,0,0,0,0,0,C,6000,13.49,0,0.12,1,2
6678,21,49000,RENT,5,0,0,1,1,0,0,0,0,0,D,6000,14.84,1,0.12,1,4
6716,23,54000,RENT,5,0,0,1,1,0,0,0,0,0,D,6000,15.62,1,0.11,1,4
6721,23,54000,RENT,2,0,0,1,1,0,0,0,0,0,D,6000,14.09,1,0.11,1,3
6786,25,23000,RENT,0,0,0,1,1,0,0,0,0,0,D,7000,12.49,1,0.3,1,4
6889,23,69000,RENT,7,0,0,1,1,0,0,0,0,0,D,6000,16.02,1,0.09,1,2
7003,22,29004,RENT,6,0,0,1,1,0,0,0,0,0,C,6200,15.23,0,0.21,1,4
7049,25,24000,RENT,3,0,0,1,1,0,0,0,0,0,C,6250,13.72,0,0.26,1,3
7078,24,54000,RENT,0,0,0,1,1,0,0,0,0,0,D,7000,15.99,1,0.13,1,3
7330,23,36000,RENT,4,0,0,1,1,0,0,0,0,0,D,6500,17.49,1,0.18,1,2
7373,25,85296,RENT,7,0,0,1,1,0,0,0,0,0,C,6500,12.98,0,0.08,1,4
7400,26,41000,RENT,3,0,0,1,1,0,0,0,0,0,C,6600,13.85,0,0.16,1,4
7557,22,29000,RENT,4,0,0,1,1,0,0,0,0,0,E,6400,15.95,1,0.22,1,4
7584,26,48000,RENT,2,0,0,1,1,0,0,0,0,0,C,6400,13.47,0,0.13,1,3
7638,24,74000,RENT,7,0,0,1,1,0,0,0,0,0,E,6800,20.3,1,0.09,1,2
7706,22,30000,RENT,4,0,0,1,1,0,0,0,0,0,D,7000,16.49,1,0.23,1,3
7819,23,34320,RENT,5,0,0,1,1,0,0,0,0,0,F,7000,18.3,1,0.2,1,3
7847,26,36000,RENT,3,0,0,1,1,0,0,0,0,0,D,7000,14.96,1,0.19,1,4
8026,25,37000,RENT,0,0,0,1,1,0,0,0,0,0,C,7200,11.34,0,0.19,1,2
8051,25,46000,RENT,5,0,0,1,1,0,0,0,0,0,C,7200,,0,0.16,1,3
8069,24,50004,RENT,4,0,0,1,1,0,0,0,0,0,C,7200,12.84,0,0.14,1,3
8077,25,54990,RENT,4,0,0,1,1,0,0,0,0,0,C,7200,15.27,0,0.13,1,3
8418,25,74004,RENT,2,0,0,1,1,0,0,0,0,0,D,7500,12.61,1,0.1,1,4
8436,23,115275,RENT,7,0,0,1,1,0,0,0,0,0,C,7500,11.28,0,0.07,1,4
8440,26,108000,RENT,2,0,0,1,1,0,0,0,0,0,D,7500,16.77,1,0.07,1,3
8537,23,59004,RENT,1,0,0,1,1,0,0,0,0,0,D,7800,15.99,1,0.13,1,3
8551,23,30000,RENT,4,0,0,1,1,0,0,0,0,0,C,7925,15.27,0,0.26,1,4
8622,25,28000,RENT,3,0,0,1,1,0,0,0,0,0,C,8000,14.65,0,0.29,1,4
8725,22,29570,RENT,6,0,0,1,1,0,0,0,0,0,D,8000,14.42,1,0.27,1,4
8783,23,32698,RENT,3,0,0,1,1,0,0,0,0,0,F,8000,18.43,1,0.24,1,3
8822,26,35000,RENT,0,0,0,1,1,0,0,0,0,0,D,8000,15.31,1,0.23,1,2
8870,22,44684,RENT,1,0,0,1,1,0,0,0,0,0,C,8000,12.04,0,0.18,1,2
8888,22,45000,RENT,1,0,0,1,1,0,0,0,0,0,C,8000,12.84,0,0.18,1,3
8914,25,47004,RENT,1,0,0,1,1,0,0,0,0,0,C,8000,12.53,0,0.17,1,4
8918,22,48000,RENT,6,0,0,1,1,0,0,0,0,0,C,8000,12.99,0,0.17,1,3
9188,23,18720,RENT,,0,0,1,1,0,0,0,0,0,D,5000,16.32,1,0.27,1,3
9196,25,19800,RENT,0,0,0,1,1,0,0,0,0,0,C,5000,13.49,1,0.25,1,4
9266,21,24996,RENT,1,0,0,1,1,0,0,0,0,0,C,5000,,0,0.2,1,3
9284,21,25000,RENT,0,0,0,1,1,0,0,0,0,0,D,5000,12.86,1,0.2,1,2
9359,23,65000,RENT,2,0,0,1,1,0,0,0,0,0,C,8000,14.72,0,0.12,1,2
9390,25,64000,RENT,7,0,0,1,1,0,0,0,0,0,D,8000,15.28,1,0.13,1,4
9484,23,90000,RENT,0,0,0,1,1,0,0,0,0,0,C,8000,13.35,0,0.09,1,3
9503,26,96500,RENT,10,0,0,1,1,0,0,0,0,0,C,8000,13.61,0,0.08,1,3
9568,24,60500,RENT,1,0,0,1,1,0,0,0,0,0,D,8150,17.27,1,0.13,1,3
9606,21,32000,RENT,2,0,0,1,1,0,0,0,0,0,D,8400,16.77,1,0.26,1,4
9697,25,78600,RENT,0,0,0,1,1,0,0,0,0,0,C,8400,13.48,0,0.11,1,3
9719,25,32000,RENT,2,0,0,1,1,0,0,0,0,0,D,8575,15.62,1,0.27,1,2
9784,25,30000,RENT,9,0,0,1,1,0,0,0,0,0,D,9000,17.58,1,0.3,1,4
9832,26,30000,RENT,0,0,0,1,1,0,0,0,0,0,D,9000,15.65,1,0.3,1,4
9961,22,54000,RENT,4,0,0,1,1,0,0,0,0,0,C,9000,15.96,0,0.17,1,3
10019,22,27120,RENT,5,0,0,1,1,0,0,0,0,0,C,9250,13.11,1,0.34,1,4
10080,24,23040,RENT,0,0,0,1,1,0,0,0,0,0,F,9500,19.04,1,0.41,1,4
10081,22,27000,RENT,0,0,0,1,1,0,0,0,0,0,D,9500,15.33,1,0.35,1,3
10153,23,34560,RENT,5,0,0,1,1,0,0,0,0,0,D,9600,16.02,1,0.28,1,3
10165,21,37740,RENT,0,0,0,1,1,0,0,0,0,0,C,9600,13.11,0,0.25,1,4
10209,24,45000,RENT,7,0,0,1,1,0,0,0,0,0,D,9600,15.31,1,0.21,1,3
10276,21,78000,RENT,3,0,0,1,1,0,0,0,0,0,C,9600,,0,0.12,1,3
10298,26,90000,RENT,2,0,0,1,1,0,0,0,0,0,C,9600,13.85,0,0.11,1,4
10300,25,78000,RENT,0,0,0,1,1,0,0,0,0,0,D,9600,14.11,1,0.12,1,4
10340,22,21000,RENT,2,0,0,1,1,0,0,0,0,0,C,10000,12.73,1,0.48,1,4
10468,24,30000,RENT,4,0,0,1,1,0,0,0,0,0,D,10000,,1,0.33,1,3
10587,24,35000,RENT,3,0,0,1,1,0,0,0,0,0,C,10000,12.73,0,0.29,1,4
10652,22,30712,RENT,3,0,0,1,1,0,0,0,0,0,D,10000,15.65,1,0.33,1,4
10775,23,40000,RENT,5,0,0,1,1,0,0,0,0,0,C,10000,13.22,0,0.25,1,4
10925,22,52000,RENT,7,0,0,1,1,0,0,0,0,0,C,4300,,0,0.08,1,2
10990,25,37000,RENT,1,0,0,1,1,0,0,0,0,0,F,4200,,1,0.11,1,2
11074,25,42000,RENT,2,0,0,1,1,0,0,0,0,0,D,10000,14.91,1,0.24,1,3
11105,23,42000,RENT,7,0,0,1,1,0,0,0,0,0,D,10000,,1,0.24,1,3
11150,22,50000,RENT,3,0,0,1,1,0,0,0,0,0,C,10000,13.99,0,0.2,1,2
11263,22,48000,RENT,7,0,0,1,1,0,0,0,0,0,E,10000,17.99,1,0.21,1,4
11462,24,39000,RENT,2,0,0,1,1,0,0,0,0,0,D,4000,,1,0.1,1,4
11498,23,62400,RENT,0,0,0,1,1,0,0,0,0,0,C,10000,12.87,0,0.16,1,4
11781,25,84000,RENT,3,0,0,1,1,0,0,0,0,0,C,10000,,0,0.12,1,4
11844,21,78000,RENT,2,0,0,1,1,0,0,0,0,0,D,10000,15.57,1,0.13,1,4
11881,23,65400,RENT,1,0,0,1,1,0,0,0,0,0,C,10075,13.98,0,0.15,1,2
12065,24,73000,RENT,1,0,0,1,1,0,0,0,0,0,D,11400,14.84,1,0.16,1,4
12158,26,76000,RENT,5,0,0,1,1,0,0,0,0,0,C,11800,13.11,0,0.16,1,3
12176,25,24000,RENT,1,0,0,1,1,0,0,0,0,0,D,12000,12.17,1,0.5,1,4
12235,24,32000,RENT,8,0,0,1,1,0,0,0,0,0,C,12000,12.87,1,0.38,1,2
12551,23,54000,RENT,3,0,0,1,1,0,0,0,0,0,C,12000,12.98,1,0.22,1,3
12624,23,26880,RENT,6,0,0,1,1,0,0,0,0,0,C,3000,12.23,0,0.11,1,2
12705,22,65000,RENT,5,0,0,1,1,0,0,0,0,0,C,12000,,0,0.18,1,3
12811,23,41000,RENT,2,0,0,1,1,0,0,0,0,0,C,3000,11.03,0,0.07,1,4
12867,22,42224,RENT,6,0,0,1,1,0,0,0,0,0,C,3000,13.48,0,0.07,1,2
12991,22,78996,RENT,1,0,0,1,1,0,0,0,0,0,D,12000,15.95,1,0.15,1,3
13030,24,87500,RENT,9,0,0,1,1,0,0,0,0,0,C,12000,12.68,0,0.14,1,4
13103,23,83000,RENT,2,0,0,1,1,0,0,0,0,0,D,12000,17.27,1,0.14,1,4
13118,22,96000,RENT,3,0,0,1,1,0,0,0,0,0,C,12000,13.61,0,0.13,1,3
13245,21,30000,RENT,2,0,0,1,1,0,0,0,0,0,D,12250,14.59,1,0.41,1,3
13343,24,86400,RENT,5,0,0,1,1,0,0,0,0,0,C,2800,14.65,0,0.03,1,4
13346,23,123000,RENT,4,0,0,1,1,0,0,0,0,0,C,2800,13.49,0,0.02,1,3
13441,23,74029,RENT,7,0,0,1,1,0,0,0,0,0,C,2600,15.27,0,0.04,1,3
13448,24,57500,RENT,4,0,0,1,1,0,0,0,0,0,C,2525,,0,0.04,1,4
13461,25,36960,RENT,8,0,0,1,1,0,0,0,0,0,D,12500,14.61,1,0.34,1,4
13800,21,30000,RENT,0,0,0,1,1,0,0,0,0,0,D,13750,15.05,1,0.46,1,4
13968,22,60000,RENT,3,0,0,1,1,0,0,0,0,0,C,14000,13.48,0,0.23,1,3
13971,25,54000,RENT,6,0,0,1,1,0,0,0,0,0,D,14000,14.59,1,0.26,1,4
14017,25,63996,RENT,9,0,0,1,1,0,0,0,0,0,D,14000,14.42,1,0.22,1,2
14116,23,113000,RENT,2,0,0,1,1,0,0,0,0,0,C,14000,13.49,0,0.12,1,2
14125,23,122000,RENT,7,0,0,1,1,0,0,0,0,0,C,14000,13.48,0,0.11,1,2
14202,22,42996,RENT,2,0,0,1,1,0,0,0,0,0,C,14400,,1,0.33,1,4
14214,22,48000,RENT,0,0,0,1,1,0,0,0,0,0,C,14400,13.49,0,0.3,1,2
14250,25,62000,RENT,0,0,0,1,1,0,0,0,0,0,C,14400,13.47,0,0.23,1,3
14426,22,30000,RENT,1,0,0,1,1,0,0,0,0,0,C,15000,15.27,1,0.5,1,2
14549,22,34800,RENT,6,0,0,1,1,0,0,0,0,0,D,2000,16.89,1,0.06,1,4
14594,22,39000,RENT,0,0,0,1,1,0,0,0,0,0,D,2000,14.84,1,0.05,1,2
14663,22,30000,RENT,2,0,0,1,1,0,0,0,0,0,C,15000,11.66,1,0.5,1,3
14715,26,40000,RENT,2,0,0,1,1,0,0,0,0,0,C,15000,14.22,1,0.38,1,3
15048,24,37500,RENT,2,0,0,1,1,0,0,0,0,0,C,1600,11.03,0,0.04,1,3
15101,23,14000,RENT,0,0,0,1,1,0,0,0,0,0,C,1500,,0,0.11,1,4
15132,21,18000,RENT,6,0,0,1,1,0,0,0,0,0,C,1500,12.61,0,0.08,1,2
15215,24,49200,RENT,8,0,0,1,1,0,0,0,0,0,E,15000,18.39,1,0.3,1,4
15328,22,55000,RENT,0,0,0,1,1,0,0,0,0,0,D,15000,14.83,1,0.27,1,4
15463,25,64000,RENT,8,0,0,1,1,0,0,0,0,0,D,15000,14.42,1,0.23,1,3
15597,25,78000,RENT,4,0,0,1,1,0,0,0,0,0,D,15000,,1,0.19,1,4
15881,22,47000,RENT,6,0,0,1,1,0,0,0,0,0,C,19200,12.29,1,0.41,1,4
15921,24,45295,RENT,8,0,0,1,1,0,0,0,0,0,D,19650,15.37,1,0.43,1,2
15978,23,36000,RENT,2,0,0,1,1,0,0,0,0,0,D,16750,15.28,1,0.47,1,4
15993,23,30000,RENT,2,0,0,1,1,0,0,0,0,0,D,10000,15.31,1,0.33,1,4
16028,23,39000,RENT,1,0,0,1,1,0,0,0,0,0,D,6000,15.99,1,0.15,1,3
16113,22,126500,RENT,1,0,0,1,1,0,0,0,0,0,C,19200,13.79,0,0.15,1,3
16128,26,41892,RENT,8,0,0,1,1,0,0,0,0,0,C,11300,13.22,0,0.27,1,4
16208,25,36000,RENT,1,0,0,1,1,0,0,0,0,0,D,15000,15.05,1,0.42,1,2
16348,24,20400,RENT,3,0,0,1,1,0,0,0,0,0,C,7550,14.79,1,0.37,1,3
16428,23,84000,RENT,0,0,0,1,1,0,0,0,0,0,C,15000,11.34,0,0.18,1,4
16540,25,45996,RENT,3,0,0,1,1,0,0,0,0,0,C,11500,12.53,0,0.25,1,3
16562,23,72000,RENT,5,0,0,1,1,0,0,0,0,0,D,3000,16.89,1,0.04,1,4
16705,22,34500,RENT,2,0,0,1,1,0,0,0,0,0,D,5000,16.89,1,0.14,1,2
16817,24,115154,RENT,8,0,0,1,1,0,0,0,0,0,C,3000,14.27,0,0.03,1,2
16893,22,69600,RENT,6,0,0,1,1,0,0,0,0,0,C,1350,12.68,0,0.02,1,3
16895,26,14400,RENT,1,0,0,1,1,0,0,0,0,0,D,2000,17.49,1,0.14,1,3
16941,23,38400,RENT,7,0,0,1,1,0,0,0,0,0,C,3600,13.61,0,0.09,1,3
17009,22,31200,RENT,5,0,0,1,1,0,0,0,0,0,C,10000,12.73,1,0.32,1,2
17103,22,34404,RENT,2,0,0,1,1,0,0,0,0,0,D,7500,15.05,1,0.22,1,2
17129,22,15996,RENT,3,0,0,1,1,0,0,0,0,0,C,4000,13.35,1,0.25,1,2
17250,21,18000,RENT,3,0,0,1,1,0,0,0,0,0,C,1500,12.87,0,0.08,1,4
17278,22,31500,RENT,3,0,0,1,1,0,0,0,0,0,D,2900,,1,0.09,1,3
17352,24,49278,RENT,4,0,0,1,1,0,0,0,0,0,C,11000,13.22,0,0.22,1,2
17356,25,64000,RENT,0,0,0,1,1,0,0,0,0,0,E,20000,,1,0.31,1,4
17367,25,45000,RENT,0,0,0,1,1,0,0,0,0,0,C,10000,12.98,0,0.22,1,3
17421,25,54000,RENT,8,0,0,1,1,0,0,0,0,0,C,19000,,1,0.35,1,2
17502,22,21000,RENT,7,0,0,1,1,0,0,0,0,0,D,8000,16.77,1,0.38,1,4
17514,24,28590,RENT,7,0,0,1,1,0,0,0,0,0,D,8000,15.65,1,0.28,1,2
17533,26,84000,RENT,7,0,0,1,1,0,0,0,0,0,D,15000,16,1,0.18,1,2
17548,25,69000,RENT,3,0,0,1,1,0,0,0,0,0,D,10000,14.09,1,0.14,1,2
17641,24,89772,RENT,8,0,0,1,1,0,0,0,0,0,C,6000,13.92,0,0.07,1,3
17676,24,61400,RENT,1,0,0,1,1,0,0,0,0,0,C,12250,12.23,0,0.2,1,2
17701,23,85500,RENT,1,0,0,1,1,0,0,0,0,0,C,17000,13.11,0,0.2,1,3
17715,21,22200,RENT,2,0,0,1,1,0,0,0,0,0,D,2500,16.29,1,0.11,1,2
17824,22,19200,RENT,0,0,0,1,1,0,0,0,0,0,E,3000,,1,0.16,1,2
17840,29,80000,RENT,2,0,0,1,1,0,0,0,0,0,C,35000,12.68,1,0.44,1,10
18067,27,72000,RENT,3,0,0,1,1,0,0,0,0,0,D,25000,15.95,1,0.35,1,6
18108,28,168000,RENT,0,0,0,1,1,0,0,0,0,0,F,15000,17.26,1,0.09,1,9
18126,31,86000,RENT,1,0,0,1,1,0,0,0,0,0,D,25000,16,1,0.29,1,5
18148,31,158000,RENT,8,0,0,1,1,0,0,0,0,0,D,10200,15.99,1,0.06,1,7
18154,32,106000,RENT,14,0,0,1,1,0,0,0,0,0,E,25000,16.63,1,0.24,1,7
18200,33,248735,RENT,4,0,0,1,1,0,0,0,0,0,D,25000,14.11,1,0.1,1,6
18205,30,36000,RENT,3,0,0,1,1,0,0,0,0,0,C,24250,12.61,1,0.67,1,7
18212,27,74000,RENT,7,0,0,1,1,0,0,0,0,0,D,24250,15.31,1,0.33,1,8
18257,30,105400,RENT,1,0,0,1,1,0,0,0,0,0,C,24000,13.11,0,0.23,1,6
18286,31,69000,RENT,1,0,0,1,1,0,0,0,0,0,D,22000,13.67,1,0.32,1,7
18313,28,100511,RENT,1,0,0,1,1,0,0,0,0,0,D,21000,,1,0.21,1,5
18317,31,32400,RENT,2,0,0,1,1,0,0,0,0,0,C,20500,11.03,1,0.63,1,6
18328,32,36500,RENT,2,0,0,1,1,0,0,0,0,0,E,20000,,1,0.55,1,8
18352,28,51500,RENT,2,0,0,1,1,0,0,0,0,0,D,20000,15.65,1,0.39,1,8
18357,30,54000,RENT,4,0,0,1,1,0,0,0,0,0,D,20000,14.84,1,0.37,1,9
18419,35,80000,RENT,1,0,0,1,1,0,0,0,0,0,C,20000,13.98,0,0.25,1,7
18467,30,106000,RENT,9,0,0,1,1,0,0,0,0,0,C,20000,13.22,0,0.19,1,5
18489,29,140000,RENT,5,0,0,1,1,0,0,0,0,0,C,20000,13.49,0,0.14,1,8
18497,32,175000,RENT,3,0,0,1,1,0,0,0,0,0,C,20000,13.49,0,0.11,1,8
18533,28,99700,RENT,2,0,0,1,1,0,0,0,0,0,C,18600,14.26,0,0.19,1,8
18568,28,60372,RENT,4,0,0,1,1,0,0,0,0,0,C,18000,14.65,0,0.3,1,5
18612,30,168000,RENT,1,0,0,1,1,0,0,0,0,0,D,18000,14.46,1,0.11,1,9
18623,29,88000,RENT,8,0,0,1,1,0,0,0,0,0,C,17600,14.26,0,0.2,1,6
18632,33,58100,RENT,1,0,0,1,1,0,0,0,0,0,C,17500,13.57,0,0.3,1,10
18644,27,78000,RENT,6,0,0,1,1,0,0,0,0,0,D,17200,17.49,1,0.22,1,7
18691,34,43920,RENT,2,0,0,1,1,0,0,0,0,0,C,16400,11.03,1,0.37,1,10
18747,30,64000,RENT,8,0,0,1,1,0,0,0,0,0,D,16000,15.7,1,0.25,1,5
18815,28,48096,RENT,4,0,0,1,1,0,0,0,0,0,E,1200,17.56,1,0.02,1,5
18868,30,34000,RENT,2,0,0,1,1,0,0,0,0,0,D,1500,14.61,1,0.04,1,5
18870,28,41000,RENT,10,0,0,1,1,0,0,0,0,0,C,1500,14.79,0,0.04,1,6
18937,31,20928,RENT,0,0,0,1,1,0,0,0,0,0,C,2000,13.48,0,0.1,1,6
19026,29,51996,RENT,2,0,0,1,1,0,0,0,0,0,C,2000,13.72,0,0.04,1,6
19032,35,59000,RENT,11,0,0,1,1,0,0,0,0,0,C,2000,13.48,0,0.03,1,7
19047,29,72000,RENT,13,0,0,1,1,0,0,0,0,0,D,2000,14.59,1,0.03,1,8
19052,27,85000,RENT,0,0,0,1,1,0,0,0,0,0,C,2000,14.22,0,0.02,1,9
19115,29,62000,RENT,4,0,0,1,1,0,0,0,0,0,C,2300,13.43,1,0.04,1,6
19138,31,30988,RENT,0,0,0,1,1,0,0,0,0,0,C,2400,13.47,0,0.08,1,5
19147,27,30069,RENT,0,0,0,1,1,0,0,0,0,0,D,2400,15.99,1,0.08,1,9
19168,34,42000,RENT,3,0,0,1,1,0,0,0,0,0,D,2400,13.8,1,0.06,1,10
19254,29,21996,RENT,4,0,0,1,1,0,0,0,0,0,C,2500,13.11,1,0.11,1,8
19296,30,39300,RENT,5,0,0,1,1,0,0,0,0,0,D,2500,16.29,1,0.06,1,10
19320,29,73000,RENT,7,0,0,1,1,0,0,0,0,0,C,2500,14.35,0,0.03,1,9
19331,29,120000,RENT,5,0,0,1,1,0,0,0,0,0,C,2500,14.22,0,0.02,1,6
19407,29,30000,RENT,3,0,0,1,1,0,0,0,0,0,C,3000,,1,0.1,1,6
19418,31,31800,RENT,6,0,0,1,1,0,0,0,0,0,D,3000,15.62,1,0.09,1,9
19441,29,37200,RENT,3,0,0,1,1,0,0,0,0,0,E,3000,19.29,1,0.08,1,5
19487,29,44000,RENT,4,0,0,1,1,0,0,0,0,0,C,12000,15.96,1,0.27,1,7
19560,28,49000,RENT,0,0,0,1,1,0,0,0,0,0,F,3000,,1,0.06,1,5
19664,34,40800,RENT,2,0,0,1,1,0,0,0,0,0,C,3200,12.61,0,0.08,1,8
19758,29,40800,RENT,2,0,0,1,1,0,0,0,0,0,C,3500,11.97,0,0.09,1,9
19839,29,40000,RENT,0,0,0,1,1,0,0,0,0,0,C,3600,12.23,0,0.09,1,7
19863,27,41000,RENT,11,0,0,1,1,0,0,0,0,0,D,11000,15.33,1,0.27,1,7
19908,29,42000,RENT,6,0,0,1,1,0,0,0,0,0,D,10800,16.29,1,0.26,1,7
20103,30,21300,RENT,1,0,0,1,1,0,0,0,0,0,C,4000,12.87,0,0.19,1,7
20108,32,23000,RENT,1,0,0,1,1,0,0,0,0,0,C,4000,14.22,0,0.17,1,6
20190,30,39996,RENT,2,0,0,1,1,0,0,0,0,0,C,4000,12.99,0,0.1,1,9
20257,27,48996,RENT,1,0,0,1,1,0,0,0,0,0,D,4000,14.61,1,0.08,1,6
20314,32,96000,RENT,14,0,0,1,1,0,0,0,0,0,E,4000,17.93,1,0.04,1,9
20318,28,125000,RENT,1,0,0,1,1,0,0,0,0,0,C,4000,13.35,0,0.03,1,5
20327,27,20000,RENT,0,0,0,1,1,0,0,0,0,0,D,4350,16.29,1,0.22,1,7
20374,30,36000,RENT,6,0,0,1,1,0,0,0,0,0,C,4500,13.49,0,0.13,1,6
20389,31,47000,RENT,4,0,0,1,1,0,0,0,0,0,C,4500,11.03,0,0.1,1,7
20394,27,43200,RENT,2,0,0,1,1,0,0,0,0,0,D,4500,16.07,1,0.1,1,5
20528,34,57000,RENT,7,0,0,1,1,0,0,0,0,0,C,4800,,1,0.08,1,10
20581,33,110000,RENT,3,0,0,1,1,0,0,0,0,0,C,10000,13.57,0,0.09,1,10
20696,29,33600,RENT,0,0,0,1,1,0,0,0,0,0,C,5000,13.92,0,0.15,1,10
20716,27,30000,RENT,2,0,0,1,1,0,0,0,0,0,E,5000,17.99,1,0.17,1,10
20737,32,32000,RENT,6,0,0,1,1,0,0,0,0,0,D,5000,18.25,1,0.16,1,7
20749,28,38400,RENT,3,0,0,1,1,0,0,0,0,0,C,5000,13.49,0,0.13,1,6
20765,35,34000,RENT,0,0,0,1,1,0,0,0,0,0,E,5000,15.45,1,0.15,1,6
20840,32,48000,RENT,8,0,0,1,1,0,0,0,0,0,C,5000,11.97,0,0.1,1,10
20841,29,48504,RENT,0,0,0,1,1,0,0,0,0,0,C,5000,13.98,0,0.1,1,5
20856,27,57500,RENT,2,0,0,1,1,0,0,0,0,0,C,9000,11.97,0,0.16,1,9
20891,29,64000,RENT,3,0,0,1,1,0,0,0,0,0,D,9000,,1,0.14,1,6
20970,27,50000,RENT,7,0,0,1,1,0,0,0,0,0,C,5000,13.61,0,0.1,1,8
20996,29,21996,RENT,6,0,0,1,1,0,0,0,0,0,D,8500,14.11,1,0.39,1,7
21068,31,48996,RENT,0,0,0,1,1,0,0,0,0,0,E,5000,16.4,1,0.1,1,5
21125,27,65000,RENT,12,0,0,1,1,0,0,0,0,0,C,5000,13.99,0,0.08,1,9
21139,28,66920,RENT,12,0,0,1,1,0,0,0,0,0,C,5000,14.26,0,0.07,1,8
21205,27,91200,RENT,3,0,0,1,1,0,0,0,0,0,C,5000,13.49,0,0.05,1,10
21307,32,21600,RENT,,0,0,1,1,0,0,0,0,0,C,5500,14.72,0,0.25,1,7
21322,28,32000,RENT,0,0,0,1,1,0,0,0,0,0,C,5500,15.96,0,0.17,1,8
21367,28,30000,RENT,3,0,0,1,1,0,0,0,0,0,D,5600,14.84,1,0.19,1,10
21375,27,34000,RENT,0,0,0,1,1,0,0,0,0,0,C,5600,15.96,1,0.16,1,10
21383,29,48000,RENT,9,0,0,1,1,0,0,0,0,0,C,5600,15.96,0,0.12,1,7
21463,33,612000,RENT,3,0,0,1,1,0,0,0,0,0,C,5950,12.73,0,0.01,1,9
21510,35,26400,RENT,2,0,0,1,1,0,0,0,0,0,D,6000,16.29,1,0.23,1,8
21570,27,33996,RENT,8,0,0,1,1,0,0,0,0,0,D,6000,15.31,1,0.18,1,5
21709,29,50000,RENT,5,0,0,1,1,0,0,0,0,0,C,6000,13.49,0,0.12,1,7
21762,31,56160,RENT,1,0,0,1,1,0,0,0,0,0,C,6000,13.98,0,0.11,1,9
21808,35,25200,RENT,2,0,0,1,1,0,0,0,0,0,C,7050,12.23,0,0.28,1,7
21919,27,85000,RENT,11,0,0,1,1,0,0,0,0,0,C,6000,13.43,0,0.07,1,5
22029,28,61350,RENT,12,0,0,1,1,0,0,0,0,0,C,7000,12.98,1,0.11,1,8
22060,28,90000,RENT,5,0,0,1,1,0,0,0,0,0,C,7000,12.87,0,0.08,1,10
22080,35,125000,RENT,6,0,0,1,1,0,0,0,0,0,C,7000,13.06,0,0.06,1,5
22082,35,218000,RENT,4,0,0,1,1,0,0,0,0,0,D,7000,14.11,1,0.03,1,9
22141,33,54000,RENT,1,0,0,1,1,0,0,0,0,0,D,6500,14.96,1,0.12,1,7
22278,35,69000,RENT,5,0,0,1,1,0,0,0,0,0,D,6400,16.77,1,0.09,1,8
22384,27,41000,RENT,3,0,0,1,1,0,0,0,0,0,C,7000,12.73,0,0.17,1,5
22425,29,40000,RENT,2,0,0,1,1,0,0,0,0,0,D,7000,14.91,1,0.17,1,9
22536,30,70000,RENT,3,0,0,1,1,0,0,0,0,0,C,7200,,0,0.1,1,10
22548,27,82500,RENT,0,0,0,1,1,0,0,0,0,0,C,7200,14.22,0,0.09,1,9
22615,30,32004,RENT,0,0,0,1,1,0,0,0,0,0,C,7500,13.47,0,0.23,1,10
22703,28,55000,RENT,7,0,0,1,1,0,0,0,0,0,C,7500,12.84,0,0.14,1,6
22747,27,87360,RENT,1,0,0,1,1,0,0,0,0,0,C,7500,12.54,0,0.09,1,8
22809,34,26400,RENT,0,0,0,1,1,0,0,0,0,0,C,7750,12.87,0,0.29,1,5
22832,29,72000,RENT,4,0,0,1,1,0,0,0,0,0,C,7800,,0,0.11,1,8
22925,28,33000,RENT,12,0,0,1,1,0,0,0,0,0,C,8000,14.65,1,0.24,1,9
22957,27,36000,RENT,0,0,0,1,1,0,0,0,0,0,C,8000,13.92,0,0.22,1,9
22976,28,32376,RENT,2,0,0,1,1,0,0,0,0,0,F,8000,,1,0.25,1,7
22977,34,38500,RENT,0,0,0,1,1,0,0,0,0,0,C,8000,,0,0.21,1,9
22978,30,32918,RENT,5,0,0,1,1,0,0,0,0,0,D,8000,14.59,1,0.24,1,8
22991,29,34000,RENT,6,0,0,1,1,0,0,0,0,0,D,8000,16.77,1,0.24,1,10
23017,27,36000,RENT,0,0,0,1,1,0,0,0,0,0,C,8000,13.85,1,0.22,1,6
23059,27,41000,RENT,4,0,0,1,1,0,0,0,0,0,C,8000,12.84,1,0.2,1,10
23092,35,51000,RENT,8,0,0,1,1,0,0,0,0,0,C,8000,13.11,0,0.16,1,10
23130,31,50000,RENT,13,0,0,1,1,0,0,0,0,0,D,8000,14.09,1,0.16,1,8
23168,35,40000,RENT,6,0,0,1,1,0,0,0,0,0,C,5100,13.72,0,0.13,1,5
23174,31,20000,RENT,7,0,0,1,1,0,0,0,0,0,C,5075,12.54,0,0.25,1,10
23193,28,16000,RENT,2,0,0,1,1,0,0,0,0,0,E,5000,16.45,1,0.31,1,7
23432,30,648000,RENT,,0,0,1,1,0,0,0,0,0,C,8000,12.73,0,0.01,1,10
23498,30,57996,RENT,2,0,0,1,1,0,0,0,0,0,C,8400,12.98,0,0.14,1,8
23606,35,38000,RENT,1,0,0,1,1,0,0,0,0,0,C,9000,14.65,0,0.24,1,8
23674,28,46000,RENT,3,0,0,1,1,0,0,0,0,0,E,9000,17.56,1,0.2,1,7
23726,28,62000,RENT,3,0,0,1,1,0,0,0,0,0,C,9300,11.72,0,0.15,1,5
23799,32,40000,RENT,1,0,0,1,1,0,0,0,0,0,C,9600,13.48,0,0.24,1,5
24018,33,35000,RENT,2,0,0,1,1,0,0,0,0,0,C,10000,13.48,0,0.29,1,10
24225,31,14400,RENT,0,0,0,1,1,0,0,0,0,0,C,4200,14.17,1,0.29,1,8
24229,30,39600,RENT,4,0,0,1,1,0,0,0,0,0,F,10000,20.89,1,0.25,1,10
24323,28,41500,RENT,4,0,0,1,1,0,0,0,0,0,C,10000,,1,0.24,1,6
24407,27,44004,RENT,4,0,0,1,1,0,0,0,0,0,D,10000,,1,0.23,1,10
24549,28,54000,RENT,11,0,0,1,1,0,0,0,0,0,D,10000,16.02,1,0.19,1,8
24804,30,85000,RENT,0,0,0,1,1,0,0,0,0,0,C,10000,13.16,0,0.12,1,10
24887,27,39000,RENT,6,0,0,1,1,0,0,0,0,0,C,11100,,1,0.28,1,9
24902,31,34800,RENT,7,0,0,1,1,0,0,0,0,0,C,11200,13.23,1,0.32,1,7
24917,31,46000,RENT,4,0,0,1,1,0,0,0,0,0,C,11200,14.27,0,0.24,1,6
24936,34,60500,RENT,3,0,0,1,1,0,0,0,0,0,D,11200,15.62,1,0.19,1,10
25055,29,27000,RENT,1,0,0,1,1,0,0,0,0,0,D,12000,13.24,1,0.44,1,6
25066,30,30000,RENT,4,0,0,1,1,0,0,0,0,0,D,12000,15.21,1,0.4,1,6
25152,28,39000,RENT,0,0,0,1,1,0,0,0,0,0,C,12000,12.53,1,0.31,1,9
25195,27,36000,RENT,2,0,0,1,1,0,0,0,0,0,D,12000,14.09,1,0.33,1,10
25267,27,42000,RENT,5,0,0,1,1,0,0,0,0,0,E,12000,16,1,0.29,1,5
25408,29,59000,RENT,4,0,0,1,1,0,0,0,0,0,D,12000,16.49,1,0.2,1,9
25443,29,71000,RENT,1,0,0,1,1,0,0,0,0,0,C,12000,13.16,0,0.17,1,9
25493,27,42000,RENT,6,0,0,1,1,0,0,0,0,0,C,3000,,0,0.07,1,7
25648,31,99000,RENT,15,0,0,1,1,0,0,0,0,0,C,12000,14.26,0,0.12,1,10
25756,32,65000,RENT,16,0,0,1,1,0,0,0,0,0,C,12400,13.49,0,0.19,1,6
25788,33,49548,RENT,6,0,0,1,1,0,0,0,0,0,C,2800,12.84,0,0.06,1,5
26023,27,57996,RENT,8,0,0,1,1,0,0,0,0,0,C,13000,13.92,0,0.22,1,7
26062,34,66996,RENT,4,0,0,1,1,0,0,0,0,0,D,13000,15.2,1,0.19,1,9
26068,29,84000,RENT,9,0,0,1,1,0,0,0,0,0,C,13000,12.53,0,0.15,1,7
26113,32,30000,RENT,1,0,0,1,1,0,0,0,0,0,C,13750,12.73,1,0.46,1,9
26184,34,44000,RENT,3,0,0,1,1,0,0,0,0,0,D,14000,15.65,1,0.32,1,7
26503,30,50000,RENT,3,0,0,1,1,0,0,0,0,0,C,14475,,0,0.29,1,6
26515,27,35000,RENT,4,0,0,1,1,0,0,0,0,0,C,14500,13.98,1,0.41,1,8
26559,31,40000,RENT,2,0,0,1,1,0,0,0,0,0,C,14600,,1,0.36,1,5
26658,27,41000,RENT,2,0,0,1,1,0,0,0,0,0,C,2000,15.27,0,0.05,1,7
26708,28,42000,RENT,4,0,0,1,1,0,0,0,0,0,D,2000,14.96,1,0.05,1,6
26856,33,39000,RENT,4,0,0,1,1,0,0,0,0,0,E,15000,17.56,1,0.38,1,5
26883,27,29040,RENT,11,0,0,1,1,0,0,0,0,0,C,1800,13.23,1,0.06,1,5
26896,34,36129,RENT,3,0,0,1,1,0,0,0,0,0,C,1800,14.22,0,0.05,1,9
27055,32,36000,RENT,5,0,0,1,1,0,0,0,0,0,D,1600,14.09,1,0.04,1,9
27101,34,14400,RENT,4,0,0,1,1,0,0,0,0,0,C,1500,12.61,0,0.1,1,9
27140,30,21600,RENT,2,0,0,1,1,0,0,0,0,0,C,1500,14.72,0,0.07,1,8
27155,31,48000,RENT,12,0,0,1,1,0,0,0,0,0,D,15000,15.21,1,0.31,1,5
27239,35,60000,RENT,4,0,0,1,1,0,0,0,0,0,C,15000,13.49,0,0.25,1,6
27888,30,9600,RENT,1,0,0,1,1,0,0,0,0,0,C,1500,12.73,1,0.16,1,8
28008,30,75000,RENT,2,0,0,1,1,0,0,0,0,0,C,6000,12.68,0,0.08,1,5
28058,29,73000,RENT,7,0,0,1,1,0,0,0,0,0,C,2500,14.35,0,0.03,1,8
28068,27,67000,RENT,5,0,0,1,1,0,0,0,0,0,C,12000,13.23,0,0.18,1,9
28069,33,21600,RENT,2,0,0,1,1,0,0,0,0,0,C,6500,,0,0.3,1,5
28260,28,108000,RENT,2,0,0,1,1,0,0,0,0,0,D,20000,15.31,1,0.19,1,8
28290,28,112200,RENT,11,0,0,1,1,0,0,0,0,0,C,7000,11.66,0,0.06,1,7
28320,30,70000,RENT,0,0,0,1,1,0,0,0,0,0,C,15000,13.61,0,0.21,1,6
28358,32,101000,RENT,0,0,0,1,1,0,0,0,0,0,D,15000,17.58,1,0.15,1,5
28430,32,32000,RENT,1,0,0,1,1,0,0,0,0,0,E,2600,,1,0.08,1,9
28449,34,77000,RENT,3,0,0,1,1,0,0,0,0,0,D,35000,18.25,1,0.45,1,10
28453,30,71400,RENT,0,0,0,1,1,0,0,0,0,0,C,9600,12.61,0,0.13,1,9
28499,30,33000,RENT,4,0,0,1,1,0,0,0,0,0,C,1000,14.79,0,0.03,1,9
28509,29,66000,RENT,0,0,0,1,1,0,0,0,0,0,D,3150,15.62,1,0.05,1,8
28711,34,33666,RENT,4,0,0,1,1,0,0,0,0,0,D,8000,17.49,1,0.24,1,5
28723,28,56000,RENT,7,0,0,1,1,0,0,0,0,0,F,20000,18.25,1,0.36,1,10
28768,30,9600,RENT,1,0,0,1,1,0,0,0,0,0,C,1500,12.73,1,0.16,1,9
28770,30,50000,RENT,2,0,0,1,1,0,0,0,0,0,C,2000,14.79,0,0.04,1,6
28851,28,62040,RENT,0,0,0,1,1,0,0,0,0,0,C,13400,13.06,0,0.22,1,6
28865,28,48715,RENT,2,0,0,1,1,0,0,0,0,0,C,12000,12.87,0,0.25,1,5
28986,33,24000,RENT,,0,0,1,1,0,0,0,0,0,D,1000,14.91,1,0.04,1,10
29024,30,53004,RENT,3,0,0,1,1,0,0,0,0,0,D,14000,15.28,1,0.26,1,10
29081,33,24000,RENT,0,0,0,1,1,0,0,0,0,0,C,2000,14.35,0,0.08,1,8
29229,40,98004,RENT,4,0,0,1,1,0,0,0,0,0,F,25000,19.04,1,0.26,1,16
29247,37,76066,RENT,10,0,0,1,1,0,0,0,0,0,D,24250,15.65,1,0.32,1,13
29254,36,135000,RENT,0,0,0,1,1,0,0,0,0,0,C,24250,12.87,0,0.18,1,15
29333,36,103000,RENT,0,0,0,1,1,0,0,0,0,0,C,20000,13.79,0,0.19,1,17
29407,42,54000,RENT,4,0,0,1,1,0,0,0,0,0,C,16000,12.87,1,0.3,1,14
29423,45,38400,RENT,4,0,0,1,1,0,0,0,0,0,C,1000,14.72,0,0.03,1,12
29434,39,18300,RENT,0,0,0,1,1,0,0,0,0,0,D,1200,14.74,1,0.07,1,11
29446,41,27340,RENT,7,0,0,1,1,0,0,0,0,0,C,1500,12.99,0,0.05,1,15
29477,36,45000,RENT,3,0,0,1,1,0,0,0,0,0,C,1800,14.27,0,0.04,1,15
29490,48,15000,RENT,4,0,0,1,1,0,0,0,0,0,C,2000,12.84,0,0.13,1,14
29528,36,372000,RENT,4,0,0,1,1,0,0,0,0,0,E,2000,,1,0.01,1,14
29533,38,30000,RENT,2,0,0,1,1,0,0,0,0,0,C,2200,,0,0.07,1,11
29536,39,30000,RENT,3,0,0,1,1,0,0,0,0,0,C,2300,14.79,0,0.08,1,15
29538,38,22000,RENT,2,0,0,1,1,0,0,0,0,0,C,2350,14.17,0,0.11,1,16
29643,37,49000,RENT,2,0,0,1,1,0,0,0,0,0,C,3000,,1,0.06,1,14
29651,37,60000,RENT,0,0,0,1,1,0,0,0,0,0,C,3000,12.53,0,0.05,1,11
29672,47,65000,RENT,1,0,0,1,1,0,0,0,0,0,C,3100,13.49,0,0.05,1,12
29730,44,61000,RENT,2,0,0,1,1,0,0,0,0,0,D,11000,16.02,1,0.18,1,15
29772,37,21600,RENT,4,0,0,1,1,0,0,0,0,0,D,3800,,1,0.18,1,13
29821,36,43000,RENT,6,0,0,1,1,0,0,0,0,0,C,4000,13.92,0,0.09,1,14
29863,44,35000,RENT,3,0,0,1,1,0,0,0,0,0,D,4500,14.59,1,0.13,1,11
29902,39,56000,RENT,0,0,0,1,1,0,0,0,0,0,E,4800,16.7,1,0.09,1,12
29924,38,120000,RENT,3,0,0,1,1,0,0,0,0,0,C,10000,10.28,0,0.08,1,12
30001,50,41496,RENT,9,0,0,1,1,0,0,0,0,0,D,5000,15.31,1,0.12,1,16
30221,38,41280,RENT,3,0,0,1,1,0,0,0,0,0,C,6000,13.61,0,0.15,1,17
30330,42,55392,RENT,17,0,0,1,1,0,0,0,0,0,D,7000,15.95,1,0.13,1,15
30590,40,32000,RENT,2,0,0,1,1,0,0,0,0,0,D,8000,14.96,1,0.25,1,17
30591,39,33100,RENT,3,0,0,1,1,0,0,0,0,0,C,8000,14.26,1,0.24,1,12
30634,36,49000,RENT,0,0,0,1,1,0,0,0,0,0,D,8000,15.31,1,0.16,1,13
30664,47,21000,RENT,9,0,0,1,1,0,0,0,0,0,D,5000,15.99,1,0.24,1,16
30712,45,87000,RENT,8,0,0,1,1,0,0,0,0,0,C,8000,13.11,0,0.09,1,15
30767,36,36000,RENT,3,0,0,1,1,0,0,0,0,0,C,9000,12.73,0,0.25,1,17
31062,44,61000,RENT,7,0,0,1,1,0,0,0,0,0,D,10000,14.11,1,0.16,1,12
31063,44,67000,RENT,3,0,0,1,1,0,0,0,0,0,C,10000,11.66,0,0.15,1,15
31245,39,54000,RENT,4,0,0,1,1,0,0,0,0,0,C,12000,14.22,1,0.22,1,12
31261,48,29120,RENT,0,0,0,1,1,0,0,0,0,0,D,3000,12.49,1,0.1,1,14
31348,41,125000,RENT,0,0,0,1,1,0,0,0,0,0,C,12000,13.49,0,0.1,1,12
31384,36,72000,RENT,12,0,0,1,1,0,0,0,0,0,C,2800,,0,0.04,1,16
31407,42,13200,RENT,4,0,0,1,1,0,0,0,0,0,C,2500,,1,0.19,1,14
31452,36,43000,RENT,12,0,0,1,1,0,0,0,0,0,D,13600,15.58,1,0.32,1,12
31509,38,100000,RENT,0,0,0,1,1,0,0,0,0,0,C,14000,13.23,0,0.14,1,14
31589,41,42000,RENT,5,0,0,1,1,0,0,0,0,0,C,2000,13.23,0,0.05,1,15
31602,36,44004,RENT,4,0,0,1,1,0,0,0,0,0,C,2000,13.61,1,0.05,1,13
31710,39,25140,RENT,8,0,0,1,1,0,0,0,0,0,C,1500,14.22,1,0.06,1,13
31830,39,49000,RENT,0,0,0,1,1,0,0,0,0,0,F,15175,19.13,1,0.31,1,11
31842,40,66000,RENT,0,0,0,1,1,0,0,0,0,0,C,15575,14.27,0,0.24,1,13
31879,38,98000,RENT,4,0,0,1,1,0,0,0,0,0,E,16000,16.4,1,0.16,1,15
31935,47,48000,RENT,14,0,0,1,1,0,0,0,0,0,C,2500,14.65,0,0.05,1,17
32093,40,45996,RENT,4,0,0,1,1,0,0,0,0,0,D,20000,14.61,1,0.43,1,13
32106,38,18720,RENT,0,0,0,1,1,0,0,0,0,0,D,6000,15.99,1,0.32,1,12
32135,37,24000,RENT,2,0,0,1,1,0,0,0,0,0,C,5000,14.65,0,0.21,1,15
32148,37,50000,RENT,1,0,0,1,1,0,0,0,0,0,C,15000,13.22,0,0.3,1,15
32166,44,61000,RENT,2,0,0,1,1,0,0,0,0,0,D,11000,16.02,1,0.18,1,12
32194,38,20640,RENT,2,0,0,1,1,0,0,0,0,0,C,3500,12.61,0,0.17,1,12
32318,66,43000,RENT,17,0,0,1,1,0,0,0,0,0,D,22250,14.59,1,0.52,1,23
32335,70,30000,RENT,0,0,0,1,1,0,0,0,0,0,D,1000,17.49,1,0.03,1,21
32344,60,98000,RENT,1,0,0,1,1,0,0,0,0,0,D,15000,16.29,1,0.15,1,25
32398,53,45000,RENT,0,0,0,1,1,0,0,0,0,0,C,5600,13.79,0,0.12,1,22
32443,54,20000,RENT,2,0,0,1,1,0,0,0,0,0,C,5000,,0,0.25,1,19
32449,52,83200,RENT,0,0,0,1,1,0,0,0,0,0,C,8000,15.96,0,0.1,1,30
32471,56,59200,RENT,1,0,0,1,1,0,0,0,0,0,C,10000,13.61,0,0.17,1,20
32474,64,56000,RENT,0,0,0,1,1,0,0,0,0,0,E,10000,16.82,1,0.18,1,18
20,24,10800,MORTGAGE,8,0,1,0,0,1,0,0,0,0,B,1750,10.99,1,0.16,0,2
46,26,300000,MORTGAGE,0,0,1,0,0,1,0,0,0,0,D,25000,15.33,0,0.08,0,3
63,26,263000,MORTGAGE,0,0,1,0,0,1,0,0,0,0,B,10000,,1,0.04,0,4
69,24,255000,MORTGAGE,9,0,1,0,0,1,0,0,0,0,A,9600,6.99,0,0.04,0,2
114,26,213000,MORTGAGE,6,0,1,0,0,1,0,0,0,0,B,35000,10.65,1,0.16,0,2
137,24,220000,MORTGAGE,1,0,1,0,0,1,0,0,0,0,B,25000,11.58,0,0.11,0,2
139,25,216000,MORTGAGE,2,0,1,0,0,1,0,0,0,0,D,25000,16.07,0,0.12,0,3
142,26,215000,MORTGAGE,11,0,1,0,0,1,0,0,0,0,A,12000,7.88,0,0.06,0,2
148,23,13200,MORTGAGE,2,0,1,0,0,1,0,0,0,0,B,1400,9.25,0,0.11,0,4
168,21,200000,MORTGAGE,5,0,1,0,0,1,0,0,0,0,C,16000,14.65,0,0.08,0,4
175,23,200000,MORTGAGE,7,0,1,0,0,1,0,0,0,0,A,28000,,0,0.14,0,2
178,26,200000,MORTGAGE,4,0,1,0,0,1,0,0,0,0,C,15000,14.79,0,0.07,0,3
184,144,200000,MORTGAGE,4,0,1,0,0,1,0,0,0,0,B,6000,11.86,0,0.03,0,2
196,25,200000,MORTGAGE,0,0,1,0,0,1,0,0,0,0,B,12000,11.48,0,0.06,0,3
223,24,185000,MORTGAGE,,0,1,0,0,1,0,0,0,0,B,35000,12.42,0,0.19,0,2
239,22,183000,MORTGAGE,3,0,1,0,0,1,0,0,0,0,A,1000,,0,0.01,0,2
283,22,175000,MORTGAGE,6,0,1,0,0,1,0,0,0,0,B,18000,,0,0.1,0,2
298,23,175000,MORTGAGE,3,0,1,0,0,1,0,0,0,0,A,7200,8.38,0,0.04,0,3
306,21,15120,MORTGAGE,0,0,1,0,0,1,0,0,0,0,B,1500,10.59,0,0.1,0,2
319,25,170000,MORTGAGE,2,0,1,0,0,1,0,0,0,0,A,20000,7.49,0,0.12,0,2
347,23,165000,MORTGAGE,3,0,1,0,0,1,0,0,0,0,A,9600,5.99,0,0.06,0,3
351,21,165000,MORTGAGE,5,0,1,0,0,1,0,0,0,0,A,20000,6.91,0,0.12,0,4
371,22,16800,MORTGAGE,5,0,1,0,0,1,0,0,0,0,B,2000,10.65,0,0.12,0,2
389,25,160000,MORTGAGE,2,0,1,0,0,1,0,0,0,0,A,9000,,0,0.06,0,3
502,25,18840,MORTGAGE,5,0,1,0,0,1,0,0,0,0,B,3000,9.91,1,0.16,0,2
572,21,19500,MORTGAGE,0,0,1,0,0,1,0,0,0,0,B,15000,9.64,1,0.77,0,2
742,22,21600,MORTGAGE,,0,1,0,0,1,0,0,0,0,A,4025,5.42,0,0.19,0,4
760,23,21600,MORTGAGE,7,0,1,0,0,1,0,0,0,0,A,2000,6.17,0,0.09,0,4
794,22,22000,MORTGAGE,6,0,1,0,0,1,0,0,0,0,B,7000,11.71,0,0.32,0,2
800,25,22000,MORTGAGE,9,0,1,0,0,1,0,0,0,0,A,5875,6.62,1,0.27,0,2
825,23,22080,MORTGAGE,3,0,1,0,0,1,0,0,0,0,A,6700,,0,0.3,0,4
851,22,22800,MORTGAGE,0,0,1,0,0,1,0,0,0,0,A,3000,8.94,0,0.13,0,2
854,23,22884,MORTGAGE,4,0,1,0,0,1,0,0,0,0,E,6000,16,0,0.26,0,2
880,22,23000,MORTGAGE,1,0,1,0,0,1,0,0,0,0,A,2400,9.63,0,0.1,0,4
938,22,24000,MORTGAGE,5,0,1,0,0,1,0,0,0,0,A,5000,7.9,0,0.21,0,2
1012,23,24000,MORTGAGE,1,0,1,0,0,1,0,0,0,0,B,5600,9.63,0,0.23,0,3
1048,24,24000,MORTGAGE,4,0,1,0,0,1,0,0,0,0,D,8500,15.7,0,0.35,0,2
1080,22,24000,MORTGAGE,2,0,1,0,0,1,0,0,0,0,D,3975,13.87,0,0.17,0,3
1086,21,24000,MORTGAGE,2,0,1,0,0,1,0,0,0,0,B,5000,8.7,0,0.21,0,2
1112,23,24996,MORTGAGE,4,0,1,0,0,1,0,0,0,0,B,5000,12.69,0,0.2,0,2
1167,22,25000,MORTGAGE,4,0,1,0,0,1,0,0,0,0,A,1800,8.49,0,0.07,0,2
1299,24,25632,MORTGAGE,4,0,1,0,0,1,0,0,0,0,B,1500,9.91,0,0.06,0,3
1313,25,26000,MORTGAGE,3,0,1,0,0,1,0,0,0,0,B,3825,11.71,0,0.15,0,2
1344,22,26000,MORTGAGE,2,0,1,0,0,1,0,0,0,0,A,2000,7.4,0,0.08,0,2
1358,25,26004,MORTGAGE,3,0,1,0,0,1,0,0,0,0,B,10000,9.91,0,0.38,0,2
1359,22,26004,MORTGAGE,1,0,1,0,0,1,0,0,0,0,A,5000,5.42,0,0.19,0,4
1362,22,26004,MORTGAGE,4,0,1,0,0,1,0,0,0,0,A,5000,7.49,0,0.19,0,2
1439,21,26784,MORTGAGE,,0,1,0,0,1,0,0,0,0,A,2000,6.99,1,0.07,0,3
1469,23,27000,MORTGAGE,,0,1,0,0,1,0,0,0,0,B,4000,9.62,0,0.15,0,2
1485,24,27000,MORTGAGE,7,0,1,0,0,1,0,0,0,0,B,10000,,0,0.37,0,2
1490,22,27000,MORTGAGE,1,0,1,0,0,1,0,0,0,0,B,12000,,1,0.44,0,3
1521,25,27500,MORTGAGE,,0,1,0,0,1,0,0,0,0,A,9000,7.49,0,0.33,0,4
1524,23,27500,MORTGAGE,7,0,1,0,0,1,0,0,0,0,B,6300,,0,0.23,0,3
1543,23,27600,MORTGAGE,,0,1,0,0,1,0,0,0,0,A,9800,7.29,0,0.36,0,4
1584,21,27996,MORTGAGE,5,0,1,0,0,1,0,0,0,0,A,10000,9.63,0,0.36,0,4
1614,23,28000,MORTGAGE,5,0,1,0,0,1,0,0,0,0,A,4000,6.92,0,0.14,0,4
1616,22,28000,MORTGAGE,5,0,1,0,0,1,0,0,0,0,A,8500,6.17,0,0.3,0,2
1634,25,28000,MORTGAGE,3,0,1,0,0,1,0,0,0,0,A,5000,8,0,0.18,0,2
1674,23,28644,MORTGAGE,2,0,1,0,0,1,0,0,0,0,B,10000,10.75,0,0.35,0,2
1676,21,28692,MORTGAGE,5,0,1,0,0,1,0,0,0,0,B,3000,10.75,0,0.1,0,2
1678,21,28776,MORTGAGE,,0,1,0,0,1,0,0,0,0,A,8000,8.9,0,0.28,0,4
1712,25,28800,MORTGAGE,,0,1,0,0,1,0,0,0,0,A,1000,5.42,0,0.03,0,3
1751,23,28989,MORTGAGE,0,0,1,0,0,1,0,0,0,0,A,10000,8,0,0.34,0,2
1783,22,29004,MORTGAGE,6,0,1,0,0,1,0,0,0,0,A,2500,6.91,0,0.09,0,3
1829,22,29996,MORTGAGE,3,0,1,0,0,1,0,0,0,0,C,5400,12.84,0,0.18,0,4
1849,25,30000,MORTGAGE,5,0,1,0,0,1,0,0,0,0,B,3600,12.42,0,0.12,0,4
1857,21,30000,MORTGAGE,0,0,1,0,0,1,0,0,0,0,B,2400,11.71,0,0.08,0,3
1930,25,30000,MORTGAGE,,0,1,0,0,1,0,0,0,0,D,10625,16.49,0,0.35,0,4
1950,22,30000,MORTGAGE,2,0,1,0,0,1,0,0,0,0,B,13250,10.99,0,0.44,0,3
1986,22,30000,MORTGAGE,0,0,1,0,0,1,0,0,0,0,A,7000,7.29,0,0.23,0,3
1991,23,30000,MORTGAGE,6,0,1,0,0,1,0,0,0,0,A,10000,7.66,0,0.33,0,3
2022,22,30000,MORTGAGE,3,0,1,0,0,1,0,0,0,0,A,5000,6.91,0,0.17,0,3
2067,26,30000,MORTGAGE,0,0,1,0,0,1,0,0,0,0,A,4000,7.14,0,0.13,0,3
2082,22,30000,MORTGAGE,6,0,1,0,0,1,0,0,0,0,C,13750,14.22,0,0.46,0,4
2116,23,30000,MORTGAGE,7,0,1,0,0,1,0,0,0,0,A,12000,8.94,0,0.4,0,4
2130,22,30000,MORTGAGE,4,0,1,0,0,1,0,0,0,0,B,5000,11.89,1,0.17,0,4
2138,24,30000,MORTGAGE,2,0,1,0,0,1,0,0,0,0,A,1000,8,0,0.03,0,2
2183,23,30280,MORTGAGE,5,0,1,0,0,1,0,0,0,0,A,5800,7.29,0,0.19,0,2
2184,22,30288,MORTGAGE,2,0,1,0,0,1,0,0,0,0,C,6000,12.73,0,0.2,0,2
2210,23,30873,MORTGAGE,8,0,1,0,0,1,0,0,0,0,B,4200,10.99,0,0.14,0,4
2234,21,31000,MORTGAGE,5,0,1,0,0,1,0,0,0,0,A,7500,5.42,0,0.24,0,4
2237,24,31000,MORTGAGE,8,0,1,0,0,1,0,0,0,0,A,5000,5.42,0,0.16,0,2
2258,26,31000,MORTGAGE,5,0,1,0,0,1,0,0,0,0,B,4000,10.33,0,0.13,0,2
2262,23,31000,MORTGAGE,6,0,1,0,0,1,0,0,0,0,B,18500,,0,0.6,0,4
2303,21,31200,MORTGAGE,2,0,1,0,0,1,0,0,0,0,D,1000,14.59,0,0.03,0,2
2305,25,31200,MORTGAGE,0,0,1,0,0,1,0,0,0,0,E,4750,,1,0.15,0,2
2322,25,31500,MORTGAGE,,0,1,0,0,1,0,0,0,0,A,8250,7.51,0,0.26,0,4
2356,23,32000,MORTGAGE,7,0,1,0,0,1,0,0,0,0,B,10000,11.71,0,0.31,0,2
2365,22,32000,MORTGAGE,0,0,1,0,0,1,0,0,0,0,A,1700,7.9,0,0.05,0,4
2377,23,32000,MORTGAGE,4,0,1,0,0,1,0,0,0,0,A,2000,5.99,0,0.06,0,2
2382,22,32000,MORTGAGE,3,0,1,0,0,1,0,0,0,0,A,6000,8.49,0,0.19,0,2
2385,26,32000,MORTGAGE,4,0,1,0,0,1,0,0,0,0,A,4900,5.99,0,0.15,0,3
2388,22,32000,MORTGAGE,,0,1,0,0,1,0,0,0,0,A,11050,7.49,0,0.35,0,2
2420,24,32000,MORTGAGE,6,0,1,0,0,1,0,0,0,0,A,12250,8.94,0,0.38,0,4
2459,22,32004,MORTGAGE,6,0,1,0,0,1,0,0,0,0,A,10000,7.51,0,0.31,0,2
2467,22,32004,MORTGAGE,6,0,1,0,0,1,0,0,0,0,B,10000,10.83,0,0.31,0,3
2473,23,32198,MORTGAGE,3,0,1,0,0,1,0,0,0,0,B,1000,10.95,0,0.03,0,2
2482,23,32388,MORTGAGE,0,0,1,0,0,1,0,0,0,0,B,6000,10.71,0,0.19,0,4
2490,22,32400,MORTGAGE,6,0,1,0,0,1,0,0,0,0,A,3625,6.92,0,0.11,0,3
2492,21,32400,MORTGAGE,2,0,1,0,0,1,0,0,0,0,A,10000,5.42,0,0.31,0,2
2510,25,32500,MORTGAGE,3,0,1,0,0,1,0,0,0,0,A,12500,7.9,0,0.38,0,4
2556,25,33000,MORTGAGE,6,0,1,0,0,1,0,0,0,0,A,8000,6.62,0,0.24,0,4
2570,23,33000,MORTGAGE,4,0,1,0,0,1,0,0,0,0,A,8000,7.49,0,0.24,0,3
2604,22,33000,MORTGAGE,4,0,1,0,0,1,0,0,0,0,C,12500,14.26,0,0.38,0,2
2606,25,33000,MORTGAGE,4,0,1,0,0,1,0,0,0,0,A,4400,8,0,0.13,0,3
2674,22,33600,MORTGAGE,7,0,1,0,0,1,0,0,0,0,A,10750,7.88,0,0.32,0,2
2689,22,33685,MORTGAGE,6,0,1,0,0,1,0,0,0,0,C,5000,13.85,0,0.15,0,3
2694,25,33800,MORTGAGE,2,0,1,0,0,1,0,0,0,0,D,10000,15.31,0,0.3,0,4
2738,21,34000,MORTGAGE,5,0,1,0,0,1,0,0,0,0,A,6000,6.76,0,0.18,0,2
2762,25,34000,MORTGAGE,1,0,1,0,0,1,0,0,0,0,B,10000,11.26,0,0.29,0,3
2764,22,34000,MORTGAGE,6,0,1,0,0,1,0,0,0,0,A,5000,9.63,0,0.15,0,3
2766,25,34000,MORTGAGE,1,0,1,0,0,1,0,0,0,0,C,7000,11.28,0,0.21,0,2
2785,23,34348,MORTGAGE,7,0,1,0,0,1,0,0,0,0,A,5000,7.9,0,0.15,0,3
2794,21,34500,MORTGAGE,3,0,1,0,0,1,0,0,0,0,A,6400,7.51,0,0.19,0,2
2805,23,34600,MORTGAGE,5,0,1,0,0,1,0,0,0,0,B,6800,12.69,0,0.2,0,4
2888,24,35000,MORTGAGE,7,0,1,0,0,1,0,0,0,0,A,15000,7.49,0,0.43,0,4
2889,22,35000,MORTGAGE,2,0,1,0,0,1,0,0,0,0,A,6000,7.49,0,0.17,0,4
2900,23,35000,MORTGAGE,7,0,1,0,0,1,0,0,0,0,A,2100,5.42,0,0.06,0,3
2961,22,35000,MORTGAGE,6,0,1,0,0,1,0,0,0,0,A,8000,5.79,0,0.23,0,4
2983,24,35000,MORTGAGE,2,0,1,0,0,1,0,0,0,0,B,8000,11.86,0,0.23,0,3
3014,22,35000,MORTGAGE,6,0,1,0,0,1,0,0,0,0,C,7500,13.92,0,0.21,0,3
3021,23,35000,MORTGAGE,6,0,1,0,0,1,0,0,0,0,B,8400,12.18,0,0.24,0,3
3027,22,35000,MORTGAGE,6,0,1,0,0,1,0,0,0,0,B,3500,11.48,0,0.1,0,4
3064,24,35004,MORTGAGE,5,0,1,0,0,1,0,0,0,0,A,7000,5.42,0,0.2,0,3
3070,21,29004,MORTGAGE,3,0,1,0,0,1,0,0,0,0,E,7400,17.56,1,0.26,0,3
3096,23,35292,MORTGAGE,7,0,1,0,0,1,0,0,0,0,A,2100,7.51,0,0.06,0,2
3099,23,35352,MORTGAGE,,0,1,0,0,1,0,0,0,0,A,6500,5.42,0,0.18,0,2
3101,22,35360,MORTGAGE,6,0,1,0,0,1,0,0,0,0,A,9600,5.99,0,0.27,0,4
3103,21,35360,MORTGAGE,2,0,1,0,0,1,0,0,0,0,D,12250,15.31,0,0.35,0,4
3120,23,35500,MORTGAGE,8,0,1,0,0,1,0,0,0,0,A,9000,7.49,0,0.25,0,3
3123,22,35500,MORTGAGE,0,0,1,0,0,1,0,0,0,0,C,4000,12.53,0,0.11,0,2
3132,23,35808,MORTGAGE,3,0,1,0,0,1,0,0,0,0,A,8700,7.51,0,0.24,0,2
3139,22,36000,MORTGAGE,0,0,1,0,0,1,0,0,0,0,C,11625,13.49,0,0.32,0,2
3142,23,36000,MORTGAGE,7,0,1,0,0,1,0,0,0,0,B,11300,12.69,0,0.31,0,2
3167,22,36000,MORTGAGE,3,0,1,0,0,1,0,0,0,0,A,5250,,0,0.15,0,4
3206,23,36000,MORTGAGE,7,0,1,0,0,1,0,0,0,0,B,2000,11.49,0,0.06,0,2
3209,22,36000,MORTGAGE,0,0,1,0,0,1,0,0,0,0,B,12375,,0,0.34,0,3
3212,23,36000,MORTGAGE,7,0,1,0,0,1,0,0,0,0,B,11000,,0,0.31,0,3
3262,22,36000,MORTGAGE,6,0,1,0,0,1,0,0,0,0,A,12000,7.29,0,0.33,0,3
3343,22,36000,MORTGAGE,1,0,1,0,0,1,0,0,0,0,A,6000,7.51,0,0.17,0,4
3360,23,36000,MORTGAGE,,0,1,0,0,1,0,0,0,0,A,10000,7.14,0,0.28,0,3
3411,24,36000,MORTGAGE,3,0,1,0,0,1,0,0,0,0,B,8000,9.83,0,0.22,0,3
3429,22,36396,MORTGAGE,6,0,1,0,0,1,0,0,0,0,B,5500,11.12,0,0.15,0,3
3458,21,36800,MORTGAGE,5,0,1,0,0,1,0,0,0,0,A,12400,7.51,0,0.34,0,4
3462,24,36852,MORTGAGE,,0,1,0,0,1,0,0,0,0,B,6000,9.99,0,0.16,0,4
3491,26,37000,MORTGAGE,7,0,1,0,0,1,0,0,0,0,B,8400,10.99,0,0.23,0,4
3527,23,37000,MORTGAGE,2,0,1,0,0,1,0,0,0,0,A,10000,7.74,0,0.27,0,3
3533,22,37000,MORTGAGE,6,0,1,0,0,1,0,0,0,0,B,7500,10.95,0,0.2,0,2
3546,25,37200,MORTGAGE,,0,1,0,0,1,0,0,0,0,B,10000,9.91,0,0.27,0,3
3570,25,31417,MORTGAGE,4,0,1,0,0,1,0,0,0,0,B,7000,10.36,1,0.22,0,3
3577,21,37459,MORTGAGE,6,0,1,0,0,1,0,0,0,0,A,5600,6.92,0,0.15,0,2
3578,23,37460,MORTGAGE,2,0,1,0,0,1,0,0,0,0,C,7125,13.99,0,0.19,0,4
3604,22,37800,MORTGAGE,7,0,1,0,0,1,0,0,0,0,B,7200,10.99,0,0.19,0,2
3623,23,38000,MORTGAGE,5,0,1,0,0,1,0,0,0,0,B,8000,12.69,0,0.21,0,3
3649,23,32000,MORTGAGE,,0,1,0,0,1,0,0,0,0,B,1000,10.59,1,0.03,0,2
3656,22,38000,MORTGAGE,6,0,1,0,0,1,0,0,0,0,A,4500,5.79,0,0.12,0,2
3667,22,38000,MORTGAGE,5,0,1,0,0,1,0,0,0,0,B,4200,9.25,0,0.11,0,2
3670,22,38000,MORTGAGE,5,0,1,0,0,1,0,0,0,0,B,4800,9.99,0,0.13,0,3
3752,26,38376,MORTGAGE,3,0,1,0,0,1,0,0,0,0,A,14500,7.88,0,0.38,0,3
3759,23,38400,MORTGAGE,6,0,1,0,0,1,0,0,0,0,A,8000,6.62,0,0.21,0,4
3779,22,38400,MORTGAGE,,0,1,0,0,1,0,0,0,0,B,5000,11.49,0,0.13,0,2
3781,21,38400,MORTGAGE,0,0,1,0,0,1,0,0,0,0,A,4200,,0,0.11,0,2
3810,24,38400,MORTGAGE,7,0,1,0,0,1,0,0,0,0,C,10000,14.72,0,0.26,0,2
3818,26,38400,MORTGAGE,,0,1,0,0,1,0,0,0,0,C,10000,13.98,0,0.26,0,4
3821,23,38400,MORTGAGE,5,0,1,0,0,1,0,0,0,0,A,10000,7.14,0,0.26,0,3
3834,22,38423,MORTGAGE,6,0,1,0,0,1,0,0,0,0,A,2000,8.49,0,0.05,0,3
3838,25,38496,MORTGAGE,7,0,1,0,0,1,0,0,0,0,A,8000,6.03,0,0.21,0,4
3883,21,39000,MORTGAGE,5,0,1,0,0,1,0,0,0,0,A,1000,7.49,0,0.03,0,3
3891,23,39000,MORTGAGE,3,0,1,0,0,1,0,0,0,0,C,5000,12.98,0,0.13,0,4
3900,23,39000,MORTGAGE,8,0,1,0,0,1,0,0,0,0,A,10000,7.51,0,0.26,0,2
3932,22,39396,MORTGAGE,1,0,1,0,0,1,0,0,0,0,A,5000,6.62,0,0.13,0,4
3956,23,39600,MORTGAGE,8,0,1,0,0,1,0,0,0,0,A,8250,9.32,0,0.21,0,2
3962,23,39700,MORTGAGE,8,0,1,0,0,1,0,0,0,0,A,8400,7.51,0,0.21,0,4
4008,23,39996,MORTGAGE,5,0,1,0,0,1,0,0,0,0,A,10000,7.51,0,0.25,0,3
4013,23,39996,MORTGAGE,3,0,1,0,0,1,0,0,0,0,A,3600,7.51,0,0.09,0,4
4014,21,39996,MORTGAGE,6,0,1,0,0,1,0,0,0,0,C,13000,13.48,0,0.33,0,2
4046,23,40000,MORTGAGE,5,0,1,0,0,1,0,0,0,0,B,18000,9.91,0,0.45,0,2
4067,25,40000,MORTGAGE,7,0,1,0,0,1,0,0,0,0,A,2100,6.03,0,0.05,0,2
4073,24,40000,MORTGAGE,6,0,1,0,0,1,0,0,0,0,B,5400,12.42,0,0.14,0,3
4075,22,40000,MORTGAGE,2,0,1,0,0,1,0,0,0,0,A,10000,6.03,0,0.25,0,3
4081,26,34000,MORTGAGE,5,0,1,0,0,1,0,0,0,0,B,5500,10.65,1,0.16,0,3
4087,24,40000,MORTGAGE,3,0,1,0,0,1,0,0,0,0,B,6400,9.91,0,0.16,0,4
4141,23,40000,MORTGAGE,7,0,1,0,0,1,0,0,0,0,C,6000,14.79,0,0.15,0,2
4142,26,40000,MORTGAGE,5,0,1,0,0,1,0,0,0,0,A,7200,7.49,0,0.18,0,2
4156,22,40000,MORTGAGE,7,0,1,0,0,1,0,0,0,0,A,14000,7.49,0,0.35,0,3
4188,23,34000,MORTGAGE,0,0,1,0,0,1,0,0,0,0,C,4000,14.17,1,0.12,0,2
4202,22,40000,MORTGAGE,1,0,1,0,0,1,0,0,0,0,A,4800,5.42,0,0.12,0,2
4275,23,40000,MORTGAGE,,0,1,0,0,1,0,0,0,0,A,4000,6.39,0,0.1,0,3
4287,21,34000,MORTGAGE,5,0,1,0,0,1,0,0,0,0,B,10000,10.62,1,0.29,0,2
4305,21,40000,MORTGAGE,5,0,1,0,0,1,0,0,0,0,C,8000,,0,0.2,0,3
4309,23,40000,MORTGAGE,3,0,1,0,0,1,0,0,0,0,B,12000,9.88,0,0.3,0,2
4334,21,40000,MORTGAGE,5,0,1,0,0,1,0,0,0,0,B,9000,11.14,0,0.23,0,3
4349,24,40000,MORTGAGE,8,0,1,0,0,1,0,0,0,0,D,3000,15.65,0,0.07,0,2
4350,23,40000,MORTGAGE,1,0,1,0,0,1,0,0,0,0,B,4000,11.48,0,0.1,0,3
4362,23,40000,MORTGAGE,7,0,1,0,0,1,0,0,0,0,B,3500,12.21,0,0.09,0,3
4407,22,40000,MORTGAGE,1,0,1,0,0,1,0,0,0,0,B,13025,10.14,0,0.33,0,3
4428,26,40272,MORTGAGE,3,0,1,0,0,1,0,0,0,0,B,10000,11.86,0,0.25,0,3
4429,23,40308,MORTGAGE,1,0,1,0,0,1,0,0,0,0,A,5000,7.68,0,0.12,0,4
4464,24,40800,MORTGAGE,8,0,1,0,0,1,0,0,0,0,A,1200,,0,0.03,0,3
4479,23,40800,MORTGAGE,1,0,1,0,0,1,0,0,0,0,B,16000,,0,0.39,0,4
4481,24,40800,MORTGAGE,1,0,1,0,0,1,0,0,0,0,D,6000,12.92,0,0.15,0,3
4483,22,40872,MORTGAGE,6,0,1,0,0,1,0,0,0,0,B,13750,10.83,0,0.34,0,4
4496,23,41000,MORTGAGE,7,0,1,0,0,1,0,0,0,0,A,6000,6.03,0,0.15,0,4
4498,22,41000,MORTGAGE,6,0,1,0,0,1,0,0,0,0,A,12000,6.03,0,0.29,0,2
4517,22,41000,MORTGAGE,0,0,1,0,0,1,0,0,0,0,B,6000,11.86,0,0.15,0,2
4538,22,41000,MORTGAGE,2,0,1,0,0,1,0,0,0,0,B,3000,12.18,0,0.07,0,4
4566,23,41196,MORTGAGE,7,0,1,0,0,1,0,0,0,0,B,16000,11.83,0,0.39,0,2
4583,24,41500,MORTGAGE,8,0,1,0,0,1,0,0,0,0,A,8500,7.14,0,0.2,0,4
4592,23,41600,MORTGAGE,7,0,1,0,0,1,0,0,0,0,C,7000,13.43,0,0.17,0,3
4595,22,41600,MORTGAGE,2,0,1,0,0,1,0,0,0,0,D,3000,15.05,0,0.07,0,3
4633,24,42000,MORTGAGE,5,0,1,0,0,1,0,0,0,0,A,4900,6.03,0,0.12,0,4
4639,24,42000,MORTGAGE,3,0,1,0,0,1,0,0,0,0,A,8675,7.51,0,0.21,0,4
4659,25,42000,MORTGAGE,9,0,1,0,0,1,0,0,0,0,A,9100,,0,0.22,0,3
4665,23,42000,MORTGAGE,7,0,1,0,0,1,0,0,0,0,B,8000,10.99,0,0.19,0,4
4674,26,36000,MORTGAGE,3,0,1,0,0,1,0,0,0,0,B,11000,10.59,1,0.31,0,4
4690,22,42000,MORTGAGE,6,0,1,0,0,1,0,0,0,0,C,14750,12.99,0,0.35,0,4
4753,21,36000,MORTGAGE,0,0,1,0,0,1,0,0,0,0,A,14000,6.54,1,0.39,0,4
4769,23,42000,MORTGAGE,3,0,1,0,0,1,0,0,0,0,A,11000,6.54,0,0.26,0,3
4801,21,42000,MORTGAGE,3,0,1,0,0,1,0,0,0,0,B,13750,11.36,0,0.33,0,4
4807,21,42000,MORTGAGE,6,0,1,0,0,1,0,0,0,0,A,3500,7.51,0,0.08,0,2
4822,23,42000,MORTGAGE,2,0,1,0,0,1,0,0,0,0,B,5200,10.25,0,0.12,0,4
4861,22,42000,MORTGAGE,1,0,1,0,0,1,0,0,0,0,A,13000,,0,0.31,0,4
4868,23,42000,MORTGAGE,3,0,1,0,0,1,0,0,0,0,C,5400,11.78,0,0.13,0,4
4875,26,42000,MORTGAGE,11,0,1,0,0,1,0,0,0,0,D,15075,12.92,0,0.36,0,2
4878,23,42048,MORTGAGE,7,0,1,0,0,1,0,0,0,0,A,8500,7.74,0,0.2,0,3
4884,23,42179,MORTGAGE,1,0,1,0,0,1,0,0,0,0,A,10000,5.42,0,0.24,0,4
4890,23,42240,MORTGAGE,3,0,1,0,0,1,0,0,0,0,C,5500,12.73,0,0.13,0,3
4902,23,42500,MORTGAGE,7,0,1,0,0,1,0,0,0,0,A,7500,8.49,0,0.18,0,3
4903,23,42500,MORTGAGE,2,0,1,0,0,1,0,0,0,0,B,12600,,0,0.3,0,4
4904,25,42500,MORTGAGE,9,0,1,0,0,1,0,0,0,0,A,2000,5.42,0,0.05,0,3
4932,23,42806,MORTGAGE,7,0,1,0,0,1,0,0,0,0,A,1000,7.51,0,0.02,0,2
4965,22,43000,MORTGAGE,6,0,1,0,0,1,0,0,0,0,B,9000,11.71,0,0.21,0,4
5004,22,43000,MORTGAGE,0,0,1,0,0,1,0,0,0,0,A,5000,7.14,0,0.12,0,2
5007,22,43000,MORTGAGE,3,0,1,0,0,1,0,0,0,0,A,2000,,0,0.05,0,3
5104,23,43600,MORTGAGE,4,0,1,0,0,1,0,0,0,0,A,7000,7.49,0,0.16,0,4
5112,25,37700,MORTGAGE,7,0,1,0,0,1,0,0,0,0,B,9000,11.58,1,0.24,0,2
5115,25,43800,MORTGAGE,0,0,1,0,0,1,0,0,0,0,B,13000,10.38,0,0.3,0,4
5124,22,44000,MORTGAGE,4,0,1,0,0,1,0,0,0,0,B,10000,12.69,0,0.23,0,2
5129,23,44000,MORTGAGE,4,0,1,0,0,1,0,0,0,0,A,3200,7.51,0,0.07,0,4
5154,24,44000,MORTGAGE,8,0,1,0,0,1,0,0,0,0,A,2000,5.79,0,0.05,0,3
5218,23,44400,MORTGAGE,8,0,1,0,0,1,0,0,0,0,C,2500,12.68,0,0.06,0,3
5220,23,44400,MORTGAGE,3,0,1,0,0,1,0,0,0,0,A,6500,7.51,0,0.15,0,4
5233,23,44500,MORTGAGE,4,0,1,0,0,1,0,0,0,0,B,9250,9.62,0,0.21,0,3
5257,23,45000,MORTGAGE,4,0,1,0,0,1,0,0,0,0,C,8650,14.27,0,0.19,0,2
5259,25,45000,MORTGAGE,3,0,1,0,0,1,0,0,0,0,A,9000,6.62,0,0.2,0,3
5273,25,45000,MORTGAGE,9,0,1,0,0,1,0,0,0,0,A,5000,,0,0.11,0,3
5330,22,45000,MORTGAGE,2,0,1,0,0,1,0,0,0,0,D,8000,16.49,0,0.18,0,2
5331,23,45000,MORTGAGE,7,0,1,0,0,1,0,0,0,0,B,14000,11.49,0,0.31,0,2
5385,22,45000,MORTGAGE,3,0,1,0,0,1,0,0,0,0,C,3000,,0,0.07,0,4
5394,24,45000,MORTGAGE,8,0,1,0,0,1,0,0,0,0,A,5000,5.79,0,0.11,0,2
5404,23,45000,MORTGAGE,2,0,1,0,0,1,0,0,0,0,B,10000,11.11,0,0.22,0,3
5439,22,45000,MORTGAGE,6,0,1,0,0,1,0,0,0,0,A,10000,7.88,0,0.22,0,4
5454,24,45000,MORTGAGE,5,0,1,0,0,1,0,0,0,0,A,5000,,0,0.11,0,4
5456,21,45000,MORTGAGE,4,0,1,0,0,1,0,0,0,0,A,5000,7.14,0,0.11,0,4
5463,21,45000,MORTGAGE,5,0,1,0,0,1,0,0,0,0,A,18000,7.88,0,0.4,0,4
5469,22,45000,MORTGAGE,3,0,1,0,0,1,0,0,0,0,B,15000,11.36,0,0.33,0,2
5485,22,45000,MORTGAGE,1,0,1,0,0,1,0,0,0,0,B,3300,10.99,0,0.07,0,3
5499,24,45000,MORTGAGE,3,0,1,0,0,1,0,0,0,0,B,1275,11.36,0,0.03,0,4
5508,23,45000,MORTGAGE,5,0,1,0,0,1,0,0,0,0,B,14500,11.48,0,0.32,0,2
5512,25,45000,MORTGAGE,3,0,1,0,0,1,0,0,0,0,B,6000,11.83,0,0.13,0,2
5522,22,45000,MORTGAGE,3,0,1,0,0,1,0,0,0,0,B,4000,11.83,0,0.09,0,3
5528,22,45000,MORTGAGE,1,0,1,0,0,1,0,0,0,0,B,14550,11.83,0,0.32,0,4
5530,22,45000,MORTGAGE,1,0,1,0,0,1,0,0,0,0,B,8000,12.53,0,0.18,0,3
5534,23,45000,MORTGAGE,4,0,1,0,0,1,0,0,0,0,B,9925,11.48,0,0.22,0,2
5543,22,45000,MORTGAGE,6,0,1,0,0,1,0,0,0,0,A,5000,8,0,0.11,0,3
5546,24,45000,MORTGAGE,2,0,1,0,0,1,0,0,0,0,B,9200,11.89,0,0.2,0,3
5548,24,39000,MORTGAGE,1,0,1,0,0,1,0,0,0,0,D,12000,14.11,1,0.31,0,2
5572,22,45000,MORTGAGE,1,0,1,0,0,1,0,0,0,0,A,7375,9.32,0,0.16,0,4
5577,23,45000,MORTGAGE,1,0,1,0,0,1,0,0,0,0,B,8000,10.51,0,0.18,0,4
5585,25,45000,MORTGAGE,7,0,1,0,0,1,0,0,0,0,A,7500,8,0,0.17,0,3
5601,25,45149,MORTGAGE,,0,1,0,0,1,0,0,0,0,A,9000,5.79,0,0.2,0,4
5608,23,45204,MORTGAGE,0,0,1,0,0,1,0,0,0,0,B,4750,12.21,0,0.11,0,4
5616,23,39325,MORTGAGE,3,0,1,0,0,1,0,0,0,0,C,2800,12.87,1,0.07,0,4
5620,21,45432,MORTGAGE,4,0,1,0,0,1,0,0,0,0,B,5000,9.88,0,0.11,0,4
5658,22,45673,MORTGAGE,6,0,1,0,0,1,0,0,0,0,A,7000,7.88,0,0.15,0,4
5660,22,39696,MORTGAGE,,0,1,0,0,1,0,0,0,0,B,14125,12.42,1,0.36,0,4
5682,24,45996,MORTGAGE,6,0,1,0,0,1,0,0,0,0,C,8500,,0,0.18,0,3
5728,24,46000,MORTGAGE,5,0,1,0,0,1,0,0,0,0,B,10000,9.99,0,0.22,0,2
5735,25,46000,MORTGAGE,5,0,1,0,0,1,0,0,0,0,B,23500,10.25,0,0.51,0,4
5761,25,46144,MORTGAGE,9,0,1,0,0,1,0,0,0,0,A,1500,7.49,0,0.03,0,2
5773,23,46450,MORTGAGE,6,0,1,0,0,1,0,0,0,0,A,10000,5.42,0,0.22,0,2
5781,22,46500,MORTGAGE,1,0,1,0,0,1,0,0,0,0,B,4000,10.62,0,0.09,0,3
5783,21,46500,MORTGAGE,5,0,1,0,0,1,0,0,0,0,D,1300,14.96,0,0.03,0,2
5786,22,46500,MORTGAGE,1,0,1,0,0,1,0,0,0,0,B,12000,12.21,0,0.26,0,3
5846,25,47000,MORTGAGE,5,0,1,0,0,1,0,0,0,0,B,10400,11.49,0,0.22,0,2
5888,22,41000,MORTGAGE,6,0,1,0,0,1,0,0,0,0,C,10000,13.57,1,0.24,0,4
5921,25,47412,MORTGAGE,0,0,1,0,0,1,0,0,0,0,A,6500,8.59,0,0.14,0,2
5924,22,47484,MORTGAGE,0,0,1,0,0,1,0,0,0,0,B,5325,10.62,0,0.11,0,4
5942,21,47580,MORTGAGE,5,0,1,0,0,1,0,0,0,0,A,14000,6.03,0,0.29,0,2
5980,23,48000,MORTGAGE,7,0,1,0,0,1,0,0,0,0,B,10000,10.65,0,0.21,0,4
5997,22,48000,MORTGAGE,6,0,1,0,0,1,0,0,0,0,A,15000,,0,0.31,0,4
6038,26,48000,MORTGAGE,2,0,1,0,0,1,0,0,0,0,A,5000,8.49,0,0.1,0,4
6066,24,48000,MORTGAGE,4,0,1,0,0,1,0,0,0,0,A,5000,5.99,0,0.1,0,2
6077,23,42000,MORTGAGE,7,0,1,0,0,1,0,0,0,0,A,10500,7.66,1,0.25,0,2
6142,22,48000,MORTGAGE,5,0,1,0,0,1,0,0,0,0,A,9600,7.51,0,0.2,0,4
6159,23,48000,MORTGAGE,0,0,1,0,0,1,0,0,0,0,A,3200,7.51,0,0.07,0,2
6165,25,48000,MORTGAGE,6,0,1,0,0,1,0,0,0,0,B,24250,10.25,0,0.51,0,3
6166,22,48000,MORTGAGE,2,0,1,0,0,1,0,0,0,0,C,7000,13.48,0,0.15,0,3
6167,22,48000,MORTGAGE,6,0,1,0,0,1,0,0,0,0,A,5000,7.88,0,0.1,0,2
6182,24,48000,MORTGAGE,2,0,1,0,0,1,0,0,0,0,B,5500,11.36,0,0.11,0,3
6206,24,48000,MORTGAGE,8,0,1,0,0,1,0,0,0,0,A,3100,8.94,0,0.06,0,3
6210,24,48000,MORTGAGE,0,0,1,0,0,1,0,0,0,0,B,4400,11.83,0,0.09,0,2
6217,26,48000,MORTGAGE,10,0,1,0,0,1,0,0,0,0,A,10000,7.74,0,0.21,0,2
6220,21,48000,MORTGAGE,5,0,1,0,0,1,0,0,0,0,C,10800,12.84,0,0.23,0,2
6238,22,48000,MORTGAGE,6,0,1,0,0,1,0,0,0,0,A,9925,9.63,0,0.21,0,2
6242,23,48000,MORTGAGE,2,0,1,0,0,1,0,0,0,0,A,10000,9.32,0,0.21,0,4
6271,25,48360,MORTGAGE,9,0,1,0,0,1,0,0,0,0,A,6000,7.66,0,0.12,0,3
6287,22,48526,MORTGAGE,0,0,1,0,0,1,0,0,0,0,B,13500,11.14,0,0.28,0,3
6296,24,48661,MORTGAGE,7,0,1,0,0,1,0,0,0,0,D,8000,17.58,0,0.16,0,2
6311,23,48996,MORTGAGE,7,0,1,0,0,1,0,0,0,0,C,10525,13.61,0,0.21,0,2
6324,23,49000,MORTGAGE,5,0,1,0,0,1,0,0,0,0,A,3500,5.42,0,0.07,0,2
6336,22,49000,MORTGAGE,6,0,1,0,0,1,0,0,0,0,A,2400,5.79,0,0.05,0,4
6339,26,49000,MORTGAGE,10,0,1,0,0,1,0,0,0,0,B,20000,10,0,0.41,0,2
6346,26,49000,MORTGAGE,10,0,1,0,0,1,0,0,0,0,A,14000,7.88,0,0.29,0,2
6364,22,49032,MORTGAGE,6,0,1,0,0,1,0,0,0,0,B,2400,11.86,0,0.05,0,2
6375,25,49200,MORTGAGE,2,0,1,0,0,1,0,0,0,0,B,6000,10,0,0.12,0,2
6378,26,49200,MORTGAGE,8,0,1,0,0,1,0,0,0,0,A,4800,6.17,0,0.1,0,3
6425,22,49920,MORTGAGE,1,0,1,0,0,1,0,0,0,0,C,10000,12.53,0,0.2,0,3
6428,26,49995,MORTGAGE,10,0,1,0,0,1,0,0,0,0,B,10000,11.71,0,0.2,0,3
6434,22,50000,MORTGAGE,2,0,1,0,0,1,0,0,0,0,B,22000,9.91,0,0.44,0,2
6443,22,50000,MORTGAGE,6,0,1,0,0,1,0,0,0,0,B,13000,10.65,0,0.26,0,3
6447,21,50000,MORTGAGE,5,0,1,0,0,1,0,0,0,0,C,9000,13.49,0,0.18,0,4
6453,24,50000,MORTGAGE,0,0,1,0,0,1,0,0,0,0,B,18650,9.91,0,0.37,0,3
6454,22,50000,MORTGAGE,6,0,1,0,0,1,0,0,0,0,A,4800,6.03,0,0.1,0,3
6467,23,50000,MORTGAGE,6,0,1,0,0,1,0,0,0,0,B,17000,12.42,0,0.34,0,3
6468,23,50000,MORTGAGE,7,0,1,0,0,1,0,0,0,0,A,3000,6.03,0,0.06,0,4
6503,23,50000,MORTGAGE,3,0,1,0,0,1,0,0,0,0,A,10000,6.03,0,0.2,0,4
6555,26,44000,MORTGAGE,6,0,1,0,0,1,0,0,0,0,A,10000,5.42,1,0.23,0,4
6599,24,50000,MORTGAGE,8,0,1,0,0,1,0,0,0,0,A,9600,6.99,0,0.19,0,3
6612,24,50000,MORTGAGE,8,0,1,0,0,1,0,0,0,0,B,15000,9.99,0,0.3,0,3
6626,24,50000,MORTGAGE,8,0,1,0,0,1,0,0,0,0,A,3000,7.66,0,0.06,0,2
6657,22,50000,MORTGAGE,4,0,1,0,0,1,0,0,0,0,A,12000,7.29,0,0.24,0,3
6684,25,50000,MORTGAGE,5,0,1,0,0,1,0,0,0,0,B,12000,,0,0.24,0,2
6690,25,50000,MORTGAGE,9,0,1,0,0,1,0,0,0,0,A,5000,5.79,0,0.1,0,2
6691,26,44000,MORTGAGE,3,0,1,0,0,1,0,0,0,0,A,22500,,1,0.51,0,3
6711,22,50000,MORTGAGE,7,0,1,0,0,1,0,0,0,0,A,12800,7.88,0,0.26,0,3
6729,23,50000,MORTGAGE,2,0,1,0,0,1,0,0,0,0,C,8000,13.61,0,0.16,0,2
6732,22,50000,MORTGAGE,4,0,1,0,0,1,0,0,0,0,A,5000,7.51,0,0.1,0,2
6743,22,50000,MORTGAGE,5,0,1,0,0,1,0,0,0,0,B,15000,10.25,0,0.3,0,3
6753,23,50000,MORTGAGE,4,0,1,0,0,1,0,0,0,0,B,20000,10.62,0,0.4,0,4
6757,22,50000,MORTGAGE,3,0,1,0,0,1,0,0,0,0,A,2500,7.51,0,0.05,0,4
6785,26,50000,MORTGAGE,0,0,1,0,0,1,0,0,0,0,A,10000,7.74,0,0.2,0,2
6796,26,50000,MORTGAGE,5,0,1,0,0,1,0,0,0,0,A,5000,7.4,0,0.1,0,2
6797,24,44000,MORTGAGE,0,0,1,0,0,1,0,0,0,0,D,15000,15.31,1,0.34,0,2
6820,22,50000,MORTGAGE,0,0,1,0,0,1,0,0,0,0,B,20000,11.48,0,0.4,0,2
6826,24,50000,MORTGAGE,8,0,1,0,0,1,0,0,0,0,C,3000,13.47,0,0.06,0,2
6845,22,50000,MORTGAGE,7,0,1,0,0,1,0,0,0,0,A,6400,8,0,0.13,0,2
6853,22,50000,MORTGAGE,7,0,1,0,0,1,0,0,0,0,B,4000,10.95,0,0.08,0,4
6862,24,44000,MORTGAGE,6,0,1,0,0,1,0,0,0,0,F,7500,16.33,1,0.17,0,2
6878,25,50000,MORTGAGE,9,0,1,0,0,1,0,0,0,0,A,6400,8.32,0,0.13,0,3
6888,23,50004,MORTGAGE,7,0,1,0,0,1,0,0,0,0,A,2700,5.99,0,0.05,0,2
6895,22,50004,MORTGAGE,5,0,1,0,0,1,0,0,0,0,D,14000,15.58,0,0.28,0,4
6906,22,50004,MORTGAGE,0,0,1,0,0,1,0,0,0,0,A,12000,7.37,0,0.24,0,2
6911,22,50004,MORTGAGE,6,0,1,0,0,1,0,0,0,0,C,2500,12.53,0,0.05,0,2
6912,26,50004,MORTGAGE,10,0,1,0,0,1,0,0,0,0,A,5000,9.32,0,0.1,0,2
6933,22,50364,MORTGAGE,6,0,1,0,0,1,0,0,0,0,A,6000,6.03,0,0.12,0,3
6934,23,50400,MORTGAGE,7,0,1,0,0,1,0,0,0,0,A,8375,7.51,0,0.17,0,2
6944,23,50400,MORTGAGE,7,0,1,0,0,1,0,0,0,0,B,2500,10.99,0,0.05,0,4
6952,22,50400,MORTGAGE,6,0,1,0,0,1,0,0,0,0,D,12000,14.09,0,0.24,0,2
6977,24,50700,MORTGAGE,8,0,1,0,0,1,0,0,0,0,A,4500,8.9,0,0.09,0,4
7005,21,51000,MORTGAGE,5,0,1,0,0,1,0,0,0,0,B,13000,,0,0.25,0,3
7015,25,51000,MORTGAGE,6,0,1,0,0,1,0,0,0,0,C,3000,13.99,0,0.06,0,2
7057,22,51000,MORTGAGE,3,0,1,0,0,1,0,0,0,0,B,15200,10.99,0,0.3,0,4
7069,24,51000,MORTGAGE,5,0,1,0,0,1,0,0,0,0,B,8000,10.96,0,0.16,0,3
7072,23,51036,MORTGAGE,7,0,1,0,0,1,0,0,0,0,C,15000,13.16,0,0.29,0,4
7075,24,51072,MORTGAGE,8,0,1,0,0,1,0,0,0,0,B,13000,10.95,0,0.25,0,2
7099,25,51492,MORTGAGE,2,0,1,0,0,1,0,0,0,0,B,13800,10.38,0,0.27,0,4
7107,22,51500,MORTGAGE,6,0,1,0,0,1,0,0,0,0,B,7500,9.88,0,0.15,0,3
7110,23,51600,MORTGAGE,4,0,1,0,0,1,0,0,0,0,B,7200,10.65,0,0.14,0,3
7113,22,51600,MORTGAGE,6,0,1,0,0,1,0,0,0,0,B,4200,10.59,0,0.08,0,3
7129,22,51800,MORTGAGE,4,0,1,0,0,1,0,0,0,0,B,7200,11.71,0,0.14,0,3
7142,21,51996,MORTGAGE,1,0,1,0,0,1,0,0,0,0,A,18000,8.49,0,0.35,0,2
7159,22,51996,MORTGAGE,6,0,1,0,0,1,0,0,0,0,A,9600,7.14,0,0.18,0,4
7176,22,52000,MORTGAGE,5,0,1,0,0,1,0,0,0,0,A,6000,7.9,0,0.12,0,4
7178,24,52000,MORTGAGE,2,0,1,0,0,1,0,0,0,0,B,18000,11.71,0,0.35,0,3
7185,23,52000,MORTGAGE,5,0,1,0,0,1,0,0,0,0,B,12800,10.65,0,0.25,0,2
7190,23,52000,MORTGAGE,7,0,1,0,0,1,0,0,0,0,A,22000,7.51,0,0.42,0,2
7192,23,52000,MORTGAGE,7,0,1,0,0,1,0,0,0,0,A,8400,8.9,0,0.16,0,2
7194,26,52000,MORTGAGE,2,0,1,0,0,1,0,0,0,0,A,6000,8.9,0,0.12,0,4
7201,25,52000,MORTGAGE,8,0,1,0,0,1,0,0,0,0,C,3900,,0,0.07,0,4
7234,24,52000,MORTGAGE,8,0,1,0,0,1,0,0,0,0,A,3000,7.66,0,0.06,0,4
7240,22,52000,MORTGAGE,6,0,1,0,0,1,0,0,0,0,C,9750,13.06,0,0.19,0,3
7259,24,46000,MORTGAGE,9,0,1,0,0,1,0,0,0,0,A,12000,7.88,1,0.26,0,4
7291,22,52000,MORTGAGE,0,0,1,0,0,1,0,0,0,0,A,10000,7.88,0,0.19,0,3
7311,21,52000,MORTGAGE,1,0,1,0,0,1,0,0,0,0,C,16000,12.87,0,0.31,0,4
7313,26,46000,MORTGAGE,3,0,1,0,0,1,0,0,0,0,G,5000,19.16,1,0.11,0,3
7315,26,52000,MORTGAGE,0,0,1,0,0,1,0,0,0,0,B,3600,11.89,0,0.07,0,2
7318,21,52000,MORTGAGE,5,0,1,0,0,1,0,0,0,0,C,7000,13.47,0,0.13,0,3
7334,23,52176,MORTGAGE,3,0,1,0,0,1,0,0,0,0,B,7500,10.59,0,0.14,0,3
7363,22,52700,MORTGAGE,2,0,1,0,0,1,0,0,0,0,A,5000,9.63,0,0.09,0,4
7368,23,52800,MORTGAGE,7,0,1,0,0,1,0,0,0,0,B,2625,11.71,0,0.05,0,3
7383,24,52800,MORTGAGE,8,0,1,0,0,1,0,0,0,0,A,4000,7.88,0,0.08,0,4
7408,25,47000,MORTGAGE,9,0,1,0,0,1,0,0,0,0,A,12000,6.62,1,0.26,0,2
7470,22,53000,MORTGAGE,6,0,1,0,0,1,0,0,0,0,E,10000,17.39,0,0.19,0,3
7473,22,53000,MORTGAGE,7,0,1,0,0,1,0,0,0,0,A,2500,7.4,0,0.05,0,3
7481,24,53000,MORTGAGE,1,0,1,0,0,1,0,0,0,0,D,6400,13.67,0,0.12,0,2
7495,22,53004,MORTGAGE,6,0,1,0,0,1,0,0,0,0,C,1500,13.79,0,0.03,0,2
7502,22,53124,MORTGAGE,4,0,1,0,0,1,0,0,0,0,C,6500,13.61,0,0.12,0,3
7533,23,53664,MORTGAGE,7,0,1,0,0,1,0,0,0,0,B,15000,10.75,0,0.28,0,4
7536,23,53724,MORTGAGE,7,0,1,0,0,1,0,0,0,0,A,8600,6.03,0,0.16,0,3
7549,23,53976,MORTGAGE,7,0,1,0,0,1,0,0,0,0,B,2000,10.74,0,0.04,0,3
7555,26,54000,MORTGAGE,10,0,1,0,0,1,0,0,0,0,A,5000,6.62,0,0.09,0,2
7561,23,54000,MORTGAGE,7,0,1,0,0,1,0,0,0,0,B,4800,12.42,0,0.09,0,2
7580,26,48000,MORTGAGE,0,0,1,0,0,1,0,0,0,0,A,15000,5.99,1,0.31,0,2
7583,25,54000,MORTGAGE,7,0,1,0,0,1,0,0,0,0,B,5500,10.59,0,0.1,0,4
7594,22,54000,MORTGAGE,4,0,1,0,0,1,0,0,0,0,D,5000,15.62,0,0.09,0,2
7629,25,54000,MORTGAGE,1,0,1,0,0,1,0,0,0,0,A,6000,6.17,0,0.11,0,4
7637,26,54000,MORTGAGE,5,0,1,0,0,1,0,0,0,0,B,10000,8.88,0,0.19,0,4
7650,23,54000,MORTGAGE,0,0,1,0,0,1,0,0,0,0,B,10000,11.49,0,0.19,0,4
7667,21,48000,MORTGAGE,1,0,1,0,0,1,0,0,0,0,B,3500,10.25,1,0.07,0,3
7688,22,48000,MORTGAGE,6,0,1,0,0,1,0,0,0,0,D,12000,16,1,0.25,0,4
7728,22,54500,MORTGAGE,6,0,1,0,0,1,0,0,0,0,B,7500,10.59,0,0.14,0,3
7739,22,48600,MORTGAGE,6,0,1,0,0,1,0,0,0,0,B,12000,12.42,1,0.25,0,4
7741,24,48600,MORTGAGE,1,0,1,0,0,1,0,0,0,0,D,8000,,1,0.16,0,4
7752,26,54828,MORTGAGE,10,0,1,0,0,1,0,0,0,0,E,5000,16.82,0,0.09,0,4
7759,23,54960,MORTGAGE,7,0,1,0,0,1,0,0,0,0,A,5500,6.03,0,0.1,0,3
7763,23,54996,MORTGAGE,7,0,1,0,0,1,0,0,0,0,B,2100,11.49,0,0.04,0,3
7775,22,54996,MORTGAGE,3,0,1,0,0,1,0,0,0,0,B,12000,9.63,0,0.22,0,2
7783,22,54996,MORTGAGE,3,0,1,0,0,1,0,0,0,0,B,5000,10.75,0,0.09,0,3
7824,22,55000,MORTGAGE,5,0,1,0,0,1,0,0,0,0,D,11100,16.77,0,0.2,0,2
7827,22,55000,MORTGAGE,6,0,1,0,0,1,0,0,0,0,C,1400,13.49,0,0.03,0,3
7830,26,55000,MORTGAGE,6,0,1,0,0,1,0,0,0,0,A,11500,8.9,0,0.21,0,4
7838,25,55000,MORTGAGE,1,0,1,0,0,1,0,0,0,0,A,6400,6.03,0,0.12,0,3
7854,23,55000,MORTGAGE,8,0,1,0,0,1,0,0,0,0,B,12375,9.91,0,0.23,0,3
7859,25,55000,MORTGAGE,9,0,1,0,0,1,0,0,0,0,B,6300,11.49,0,0.11,0,3
7860,23,55000,MORTGAGE,1,0,1,0,0,1,0,0,0,0,B,4400,10.59,0,0.08,0,3
7867,25,55000,MORTGAGE,3,0,1,0,0,1,0,0,0,0,D,5000,15.99,0,0.09,0,4
7876,25,49000,MORTGAGE,1,0,1,0,0,1,0,0,0,0,C,7000,,1,0.14,0,4
7887,23,55000,MORTGAGE,0,0,1,0,0,1,0,0,0,0,C,11075,13.49,0,0.2,0,3
7896,23,55000,MORTGAGE,7,0,1,0,0,1,0,0,0,0,A,15000,,0,0.27,0,4
7905,23,55000,MORTGAGE,4,0,1,0,0,1,0,0,0,0,A,8000,7.49,0,0.15,0,4
7914,23,55000,MORTGAGE,2,0,1,0,0,1,0,0,0,0,B,5000,11.11,0,0.09,0,2
7918,24,55000,MORTGAGE,8,0,1,0,0,1,0,0,0,0,B,9600,,0,0.17,0,3
7926,26,55000,MORTGAGE,1,0,1,0,0,1,0,0,0,0,B,10000,10,0,0.18,0,2
7927,22,55000,MORTGAGE,1,0,1,0,0,1,0,0,0,0,B,12000,9.63,0,0.22,0,4
7947,22,55000,MORTGAGE,2,0,1,0,0,1,0,0,0,0,A,12000,6.54,0,0.22,0,4
7965,23,55000,MORTGAGE,1,0,1,0,0,1,0,0,0,0,B,10000,10.75,0,0.18,0,4
7968,21,55000,MORTGAGE,5,0,1,0,0,1,0,0,0,0,C,10000,14.72,0,0.18,0,2
7986,21,55000,MORTGAGE,5,0,1,0,0,1,0,0,0,0,A,10500,7.51,0,0.19,0,3
7998,22,49000,MORTGAGE,4,0,1,0,0,1,0,0,0,0,B,8000,10.25,1,0.16,0,4
8000,23,55000,MORTGAGE,6,0,1,0,0,1,0,0,0,0,B,8000,9.88,0,0.15,0,3
8016,23,55000,MORTGAGE,2,0,1,0,0,1,0,0,0,0,A,7000,8.59,0,0.13,0,2
8058,22,49000,MORTGAGE,6,0,1,0,0,1,0,0,0,0,A,10000,8,1,0.2,0,2
8088,25,55200,MORTGAGE,5,0,1,0,0,1,0,0,0,0,B,4225,12.42,0,0.08,0,2
8100,23,55200,MORTGAGE,7,0,1,0,0,1,0,0,0,0,B,4000,10.08,0,0.07,0,4
8113,21,55530,MORTGAGE,5,0,1,0,0,1,0,0,0,0,A,3200,6.62,0,0.06,0,4
8131,25,49963,MORTGAGE,9,0,1,0,0,1,0,0,0,0,B,2100,11.49,1,0.04,0,3
8156,24,56000,MORTGAGE,3,0,1,0,0,1,0,0,0,0,A,15000,8.49,0,0.27,0,2
8158,24,56000,MORTGAGE,8,0,1,0,0,1,0,0,0,0,A,10000,7.49,0,0.18,0,3
8161,25,56000,MORTGAGE,,0,1,0,0,1,0,0,0,0,A,5000,5.42,0,0.09,0,3
8164,24,56000,MORTGAGE,2,0,1,0,0,1,0,0,0,0,C,5250,12.87,0,0.09,0,2
8181,26,56000,MORTGAGE,10,0,1,0,0,1,0,0,0,0,A,6000,5.42,0,0.11,0,4
8183,26,56000,MORTGAGE,10,0,1,0,0,1,0,0,0,0,C,15000,14.35,0,0.27,0,2
8186,23,56000,MORTGAGE,4,0,1,0,0,1,0,0,0,0,A,3000,6.76,0,0.05,0,3
8224,23,56004,MORTGAGE,0,0,1,0,0,1,0,0,0,0,C,10000,13.61,0,0.18,0,4
8231,26,56004,MORTGAGE,3,0,1,0,0,1,0,0,0,0,A,13000,8.59,0,0.23,0,3
8236,24,50160,MORTGAGE,2,0,1,0,0,1,0,0,0,0,D,6000,15.62,1,0.12,0,2
8241,22,56368,MORTGAGE,5,0,1,0,0,1,0,0,0,0,C,6000,12.99,0,0.11,0,2
8244,22,56400,MORTGAGE,6,0,1,0,0,1,0,0,0,0,D,17300,15.62,0,0.31,0,4
8246,23,56400,MORTGAGE,,0,1,0,0,1,0,0,0,0,B,4000,11.49,0,0.07,0,4
8256,21,56532,MORTGAGE,,0,1,0,0,1,0,0,0,0,A,16000,7.88,0,0.28,0,3
8262,23,56700,MORTGAGE,7,0,1,0,0,1,0,0,0,0,A,12000,5.42,0,0.21,0,2
8274,22,57000,MORTGAGE,4,0,1,0,0,1,0,0,0,0,A,12875,7.9,0,0.23,0,2
8293,24,57000,MORTGAGE,8,0,1,0,0,1,0,0,0,0,A,6000,5.99,0,0.11,0,3
8307,24,57000,MORTGAGE,5,0,1,0,0,1,0,0,0,0,A,8000,5.42,0,0.14,0,3
8324,22,57000,MORTGAGE,6,0,1,0,0,1,0,0,0,0,A,7000,7.14,0,0.12,0,3
8334,22,57000,MORTGAGE,6,0,1,0,0,1,0,0,0,0,B,11400,12.53,0,0.2,0,3
8348,22,57000,MORTGAGE,6,0,1,0,0,1,0,0,0,0,B,25000,9.01,0,0.44,0,2
8362,25,57200,MORTGAGE,1,0,1,0,0,1,0,0,0,0,A,2400,7.49,0,0.04,0,2
8363,22,57200,MORTGAGE,4,0,1,0,0,1,0,0,0,0,A,7000,7.51,0,0.12,0,2
8369,22,57400,MORTGAGE,0,0,1,0,0,1,0,0,0,0,A,10500,7.75,0,0.18,0,3
8373,23,57468,MORTGAGE,8,0,1,0,0,1,0,0,0,0,B,14075,9.91,0,0.24,0,2
8413,23,57600,MORTGAGE,7,0,1,0,0,1,0,0,0,0,C,10000,13.11,0,0.17,0,3
8417,23,57664,MORTGAGE,4,0,1,0,0,1,0,0,0,0,A,10000,6.62,0,0.17,0,4
8423,23,57738,MORTGAGE,7,0,1,0,0,1,0,0,0,0,A,7000,7.14,0,0.12,0,4
8429,23,57850,MORTGAGE,8,0,1,0,0,1,0,0,0,0,B,4000,10.99,0,0.07,0,2
8430,22,57860,MORTGAGE,1,0,1,0,0,1,0,0,0,0,C,20000,11.41,0,0.35,0,3
8431,22,57900,MORTGAGE,3,0,1,0,0,1,0,0,0,0,A,4850,8.49,0,0.08,0,2
8435,23,57996,MORTGAGE,5,0,1,0,0,1,0,0,0,0,A,8800,7.51,0,0.15,0,2
8451,24,58000,MORTGAGE,3,0,1,0,0,1,0,0,0,0,D,11000,16.77,0,0.19,0,4
8469,21,58000,MORTGAGE,3,0,1,0,0,1,0,0,0,0,A,4500,6.92,0,0.08,0,4
8475,24,52000,MORTGAGE,8,0,1,0,0,1,0,0,0,0,D,5000,15.28,1,0.1,0,4
8477,24,58000,MORTGAGE,8,0,1,0,0,1,0,0,0,0,C,8000,13.43,0,0.14,0,4
8500,23,58000,MORTGAGE,0,0,1,0,0,1,0,0,0,0,A,9600,7.51,0,0.17,0,3
8525,25,58000,MORTGAGE,5,0,1,0,0,1,0,0,0,0,A,3150,6.17,0,0.05,0,4
8535,22,58200,MORTGAGE,1,0,1,0,0,1,0,0,0,0,C,10000,12.53,0,0.17,0,2
8549,22,58608,MORTGAGE,6,0,1,0,0,1,0,0,0,0,A,12000,6.03,0,0.2,0,4
8555,22,58800,MORTGAGE,6,0,1,0,0,1,0,0,0,0,B,5100,10.99,0,0.09,0,4
8559,21,58800,MORTGAGE,5,0,1,0,0,1,0,0,0,0,D,25000,14.09,0,0.43,0,2
8574,22,59000,MORTGAGE,6,0,1,0,0,1,0,0,0,0,B,10000,10.99,0,0.17,0,4
8576,23,59000,MORTGAGE,5,0,1,0,0,1,0,0,0,0,A,13000,5.42,0,0.22,0,4
8584,23,59000,MORTGAGE,7,0,1,0,0,1,0,0,0,0,A,9000,8.49,0,0.15,0,3
8588,22,59000,MORTGAGE,1,0,1,0,0,1,0,0,0,0,A,13375,6.92,0,0.23,0,4
8589,22,53000,MORTGAGE,6,0,1,0,0,1,0,0,0,0,C,25000,13.8,1,0.47,0,3
8594,22,59000,MORTGAGE,4,0,1,0,0,1,0,0,0,0,A,20000,6.91,0,0.34,0,4
8600,25,59000,MORTGAGE,7,0,1,0,0,1,0,0,0,0,B,25000,10.62,0,0.42,0,3
8601,26,59000,MORTGAGE,4,0,1,0,0,1,0,0,0,0,B,3500,10.99,0,0.06,0,2
8605,23,59000,MORTGAGE,0,0,1,0,0,1,0,0,0,0,B,21600,11.89,0,0.37,0,2
8620,25,59400,MORTGAGE,9,0,1,0,0,1,0,0,0,0,C,18500,12.73,0,0.31,0,2
8624,24,59500,MORTGAGE,0,0,1,0,0,1,0,0,0,0,B,4200,10.59,0,0.07,0,2
8644,22,59959,MORTGAGE,4,0,1,0,0,1,0,0,0,0,B,6000,,0,0.1,0,3
8662,23,60000,MORTGAGE,7,0,1,0,0,1,0,0,0,0,A,25850,7.9,0,0.43,0,4
8665,22,60000,MORTGAGE,,0,1,0,0,1,0,0,0,0,A,12000,7.51,0,0.2,0,3
8671,24,60000,MORTGAGE,8,0,1,0,0,1,0,0,0,0,A,10000,6.03,0,0.17,0,3
8672,23,60000,MORTGAGE,7,0,1,0,0,1,0,0,0,0,A,10000,6.03,0,0.17,0,3
8685,23,54000,MORTGAGE,7,0,1,0,0,1,0,0,0,0,B,21200,12.42,1,0.39,0,2
8692,26,60000,MORTGAGE,,0,1,0,0,1,0,0,0,0,A,10000,6.03,0,0.17,0,4
8697,25,60000,MORTGAGE,9,0,1,0,0,1,0,0,0,0,A,12000,7.9,0,0.2,0,3
8698,24,60000,MORTGAGE,8,0,1,0,0,1,0,0,0,0,B,7000,11.71,0,0.12,0,2
8702,23,60000,MORTGAGE,6,0,1,0,0,1,0,0,0,0,C,25600,,0,0.43,0,4
8707,26,60000,MORTGAGE,3,0,1,0,0,1,0,0,0,0,C,30000,14.27,0,0.5,0,4
8709,25,60000,MORTGAGE,7,0,1,0,0,1,0,0,0,0,D,12000,16.77,0,0.2,0,4
8714,23,60000,MORTGAGE,7,0,1,0,0,1,0,0,0,0,A,15000,7.9,0,0.25,0,3
8726,22,60000,MORTGAGE,6,0,1,0,0,1,0,0,0,0,B,3950,10.65,0,0.07,0,2
8728,26,60000,MORTGAGE,7,0,1,0,0,1,0,0,0,0,A,16000,7.9,0,0.27,0,2
8733,24,60000,MORTGAGE,8,0,1,0,0,1,0,0,0,0,B,3000,10.65,0,0.05,0,2
8740,22,60000,MORTGAGE,6,0,1,0,0,1,0,0,0,0,B,6000,9.91,0,0.1,0,4
8746,24,60000,MORTGAGE,4,0,1,0,0,1,0,0,0,0,A,4000,7.9,0,0.07,0,3
8754,23,60000,MORTGAGE,6,0,1,0,0,1,0,0,0,0,A,1200,6.03,0,0.02,0,3
8762,22,60000,MORTGAGE,6,0,1,0,0,1,0,0,0,0,B,16800,11.99,0,0.28,0,3
8764,23,60000,MORTGAGE,7,0,1,0,0,1,0,0,0,0,A,12000,5.99,0,0.2,0,3
8766,22,60000,MORTGAGE,6,0,1,0,0,1,0,0,0,0,D,2500,15.99,0,0.04,0,3
8770,23,60000,MORTGAGE,,0,1,0,0,1,0,0,0,0,A,16000,7.49,0,0.27,0,3
8773,23,60000,MORTGAGE,8,0,1,0,0,1,0,0,0,0,B,21000,,0,0.35,0,3
8778,23,60000,MORTGAGE,5,0,1,0,0,1,0,0,0,0,A,8850,6.99,0,0.15,0,3
8779,26,54000,MORTGAGE,10,0,1,0,0,1,0,0,0,0,A,8500,5.42,1,0.16,0,3
8790,22,60000,MORTGAGE,2,0,1,0,0,1,0,0,0,0,B,3500,9.99,0,0.06,0,2
8804,23,60000,MORTGAGE,,0,1,0,0,1,0,0,0,0,B,5600,10.99,0,0.09,0,2
8815,24,60000,MORTGAGE,3,0,1,0,0,1,0,0,0,0,A,4000,5.42,0,0.07,0,2
8823,22,60000,MORTGAGE,,0,1,0,0,1,0,0,0,0,A,10000,5.99,0,0.17,0,2
8832,25,60000,MORTGAGE,1,0,1,0,0,1,0,0,0,0,A,4000,,0,0.07,0,4
8840,22,60000,MORTGAGE,6,0,1,0,0,1,0,0,0,0,B,2800,10.99,0,0.05,0,4
8844,22,60000,MORTGAGE,6,0,1,0,0,1,0,0,0,0,A,6000,6.62,0,0.1,0,3
8849,22,60000,MORTGAGE,1,0,1,0,0,1,0,0,0,0,A,4800,7.49,0,0.08,0,3
8858,22,60000,MORTGAGE,6,0,1,0,0,1,0,0,0,0,A,2500,6.99,0,0.04,0,3
8872,25,54000,MORTGAGE,4,0,1,0,0,1,0,0,0,0,D,12000,17.49,1,0.22,0,4
8879,26,60000,MORTGAGE,10,0,1,0,0,1,0,0,0,0,A,7875,7.66,0,0.13,0,3
8883,22,60000,MORTGAGE,7,0,1,0,0,1,0,0,0,0,B,10950,11.11,0,0.18,0,3
8886,22,60000,MORTGAGE,5,0,1,0,0,1,0,0,0,0,B,8800,10.37,0,0.15,0,4
8912,26,60000,MORTGAGE,3,0,1,0,0,1,0,0,0,0,B,20000,10.74,0,0.33,0,4
8943,22,60000,MORTGAGE,,0,1,0,0,1,0,0,0,0,A,5000,6.54,0,0.08,0,4
8949,26,60000,MORTGAGE,6,0,1,0,0,1,0,0,0,0,A,9000,6.91,0,0.15,0,3
8967,23,60000,MORTGAGE,6,0,1,0,0,1,0,0,0,0,A,7000,6.54,0,0.12,0,3
8977,26,60000,MORTGAGE,4,0,1,0,0,1,0,0,0,0,B,7000,9.62,0,0.12,0,3
8978,23,60000,MORTGAGE,4,0,1,0,0,1,0,0,0,0,A,13000,6.91,0,0.22,0,2
8980,25,60000,MORTGAGE,3,0,1,0,0,1,0,0,0,0,B,10000,10.36,0,0.17,0,4
8999,23,60000,MORTGAGE,7,0,1,0,0,1,0,0,0,0,A,12000,7.88,0,0.2,0,2
9015,23,54000,MORTGAGE,5,0,1,0,0,1,0,0,0,0,B,7750,10.38,1,0.14,0,4
9029,22,60000,MORTGAGE,4,0,1,0,0,1,0,0,0,0,A,8000,7.14,0,0.13,0,2
9042,23,60000,MORTGAGE,7,0,1,0,0,1,0,0,0,0,A,10500,,0,0.17,0,4
9046,23,60000,MORTGAGE,3,0,1,0,0,1,0,0,0,0,A,20000,7.88,0,0.33,0,4
9083,21,60000,MORTGAGE,4,0,1,0,0,1,0,0,0,0,B,12000,11.36,0,0.2,0,3
9092,23,60000,MORTGAGE,7,0,1,0,0,1,0,0,0,0,A,10750,7.88,0,0.18,0,3
9112,23,60000,MORTGAGE,4,0,1,0,0,1,0,0,0,0,A,10000,,0,0.17,0,4
9151,23,60000,MORTGAGE,7,0,1,0,0,1,0,0,0,0,B,20000,12.18,0,0.33,0,4
9173,24,60000,MORTGAGE,0,0,1,0,0,1,0,0,0,0,D,8000,15.65,0,0.13,0,3
9175,26,60000,MORTGAGE,5,0,1,0,0,1,0,0,0,0,B,6000,11.83,0,0.1,0,2
9178,22,54000,MORTGAGE,0,0,1,0,0,1,0,0,0,0,B,4000,11.14,1,0.07,0,3
9195,22,60000,MORTGAGE,7,0,1,0,0,1,0,0,0,0,D,10000,,0,0.17,0,3
9197,23,60000,MORTGAGE,6,0,1,0,0,1,0,0,0,0,B,11500,11.26,0,0.19,0,2
9207,22,60000,MORTGAGE,4,0,1,0,0,1,0,0,0,0,C,16750,12.53,0,0.28,0,2
9211,25,60000,MORTGAGE,8,0,1,0,0,1,0,0,0,0,C,8000,,0,0.13,0,3
9228,22,60000,MORTGAGE,2,0,1,0,0,1,0,0,0,0,A,1000,9.63,0,0.02,0,3
9239,22,60000,MORTGAGE,6,0,1,0,0,1,0,0,0,0,C,1600,11.66,0,0.03,0,4
9249,22,60000,MORTGAGE,1,0,1,0,0,1,0,0,0,0,C,7500,11.66,0,0.13,0,2
9252,22,60000,MORTGAGE,1,0,1,0,0,1,0,0,0,0,B,17000,9.45,0,0.28,0,4
9268,22,60400,MORTGAGE,0,0,1,0,0,1,0,0,0,0,A,24000,6.54,0,0.4,0,3
9278,22,60500,MORTGAGE,6,0,1,0,0,1,0,0,0,0,A,12000,8.94,0,0.2,0,3
9280,24,60500,MORTGAGE,8,0,1,0,0,1,0,0,0,0,A,6000,7.68,0,0.1,0,4
9299,22,61000,MORTGAGE,6,0,1,0,0,1,0,0,0,0,A,2100,6.62,0,0.03,0,3
9300,24,55000,MORTGAGE,8,0,1,0,0,1,0,0,0,0,B,6000,11.99,1,0.11,0,2
9310,22,61000,MORTGAGE,6,0,1,0,0,1,0,0,0,0,A,12000,7.49,0,0.2,0,2
9321,25,61000,MORTGAGE,4,0,1,0,0,1,0,0,0,0,A,7000,5.79,0,0.11,0,4
9343,24,61193,MORTGAGE,5,0,1,0,0,1,0,0,0,0,A,6400,8.59,0,0.1,0,3
9356,24,61200,MORTGAGE,5,0,1,0,0,1,0,0,0,0,B,5100,10.51,0,0.08,0,2
9358,24,55200,MORTGAGE,8,0,1,0,0,1,0,0,0,0,C,9600,10.78,1,0.17,0,4
9369,22,61402,MORTGAGE,7,0,1,0,0,1,0,0,0,0,B,10800,9.99,0,0.18,0,2
9382,24,61781,MORTGAGE,6,0,1,0,0,1,0,0,0,0,B,17800,10.25,0,0.29,0,3
9401,23,62000,MORTGAGE,6,0,1,0,0,1,0,0,0,0,B,1800,11.71,0,0.03,0,3
9405,22,62000,MORTGAGE,6,0,1,0,0,1,0,0,0,0,A,15075,6.03,0,0.24,0,2
9410,22,62000,MORTGAGE,3,0,1,0,0,1,0,0,0,0,A,2000,6.03,0,0.03,0,3
9429,22,62000,MORTGAGE,2,0,1,0,0,1,0,0,0,0,A,10000,5.99,0,0.16,0,4
9435,22,62000,MORTGAGE,5,0,1,0,0,1,0,0,0,0,B,9000,10,0,0.15,0,2
9442,24,62000,MORTGAGE,8,0,1,0,0,1,0,0,0,0,B,7750,10,0,0.13,0,2
9449,22,62000,MORTGAGE,6,0,1,0,0,1,0,0,0,0,A,1500,6.91,0,0.02,0,2
9451,22,62000,MORTGAGE,6,0,1,0,0,1,0,0,0,0,A,17000,6.91,0,0.27,0,3
9459,25,62000,MORTGAGE,9,0,1,0,0,1,0,0,0,0,B,2100,11.86,0,0.03,0,2
9467,21,56000,MORTGAGE,5,0,1,0,0,1,0,0,0,0,B,18000,10.25,1,0.32,0,2
9474,22,62000,MORTGAGE,2,0,1,0,0,1,0,0,0,0,C,6000,13.92,0,0.1,0,4
9490,22,62000,MORTGAGE,2,0,1,0,0,1,0,0,0,0,D,7500,13.87,0,0.12,0,3
9513,22,62004,MORTGAGE,6,0,1,0,0,1,0,0,0,0,A,3600,7.37,0,0.06,0,2
9516,26,62100,MORTGAGE,2,0,1,0,0,1,0,0,0,0,B,9600,11.71,0,0.15,0,4
9519,24,62100,MORTGAGE,8,0,1,0,0,1,0,0,0,0,C,6000,12.53,0,0.1,0,2
9545,22,56400,MORTGAGE,6,0,1,0,0,1,0,0,0,0,D,8400,14.91,1,0.15,0,2
9548,24,62400,MORTGAGE,3,0,1,0,0,1,0,0,0,0,A,9500,6.54,0,0.15,0,2
9551,25,62400,MORTGAGE,9,0,1,0,0,1,0,0,0,0,D,12500,14.96,0,0.2,0,3
9558,23,62471,MORTGAGE,,0,1,0,0,1,0,0,0,0,A,12000,6.91,0,0.19,0,2
9565,21,62500,MORTGAGE,6,0,1,0,0,1,0,0,0,0,A,13200,7.9,0,0.21,0,3
9585,23,62510,MORTGAGE,5,0,1,0,0,1,0,0,0,0,B,12000,10.74,0,0.19,0,4
9596,21,62916,MORTGAGE,5,0,1,0,0,1,0,0,0,0,B,15000,11.49,0,0.24,0,4
9603,23,63000,MORTGAGE,7,0,1,0,0,1,0,0,0,0,A,20000,7.9,0,0.32,0,2
9612,23,63000,MORTGAGE,8,0,1,0,0,1,0,0,0,0,A,7300,7.49,0,0.12,0,2
9632,22,63000,MORTGAGE,6,0,1,0,0,1,0,0,0,0,A,4500,5.42,0,0.07,0,2
9635,22,63000,MORTGAGE,6,0,1,0,0,1,0,0,0,0,A,3700,5.42,0,0.06,0,4
9636,25,63000,MORTGAGE,9,0,1,0,0,1,0,0,0,0,B,25000,11.49,0,0.4,0,2
9662,25,63000,MORTGAGE,3,0,1,0,0,1,0,0,0,0,C,3000,13.47,0,0.05,0,2
9667,22,63000,MORTGAGE,2,0,1,0,0,1,0,0,0,0,A,14100,8,0,0.22,0,2
9675,25,63000,MORTGAGE,0,0,1,0,0,1,0,0,0,0,D,25000,13.87,0,0.4,0,2
9700,22,63500,MORTGAGE,5,0,1,0,0,1,0,0,0,0,B,7200,,0,0.11,0,3
9701,22,63500,MORTGAGE,3,0,1,0,0,1,0,0,0,0,C,7000,,0,0.11,0,2
9722,22,63996,MORTGAGE,4,0,1,0,0,1,0,0,0,0,A,3250,7.88,0,0.05,0,4
9729,26,64000,MORTGAGE,3,0,1,0,0,1,0,0,0,0,B,12000,11.71,0,0.19,0,3
9738,23,64000,MORTGAGE,7,0,1,0,0,1,0,0,0,0,A,2100,6.03,0,0.03,0,2
9744,22,64000,MORTGAGE,6,0,1,0,0,1,0,0,0,0,A,6000,,0,0.09,0,4
9766,22,64000,MORTGAGE,2,0,1,0,0,1,0,0,0,0,B,25000,11.83,0,0.39,0,4
9767,24,64000,MORTGAGE,0,0,1,0,0,1,0,0,0,0,A,12000,8.59,0,0.19,0,3
9796,23,64500,MORTGAGE,4,0,1,0,0,1,0,0,0,0,A,5000,,0,0.08,0,2
9797,24,64500,MORTGAGE,8,0,1,0,0,1,0,0,0,0,C,1200,14.72,0,0.02,0,2
9799,23,64500,MORTGAGE,8,0,1,0,0,1,0,0,0,0,B,10000,12.18,0,0.16,0,4
9800,21,64500,MORTGAGE,2,0,1,0,0,1,0,0,0,0,B,15000,11.83,0,0.23,0,2
9808,24,64656,MORTGAGE,8,0,1,0,0,1,0,0,0,0,B,14500,10.99,0,0.22,0,4
9813,25,64800,MORTGAGE,9,0,1,0,0,1,0,0,0,0,B,4500,10.65,0,0.07,0,2
9834,23,65000,MORTGAGE,7,0,1,0,0,1,0,0,0,0,A,10500,6.03,0,0.16,0,4
9841,23,65000,MORTGAGE,0,0,1,0,0,1,0,0,0,0,A,8200,6.62,0,0.13,0,4
9862,24,65000,MORTGAGE,3,0,1,0,0,1,0,0,0,0,A,6000,6.03,0,0.09,0,3
9867,26,65000,MORTGAGE,10,0,1,0,0,1,0,0,0,0,A,5000,7.51,0,0.08,0,2
9889,25,65000,MORTGAGE,3,0,1,0,0,1,0,0,0,0,C,10000,12.99,0,0.15,0,2
9894,22,65000,MORTGAGE,6,0,1,0,0,1,0,0,0,0,A,12800,5.99,0,0.2,0,4
9903,23,65000,MORTGAGE,5,0,1,0,0,1,0,0,0,0,B,4000,11.49,0,0.06,0,4
9918,26,65000,MORTGAGE,9,0,1,0,0,1,0,0,0,0,A,20500,6.99,0,0.32,0,2
9922,24,65000,MORTGAGE,5,0,1,0,0,1,0,0,0,0,B,9600,11.99,0,0.15,0,3
9927,20,65000,MORTGAGE,4,0,1,0,0,1,0,0,0,0,B,4800,9.99,0,0.07,0,2
9932,24,65000,MORTGAGE,0,0,1,0,0,1,0,0,0,0,A,14000,8.49,0,0.22,0,3
9945,24,65000,MORTGAGE,3,0,1,0,0,1,0,0,0,0,A,8000,5.99,0,0.12,0,2
9950,23,65000,MORTGAGE,7,0,1,0,0,1,0,0,0,0,A,10000,7.49,0,0.15,0,2
10016,22,65000,MORTGAGE,4,0,1,0,0,1,0,0,0,0,C,10000,13.35,0,0.15,0,4
10018,23,65000,MORTGAGE,7,0,1,0,0,1,0,0,0,0,A,9000,7.88,0,0.14,0,3
10039,23,65000,MORTGAGE,7,0,1,0,0,1,0,0,0,0,A,5500,7.88,0,0.08,0,3
10045,26,59000,MORTGAGE,,0,1,0,0,1,0,0,0,0,B,9800,11.49,1,0.17,0,4
10048,22,65000,MORTGAGE,6,0,1,0,0,1,0,0,0,0,A,10000,7.88,0,0.15,0,2
10056,25,59000,MORTGAGE,9,0,1,0,0,1,0,0,0,0,B,20000,11.36,1,0.34,0,2
10061,26,65000,MORTGAGE,,0,1,0,0,1,0,0,0,0,B,6000,11.36,0,0.09,0,4
10070,24,65000,MORTGAGE,1,0,1,0,0,1,0,0,0,0,A,8500,7.51,0,0.13,0,2
10078,23,65000,MORTGAGE,7,0,1,0,0,1,0,0,0,0,B,6000,11.48,0,0.09,0,4
10079,23,65000,MORTGAGE,4,0,1,0,0,1,0,0,0,0,A,7500,8.59,0,0.12,0,3
10086,23,65000,MORTGAGE,2,0,1,0,0,1,0,0,0,0,B,20000,12.18,0,0.31,0,4
10111,23,65000,MORTGAGE,2,0,1,0,0,1,0,0,0,0,B,15000,10.95,0,0.23,0,3
10118,22,65000,MORTGAGE,4,0,1,0,0,1,0,0,0,0,A,9000,9.63,0,0.14,0,3
10121,26,65000,MORTGAGE,4,0,1,0,0,1,0,0,0,0,B,5000,11.89,0,0.08,0,4
10125,26,65000,MORTGAGE,6,0,1,0,0,1,0,0,0,0,A,6000,9.07,0,0.09,0,3
10128,23,65000,MORTGAGE,7,0,1,0,0,1,0,0,0,0,B,5125,10.71,0,0.08,0,4
10136,23,65000,MORTGAGE,1,0,1,0,0,1,0,0,0,0,E,15000,14.5,0,0.23,0,4
10137,23,65000,MORTGAGE,7,0,1,0,0,1,0,0,0,0,A,4000,7.75,0,0.06,0,2
10149,22,65004,MORTGAGE,5,0,1,0,0,1,0,0,0,0,A,6500,,0,0.1,0,2
10161,22,65004,MORTGAGE,0,0,1,0,0,1,0,0,0,0,C,13000,13.23,0,0.2,0,2
10179,22,65338,MORTGAGE,6,0,1,0,0,1,0,0,0,0,B,6500,11.71,0,0.1,0,4
10182,22,65416,MORTGAGE,6,0,1,0,0,1,0,0,0,0,A,8000,6.92,0,0.12,0,2
10194,25,59600,MORTGAGE,5,0,1,0,0,1,0,0,0,0,E,6000,16.45,1,0.1,0,4
10198,25,65707,MORTGAGE,1,0,1,0,0,1,0,0,0,0,D,2000,14.59,0,0.03,0,3
10200,23,65748,MORTGAGE,6,0,1,0,0,1,0,0,0,0,A,8800,9.63,0,0.13,0,3
10216,22,66000,MORTGAGE,,0,1,0,0,1,0,0,0,0,A,6000,7.9,0,0.09,0,3
10218,22,66000,MORTGAGE,0,0,1,0,0,1,0,0,0,0,A,6000,7.51,0,0.09,0,2
10229,22,60000,MORTGAGE,,0,1,0,0,1,0,0,0,0,A,14000,7.49,1,0.23,0,2
10237,23,66000,MORTGAGE,8,0,1,0,0,1,0,0,0,0,B,8750,9.99,0,0.13,0,2
10245,21,66000,MORTGAGE,5,0,1,0,0,1,0,0,0,0,A,4500,7.49,0,0.07,0,2
10284,23,66000,MORTGAGE,1,0,1,0,0,1,0,0,0,0,B,13200,11.14,0,0.2,0,4
10286,22,66000,MORTGAGE,4,0,1,0,0,1,0,0,0,0,B,17500,11.48,0,0.27,0,3
10306,22,66396,MORTGAGE,6,0,1,0,0,1,0,0,0,0,C,15000,13.48,0,0.23,0,2
10316,26,66504,MORTGAGE,10,0,1,0,0,1,0,0,0,0,C,12000,12.53,0,0.18,0,3
10326,22,66996,MORTGAGE,6,0,1,0,0,1,0,0,0,0,B,6000,10.37,0,0.09,0,3
10327,24,66996,MORTGAGE,5,0,1,0,0,1,0,0,0,0,B,10000,9.62,0,0.15,0,2
10352,24,67000,MORTGAGE,9,0,1,0,0,1,0,0,0,0,A,10400,5.99,0,0.16,0,2
10353,22,67000,MORTGAGE,0,0,1,0,0,1,0,0,0,0,B,12000,11.99,0,0.18,0,4
10385,25,67000,MORTGAGE,0,0,1,0,0,1,0,0,0,0,A,7000,8.63,0,0.1,0,3
10390,22,67145,MORTGAGE,2,0,1,0,0,1,0,0,0,0,B,10000,10.62,0,0.15,0,4
10395,23,67200,MORTGAGE,7,0,1,0,0,1,0,0,0,0,A,5525,6.99,0,0.08,0,4
10399,24,61200,MORTGAGE,8,0,1,0,0,1,0,0,0,0,C,2500,,1,0.04,0,4
10407,22,67350,MORTGAGE,6,0,1,0,0,1,0,0,0,0,D,9600,14.96,0,0.14,0,4
10409,22,67440,MORTGAGE,6,0,1,0,0,1,0,0,0,0,B,5500,10.25,0,0.08,0,4
10414,24,67500,MORTGAGE,2,0,1,0,0,1,0,0,0,0,B,14400,11.71,0,0.21,0,2
10450,22,68000,MORTGAGE,6,0,1,0,0,1,0,0,0,0,C,9000,15.27,0,0.13,0,2
10455,22,68000,MORTGAGE,6,0,1,0,0,1,0,0,0,0,A,11000,6.99,0,0.16,0,4
10456,23,68000,MORTGAGE,5,0,1,0,0,1,0,0,0,0,B,11500,9.99,0,0.17,0,3
10469,26,68000,MORTGAGE,10,0,1,0,0,1,0,0,0,0,A,10000,8.49,0,0.15,0,3
10485,22,68000,MORTGAGE,6,0,1,0,0,1,0,0,0,0,B,10000,,0,0.15,0,2
10488,24,68000,MORTGAGE,7,0,1,0,0,1,0,0,0,0,A,6000,7.88,0,0.09,0,2
10497,22,68000,MORTGAGE,3,0,1,0,0,1,0,0,0,0,B,14800,9.88,0,0.22,0,4
10499,26,68000,MORTGAGE,10,0,1,0,0,1,0,0,0,0,A,6500,,0,0.1,0,2
10510,23,68000,MORTGAGE,0,0,1,0,0,1,0,0,0,0,A,4000,,0,0.06,0,4
10513,23,68000,MORTGAGE,4,0,1,0,0,1,0,0,0,0,A,1000,8,0,0.01,0,3
10520,24,68004,MORTGAGE,7,0,1,0,0,1,0,0,0,0,A,4000,6.39,0,0.06,0,3
10522,21,68004,MORTGAGE,5,0,1,0,0,1,0,0,0,0,B,16000,11.26,0,0.24,0,3
10528,25,68250,MORTGAGE,3,0,1,0,0,1,0,0,0,0,A,17000,,0,0.25,0,3
10553,26,68500,MORTGAGE,0,0,1,0,0,1,0,0,0,0,B,6500,11.14,0,0.09,0,2
10561,22,68670,MORTGAGE,5,0,1,0,0,1,0,0,0,0,A,20000,6.91,0,0.29,0,3
10572,26,63000,MORTGAGE,4,0,1,0,0,1,0,0,0,0,C,12000,15.27,1,0.19,0,2
10574,22,69000,MORTGAGE,0,0,1,0,0,1,0,0,0,0,A,15000,8.49,0,0.22,0,2
10604,22,69000,MORTGAGE,4,0,1,0,0,1,0,0,0,0,A,1000,7.4,0,0.01,0,2
10608,23,69000,MORTGAGE,0,0,1,0,0,1,0,0,0,0,B,8000,10.95,0,0.12,0,2
10644,22,69867,MORTGAGE,2,0,1,0,0,1,0,0,0,0,B,13000,11.14,0,0.19,0,2
10648,22,69950,MORTGAGE,6,0,1,0,0,1,0,0,0,0,C,9750,14.65,0,0.14,0,2
10669,24,69996,MORTGAGE,8,0,1,0,0,1,0,0,0,0,A,3000,6.39,0,0.04,0,3
10695,23,70000,MORTGAGE,2,0,1,0,0,1,0,0,0,0,A,24000,8.9,0,0.34,0,4
10713,24,70000,MORTGAGE,3,0,1,0,0,1,0,0,0,0,A,7750,6.62,0,0.11,0,3
10715,22,70000,MORTGAGE,2,0,1,0,0,1,0,0,0,0,A,5000,6.03,0,0.07,0,2
10727,22,70000,MORTGAGE,7,0,1,0,0,1,0,0,0,0,A,2000,7.9,0,0.03,0,3
10732,23,70000,MORTGAGE,,0,1,0,0,1,0,0,0,0,A,10500,7.51,0,0.15,0,2
10738,23,70000,MORTGAGE,7,0,1,0,0,1,0,0,0,0,B,16000,,0,0.23,0,4
10740,23,70000,MORTGAGE,7,0,1,0,0,1,0,0,0,0,A,13000,5.42,0,0.19,0,3
10754,22,70000,MORTGAGE,6,0,1,0,0,1,0,0,0,0,A,9750,8.49,0,0.14,0,4
10763,24,70000,MORTGAGE,2,0,1,0,0,1,0,0,0,0,C,6000,15.23,0,0.09,0,4
10772,22,70000,MORTGAGE,1,0,1,0,0,1,0,0,0,0,A,8000,7.49,0,0.11,0,3
10792,24,70000,MORTGAGE,4,0,1,0,0,1,0,0,0,0,B,21000,11.99,0,0.3,0,4
10794,22,70000,MORTGAGE,6,0,1,0,0,1,0,0,0,0,A,6800,,0,0.1,0,4
10798,23,70000,MORTGAGE,,0,1,0,0,1,0,0,0,0,B,2500,11.99,0,0.04,0,2
10848,23,70000,MORTGAGE,7,0,1,0,0,1,0,0,0,0,A,20000,6.17,0,0.29,0,2
10863,24,64000,MORTGAGE,8,0,1,0,0,1,0,0,0,0,A,5000,7.88,1,0.08,0,4
10864,23,70000,MORTGAGE,7,0,1,0,0,1,0,0,0,0,B,4000,,0,0.06,0,4
10871,26,70000,MORTGAGE,3,0,1,0,0,1,0,0,0,0,C,3500,14.35,0,0.05,0,3
10883,21,70000,MORTGAGE,3,0,1,0,0,1,0,0,0,0,A,9800,7.14,0,0.14,0,4
10893,26,70000,MORTGAGE,10,0,1,0,0,1,0,0,0,0,B,5000,9.88,0,0.07,0,4
10896,22,70000,MORTGAGE,6,0,1,0,0,1,0,0,0,0,A,6000,7.14,0,0.09,0,4
10914,26,70000,MORTGAGE,0,0,1,0,0,1,0,0,0,0,A,7000,7.88,0,0.1,0,4
10943,24,70000,MORTGAGE,1,0,1,0,0,1,0,0,0,0,B,9000,11.83,0,0.13,0,3
10950,23,70000,MORTGAGE,5,0,1,0,0,1,0,0,0,0,B,20000,12.21,0,0.29,0,4
10952,22,70000,MORTGAGE,0,0,1,0,0,1,0,0,0,0,D,9600,15.37,0,0.14,0,2
10956,23,70000,MORTGAGE,4,0,1,0,0,1,0,0,0,0,A,8400,8,0,0.12,0,3
10958,22,70000,MORTGAGE,3,0,1,0,0,1,0,0,0,0,D,18000,14.42,0,0.26,0,3
10985,25,70224,MORTGAGE,1,0,1,0,0,1,0,0,0,0,C,21000,13.22,0,0.3,0,4
10994,23,70572,MORTGAGE,8,0,1,0,0,1,0,0,0,0,A,14500,5.99,0,0.21,0,3
10997,26,70800,MORTGAGE,6,0,1,0,0,1,0,0,0,0,A,8500,6.54,0,0.12,0,3
10998,23,70800,MORTGAGE,6,0,1,0,0,1,0,0,0,0,D,9600,,0,0.14,0,4
11004,23,71000,MORTGAGE,7,0,1,0,0,1,0,0,0,0,A,9600,7.51,0,0.14,0,4
11021,24,71000,MORTGAGE,8,0,1,0,0,1,0,0,0,0,B,3500,11.49,0,0.05,0,2
11027,24,71000,MORTGAGE,8,0,1,0,0,1,0,0,0,0,B,20000,11.36,0,0.28,0,2
11048,22,71400,MORTGAGE,,0,1,0,0,1,0,0,0,0,B,3000,10.99,0,0.04,0,3
11055,25,71500,MORTGAGE,2,0,1,0,0,1,0,0,0,0,B,9250,12.53,0,0.13,0,4
11060,25,71711,MORTGAGE,9,0,1,0,0,1,0,0,0,0,B,4800,,0,0.07,0,3
11069,25,72000,MORTGAGE,9,0,1,0,0,1,0,0,0,0,B,14000,12.42,0,0.19,0,2
11076,23,72000,MORTGAGE,7,0,1,0,0,1,0,0,0,0,B,5000,,0,0.07,0,3
11097,26,72000,MORTGAGE,10,0,1,0,0,1,0,0,0,0,D,16000,,0,0.22,0,3
11102,23,72000,MORTGAGE,7,0,1,0,0,1,0,0,0,0,A,20000,7.49,0,0.28,0,2
11109,25,72000,MORTGAGE,9,0,1,0,0,1,0,0,0,0,D,9000,15.62,0,0.13,0,4
11114,22,72000,MORTGAGE,3,0,1,0,0,1,0,0,0,0,A,8400,5.42,0,0.12,0,2
11142,22,72000,MORTGAGE,7,0,1,0,0,1,0,0,0,0,A,10000,,0,0.14,0,2
11151,24,72000,MORTGAGE,6,0,1,0,0,1,0,0,0,0,C,10000,12.98,0,0.14,0,4
11152,22,72000,MORTGAGE,6,0,1,0,0,1,0,0,0,0,A,5000,6.54,0,0.07,0,4
11161,23,72000,MORTGAGE,7,0,1,0,0,1,0,0,0,0,A,7000,6.17,0,0.1,0,3
11174,23,72000,MORTGAGE,7,0,1,0,0,1,0,0,0,0,A,6400,7.51,0,0.09,0,2
11183,23,72000,MORTGAGE,7,0,1,0,0,1,0,0,0,0,B,11875,10.38,0,0.16,0,3
11190,22,72000,MORTGAGE,3,0,1,0,0,1,0,0,0,0,B,5000,,0,0.07,0,2
11195,25,72000,MORTGAGE,9,0,1,0,0,1,0,0,0,0,A,3200,6.39,0,0.04,0,3
11196,22,72000,MORTGAGE,6,0,1,0,0,1,0,0,0,0,E,8000,16.45,0,0.11,0,4
11203,24,72000,MORTGAGE,1,0,1,0,0,1,0,0,0,0,B,16000,10.25,0,0.22,0,3
11212,24,72000,MORTGAGE,0,0,1,0,0,1,0,0,0,0,B,9000,,0,0.13,0,2
11225,25,72000,MORTGAGE,7,0,1,0,0,1,0,0,0,0,B,25000,11.89,0,0.35,0,2
11235,26,72000,MORTGAGE,10,0,1,0,0,1,0,0,0,0,A,4000,9.32,0,0.06,0,4
11242,22,72060,MORTGAGE,7,0,1,0,0,1,0,0,0,0,B,5500,11.71,0,0.08,0,3
11245,22,72100,MORTGAGE,2,0,1,0,0,1,0,0,0,0,A,13000,,0,0.18,0,3
11247,24,72100,MORTGAGE,2,0,1,0,0,1,0,0,0,0,B,16000,10.25,0,0.22,0,4
11264,22,72500,MORTGAGE,7,0,1,0,0,1,0,0,0,0,A,13200,7.29,0,0.18,0,3
11281,26,72996,MORTGAGE,1,0,1,0,0,1,0,0,0,0,B,15000,10.38,0,0.21,0,4
11285,26,73000,MORTGAGE,10,0,1,0,0,1,0,0,0,0,A,10625,6.03,0,0.15,0,4
11289,22,73000,MORTGAGE,6,0,1,0,0,1,0,0,0,0,B,7000,10.59,0,0.1,0,2
11302,24,73000,MORTGAGE,4,0,1,0,0,1,0,0,0,0,A,6500,5.42,0,0.09,0,2
11313,24,73000,MORTGAGE,,0,1,0,0,1,0,0,0,0,A,16000,7.88,0,0.22,0,4
11333,23,73426,MORTGAGE,0,0,1,0,0,1,0,0,0,0,C,7500,,0,0.1,0,2
11335,24,73440,MORTGAGE,7,0,1,0,0,1,0,0,0,0,A,7000,6.99,0,0.1,0,2
11351,22,74000,MORTGAGE,6,0,1,0,0,1,0,0,0,0,B,9000,,0,0.12,0,2
11369,23,74000,MORTGAGE,7,0,1,0,0,1,0,0,0,0,B,10000,,0,0.14,0,2
11373,22,74000,MORTGAGE,6,0,1,0,0,1,0,0,0,0,A,10000,7.88,0,0.14,0,2
11378,25,74000,MORTGAGE,1,0,1,0,0,1,0,0,0,0,A,10000,,0,0.14,0,3
11386,23,74000,MORTGAGE,7,0,1,0,0,1,0,0,0,0,B,12000,11.58,0,0.16,0,2
11391,22,74004,MORTGAGE,6,0,1,0,0,1,0,0,0,0,A,12000,,0,0.16,0,4
11405,24,74448,MORTGAGE,8,0,1,0,0,1,0,0,0,0,A,4000,,0,0.05,0,2
11418,24,74700,MORTGAGE,7,0,1,0,0,1,0,0,0,0,A,12000,5.42,0,0.16,0,4
11430,23,75000,MORTGAGE,5,0,1,0,0,1,0,0,0,0,A,31825,7.9,0,0.42,0,2
11459,22,75000,MORTGAGE,6,0,1,0,0,1,0,0,0,0,B,14950,9.91,0,0.2,0,4
11485,22,75000,MORTGAGE,6,0,1,0,0,1,0,0,0,0,B,14825,12.69,0,0.2,0,3
11489,23,75000,MORTGAGE,7,0,1,0,0,1,0,0,0,0,A,16100,7.9,0,0.21,0,3
11491,22,69000,MORTGAGE,1,0,1,0,0,1,0,0,0,0,C,17000,15.27,1,0.25,0,3
11497,23,75000,MORTGAGE,6,0,1,0,0,1,0,0,0,0,A,5000,6.03,0,0.07,0,4
11504,21,75000,MORTGAGE,4,0,1,0,0,1,0,0,0,0,B,7125,9.99,0,0.1,0,4
11506,24,75000,MORTGAGE,7,0,1,0,0,1,0,0,0,0,A,8500,6.99,0,0.11,0,3
11508,25,75000,MORTGAGE,5,0,1,0,0,1,0,0,0,0,A,5800,,0,0.08,0,2
11514,26,75000,MORTGAGE,9,0,1,0,0,1,0,0,0,0,C,4000,12.99,0,0.05,0,2
11522,22,75000,MORTGAGE,6,0,1,0,0,1,0,0,0,0,A,11000,5.42,0,0.15,0,2
11535,24,75000,MORTGAGE,0,0,1,0,0,1,0,0,0,0,B,7000,11.99,0,0.09,0,3
11552,24,75000,MORTGAGE,8,0,1,0,0,1,0,0,0,0,A,3000,5.42,0,0.04,0,3
11556,26,75000,MORTGAGE,6,0,1,0,0,1,0,0,0,0,A,5000,7.66,0,0.07,0,2
11566,22,75000,MORTGAGE,6,0,1,0,0,1,0,0,0,0,A,10600,5.79,0,0.14,0,2
11569,21,75000,MORTGAGE,5,0,1,0,0,1,0,0,0,0,A,5400,7.29,0,0.07,0,3
11575,22,75000,MORTGAGE,3,0,1,0,0,1,0,0,0,0,A,9000,5.79,0,0.12,0,2
11586,23,75000,MORTGAGE,0,0,1,0,0,1,0,0,0,0,B,12000,9.62,0,0.16,0,2
11589,21,75000,MORTGAGE,5,0,1,0,0,1,0,0,0,0,A,8550,6.91,0,0.11,0,3
11606,26,75000,MORTGAGE,10,0,1,0,0,1,0,0,0,0,A,9600,5.42,0,0.13,0,3
11614,23,75000,MORTGAGE,7,0,1,0,0,1,0,0,0,0,B,7100,9.25,0,0.09,0,2
11637,22,75000,MORTGAGE,4,0,1,0,0,1,0,0,0,0,C,15000,13.61,0,0.2,0,4
11640,22,75000,MORTGAGE,6,0,1,0,0,1,0,0,0,0,C,16000,13.61,0,0.21,0,2
11664,26,75000,MORTGAGE,2,0,1,0,0,1,0,0,0,0,A,10000,7.88,0,0.13,0,3
11669,24,75000,MORTGAGE,8,0,1,0,0,1,0,0,0,0,A,5000,6.76,0,0.07,0,4
11681,23,75000,MORTGAGE,7,0,1,0,0,1,0,0,0,0,A,8000,7.05,0,0.11,0,2
11688,23,75000,MORTGAGE,3,0,1,0,0,1,0,0,0,0,A,4900,7.74,0,0.07,0,4
11691,23,75000,MORTGAGE,4,0,1,0,0,1,0,0,0,0,A,8000,8.59,0,0.11,0,2
11699,22,75000,MORTGAGE,6,0,1,0,0,1,0,0,0,0,A,5000,7.74,0,0.07,0,4
11702,24,75000,MORTGAGE,1,0,1,0,0,1,0,0,0,0,A,2000,8.94,0,0.03,0,4
11730,23,75000,MORTGAGE,0,0,1,0,0,1,0,0,0,0,A,3200,8,0,0.04,0,3
11732,23,75000,MORTGAGE,8,0,1,0,0,1,0,0,0,0,D,3000,14.11,0,0.04,0,3
11746,24,69000,MORTGAGE,1,0,1,0,0,1,0,0,0,0,B,4900,10.96,1,0.07,0,2
11748,23,75000,MORTGAGE,0,0,1,0,0,1,0,0,0,0,A,6000,8,0,0.08,0,2
11767,25,75500,MORTGAGE,9,0,1,0,0,1,0,0,0,0,B,7000,11.36,0,0.09,0,2
11775,22,75600,MORTGAGE,3,0,1,0,0,1,0,0,0,0,A,10000,,0,0.13,0,4
11805,22,76000,MORTGAGE,0,0,1,0,0,1,0,0,0,0,B,15000,10.99,0,0.2,0,3
11831,26,76160,MORTGAGE,10,0,1,0,0,1,0,0,0,0,A,7400,7.51,0,0.1,0,2
11845,23,76500,MORTGAGE,2,0,1,0,0,1,0,0,0,0,A,4800,7.51,0,0.06,0,4
11856,25,76800,MORTGAGE,8,0,1,0,0,1,0,0,0,0,A,6500,5.79,0,0.08,0,4
11862,23,76896,MORTGAGE,8,0,1,0,0,1,0,0,0,0,B,25000,11.71,0,0.33,0,2
11865,25,77000,MORTGAGE,8,0,1,0,0,1,0,0,0,0,A,12000,7.9,0,0.16,0,4
11876,24,77000,MORTGAGE,2,0,1,0,0,1,0,0,0,0,B,3850,11.11,0,0.05,0,2
11884,23,77000,MORTGAGE,7,0,1,0,0,1,0,0,0,0,A,10000,7.88,0,0.13,0,4
11886,25,77000,MORTGAGE,6,0,1,0,0,1,0,0,0,0,D,8000,15.33,0,0.1,0,2
11887,22,77000,MORTGAGE,5,0,1,0,0,1,0,0,0,0,B,21000,11.48,0,0.27,0,3
11892,24,71000,MORTGAGE,6,0,1,0,0,1,0,0,0,0,B,5000,10.39,1,0.07,0,2
11903,20,77052,MORTGAGE,4,0,1,0,0,1,0,0,0,0,B,24250,11.36,0,0.31,0,2
11932,23,78000,MORTGAGE,7,0,1,0,0,1,0,0,0,0,B,2400,12.42,0,0.03,0,2
11939,25,78000,MORTGAGE,9,0,1,0,0,1,0,0,0,0,A,8000,7.9,0,0.1,0,4
11941,23,78000,MORTGAGE,5,0,1,0,0,1,0,0,0,0,B,5000,11.71,0,0.06,0,2
11945,22,78000,MORTGAGE,2,0,1,0,0,1,0,0,0,0,B,1750,10.65,0,0.02,0,4
11953,26,78000,MORTGAGE,10,0,1,0,0,1,0,0,0,0,A,8325,6.99,0,0.11,0,4
11958,23,78000,MORTGAGE,7,0,1,0,0,1,0,0,0,0,C,4200,13.06,0,0.05,0,3
11960,25,78000,MORTGAGE,9,0,1,0,0,1,0,0,0,0,A,8000,5.79,0,0.1,0,2
11963,23,78000,MORTGAGE,7,0,1,0,0,1,0,0,0,0,A,4600,7.66,0,0.06,0,2
11966,23,78000,MORTGAGE,7,0,1,0,0,1,0,0,0,0,A,12400,7.29,0,0.16,0,3
11972,22,78000,MORTGAGE,3,0,1,0,0,1,0,0,0,0,A,12000,6.54,0,0.15,0,3
11987,23,78000,MORTGAGE,7,0,1,0,0,1,0,0,0,0,B,1000,9.88,0,0.01,0,3
11991,23,78000,MORTGAGE,7,0,1,0,0,1,0,0,0,0,A,6150,7.88,0,0.08,0,2
11993,22,78000,MORTGAGE,6,0,1,0,0,1,0,0,0,0,B,18000,10.99,0,0.23,0,3
11996,22,78000,MORTGAGE,3,0,1,0,0,1,0,0,0,0,E,16000,16.45,0,0.21,0,3
12006,23,78000,MORTGAGE,1,0,1,0,0,1,0,0,0,0,B,16000,11.89,0,0.21,0,3
12026,22,78413,MORTGAGE,6,0,1,0,0,1,0,0,0,0,B,17500,10.65,0,0.22,0,2
12029,23,78500,MORTGAGE,7,0,1,0,0,1,0,0,0,0,A,7200,7.49,0,0.09,0,3
12042,22,78792,MORTGAGE,4,0,1,0,0,1,0,0,0,0,D,5500,14.61,0,0.07,0,4
12051,23,79000,MORTGAGE,7,0,1,0,0,1,0,0,0,0,A,17825,6.62,0,0.23,0,2
12068,22,79000,MORTGAGE,6,0,1,0,0,1,0,0,0,0,B,10000,10.99,0,0.13,0,2
12069,23,79000,MORTGAGE,2,0,1,0,0,1,0,0,0,0,A,3200,7.88,0,0.04,0,2
12082,23,79200,MORTGAGE,7,0,1,0,0,1,0,0,0,0,A,5000,5.42,0,0.06,0,3
12083,23,79200,MORTGAGE,6,0,1,0,0,1,0,0,0,0,A,8000,7.88,0,0.1,0,4
12088,26,79500,MORTGAGE,1,0,1,0,0,1,0,0,0,0,B,6000,11.36,0,0.08,0,2
12091,22,79618,MORTGAGE,6,0,1,0,0,1,0,0,0,0,A,7000,7.74,0,0.09,0,3
12098,25,79992,MORTGAGE,9,0,1,0,0,1,0,0,0,0,A,10000,6.03,0,0.13,0,2
12103,26,74000,MORTGAGE,8,0,1,0,0,1,0,0,0,0,B,15000,9.91,1,0.2,0,3
12113,23,80000,MORTGAGE,7,0,1,0,0,1,0,0,0,0,B,15000,12.42,0,0.19,0,2
12125,24,80000,MORTGAGE,8,0,1,0,0,1,0,0,0,0,A,10000,8.9,0,0.13,0,4
12130,25,74000,MORTGAGE,9,0,1,0,0,1,0,0,0,0,A,18000,7.9,1,0.24,0,2
12148,22,74000,MORTGAGE,6,0,1,0,0,1,0,0,0,0,A,4000,7.51,1,0.05,0,3
12170,22,80000,MORTGAGE,6,0,1,0,0,1,0,0,0,0,B,35000,,0,0.44,0,2
12179,23,80000,MORTGAGE,7,0,1,0,0,1,0,0,0,0,B,10000,,0,0.13,0,2
12185,21,80000,MORTGAGE,5,0,1,0,0,1,0,0,0,0,A,12000,5.99,0,0.15,0,2
12189,22,80000,MORTGAGE,6,0,1,0,0,1,0,0,0,0,B,16000,11.99,0,0.2,0,3
12191,23,80000,MORTGAGE,6,0,1,0,0,1,0,0,0,0,A,9000,7.49,0,0.11,0,4
12216,23,80000,MORTGAGE,3,0,1,0,0,1,0,0,0,0,A,6000,5.99,0,0.07,0,4
12218,21,80000,MORTGAGE,5,0,1,0,0,1,0,0,0,0,C,5000,12.99,0,0.06,0,2
12225,22,80000,MORTGAGE,7,0,1,0,0,1,0,0,0,0,B,1500,10.37,0,0.02,0,2
12226,26,74000,MORTGAGE,1,0,1,0,0,1,0,0,0,0,B,24000,10.74,1,0.32,0,3
12247,26,80000,MORTGAGE,0,0,1,0,0,1,0,0,0,0,A,6300,5.79,0,0.08,0,4
12255,26,80000,MORTGAGE,3,0,1,0,0,1,0,0,0,0,A,18000,5.79,0,0.23,0,4
12260,25,80000,MORTGAGE,5,0,1,0,0,1,0,0,0,0,B,25000,10.36,0,0.31,0,3
12279,23,80000,MORTGAGE,8,0,1,0,0,1,0,0,0,0,D,8000,15.58,0,0.1,0,4
12289,24,80000,MORTGAGE,0,0,1,0,0,1,0,0,0,0,A,18000,7.51,0,0.23,0,3
12296,23,80000,MORTGAGE,,0,1,0,0,1,0,0,0,0,B,25000,10.25,0,0.31,0,4
12300,24,80000,MORTGAGE,8,0,1,0,0,1,0,0,0,0,B,18000,10.62,0,0.23,0,2
12304,23,80000,MORTGAGE,1,0,1,0,0,1,0,0,0,0,B,15000,9.88,0,0.19,0,4
12305,26,80000,MORTGAGE,10,0,1,0,0,1,0,0,0,0,D,15000,16.07,0,0.19,0,2
12333,25,80000,MORTGAGE,10,0,1,0,0,1,0,0,0,0,D,25000,15.31,0,0.31,0,2
12338,22,80000,MORTGAGE,1,0,1,0,0,1,0,0,0,0,A,2000,,0,0.03,0,4
12346,25,80000,MORTGAGE,2,0,1,0,0,1,0,0,0,0,B,22000,11.48,0,0.28,0,3
12350,22,80000,MORTGAGE,0,0,1,0,0,1,0,0,0,0,B,15000,11.48,0,0.19,0,3
12360,23,80000,MORTGAGE,7,0,1,0,0,1,0,0,0,0,B,17000,12.21,0,0.21,0,2
12364,26,74000,MORTGAGE,4,0,1,0,0,1,0,0,0,0,B,7500,10.08,1,0.1,0,4
12365,24,80000,MORTGAGE,8,0,1,0,0,1,0,0,0,0,A,7500,8.63,0,0.09,0,4
12393,22,80070,MORTGAGE,6,0,1,0,0,1,0,0,0,0,B,27525,10.74,0,0.34,0,3
12407,22,74476,MORTGAGE,6,0,1,0,0,1,0,0,0,0,A,5000,8.49,1,0.07,0,4
12421,22,81000,MORTGAGE,5,0,1,0,0,1,0,0,0,0,B,9100,12.42,0,0.11,0,3
12432,22,81000,MORTGAGE,5,0,1,0,0,1,0,0,0,0,A,6600,7.88,0,0.08,0,4
12437,22,81000,MORTGAGE,6,0,1,0,0,1,0,0,0,0,B,24000,9.88,0,0.3,0,2
12451,26,81204,MORTGAGE,1,0,1,0,0,1,0,0,0,0,B,9100,10.95,0,0.11,0,4
12457,22,81500,MORTGAGE,0,0,1,0,0,1,0,0,0,0,A,7575,6.54,0,0.09,0,3
12463,21,81600,MORTGAGE,6,0,1,0,0,1,0,0,0,0,A,14400,6.92,0,0.18,0,4
12470,22,81800,MORTGAGE,6,0,1,0,0,1,0,0,0,0,A,2500,6.39,0,0.03,0,2
12473,22,81996,MORTGAGE,7,0,1,0,0,1,0,0,0,0,C,7000,14.72,0,0.09,0,4
12474,24,81996,MORTGAGE,4,0,1,0,0,1,0,0,0,0,A,14000,7.88,0,0.17,0,3
12495,24,82000,MORTGAGE,8,0,1,0,0,1,0,0,0,0,D,3500,,0,0.04,0,4
12503,22,82000,MORTGAGE,6,0,1,0,0,1,0,0,0,0,B,10750,9.25,0,0.13,0,2
12514,22,82000,MORTGAGE,5,0,1,0,0,1,0,0,0,0,B,20000,9.88,0,0.24,0,4
12528,24,82000,MORTGAGE,1,0,1,0,0,1,0,0,0,0,A,7500,8.32,0,0.09,0,3
12541,23,82500,MORTGAGE,0,0,1,0,0,1,0,0,0,0,A,5000,8.49,0,0.06,0,4
12579,23,83000,MORTGAGE,7,0,1,0,0,1,0,0,0,0,B,1500,11.12,0,0.02,0,2
12592,22,83004,MORTGAGE,6,0,1,0,0,1,0,0,0,0,A,24000,7.88,0,0.29,0,2
12599,23,83200,MORTGAGE,6,0,1,0,0,1,0,0,0,0,A,4000,7.49,0,0.05,0,4
12602,23,77200,MORTGAGE,4,0,1,0,0,1,0,0,0,0,C,22000,13.23,1,0.28,0,2
12618,23,84000,MORTGAGE,7,0,1,0,0,1,0,0,0,0,A,16000,6.03,0,0.19,0,2
12629,21,84000,MORTGAGE,5,0,1,0,0,1,0,0,0,0,B,2500,9.99,0,0.03,0,4
12636,23,84000,MORTGAGE,7,0,1,0,0,1,0,0,0,0,B,23000,11.99,0,0.27,0,2
12637,24,84000,MORTGAGE,8,0,1,0,0,1,0,0,0,0,B,18000,9.99,0,0.21,0,2
12653,22,84000,MORTGAGE,3,0,1,0,0,1,0,0,0,0,A,8000,7.88,0,0.1,0,4
12655,22,84000,MORTGAGE,3,0,1,0,0,1,0,0,0,0,B,10000,10.38,0,0.12,0,3
12698,26,84996,MORTGAGE,6,0,1,0,0,1,0,0,0,0,C,1500,12.23,0,0.02,0,4
12701,23,84996,MORTGAGE,0,0,1,0,0,1,0,0,0,0,C,16750,14.35,0,0.2,0,2
12737,23,85000,MORTGAGE,0,0,1,0,0,1,0,0,0,0,C,11000,14.27,0,0.13,0,4
12741,23,85000,MORTGAGE,4,0,1,0,0,1,0,0,0,0,A,3000,6.03,0,0.04,0,3
12749,23,85000,MORTGAGE,7,0,1,0,0,1,0,0,0,0,A,14000,6.03,0,0.16,0,4
12761,23,85000,MORTGAGE,0,0,1,0,0,1,0,0,0,0,A,24000,7.49,0,0.28,0,4
12771,23,85000,MORTGAGE,6,0,1,0,0,1,0,0,0,0,B,10000,10.99,0,0.12,0,2
12777,25,85000,MORTGAGE,0,0,1,0,0,1,0,0,0,0,A,2800,7.49,0,0.03,0,3
12785,26,85000,MORTGAGE,10,0,1,0,0,1,0,0,0,0,A,4650,8.49,0,0.05,0,2
12786,22,85000,MORTGAGE,0,0,1,0,0,1,0,0,0,0,B,12000,11.99,0,0.14,0,3
12792,23,85000,MORTGAGE,3,0,1,0,0,1,0,0,0,0,A,7200,6.92,0,0.08,0,4
12798,23,85000,MORTGAGE,7,0,1,0,0,1,0,0,0,0,A,4000,5.79,0,0.05,0,3
12801,22,85000,MORTGAGE,6,0,1,0,0,1,0,0,0,0,A,10000,,0,0.12,0,2
12804,23,85000,MORTGAGE,,0,1,0,0,1,0,0,0,0,B,24000,10.74,0,0.28,0,2
12808,23,85000,MORTGAGE,3,0,1,0,0,1,0,0,0,0,B,15000,10,0,0.18,0,2
12810,23,85000,MORTGAGE,2,0,1,0,0,1,0,0,0,0,A,5000,5.42,0,0.06,0,2
12812,24,85000,MORTGAGE,8,0,1,0,0,1,0,0,0,0,B,20000,11.11,0,0.24,0,4
12819,24,73000,MORTGAGE,9,0,1,0,0,1,0,0,0,0,E,25000,16.32,1,0.34,0,2
12823,24,85000,MORTGAGE,4,0,1,0,0,1,0,0,0,0,B,1000,9.99,0,0.01,0,4
12824,25,85000,MORTGAGE,0,0,1,0,0,1,0,0,0,0,A,14000,5.79,0,0.16,0,2
12829,23,85000,MORTGAGE,0,0,1,0,0,1,0,0,0,0,B,7000,9.25,0,0.08,0,4
12832,22,85000,MORTGAGE,6,0,1,0,0,1,0,0,0,0,C,5000,12.61,0,0.06,0,2
12857,23,85000,MORTGAGE,3,0,1,0,0,1,0,0,0,0,A,4000,6.76,0,0.05,0,4
12862,23,85000,MORTGAGE,5,0,1,0,0,1,0,0,0,0,A,8000,7.14,0,0.09,0,2
12864,26,85000,MORTGAGE,,0,1,0,0,1,0,0,0,0,B,6000,9.88,0,0.07,0,3
12865,21,85000,MORTGAGE,5,0,1,0,0,1,0,0,0,0,B,25000,10.99,0,0.29,0,2
12876,22,85000,MORTGAGE,7,0,1,0,0,1,0,0,0,0,A,11700,8.59,0,0.14,0,3
12878,22,85000,MORTGAGE,1,0,1,0,0,1,0,0,0,0,B,18000,12.18,0,0.21,0,4
12923,26,85000,MORTGAGE,8,0,1,0,0,1,0,0,0,0,D,8500,,0,0.1,0,4
12924,23,85000,MORTGAGE,7,0,1,0,0,1,0,0,0,0,A,5275,7.43,0,0.06,0,3
12938,24,85500,MORTGAGE,8,0,1,0,0,1,0,0,0,0,B,20675,10,0,0.24,0,2
12940,23,85596,MORTGAGE,5,0,1,0,0,1,0,0,0,0,B,6000,10,0,0.07,0,3
12943,26,85900,MORTGAGE,7,0,1,0,0,1,0,0,0,0,B,20000,,0,0.23,0,4
12952,23,86000,MORTGAGE,5,0,1,0,0,1,0,0,0,0,A,21000,8.9,0,0.24,0,4
12956,22,86000,MORTGAGE,6,0,1,0,0,1,0,0,0,0,B,10000,11.49,0,0.12,0,2
12961,25,86000,MORTGAGE,3,0,1,0,0,1,0,0,0,0,A,8000,7.29,0,0.09,0,2
12964,24,86000,MORTGAGE,8,0,1,0,0,1,0,0,0,0,A,15000,5.79,0,0.17,0,3
12971,22,86000,MORTGAGE,6,0,1,0,0,1,0,0,0,0,B,25000,11.83,0,0.29,0,4
12986,25,86244,MORTGAGE,,0,1,0,0,1,0,0,0,0,B,8000,11.71,0,0.09,0,4
13011,23,87000,MORTGAGE,7,0,1,0,0,1,0,0,0,0,A,8000,5.99,0,0.09,0,4
13023,23,87000,MORTGAGE,5,0,1,0,0,1,0,0,0,0,A,10000,7.29,0,0.11,0,4
13033,22,87000,MORTGAGE,6,0,1,0,0,1,0,0,0,0,B,1500,10.99,0,0.02,0,4
13045,23,87000,MORTGAGE,4,0,1,0,0,1,0,0,0,0,C,10000,,0,0.11,0,4
13050,23,87000,MORTGAGE,7,0,1,0,0,1,0,0,0,0,A,3500,9.32,0,0.04,0,3
13071,21,87547,MORTGAGE,2,0,1,0,0,1,0,0,0,0,A,12000,5.99,0,0.14,0,2
13072,24,87550,MORTGAGE,5,0,1,0,0,1,0,0,0,0,B,3600,11.86,0,0.04,0,4
13074,24,87600,MORTGAGE,8,0,1,0,0,1,0,0,0,0,A,3000,5.99,0,0.03,0,2
13078,26,87800,MORTGAGE,5,0,1,0,0,1,0,0,0,0,A,12000,5.79,0,0.14,0,4
13096,22,88000,MORTGAGE,6,0,1,0,0,1,0,0,0,0,B,5000,11.11,0,0.06,0,4
13104,26,88000,MORTGAGE,10,0,1,0,0,1,0,0,0,0,A,10000,7.88,0,0.11,0,2
13106,23,88000,MORTGAGE,8,0,1,0,0,1,0,0,0,0,A,10000,7.51,0,0.11,0,2
13125,23,88500,MORTGAGE,2,0,1,0,0,1,0,0,0,0,C,5000,13.99,0,0.06,0,4
13126,23,88500,MORTGAGE,3,0,1,0,0,1,0,0,0,0,A,12000,7.51,0,0.14,0,4
13128,26,88500,MORTGAGE,10,0,1,0,0,1,0,0,0,0,A,10000,8.59,0,0.11,0,4
13134,23,76800,MORTGAGE,0,0,1,0,0,1,0,0,0,0,F,7200,20.89,1,0.09,0,2
13137,22,88812,MORTGAGE,6,0,1,0,0,1,0,0,0,0,D,29000,15.65,0,0.33,0,2
13163,23,89204,MORTGAGE,5,0,1,0,0,1,0,0,0,0,A,18000,7.9,0,0.2,0,4
13182,26,90000,MORTGAGE,0,0,1,0,0,1,0,0,0,0,B,6000,9.91,0,0.07,0,3
13185,25,90000,MORTGAGE,9,0,1,0,0,1,0,0,0,0,A,7750,7.51,0,0.09,0,4
13191,26,78000,MORTGAGE,10,0,1,0,0,1,0,0,0,0,B,14000,9.91,1,0.18,0,4
13192,24,90000,MORTGAGE,7,0,1,0,0,1,0,0,0,0,B,35000,10.65,0,0.39,0,3
13211,22,90000,MORTGAGE,6,0,1,0,0,1,0,0,0,0,A,16000,6.03,0,0.18,0,4
13213,25,90000,MORTGAGE,0,0,1,0,0,1,0,0,0,0,B,9000,12.69,0,0.1,0,3
13229,26,90000,MORTGAGE,5,0,1,0,0,1,0,0,0,0,A,8000,5.42,0,0.09,0,3
13244,22,90000,MORTGAGE,6,0,1,0,0,1,0,0,0,0,B,12000,10.99,0,0.13,0,2
13253,23,90000,MORTGAGE,1,0,1,0,0,1,0,0,0,0,A,13675,7.49,0,0.15,0,4
13264,23,90000,MORTGAGE,1,0,1,0,0,1,0,0,0,0,A,4000,5.42,0,0.04,0,3
13287,25,90000,MORTGAGE,9,0,1,0,0,1,0,0,0,0,A,20000,6.54,0,0.22,0,3
13288,26,90000,MORTGAGE,10,0,1,0,0,1,0,0,0,0,A,1000,6.17,0,0.01,0,4
13294,23,90000,MORTGAGE,2,0,1,0,0,1,0,0,0,0,A,5000,5.42,0,0.06,0,4
13299,23,90000,MORTGAGE,7,0,1,0,0,1,0,0,0,0,B,8000,10.36,0,0.09,0,3
13312,21,90000,MORTGAGE,,0,1,0,0,1,0,0,0,0,B,1500,10.75,0,0.02,0,4
13325,22,90000,MORTGAGE,3,0,1,0,0,1,0,0,0,0,C,25000,12.73,0,0.28,0,4
13327,22,90000,MORTGAGE,6,0,1,0,0,1,0,0,0,0,B,6400,9.88,0,0.07,0,3
13336,22,90000,MORTGAGE,6,0,1,0,0,1,0,0,0,0,A,10000,7.88,0,0.11,0,3
13355,22,90000,MORTGAGE,1,0,1,0,0,1,0,0,0,0,C,2500,13.22,0,0.03,0,2
13358,23,90000,MORTGAGE,1,0,1,0,0,1,0,0,0,0,B,12000,12.18,0,0.13,0,4
13361,22,90000,MORTGAGE,6,0,1,0,0,1,0,0,0,0,B,20000,11.26,0,0.22,0,2
13368,23,90000,MORTGAGE,1,0,1,0,0,1,0,0,0,0,E,15000,16.32,0,0.17,0,2
13369,26,78000,MORTGAGE,10,0,1,0,0,1,0,0,0,0,A,10000,9.63,1,0.13,0,4
13375,24,90000,MORTGAGE,2,0,1,0,0,1,0,0,0,0,B,7500,,0,0.08,0,3
13382,26,90000,MORTGAGE,2,0,1,0,0,1,0,0,0,0,C,25000,11.09,0,0.28,0,4
13386,23,90096,MORTGAGE,0,0,1,0,0,1,0,0,0,0,C,10150,11.97,0,0.11,0,3
13389,24,90474,MORTGAGE,8,0,1,0,0,1,0,0,0,0,B,15000,10.38,0,0.17,0,3
13393,22,90888,MORTGAGE,5,0,1,0,0,1,0,0,0,0,C,13200,14.79,0,0.15,0,4
13395,24,90996,MORTGAGE,0,0,1,0,0,1,0,0,0,0,B,8400,10.99,0,0.09,0,2
13399,24,90996,MORTGAGE,2,0,1,0,0,1,0,0,0,0,A,16000,7.88,0,0.18,0,3
13401,23,91000,MORTGAGE,0,0,1,0,0,1,0,0,0,0,B,1000,11.71,0,0.01,0,3
13402,24,91000,MORTGAGE,9,0,1,0,0,1,0,0,0,0,A,15000,6.03,0,0.16,0,4
13450,23,92000,MORTGAGE,5,0,1,0,0,1,0,0,0,0,B,2400,12.69,0,0.03,0,2
13452,23,92000,MORTGAGE,7,0,1,0,0,1,0,0,0,0,A,4800,7.49,0,0.05,0,2
13478,23,92000,MORTGAGE,0,0,1,0,0,1,0,0,0,0,B,12950,9.96,0,0.14,0,2
13496,22,92496,MORTGAGE,2,0,1,0,0,1,0,0,0,0,A,10200,,0,0.11,0,4
13501,23,92500,MORTGAGE,5,0,1,0,0,1,0,0,0,0,A,2500,,0,0.03,0,2
13506,26,92700,MORTGAGE,6,0,1,0,0,1,0,0,0,0,B,1500,9.63,0,0.02,0,2
13510,23,92700,MORTGAGE,2,0,1,0,0,1,0,0,0,0,A,5000,8.94,0,0.05,0,4
13539,21,93000,MORTGAGE,4,0,1,0,0,1,0,0,0,0,C,9800,12.73,0,0.11,0,3
13565,22,93600,MORTGAGE,6,0,1,0,0,1,0,0,0,0,B,5000,9.99,0,0.05,0,2
13566,21,93600,MORTGAGE,5,0,1,0,0,1,0,0,0,0,B,25000,10.36,0,0.27,0,3
13580,24,94000,MORTGAGE,4,0,1,0,0,1,0,0,0,0,B,25000,11.49,0,0.27,0,4
13592,23,94200,MORTGAGE,6,0,1,0,0,1,0,0,0,0,A,18000,6.54,0,0.19,0,3
13593,22,94342,MORTGAGE,,0,1,0,0,1,0,0,0,0,B,2400,10.59,0,0.03,0,4
13600,22,94692,MORTGAGE,5,0,1,0,0,1,0,0,0,0,B,20000,11.49,0,0.21,0,4
13606,23,94965,MORTGAGE,3,0,1,0,0,1,0,0,0,0,C,8000,13.22,0,0.08,0,2
13610,23,95000,MORTGAGE,7,0,1,0,0,1,0,0,0,0,A,19000,7.51,0,0.2,0,4
13615,23,95000,MORTGAGE,7,0,1,0,0,1,0,0,0,0,A,35000,7.9,0,0.37,0,4
13620,22,95000,MORTGAGE,4,0,1,0,0,1,0,0,0,0,A,6400,7.9,0,0.07,0,4
13646,22,95000,MORTGAGE,0,0,1,0,0,1,0,0,0,0,A,10400,5.42,0,0.11,0,4
13659,23,83000,MORTGAGE,7,0,1,0,0,1,0,0,0,0,B,24175,11.11,1,0.29,0,2
13666,25,95000,MORTGAGE,8,0,1,0,0,1,0,0,0,0,B,6800,9.63,0,0.07,0,4
13676,26,95000,MORTGAGE,10,0,1,0,0,1,0,0,0,0,A,7275,6.91,0,0.08,0,4
13686,25,95000,MORTGAGE,4,0,1,0,0,1,0,0,0,0,A,6500,7.14,0,0.07,0,3
13690,26,95000,MORTGAGE,0,0,1,0,0,1,0,0,0,0,D,20000,14.96,0,0.21,0,3
13695,24,95000,MORTGAGE,2,0,1,0,0,1,0,0,0,0,A,5000,7.88,0,0.05,0,3
13704,23,95000,MORTGAGE,7,0,1,0,0,1,0,0,0,0,B,14400,11.83,0,0.15,0,3
13705,23,83000,MORTGAGE,5,0,1,0,0,1,0,0,0,0,B,20000,11.83,1,0.24,0,4
13729,25,95004,MORTGAGE,9,0,1,0,0,1,0,0,0,0,A,18000,7.51,0,0.19,0,4
13752,22,96000,MORTGAGE,0,0,1,0,0,1,0,0,0,0,A,3000,7.9,0,0.03,0,3
13753,22,96000,MORTGAGE,4,0,1,0,0,1,0,0,0,0,B,5500,12.69,0,0.06,0,3
13755,22,96000,MORTGAGE,6,0,1,0,0,1,0,0,0,0,C,6000,13.49,0,0.06,0,3
13779,23,96000,MORTGAGE,7,0,1,0,0,1,0,0,0,0,A,4000,5.42,0,0.04,0,2
13780,23,96000,MORTGAGE,1,0,1,0,0,1,0,0,0,0,A,10000,7.49,0,0.1,0,3
13781,22,96000,MORTGAGE,6,0,1,0,0,1,0,0,0,0,A,9000,7.49,0,0.09,0,4
13798,22,96000,MORTGAGE,2,0,1,0,0,1,0,0,0,0,A,12000,,0,0.13,0,3
13803,22,96000,MORTGAGE,3,0,1,0,0,1,0,0,0,0,A,20000,7.88,0,0.21,0,3
13817,25,96000,MORTGAGE,6,0,1,0,0,1,0,0,0,0,B,20000,,0,0.21,0,2
13821,26,96000,MORTGAGE,3,0,1,0,0,1,0,0,0,0,C,12000,13.11,0,0.13,0,4
13822,23,96000,MORTGAGE,4,0,1,0,0,1,0,0,0,0,B,20000,10.99,0,0.21,0,3
13843,23,96260,MORTGAGE,,0,1,0,0,1,0,0,0,0,D,25200,15.65,0,0.26,0,2
13848,24,96500,MORTGAGE,1,0,1,0,0,1,0,0,0,0,E,14000,17.19,0,0.15,0,4
13850,25,96720,MORTGAGE,9,0,1,0,0,1,0,0,0,0,A,18000,7.9,0,0.19,0,4
13853,23,97000,MORTGAGE,5,0,1,0,0,1,0,0,0,0,B,12000,9.91,0,0.12,0,2
13868,22,97000,MORTGAGE,6,0,1,0,0,1,0,0,0,0,A,12975,6.91,0,0.13,0,4
13874,23,97000,MORTGAGE,7,0,1,0,0,1,0,0,0,0,A,4800,,0,0.05,0,2
13901,25,98000,MORTGAGE,9,0,1,0,0,1,0,0,0,0,A,2000,5.42,0,0.02,0,4
13911,22,98000,MORTGAGE,5,0,1,0,0,1,0,0,0,0,D,25000,14.46,0,0.26,0,3
13916,22,86000,MORTGAGE,7,0,1,0,0,1,0,0,0,0,C,18000,13.48,1,0.21,0,2
13919,20,98000,MORTGAGE,4,0,1,0,0,1,0,0,0,0,D,24250,,0,0.25,0,4
13925,23,98000,MORTGAGE,4,0,1,0,0,1,0,0,0,0,A,14500,8.94,0,0.15,0,3
13938,23,98280,MORTGAGE,7,0,1,0,0,1,0,0,0,0,A,9400,6.62,0,0.1,0,3
13939,23,98400,MORTGAGE,7,0,1,0,0,1,0,0,0,0,A,9000,6.62,0,0.09,0,4
13942,24,98400,MORTGAGE,0,0,1,0,0,1,0,0,0,0,C,8000,12.68,0,0.08,0,2
13943,23,98400,MORTGAGE,0,0,1,0,0,1,0,0,0,0,B,10000,11.14,0,0.1,0,4
13961,23,99000,MORTGAGE,8,0,1,0,0,1,0,0,0,0,A,1800,7.88,0,0.02,0,2
13963,24,99000,MORTGAGE,8,0,1,0,0,1,0,0,0,0,B,12250,9.88,0,0.12,0,2
13970,23,99500,MORTGAGE,7,0,1,0,0,1,0,0,0,0,D,25000,15.7,0,0.25,0,2
13981,23,99996,MORTGAGE,7,0,1,0,0,1,0,0,0,0,A,20000,7.49,0,0.2,0,3
13992,24,100000,MORTGAGE,1,0,1,0,0,1,0,0,0,0,B,6600,9.91,0,0.07,0,2
14008,22,100000,MORTGAGE,6,0,1,0,0,1,0,0,0,0,B,9000,,0,0.09,0,2
14016,25,100000,MORTGAGE,0,0,1,0,0,1,0,0,0,0,A,15000,6.03,0,0.15,0,3
14029,22,100000,MORTGAGE,6,0,1,0,0,1,0,0,0,0,B,14350,9.99,0,0.14,0,2
14044,22,100000,MORTGAGE,6,0,1,0,0,1,0,0,0,0,A,15000,7.49,0,0.15,0,2
14045,25,100000,MORTGAGE,9,0,1,0,0,1,0,0,0,0,C,7500,13.99,0,0.07,0,4
14048,24,100000,MORTGAGE,3,0,1,0,0,1,0,0,0,0,A,10000,5.99,0,0.1,0,2
14049,22,100000,MORTGAGE,6,0,1,0,0,1,0,0,0,0,B,3000,11.49,0,0.03,0,3
14053,22,100000,MORTGAGE,2,0,1,0,0,1,0,0,0,0,B,15000,11.99,0,0.15,0,2
14061,26,100000,MORTGAGE,4,0,1,0,0,1,0,0,0,0,A,5000,6.92,0,0.05,0,4
14072,25,100000,MORTGAGE,0,0,1,0,0,1,0,0,0,0,A,7000,5.79,0,0.07,0,3
14076,24,100000,MORTGAGE,2,0,1,0,0,1,0,0,0,0,B,7700,10.74,0,0.08,0,2
14077,22,100000,MORTGAGE,6,0,1,0,0,1,0,0,0,0,B,10000,10.74,0,0.1,0,3
14079,25,100000,MORTGAGE,0,0,1,0,0,1,0,0,0,0,A,7500,6.54,0,0.07,0,4
14096,22,100000,MORTGAGE,7,0,1,0,0,1,0,0,0,0,A,20000,6.91,0,0.2,0,4
14098,22,100000,MORTGAGE,4,0,1,0,0,1,0,0,0,0,A,13500,,0,0.14,0,4
14100,24,100000,MORTGAGE,8,0,1,0,0,1,0,0,0,0,A,16800,7.88,0,0.17,0,4
14102,25,100000,MORTGAGE,9,0,1,0,0,1,0,0,0,0,A,15000,7.88,0,0.15,0,2
14112,23,100000,MORTGAGE,7,0,1,0,0,1,0,0,0,0,A,15000,7.88,0,0.15,0,4
14115,25,100000,MORTGAGE,3,0,1,0,0,1,0,0,0,0,B,25000,10.75,0,0.25,0,4
14118,26,100000,MORTGAGE,5,0,1,0,0,1,0,0,0,0,B,24000,10.99,0,0.24,0,4
14136,25,100000,MORTGAGE,9,0,1,0,0,1,0,0,0,0,B,8000,10.25,0,0.08,0,3
14147,26,100000,MORTGAGE,0,0,1,0,0,1,0,0,0,0,C,10000,14.26,0,0.1,0,2
14157,24,100000,MORTGAGE,3,0,1,0,0,1,0,0,0,0,B,15000,12.21,0,0.15,0,2
14158,24,88000,MORTGAGE,2,0,1,0,0,1,0,0,0,0,G,25000,18.84,1,0.28,0,2
14166,24,88000,MORTGAGE,0,0,1,0,0,1,0,0,0,0,B,15000,10.2,1,0.17,0,4
14174,26,100000,MORTGAGE,9,0,1,0,0,1,0,0,0,0,B,12800,9.45,0,0.13,0,3
14181,24,88128,MORTGAGE,0,0,1,0,0,1,0,0,0,0,B,1950,9.99,1,0.02,0,2
14187,26,100800,MORTGAGE,7,0,1,0,0,1,0,0,0,0,B,8000,11.99,0,0.08,0,3
14188,24,100800,MORTGAGE,4,0,1,0,0,1,0,0,0,0,B,21000,11.49,0,0.21,0,4
14195,25,101000,MORTGAGE,9,0,1,0,0,1,0,0,0,0,B,17000,11.71,0,0.17,0,3
14209,23,101138,MORTGAGE,2,0,1,0,0,1,0,0,0,0,C,20500,13.48,0,0.2,0,4
14218,25,102000,MORTGAGE,5,0,1,0,0,1,0,0,0,0,B,6975,9.91,0,0.07,0,3
14236,23,102000,MORTGAGE,7,0,1,0,0,1,0,0,0,0,B,10000,11.49,0,0.1,0,2
14240,23,102000,MORTGAGE,4,0,1,0,0,1,0,0,0,0,B,20000,,0,0.2,0,3
14252,21,102000,MORTGAGE,0,0,1,0,0,1,0,0,0,0,D,18000,14.96,0,0.18,0,3
14262,26,102500,MORTGAGE,4,0,1,0,0,1,0,0,0,0,A,11800,6.03,0,0.12,0,2
14276,23,103000,MORTGAGE,7,0,1,0,0,1,0,0,0,0,C,17000,14.35,0,0.17,0,4
14301,23,104000,MORTGAGE,7,0,1,0,0,1,0,0,0,0,B,5000,,0,0.05,0,4
14315,24,104000,MORTGAGE,8,0,1,0,0,1,0,0,0,0,C,25000,12.84,0,0.24,0,2
14316,21,104000,MORTGAGE,5,0,1,0,0,1,0,0,0,0,A,15000,9.63,0,0.14,0,4
14326,24,105000,MORTGAGE,8,0,1,0,0,1,0,0,0,0,B,13000,9.91,0,0.12,0,3
14342,23,105000,MORTGAGE,5,0,1,0,0,1,0,0,0,0,B,20000,11.49,0,0.19,0,4
14360,24,105000,MORTGAGE,6,0,1,0,0,1,0,0,0,0,B,25000,10.74,0,0.24,0,3
14379,22,105000,MORTGAGE,6,0,1,0,0,1,0,0,0,0,A,7500,,0,0.07,0,2
14384,25,105000,MORTGAGE,0,0,1,0,0,1,0,0,0,0,B,5000,11.48,0,0.05,0,2
14423,23,106000,MORTGAGE,7,0,1,0,0,1,0,0,0,0,A,10000,7.14,0,0.09,0,2
14431,22,106000,MORTGAGE,5,0,1,0,0,1,0,0,0,0,F,25000,18.09,0,0.24,0,3
14433,25,106226,MORTGAGE,9,0,1,0,0,1,0,0,0,0,B,20000,12.18,0,0.19,0,4
14434,24,106800,MORTGAGE,6,0,1,0,0,1,0,0,0,0,A,11525,5.42,0,0.11,0,4
14442,23,106925,MORTGAGE,7,0,1,0,0,1,0,0,0,0,B,24250,12.18,0,0.23,0,3
14459,22,107004,MORTGAGE,2,0,1,0,0,1,0,0,0,0,A,10000,7.29,0,0.09,0,3
14480,26,108000,MORTGAGE,1,0,1,0,0,1,0,0,0,0,A,6000,7.49,0,0.06,0,4
14490,24,108000,MORTGAGE,3,0,1,0,0,1,0,0,0,0,A,9050,5.42,0,0.08,0,2
14504,23,108000,MORTGAGE,1,0,1,0,0,1,0,0,0,0,B,14000,11.89,0,0.13,0,2
14513,22,108600,MORTGAGE,6,0,1,0,0,1,0,0,0,0,C,14400,13.48,0,0.13,0,3
14523,23,109000,MORTGAGE,5,0,1,0,0,1,0,0,0,0,A,7500,8.9,0,0.07,0,4
14524,24,109000,MORTGAGE,8,0,1,0,0,1,0,0,0,0,B,6000,11.99,0,0.06,0,4
14532,25,109000,MORTGAGE,9,0,1,0,0,1,0,0,0,0,A,14000,9.63,0,0.13,0,3
14536,24,109500,MORTGAGE,3,0,1,0,0,1,0,0,0,0,B,3500,10.75,0,0.03,0,3
14550,25,110000,MORTGAGE,9,0,1,0,0,1,0,0,0,0,C,8000,,0,0.07,0,3
14559,23,110000,MORTGAGE,,0,1,0,0,1,0,0,0,0,B,25000,9.91,0,0.23,0,3
14560,24,110000,MORTGAGE,0,0,1,0,0,1,0,0,0,0,A,5000,6.03,0,0.05,0,4
14563,24,110000,MORTGAGE,2,0,1,0,0,1,0,0,0,0,B,9000,,0,0.08,0,3
14586,24,110000,MORTGAGE,0,0,1,0,0,1,0,0,0,0,D,13200,15.28,0,0.12,0,3
14588,25,110000,MORTGAGE,5,0,1,0,0,1,0,0,0,0,A,10800,6.92,0,0.1,0,3
14589,25,110000,MORTGAGE,1,0,1,0,0,1,0,0,0,0,B,6500,10.37,0,0.06,0,3
14619,22,110000,MORTGAGE,0,0,1,0,0,1,0,0,0,0,A,12000,7.14,0,0.11,0,2
14620,25,110000,MORTGAGE,9,0,1,0,0,1,0,0,0,0,A,5000,7.14,0,0.05,0,4
14627,24,110000,MORTGAGE,8,0,1,0,0,1,0,0,0,0,A,8000,6.76,0,0.07,0,4
14628,25,110000,MORTGAGE,7,0,1,0,0,1,0,0,0,0,A,8000,7.14,0,0.07,0,4
14638,24,110000,MORTGAGE,8,0,1,0,0,1,0,0,0,0,A,6000,8.59,0,0.05,0,3
14655,22,110000,MORTGAGE,7,0,1,0,0,1,0,0,0,0,C,20000,12.41,0,0.18,0,2
14664,24,110004,MORTGAGE,8,0,1,0,0,1,0,0,0,0,B,25000,12.53,0,0.23,0,2
14685,24,111239,MORTGAGE,1,0,1,0,0,1,0,0,0,0,A,14000,7.9,0,0.13,0,4
14703,24,112000,MORTGAGE,0,0,1,0,0,1,0,0,0,0,A,3000,5.99,0,0.03,0,3
14711,25,100000,MORTGAGE,4,0,1,0,0,1,0,0,0,0,B,9000,9.64,1,0.09,0,3
14729,24,113000,MORTGAGE,5,0,1,0,0,1,0,0,0,0,B,17950,11.99,0,0.16,0,4
14733,23,113000,MORTGAGE,7,0,1,0,0,1,0,0,0,0,A,8000,5.79,0,0.07,0,2
14735,24,101000,MORTGAGE,3,0,1,0,0,1,0,0,0,0,A,7000,,1,0.07,0,4
14736,22,113000,MORTGAGE,6,0,1,0,0,1,0,0,0,0,B,25000,12.53,0,0.22,0,4
14743,23,113200,MORTGAGE,3,0,1,0,0,1,0,0,0,0,B,24250,10.62,0,0.21,0,3
14744,24,113217,MORTGAGE,2,0,1,0,0,1,0,0,0,0,A,6000,7.88,0,0.05,0,3
14745,23,113316,MORTGAGE,7,0,1,0,0,1,0,0,0,0,B,3000,,0,0.03,0,3
14746,24,113676,MORTGAGE,8,0,1,0,0,1,0,0,0,0,A,7200,6.99,0,0.06,0,2
14747,23,113698,MORTGAGE,7,0,1,0,0,1,0,0,0,0,A,15000,7.9,0,0.13,0,4
14749,23,114000,MORTGAGE,1,0,1,0,0,1,0,0,0,0,B,17325,11.99,0,0.15,0,2
14753,23,114000,MORTGAGE,7,0,1,0,0,1,0,0,0,0,C,8000,12.68,0,0.07,0,4
14760,25,114000,MORTGAGE,4,0,1,0,0,1,0,0,0,0,A,10000,9.32,0,0.09,0,4
14764,23,114600,MORTGAGE,7,0,1,0,0,1,0,0,0,0,C,10000,13.06,0,0.09,0,3
14768,26,114996,MORTGAGE,1,0,1,0,0,1,0,0,0,0,B,24000,10.62,0,0.21,0,3
14769,23,115000,MORTGAGE,7,0,1,0,0,1,0,0,0,0,C,10000,14.27,0,0.09,0,2
14774,23,115000,MORTGAGE,4,0,1,0,0,1,0,0,0,0,A,24000,7.9,0,0.21,0,3
14787,23,115000,MORTGAGE,3,0,1,0,0,1,0,0,0,0,B,10000,10.59,0,0.09,0,2
14789,25,115000,MORTGAGE,3,0,1,0,0,1,0,0,0,0,A,7600,6.99,0,0.07,0,4
14812,23,115000,MORTGAGE,3,0,1,0,0,1,0,0,0,0,B,13000,11.83,0,0.11,0,4
14814,24,115000,MORTGAGE,8,0,1,0,0,1,0,0,0,0,B,15000,11.48,0,0.13,0,3
14824,24,115500,MORTGAGE,2,0,1,0,0,1,0,0,0,0,D,3200,16.29,0,0.03,0,2
14845,22,116700,MORTGAGE,0,0,1,0,0,1,0,0,0,0,A,6000,8.49,0,0.05,0,4
14853,22,117000,MORTGAGE,6,0,1,0,0,1,0,0,0,0,A,11000,6.92,0,0.09,0,4
14865,22,117000,MORTGAGE,6,0,1,0,0,1,0,0,0,0,D,7500,13.24,0,0.06,0,2
14867,23,117696,MORTGAGE,2,0,1,0,0,1,0,0,0,0,A,15000,6.03,0,0.13,0,3
14896,23,119496,MORTGAGE,7,0,1,0,0,1,0,0,0,0,A,12000,7.88,0,0.1,0,4
14900,25,120000,MORTGAGE,4,0,1,0,0,1,0,0,0,0,B,10000,9.91,0,0.08,0,4
14905,24,120000,MORTGAGE,8,0,1,0,0,1,0,0,0,0,A,10000,6.03,0,0.08,0,4
14909,22,120000,MORTGAGE,,0,1,0,0,1,0,0,0,0,A,6000,8.9,0,0.05,0,3
14917,22,120000,MORTGAGE,6,0,1,0,0,1,0,0,0,0,B,8000,12.69,0,0.07,0,2
14922,23,120000,MORTGAGE,4,0,1,0,0,1,0,0,0,0,B,2400,12.42,0,0.02,0,3
14923,25,120000,MORTGAGE,7,0,1,0,0,1,0,0,0,0,C,15000,14.65,0,0.13,0,4
14930,23,120000,MORTGAGE,8,0,1,0,0,1,0,0,0,0,B,4000,10.65,0,0.03,0,2
14939,22,120000,MORTGAGE,0,0,1,0,0,1,0,0,0,0,D,16800,15.62,0,0.14,0,4
14946,23,120000,MORTGAGE,7,0,1,0,0,1,0,0,0,0,A,12000,5.42,0,0.1,0,3
14949,24,120000,MORTGAGE,9,0,1,0,0,1,0,0,0,0,B,20000,9.99,0,0.17,0,4
14965,26,120000,MORTGAGE,5,0,1,0,0,1,0,0,0,0,B,13000,10.99,0,0.11,0,2
14968,26,120000,MORTGAGE,5,0,1,0,0,1,0,0,0,0,A,8000,7.29,0,0.07,0,2
14973,23,120000,MORTGAGE,7,0,1,0,0,1,0,0,0,0,B,18225,,0,0.15,0,3
14981,26,120000,MORTGAGE,0,0,1,0,0,1,0,0,0,0,A,6000,,0,0.05,0,2
14982,22,120000,MORTGAGE,2,0,1,0,0,1,0,0,0,0,A,17400,7.66,0,0.14,0,2
14992,25,120000,MORTGAGE,2,0,1,0,0,1,0,0,0,0,B,13000,9.99,0,0.11,0,4
14999,26,120000,MORTGAGE,2,0,1,0,0,1,0,0,0,0,A,10000,5.42,0,0.08,0,4
15010,23,120000,MORTGAGE,5,0,1,0,0,1,0,0,0,0,A,14000,,0,0.12,0,3
15013,23,120000,MORTGAGE,2,0,1,0,0,1,0,0,0,0,A,6000,6.76,0,0.05,0,3
15021,23,120000,MORTGAGE,7,0,1,0,0,1,0,0,0,0,A,10000,7.51,0,0.08,0,3
15061,24,120000,MORTGAGE,1,0,1,0,0,1,0,0,0,0,F,25000,18.53,0,0.21,0,2
15074,24,120000,MORTGAGE,7,0,1,0,0,1,0,0,0,0,B,2500,,0,0.02,0,3
15080,23,120000,MORTGAGE,0,0,1,0,0,1,0,0,0,0,C,23000,11.03,0,0.19,0,2
15081,26,120000,MORTGAGE,8,0,1,0,0,1,0,0,0,0,B,25000,9.76,0,0.21,0,3
15087,24,120155,MORTGAGE,4,0,1,0,0,1,0,0,0,0,A,12000,,0,0.1,0,4
15097,24,121000,MORTGAGE,0,0,1,0,0,1,0,0,0,0,B,20400,10.75,0,0.17,0,2
15099,25,121000,MORTGAGE,1,0,1,0,0,1,0,0,0,0,B,3600,11.83,0,0.03,0,3
15107,23,122000,MORTGAGE,7,0,1,0,0,1,0,0,0,0,C,16000,13.49,0,0.13,0,2
15124,23,122004,MORTGAGE,7,0,1,0,0,1,0,0,0,0,B,11200,10.99,0,0.09,0,3
15130,22,123000,MORTGAGE,6,0,1,0,0,1,0,0,0,0,A,7000,7.51,0,0.06,0,4
15142,24,124000,MORTGAGE,5,0,1,0,0,1,0,0,0,0,B,12000,10.36,0,0.1,0,4
15156,23,125000,MORTGAGE,6,0,1,0,0,1,0,0,0,0,A,35000,8.9,0,0.28,0,4
15157,25,125000,MORTGAGE,1,0,1,0,0,1,0,0,0,0,B,20000,11.71,0,0.16,0,4
15177,23,125000,MORTGAGE,7,0,1,0,0,1,0,0,0,0,B,5000,,0,0.04,0,2
15192,25,125000,MORTGAGE,,0,1,0,0,1,0,0,0,0,C,8000,13.8,0,0.06,0,3
15237,22,125004,MORTGAGE,6,0,1,0,0,1,0,0,0,0,A,30000,7.9,0,0.24,0,2
15242,25,126000,MORTGAGE,9,0,1,0,0,1,0,0,0,0,A,15000,7.9,0,0.12,0,3
15245,22,126000,MORTGAGE,6,0,1,0,0,1,0,0,0,0,D,3600,15.99,0,0.03,0,3
15251,22,126000,MORTGAGE,6,0,1,0,0,1,0,0,0,0,B,24000,11.36,0,0.19,0,4
15255,25,126500,MORTGAGE,2,0,1,0,0,1,0,0,0,0,B,2000,,0,0.02,0,2
15260,26,127000,MORTGAGE,10,0,1,0,0,1,0,0,0,0,A,6000,5.42,0,0.05,0,3
15272,24,128000,MORTGAGE,4,0,1,0,0,1,0,0,0,0,A,12000,6.03,0,0.09,0,3
15274,23,128000,MORTGAGE,7,0,1,0,0,1,0,0,0,0,A,6000,7.49,0,0.05,0,2
15313,25,130000,MORTGAGE,9,0,1,0,0,1,0,0,0,0,B,15000,11.14,0,0.12,0,3
15316,23,130000,MORTGAGE,4,0,1,0,0,1,0,0,0,0,A,6800,8.49,0,0.05,0,3
15322,23,130000,MORTGAGE,7,0,1,0,0,1,0,0,0,0,A,5000,5.79,0,0.04,0,4
15327,24,130000,MORTGAGE,8,0,1,0,0,1,0,0,0,0,A,18500,,0,0.14,0,2
15341,23,130000,MORTGAGE,7,0,1,0,0,1,0,0,0,0,B,20000,10.62,0,0.15,0,4
15353,22,130000,MORTGAGE,2,0,1,0,0,1,0,0,0,0,B,13000,11.14,0,0.1,0,3
15360,26,130000,MORTGAGE,9,0,1,0,0,1,0,0,0,0,A,7000,8,0,0.05,0,2
15369,23,130992,MORTGAGE,6,0,1,0,0,1,0,0,0,0,A,6000,7.51,0,0.05,0,3
15378,26,132000,MORTGAGE,3,0,1,0,0,1,0,0,0,0,A,10200,7.9,0,0.08,0,2
15404,23,133000,MORTGAGE,2,0,1,0,0,1,0,0,0,0,A,24000,,0,0.18,0,4
15420,26,135000,MORTGAGE,11,0,1,0,0,1,0,0,0,0,A,6700,6.03,0,0.05,0,4
15426,24,135000,MORTGAGE,0,0,1,0,0,1,0,0,0,0,A,6000,6.92,0,0.04,0,2
15445,23,135000,MORTGAGE,8,0,1,0,0,1,0,0,0,0,F,10000,18.43,0,0.07,0,4
15449,24,135000,MORTGAGE,8,0,1,0,0,1,0,0,0,0,A,12000,9.38,0,0.09,0,2
15457,26,137000,MORTGAGE,3,0,1,0,0,1,0,0,0,0,A,21500,6.62,0,0.16,0,4
15460,26,137000,MORTGAGE,3,0,1,0,0,1,0,0,0,0,B,3500,12.18,0,0.03,0,2
15461,23,137000,MORTGAGE,0,0,1,0,0,1,0,0,0,0,A,11400,9.63,0,0.08,0,2
15472,25,138000,MORTGAGE,3,0,1,0,0,1,0,0,0,0,C,9000,12.22,0,0.07,0,3
15482,21,140000,MORTGAGE,2,0,1,0,0,1,0,0,0,0,A,18000,7.9,0,0.13,0,4
15492,22,140000,MORTGAGE,6,0,1,0,0,1,0,0,0,0,B,10000,10.99,0,0.07,0,3
15498,23,140000,MORTGAGE,0,0,1,0,0,1,0,0,0,0,A,3500,5.79,0,0.03,0,3
15511,25,140000,MORTGAGE,2,0,1,0,0,1,0,0,0,0,A,4800,7.88,0,0.03,0,4
15520,24,140004,MORTGAGE,4,0,1,0,0,1,0,0,0,0,E,4000,16.45,0,0.03,0,3
15526,23,141000,MORTGAGE,1,0,1,0,0,1,0,0,0,0,B,15000,,0,0.11,0,4
15527,24,141000,MORTGAGE,2,0,1,0,0,1,0,0,0,0,B,12000,12.53,0,0.09,0,4
15535,26,144000,MORTGAGE,2,0,1,0,0,1,0,0,0,0,A,12000,7.49,0,0.08,0,3
15556,23,145000,MORTGAGE,0,0,1,0,0,1,0,0,0,0,A,14400,5.79,0,0.1,0,4
15560,25,145000,MORTGAGE,3,0,1,0,0,1,0,0,0,0,B,25000,11.36,0,0.17,0,4
15569,24,145008,MORTGAGE,8,0,1,0,0,1,0,0,0,0,A,5000,9.63,0,0.03,0,4
15586,24,148000,MORTGAGE,0,0,1,0,0,1,0,0,0,0,A,4000,7.88,0,0.03,0,2
15602,24,150000,MORTGAGE,8,0,1,0,0,1,0,0,0,0,A,8000,8.9,0,0.05,0,4
15621,25,150000,MORTGAGE,9,0,1,0,0,1,0,0,0,0,A,8200,5.79,0,0.05,0,3
15629,25,150000,MORTGAGE,4,0,1,0,0,1,0,0,0,0,A,6000,7.66,0,0.04,0,3
15652,24,150000,MORTGAGE,8,0,1,0,0,1,0,0,0,0,B,25000,,0,0.17,0,2
15667,26,138000,MORTGAGE,4,0,1,0,0,1,0,0,0,0,F,18000,16.4,1,0.13,0,3
15671,23,150600,MORTGAGE,3,0,1,0,0,1,0,0,0,0,A,2400,7.49,0,0.02,0,2
15677,26,152004,MORTGAGE,8,0,1,0,0,1,0,0,0,0,A,5800,7.88,0,0.04,0,3
15679,25,153000,MORTGAGE,9,0,1,0,0,1,0,0,0,0,B,7500,11.71,0,0.05,0,3
15680,25,153000,MORTGAGE,9,0,1,0,0,1,0,0,0,0,C,14500,13.85,0,0.09,0,3
15684,25,154000,MORTGAGE,1,0,1,0,0,1,0,0,0,0,B,21600,10.37,0,0.14,0,3
15694,26,155000,MORTGAGE,10,0,1,0,0,1,0,0,0,0,B,25000,10.75,0,0.16,0,3
15712,24,156000,MORTGAGE,8,0,1,0,0,1,0,0,0,0,B,15000,10.25,0,0.1,0,3
15765,22,166000,MORTGAGE,1,0,1,0,0,1,0,0,0,0,B,23450,11.36,0,0.14,0,3
15767,23,167300,MORTGAGE,1,0,1,0,0,1,0,0,0,0,B,20000,12.21,0,0.12,0,2
15771,24,170000,MORTGAGE,8,0,1,0,0,1,0,0,0,0,B,5000,11.71,0,0.03,0,3
15775,25,170000,MORTGAGE,0,0,1,0,0,1,0,0,0,0,A,3850,6.17,0,0.02,0,4
15786,24,172000,MORTGAGE,5,0,1,0,0,1,0,0,0,0,B,15000,10.37,0,0.09,0,4
15787,25,172000,MORTGAGE,9,0,1,0,0,1,0,0,0,0,B,12000,11.86,0,0.07,0,4
15793,23,175000,MORTGAGE,5,0,1,0,0,1,0,0,0,0,D,35000,,0,0.2,0,3
15794,24,175000,MORTGAGE,9,0,1,0,0,1,0,0,0,0,A,10000,5.42,0,0.06,0,3
15795,26,175000,MORTGAGE,0,0,1,0,0,1,0,0,0,0,D,7500,15.21,0,0.04,0,3
15805,24,175500,MORTGAGE,4,0,1,0,0,1,0,0,0,0,B,15000,12.18,0,0.09,0,3
15820,21,180000,MORTGAGE,0,0,1,0,0,1,0,0,0,0,A,5000,8.07,0,0.03,0,3
15828,25,185000,MORTGAGE,3,0,1,0,0,1,0,0,0,0,A,12000,5.79,0,0.06,0,3
15831,20,188004,MORTGAGE,4,0,1,0,0,1,0,0,0,0,A,2000,8.59,0,0.01,0,4
15832,24,189000,MORTGAGE,4,0,1,0,0,1,0,0,0,0,A,5000,9.32,0,0.03,0,2
15839,23,195000,MORTGAGE,0,0,1,0,0,1,0,0,0,0,B,20000,9.63,0,0.1,0,3
15867,24,205000,MORTGAGE,8,0,1,0,0,1,0,0,0,0,C,35000,13.99,0,0.17,0,2
15885,25,241875,MORTGAGE,4,0,1,0,0,1,0,0,0,0,A,16000,7.05,0,0.07,0,4
15889,26,250000,MORTGAGE,10,0,1,0,0,1,0,0,0,0,A,15000,7.49,0,0.06,0,2
15892,25,250000,MORTGAGE,4,0,1,0,0,1,0,0,0,0,A,10575,6.99,0,0.04,0,2
15893,23,250000,MORTGAGE,7,0,1,0,0,1,0,0,0,0,B,8800,10,0,0.04,0,2
15895,26,238000,MORTGAGE,2,0,1,0,0,1,0,0,0,0,B,25000,9.25,1,0.11,0,4
15898,23,294000,MORTGAGE,6,0,1,0,0,1,0,0,0,0,A,15000,8.9,0,0.05,0,4
15912,24,425000,MORTGAGE,8,0,1,0,0,1,0,0,0,0,A,10000,7.88,0,0.02,0,2
15916,26,480000,MORTGAGE,2,0,1,0,0,1,0,0,0,0,E,25000,14.38,0,0.05,0,3
15970,26,139992,MORTGAGE,0,0,1,0,0,1,0,0,0,0,B,14400,,0,0.1,0,4
15990,23,90000,MORTGAGE,7,0,1,0,0,1,0,0,0,0,B,8000,10.36,0,0.09,0,3
15998,21,35000,MORTGAGE,5,0,1,0,0,1,0,0,0,0,B,1500,9.63,0,0.04,0,2
16013,26,75000,MORTGAGE,5,0,1,0,0,1,0,0,0,0,A,12500,5.99,0,0.17,0,4
16019,23,45000,MORTGAGE,1,0,1,0,0,1,0,0,0,0,B,10000,12.21,0,0.22,0,4
16029,23,100000,MORTGAGE,7,0,1,0,0,1,0,0,0,0,A,15000,7.88,0,0.15,0,4
16041,24,128000,MORTGAGE,4,0,1,0,0,1,0,0,0,0,A,12000,6.03,0,0.09,0,2
16045,25,85000,MORTGAGE,5,0,1,0,0,1,0,0,0,0,C,9600,13.85,0,0.11,0,2
16058,25,125000,MORTGAGE,9,0,1,0,0,1,0,0,0,0,B,12000,9.91,0,0.1,0,3
16062,25,53000,MORTGAGE,4,0,1,0,0,1,0,0,0,0,A,6000,6.62,0,0.11,0,2
16078,23,55000,MORTGAGE,5,0,1,0,0,1,0,0,0,0,A,15000,6.17,0,0.27,0,3
16092,23,50000,MORTGAGE,3,0,1,0,0,1,0,0,0,0,A,10000,6.03,0,0.2,0,4
16141,25,47412,MORTGAGE,0,0,1,0,0,1,0,0,0,0,A,6500,8.59,0,0.14,0,3
16150,23,30000,MORTGAGE,3,0,1,0,0,1,0,0,0,0,B,4500,10.62,0,0.15,0,4
16173,22,65000,MORTGAGE,4,0,1,0,0,1,0,0,0,0,A,9000,9.63,0,0.14,0,3
16176,21,60000,MORTGAGE,5,0,1,0,0,1,0,0,0,0,A,6000,6.91,0,0.1,0,2
16197,22,115000,MORTGAGE,6,0,1,0,0,1,0,0,0,0,A,12000,5.99,0,0.1,0,3
16206,22,52320,MORTGAGE,6,0,1,0,0,1,0,0,0,0,D,15000,12.86,0,0.29,0,2
16227,23,135000,MORTGAGE,1,0,1,0,0,1,0,0,0,0,D,12500,15.99,0,0.09,0,4
16231,24,43300,MORTGAGE,2,0,1,0,0,1,0,0,0,0,B,24000,10.62,0,0.55,0,2
16244,23,65000,MORTGAGE,7,0,1,0,0,1,0,0,0,0,A,5500,7.88,0,0.08,0,2
16251,24,65000,MORTGAGE,3,0,1,0,0,1,0,0,0,0,B,12000,9.91,0,0.18,0,4
16288,22,49536,MORTGAGE,6,0,1,0,0,1,0,0,0,0,A,5200,6.62,0,0.1,0,3
16294,25,78000,MORTGAGE,9,0,1,0,0,1,0,0,0,0,B,14200,11.48,0,0.18,0,3
16304,25,60000,MORTGAGE,2,0,1,0,0,1,0,0,0,0,B,12500,11.49,0,0.21,0,4
16337,23,63000,MORTGAGE,7,0,1,0,0,1,0,0,0,0,A,20000,7.9,0,0.32,0,3
16362,23,65000,MORTGAGE,4,0,1,0,0,1,0,0,0,0,D,13600,15.62,0,0.21,0,3
16378,24,105804,MORTGAGE,8,0,1,0,0,1,0,0,0,0,A,15000,7.49,0,0.14,0,2
16382,22,68000,MORTGAGE,6,0,1,0,0,1,0,0,0,0,A,3500,6.39,0,0.05,0,4
16388,23,90000,MORTGAGE,6,0,1,0,0,1,0,0,0,0,A,12000,,0,0.13,0,3
16389,24,51000,MORTGAGE,4,0,1,0,0,1,0,0,0,0,A,8500,8.94,0,0.17,0,4
16400,21,59000,MORTGAGE,5,0,1,0,0,1,0,0,0,0,B,5000,9.99,1,0.08,0,3
16403,26,90000,MORTGAGE,3,0,1,0,0,1,0,0,0,0,C,3200,13.22,0,0.04,0,4
16408,26,110000,MORTGAGE,1,0,1,0,0,1,0,0,0,0,B,5000,12.69,0,0.05,0,3
16409,22,22800,MORTGAGE,0,0,1,0,0,1,0,0,0,0,A,3000,8.94,0,0.13,0,4
16439,23,44496,MORTGAGE,2,0,1,0,0,1,0,0,0,0,A,3500,,0,0.08,0,4
16453,25,38400,MORTGAGE,9,0,1,0,0,1,0,0,0,0,B,12000,10.38,0,0.31,0,3
16456,25,32500,MORTGAGE,3,0,1,0,0,1,0,0,0,0,A,12500,7.9,0,0.38,0,2
16457,24,65000,MORTGAGE,8,0,1,0,0,1,0,0,0,0,A,3300,7.51,0,0.05,0,2
16471,26,85000,MORTGAGE,3,0,1,0,0,1,0,0,0,0,D,10000,14.09,0,0.12,0,2
16483,22,30000,MORTGAGE,6,0,1,0,0,1,0,0,0,0,D,6600,14.42,0,0.22,0,4
16492,24,72000,MORTGAGE,8,0,1,0,0,1,0,0,0,0,C,14000,14.65,1,0.19,0,4
16501,23,95000,MORTGAGE,7,0,1,0,0,1,0,0,0,0,A,35000,7.9,0,0.37,0,2
16508,26,42000,MORTGAGE,0,0,1,0,0,1,0,0,0,0,B,4500,11.48,0,0.11,0,3
16520,23,200000,MORTGAGE,0,0,1,0,0,1,0,0,0,0,A,5000,7.43,0,0.03,0,2
16531,23,48000,MORTGAGE,7,0,1,0,0,1,0,0,0,0,A,14125,,0,0.29,0,3
16545,26,64800,MORTGAGE,5,0,1,0,0,1,0,0,0,0,B,2000,11.99,0,0.03,0,3
16553,22,75600,MORTGAGE,3,0,1,0,0,1,0,0,0,0,A,10000,,0,0.13,0,4
16561,26,74000,MORTGAGE,10,0,1,0,0,1,0,0,0,0,B,4475,9.99,0,0.06,0,2
16575,21,192000,MORTGAGE,0,0,1,0,0,1,0,0,0,0,A,20000,6.54,0,0.1,0,2
16585,23,90000,MORTGAGE,1,0,1,0,0,1,0,0,0,0,B,12000,12.18,0,0.13,0,4
16602,22,48000,MORTGAGE,7,0,1,0,0,1,0,0,0,0,B,6500,10.62,0,0.14,0,2
16611,25,100000,MORTGAGE,9,0,1,0,0,1,0,0,0,0,A,12000,8.94,0,0.12,0,4
16627,25,60000,MORTGAGE,2,0,1,0,0,1,0,0,0,0,B,10000,12.21,0,0.17,0,3
16674,22,60000,MORTGAGE,6,0,1,0,0,1,0,0,0,0,A,11200,5.79,0,0.19,0,4
16699,26,50000,MORTGAGE,0,0,1,0,0,1,0,0,0,0,A,10000,7.74,0,0.2,0,2
16723,22,100000,MORTGAGE,6,0,1,0,0,1,0,0,0,0,B,3000,11.49,0,0.03,0,4
16728,21,200000,MORTGAGE,5,0,1,0,0,1,0,0,0,0,C,16000,14.65,0,0.08,0,2
16730,24,120000,MORTGAGE,1,0,1,0,0,1,0,0,0,0,D,25000,13.99,0,0.21,0,4
16744,26,75000,MORTGAGE,4,0,1,0,0,1,0,0,0,0,A,12000,6.92,0,0.16,0,4
16756,23,90096,MORTGAGE,0,0,1,0,0,1,0,0,0,0,C,10150,11.97,0,0.11,0,3
16759,23,91000,MORTGAGE,3,0,1,0,0,1,0,0,0,0,B,12000,,0,0.13,0,4
16761,25,49200,MORTGAGE,2,0,1,0,0,1,0,0,0,0,B,6000,10,0,0.12,0,4
16766,23,100000,MORTGAGE,0,0,1,0,0,1,0,0,0,0,A,11000,8.49,0,0.11,0,3
16767,23,106000,MORTGAGE,7,0,1,0,0,1,0,0,0,0,A,10000,7.14,0,0.09,0,3
16789,25,66420,MORTGAGE,1,0,1,0,0,1,0,0,0,0,B,4000,12.18,0,0.06,0,2
16799,22,77000,MORTGAGE,5,0,1,0,0,1,0,0,0,0,B,21000,11.48,0,0.27,0,3
16815,22,67807,MORTGAGE,6,0,1,0,0,1,0,0,0,0,A,6400,7.14,0,0.09,0,3
16824,24,16800,MORTGAGE,,0,1,0,0,1,0,0,0,0,A,3900,,1,0.23,0,2
16825,26,53000,MORTGAGE,1,0,1,0,0,1,0,0,0,0,A,8000,,0,0.15,0,3
16828,21,65000,MORTGAGE,5,0,1,0,0,1,0,0,0,0,A,10000,6.03,0,0.15,0,3
16840,25,51000,MORTGAGE,6,0,1,0,0,1,0,0,0,0,E,16750,16.4,0,0.33,0,3
16854,22,72000,MORTGAGE,3,0,1,0,0,1,0,0,0,0,B,5000,,0,0.07,0,3
16873,25,120000,MORTGAGE,6,0,1,0,0,1,0,0,0,0,B,10000,,0,0.08,0,2
16891,24,50000,MORTGAGE,2,0,1,0,0,1,0,0,0,0,A,12500,9.32,0,0.25,0,3
16896,22,82000,MORTGAGE,6,0,1,0,0,1,0,0,0,0,B,10750,9.25,0,0.13,0,3
16911,23,100000,MORTGAGE,4,0,1,0,0,1,0,0,0,0,C,10000,12.87,0,0.1,0,4
16927,22,183000,MORTGAGE,3,0,1,0,0,1,0,0,0,0,A,1000,,0,0.01,0,2
16945,22,60000,MORTGAGE,7,0,1,0,0,1,0,0,0,0,B,12000,10,0,0.2,0,3
16957,25,117014,MORTGAGE,5,0,1,0,0,1,0,0,0,0,A,8400,7.29,0,0.07,0,3
16986,24,72444,MORTGAGE,7,0,1,0,0,1,0,0,0,0,B,25000,10.74,0,0.35,0,3
16989,23,59000,MORTGAGE,7,0,1,0,0,1,0,0,0,0,A,9000,8.49,0,0.15,0,4
17006,24,55000,MORTGAGE,8,0,1,0,0,1,0,0,0,0,B,9600,,0,0.17,0,3
17010,25,107000,MORTGAGE,1,0,1,0,0,1,0,0,0,0,A,1000,7.4,0,0.01,0,4
17027,26,80004,MORTGAGE,4,0,1,0,0,1,0,0,0,0,B,15000,11.86,0,0.19,0,3
17036,24,55152,MORTGAGE,8,0,1,0,0,1,0,0,0,0,B,16000,11.49,0,0.29,0,4
17044,22,50000,MORTGAGE,0,0,1,0,0,1,0,0,0,0,A,12800,5.79,0,0.26,0,3
17045,22,50000,MORTGAGE,5,0,1,0,0,1,0,0,0,0,B,2000,12.18,0,0.04,0,4
17063,24,43200,MORTGAGE,0,0,1,0,0,1,0,0,0,0,C,10000,14.26,0,0.23,0,4
17066,24,36500,MORTGAGE,3,0,1,0,0,1,0,0,0,0,B,2500,10.37,0,0.07,0,3
17070,24,76000,MORTGAGE,8,0,1,0,0,1,0,0,0,0,B,13500,9.99,0,0.18,0,4
17080,22,50000,MORTGAGE,6,0,1,0,0,1,0,0,0,0,B,8000,11.12,0,0.16,0,4
17086,22,32500,MORTGAGE,6,0,1,0,0,1,0,0,0,0,A,2500,6.99,0,0.08,0,2
17098,21,140000,MORTGAGE,2,0,1,0,0,1,0,0,0,0,A,18000,7.9,0,0.13,0,4
17112,22,58896,MORTGAGE,6,0,1,0,0,1,0,0,0,0,A,9500,6.76,0,0.16,0,4
17120,22,39000,MORTGAGE,6,0,1,0,0,1,0,0,0,0,A,10750,,0,0.28,0,4
17145,21,28692,MORTGAGE,5,0,1,0,0,1,0,0,0,0,B,3000,10.75,0,0.1,0,2
17163,24,97000,MORTGAGE,3,0,1,0,0,1,0,0,0,0,C,6400,15.96,0,0.07,0,3
17164,22,68000,MORTGAGE,6,0,1,0,0,1,0,0,0,0,A,16000,7.9,0,0.24,0,3
17169,25,51492,MORTGAGE,2,0,1,0,0,1,0,0,0,0,B,13800,10.38,0,0.27,0,4
17172,22,78000,MORTGAGE,6,0,1,0,0,1,0,0,0,0,A,7750,7.51,0,0.1,0,4
17173,23,84000,MORTGAGE,7,0,1,0,0,1,0,0,0,0,B,23000,11.99,0,0.27,0,2
17199,23,60000,MORTGAGE,0,0,1,0,0,1,0,0,0,0,B,10000,11.26,0,0.17,0,3
17203,26,117000,MORTGAGE,8,0,1,0,0,1,0,0,0,0,A,6000,7.51,0,0.05,0,3
17254,24,47000,MORTGAGE,1,0,1,0,0,1,0,0,0,0,B,8500,,0,0.18,0,4
17265,23,105999,MORTGAGE,6,0,1,0,0,1,0,0,0,0,B,8550,9.88,0,0.08,0,2
17271,23,136000,MORTGAGE,7,0,1,0,0,1,0,0,0,0,A,8000,8.32,0,0.06,0,2
17282,23,75885,MORTGAGE,7,0,1,0,0,1,0,0,0,0,C,3000,11.03,0,0.04,0,4
17285,23,44000,MORTGAGE,4,0,1,0,0,1,0,0,0,0,A,3200,7.51,0,0.07,0,2
17288,23,65000,MORTGAGE,3,0,1,0,0,1,0,0,0,0,A,8000,7.14,0,0.12,0,4
17298,23,85000,MORTGAGE,8,0,1,0,0,1,0,0,0,0,C,5000,14.35,0,0.06,0,3
17307,23,37344,MORTGAGE,0,0,1,0,0,1,0,0,0,0,C,3200,12.68,0,0.09,0,4
17313,23,113000,MORTGAGE,4,0,1,0,0,1,0,0,0,0,A,12000,7.66,0,0.11,0,3
17330,25,76000,MORTGAGE,3,0,1,0,0,1,0,0,0,0,A,20000,6.54,0,0.26,0,2
17332,23,68000,MORTGAGE,4,0,1,0,0,1,0,0,0,0,A,1000,8,0,0.01,0,4
17362,22,38000,MORTGAGE,4,0,1,0,0,1,0,0,0,0,A,1950,7.37,0,0.05,0,4
17365,22,74476,MORTGAGE,6,0,1,0,0,1,0,0,0,0,A,5000,8.49,1,0.07,0,2
17366,24,56000,MORTGAGE,8,0,1,0,0,1,0,0,0,0,A,12000,,0,0.21,0,2
17375,22,103000,MORTGAGE,7,0,1,0,0,1,0,0,0,0,D,15000,15.99,0,0.15,0,3
17409,24,45000,MORTGAGE,0,0,1,0,0,1,0,0,0,0,C,10625,14.27,1,0.24,0,4
17411,23,112800,MORTGAGE,3,0,1,0,0,1,0,0,0,0,B,35000,,0,0.31,0,2
17425,21,47580,MORTGAGE,5,0,1,0,0,1,0,0,0,0,A,14000,6.03,0,0.29,0,2
17429,22,44004,MORTGAGE,3,0,1,0,0,1,0,0,0,0,D,9000,14.11,1,0.2,0,4
17430,23,32000,MORTGAGE,4,0,1,0,0,1,0,0,0,0,A,1200,7.68,0,0.04,0,2
17432,24,45600,MORTGAGE,0,0,1,0,0,1,0,0,0,0,A,7200,6.91,0,0.16,0,2
17458,22,24000,MORTGAGE,4,0,1,0,0,1,0,0,0,0,A,1300,5.42,0,0.05,0,3
17492,21,104740,MORTGAGE,5,0,1,0,0,1,0,0,0,0,B,19200,11.99,0,0.18,0,2
17494,23,92004,MORTGAGE,7,0,1,0,0,1,0,0,0,0,B,24250,11.12,0,0.26,0,2
17498,24,49000,MORTGAGE,5,0,1,0,0,1,0,0,0,0,A,2700,6.92,0,0.06,0,3
17501,26,103000,MORTGAGE,10,0,1,0,0,1,0,0,0,0,D,5000,14.96,0,0.05,0,4
17521,21,65004,MORTGAGE,5,0,1,0,0,1,0,0,0,0,B,5000,9.99,0,0.08,0,4
17532,26,130000,MORTGAGE,5,0,1,0,0,1,0,0,0,0,D,35000,18.25,0,0.27,0,3
17542,24,425000,MORTGAGE,8,0,1,0,0,1,0,0,0,0,A,10000,7.88,0,0.02,0,3
17557,25,45000,MORTGAGE,5,0,1,0,0,1,0,0,0,0,B,3800,10.65,0,0.08,0,3
17566,25,174000,MORTGAGE,2,0,1,0,0,1,0,0,0,0,C,8800,14.27,0,0.05,0,4
17572,23,57600,MORTGAGE,0,0,1,0,0,1,0,0,0,0,B,1000,,0,0.02,0,2
17576,22,100000,MORTGAGE,3,0,1,0,0,1,0,0,0,0,B,12000,11.11,0,0.12,0,4
17592,23,43000,MORTGAGE,1,0,1,0,0,1,0,0,0,0,A,9000,9.63,0,0.21,0,2
17617,23,92000,MORTGAGE,7,0,1,0,0,1,0,0,0,0,C,18000,12.68,0,0.2,0,2
17630,24,62500,MORTGAGE,2,0,1,0,0,1,0,0,0,0,A,6000,5.79,0,0.1,0,3
17634,24,80000,MORTGAGE,6,0,1,0,0,1,0,0,0,0,A,16000,7.88,0,0.2,0,3
17635,24,59000,MORTGAGE,3,0,1,0,0,1,0,0,0,0,C,6800,12.53,1,0.12,0,2
17648,22,39000,MORTGAGE,6,0,1,0,0,1,0,0,0,0,A,7000,8.94,1,0.18,0,3
17681,25,45600,MORTGAGE,7,0,1,0,0,1,0,0,0,0,C,13000,12.99,0,0.29,0,2
17706,26,102000,MORTGAGE,3,0,1,0,0,1,0,0,0,0,B,20000,11.36,0,0.2,0,4
17709,23,49000,MORTGAGE,7,0,1,0,0,1,0,0,0,0,C,4000,13.99,0,0.08,0,3
17749,22,88512,MORTGAGE,6,0,1,0,0,1,0,0,0,0,A,3000,5.79,0,0.03,0,2
17751,22,48000,MORTGAGE,6,0,1,0,0,1,0,0,0,0,A,9925,9.63,0,0.21,0,3
17766,23,99996,MORTGAGE,2,0,1,0,0,1,0,0,0,0,B,4800,11.49,0,0.05,0,4
17787,25,70000,MORTGAGE,9,0,1,0,0,1,0,0,0,0,B,16000,12.18,0,0.23,0,4
17792,23,200000,MORTGAGE,4,0,1,0,0,1,0,0,0,0,B,6000,11.86,0,0.03,0,3
17810,24,193000,MORTGAGE,8,0,1,0,0,1,0,0,0,0,C,10000,13.06,0,0.05,0,4
17823,25,44000,MORTGAGE,7,0,1,0,0,1,0,0,0,0,B,7500,10.08,1,0.17,0,4
17860,29,400000,MORTGAGE,10,0,1,0,0,1,0,0,0,0,B,25000,11.12,0,0.06,0,8
17888,30,300000,MORTGAGE,13,0,1,0,0,1,0,0,0,0,B,4000,10.65,0,0.01,0,10
17940,27,240000,MORTGAGE,1,0,1,0,0,1,0,0,0,0,A,35000,7.9,0,0.15,0,7
17947,29,240000,MORTGAGE,10,0,1,0,0,1,0,0,0,0,A,5000,7.88,0,0.02,0,8
17973,29,218000,MORTGAGE,12,0,1,0,0,1,0,0,0,0,A,14400,8.9,0,0.07,0,7
17988,34,204000,MORTGAGE,0,0,1,0,0,1,0,0,0,0,B,16000,11.83,0,0.08,0,5
17993,31,201996,MORTGAGE,11,0,1,0,0,1,0,0,0,0,C,20000,,0,0.1,0,10
18002,28,200000,MORTGAGE,12,0,1,0,0,1,0,0,0,0,A,25000,7.9,0,0.13,0,9
18019,27,200000,MORTGAGE,6,0,1,0,0,1,0,0,0,0,A,10000,7.51,0,0.05,0,10
18026,27,200000,MORTGAGE,6,0,1,0,0,1,0,0,0,0,A,5000,7.74,0,0.03,0,7
18050,29,190000,MORTGAGE,3,0,1,0,0,1,0,0,0,0,B,14000,,0,0.07,0,6
18055,28,190000,MORTGAGE,7,0,1,0,0,1,0,0,0,0,B,25000,,0,0.13,0,8
18071,29,186063,MORTGAGE,14,0,1,0,0,1,0,0,0,0,B,25000,10.46,0,0.13,0,6
18107,30,168000,MORTGAGE,8,0,1,0,0,1,0,0,0,0,A,10000,8.94,1,0.06,0,5
18122,31,175000,MORTGAGE,3,0,1,0,0,1,0,0,0,0,E,7500,19.69,0,0.04,0,9
18149,35,170000,MORTGAGE,6,0,1,0,0,1,0,0,0,0,A,6500,7.49,0,0.04,0,10
18209,29,160000,MORTGAGE,8,0,1,0,0,1,0,0,0,0,A,7000,,0,0.04,0,8
18233,28,17544,MORTGAGE,2,0,1,0,0,1,0,0,0,0,A,1500,8.63,0,0.09,0,10
18363,28,20400,MORTGAGE,4,0,1,0,0,1,0,0,0,0,A,2075,7.88,0,0.1,0,8
18406,29,21424,MORTGAGE,1,0,1,0,0,1,0,0,0,0,A,7750,7.51,1,0.36,0,10
18440,27,22000,MORTGAGE,11,0,1,0,0,1,0,0,0,0,A,2500,7.49,0,0.11,0,6
18452,30,22000,MORTGAGE,1,0,1,0,0,1,0,0,0,0,B,5375,12.21,0,0.24,0,9
18550,29,24000,MORTGAGE,0,0,1,0,0,1,0,0,0,0,B,4000,10.59,0,0.17,0,10
18577,28,24000,MORTGAGE,2,0,1,0,0,1,0,0,0,0,A,1500,7.14,0,0.06,0,10
18656,29,25000,MORTGAGE,,0,1,0,0,1,0,0,0,0,A,8500,7.9,0,0.34,0,5
18697,33,25000,MORTGAGE,4,0,1,0,0,1,0,0,0,0,B,1600,11.36,0,0.06,0,7
18733,27,25440,MORTGAGE,5,0,1,0,0,1,0,0,0,0,D,1200,,0,0.05,0,10
18794,33,26688,MORTGAGE,6,0,1,0,0,1,0,0,0,0,B,5000,10.59,0,0.19,0,10
18822,31,27036,MORTGAGE,2,0,1,0,0,1,0,0,0,0,B,6500,11.11,0,0.24,0,7
18840,30,27600,MORTGAGE,3,0,1,0,0,1,0,0,0,0,D,2250,15.62,1,0.08,0,9
18843,27,27600,MORTGAGE,2,0,1,0,0,1,0,0,0,0,A,3500,6.99,0,0.13,0,9
18846,35,27600,MORTGAGE,19,0,1,0,0,1,0,0,0,0,B,3000,11.86,0,0.11,0,5
18893,30,28500,MORTGAGE,9,0,1,0,0,1,0,0,0,0,A,4000,7.74,0,0.14,0,7
18930,31,29000,MORTGAGE,3,0,1,0,0,1,0,0,0,0,B,3500,12.53,0,0.12,0,5
18974,30,30000,MORTGAGE,6,0,1,0,0,1,0,0,0,0,B,10000,9.91,0,0.33,0,10
18976,31,30000,MORTGAGE,,0,1,0,0,1,0,0,0,0,B,1200,,0,0.04,0,8
19008,30,30000,MORTGAGE,3,0,1,0,0,1,0,0,0,0,A,5100,7.9,0,0.17,0,8
19019,35,30000,MORTGAGE,2,0,1,0,0,1,0,0,0,0,A,3300,5.99,0,0.11,0,6
19037,29,30000,MORTGAGE,3,0,1,0,0,1,0,0,0,0,B,4000,,0,0.13,0,6
19041,32,30000,MORTGAGE,16,0,1,0,0,1,0,0,0,0,A,7000,6.99,0,0.23,0,6
19093,28,30000,MORTGAGE,4,0,1,0,0,1,0,0,0,0,A,3000,6.76,0,0.1,0,9
19129,33,30000,MORTGAGE,1,0,1,0,0,1,0,0,0,0,B,12250,11.36,0,0.41,0,8
19158,34,30000,MORTGAGE,4,0,1,0,0,1,0,0,0,0,A,7300,9.32,0,0.24,0,9
19193,29,30108,MORTGAGE,,0,1,0,0,1,0,0,0,0,A,1400,8.9,1,0.05,0,9
19208,33,30929,MORTGAGE,12,0,1,0,0,1,0,0,0,0,A,5300,7.68,0,0.17,0,7
19211,29,30992,MORTGAGE,3,0,1,0,0,1,0,0,0,0,B,8000,11.58,1,0.26,0,9
19237,35,31000,MORTGAGE,9,0,1,0,0,1,0,0,0,0,C,15000,13.16,0,0.48,0,9
19239,34,31075,MORTGAGE,3,0,1,0,0,1,0,0,0,0,A,7400,7.51,0,0.24,0,6
19291,28,32000,MORTGAGE,4,0,1,0,0,1,0,0,0,0,B,12000,12.69,1,0.38,0,10
19369,28,32500,MORTGAGE,12,0,1,0,0,1,0,0,0,0,A,5000,7.14,0,0.15,0,7
19384,33,33000,MORTGAGE,3,0,1,0,0,1,0,0,0,0,B,4000,12.69,0,0.12,0,8
19398,30,33000,MORTGAGE,3,0,1,0,0,1,0,0,0,0,B,5600,10.59,0,0.17,0,9
19455,34,33600,MORTGAGE,4,0,1,0,0,1,0,0,0,0,B,6000,10.99,0,0.18,0,6
19468,30,33600,MORTGAGE,5,0,1,0,0,1,0,0,0,0,A,9000,6.91,0,0.27,0,6
19507,31,34000,MORTGAGE,3,0,1,0,0,1,0,0,0,0,A,13500,7.66,0,0.4,0,10
19565,35,35000,MORTGAGE,5,0,1,0,0,1,0,0,0,0,B,8000,12.69,0,0.23,0,6
19592,32,35000,MORTGAGE,4,0,1,0,0,1,0,0,0,0,A,10000,6.03,0,0.29,0,6
19601,28,35000,MORTGAGE,12,0,1,0,0,1,0,0,0,0,A,12000,5.99,0,0.34,0,8
19613,35,35000,MORTGAGE,5,0,1,0,0,1,0,0,0,0,B,5600,11.49,0,0.16,0,6
19627,35,35000,MORTGAGE,,0,1,0,0,1,0,0,0,0,B,4000,9.63,0,0.11,0,8
19781,31,36000,MORTGAGE,,0,1,0,0,1,0,0,0,0,B,1000,10.59,0,0.03,0,9
19784,31,36000,MORTGAGE,8,0,1,0,0,1,0,0,0,0,B,1600,10.59,0,0.04,0,7
19798,33,36000,MORTGAGE,2,0,1,0,0,1,0,0,0,0,E,6625,16.4,0,0.18,0,5
19801,30,36000,MORTGAGE,9,0,1,0,0,1,0,0,0,0,B,1750,11.11,0,0.05,0,8
19831,35,36000,MORTGAGE,3,0,1,0,0,1,0,0,0,0,B,5000,11.12,0,0.14,0,6
19938,28,37000,MORTGAGE,4,0,1,0,0,1,0,0,0,0,A,10000,7.49,0,0.27,0,6
19956,30,31000,MORTGAGE,3,0,1,0,0,1,0,0,0,0,A,13000,7.88,1,0.42,0,8
19987,33,37200,MORTGAGE,3,0,1,0,0,1,0,0,0,0,A,3000,6.92,0,0.08,0,5
20016,28,37620,MORTGAGE,5,0,1,0,0,1,0,0,0,0,B,4000,11.71,0,0.11,0,8
20074,29,38000,MORTGAGE,8,0,1,0,0,1,0,0,0,0,A,3600,7.14,0,0.09,0,9
20085,29,38000,MORTGAGE,5,0,1,0,0,1,0,0,0,0,A,8000,8.59,0,0.21,0,6
20086,33,38000,MORTGAGE,0,0,1,0,0,1,0,0,0,0,C,2500,13.22,0,0.07,0,6
20114,32,38100,MORTGAGE,0,0,1,0,0,1,0,0,0,0,A,8400,8.38,0,0.22,0,9
20135,35,38400,MORTGAGE,0,0,1,0,0,1,0,0,0,0,A,5000,,0,0.13,0,9
20142,34,38400,MORTGAGE,,0,1,0,0,1,0,0,0,0,B,6500,9.25,0,0.17,0,10
20178,29,33000,MORTGAGE,8,0,1,0,0,1,0,0,0,0,B,5600,11.71,1,0.17,0,6
20212,29,39432,MORTGAGE,6,0,1,0,0,1,0,0,0,0,B,8000,11.86,0,0.2,0,6
20213,27,39480,MORTGAGE,2,0,1,0,0,1,0,0,0,0,C,7200,13.79,0,0.18,0,8
20217,28,39500,MORTGAGE,11,0,1,0,0,1,0,0,0,0,A,11000,7.14,0,0.28,0,8
20221,33,39504,MORTGAGE,17,0,1,0,0,1,0,0,0,0,A,3000,7.37,0,0.08,0,5
20225,29,39600,MORTGAGE,0,0,1,0,0,1,0,0,0,0,B,5600,10.65,0,0.14,0,8
20247,29,39960,MORTGAGE,13,0,1,0,0,1,0,0,0,0,D,11000,16.49,0,0.28,0,6
20321,29,40000,MORTGAGE,0,0,1,0,0,1,0,0,0,0,A,10625,6.62,0,0.27,0,5
20346,32,40000,MORTGAGE,12,0,1,0,0,1,0,0,0,0,B,9000,10.59,0,0.23,0,7
20415,33,40000,MORTGAGE,4,0,1,0,0,1,0,0,0,0,A,5000,7.51,0,0.13,0,8
20452,29,40000,MORTGAGE,8,0,1,0,0,1,0,0,0,0,A,8000,8.59,0,0.2,0,10
20454,27,40000,MORTGAGE,4,0,1,0,0,1,0,0,0,0,A,3500,9.63,0,0.09,0,9
20462,33,40000,MORTGAGE,3,0,1,0,0,1,0,0,0,0,C,9000,13.16,0,0.23,0,5
20483,28,40200,MORTGAGE,5,0,1,0,0,1,0,0,0,0,A,1900,5.99,0,0.05,0,10
20497,29,40500,MORTGAGE,0,0,1,0,0,1,0,0,0,0,A,6000,8.38,0,0.15,0,8
20499,27,40700,MORTGAGE,8,0,1,0,0,1,0,0,0,0,D,20400,,0,0.5,0,8
20506,28,40800,MORTGAGE,12,0,1,0,0,1,0,0,0,0,A,6700,6.99,0,0.16,0,8
20507,27,40800,MORTGAGE,4,0,1,0,0,1,0,0,0,0,B,6000,11.49,0,0.15,0,10
20584,30,41600,MORTGAGE,2,0,1,0,0,1,0,0,0,0,A,4500,6.76,0,0.11,0,9
20591,34,41979,MORTGAGE,14,0,1,0,0,1,0,0,0,0,C,8150,15.23,0,0.19,0,10
20632,35,36000,MORTGAGE,4,0,1,0,0,1,0,0,0,0,B,16000,10.99,1,0.44,0,8
20658,28,42000,MORTGAGE,6,0,1,0,0,1,0,0,0,0,B,5000,10.37,0,0.12,0,5
20659,33,42000,MORTGAGE,5,0,1,0,0,1,0,0,0,0,A,9000,5.79,0,0.21,0,5
20717,29,42000,MORTGAGE,9,0,1,0,0,1,0,0,0,0,B,8500,10.95,0,0.2,0,6
20731,27,36000,MORTGAGE,0,0,1,0,0,1,0,0,0,0,A,6825,8.32,1,0.19,0,9
20738,27,36082,MORTGAGE,5,0,1,0,0,1,0,0,0,0,A,5000,6.62,1,0.14,0,9
20845,27,43495,MORTGAGE,3,0,1,0,0,1,0,0,0,0,B,10800,10.99,0,0.25,0,6
20846,28,43500,MORTGAGE,12,0,1,0,0,1,0,0,0,0,B,4000,12.69,0,0.09,0,8
20874,30,38000,MORTGAGE,5,0,1,0,0,1,0,0,0,0,E,10000,17.99,1,0.26,0,6
20875,29,44000,MORTGAGE,3,0,1,0,0,1,0,0,0,0,B,5500,10.99,0,0.13,0,7
20882,30,44000,MORTGAGE,1,0,1,0,0,1,0,0,0,0,A,6800,6.91,0,0.15,0,7
20910,33,44004,MORTGAGE,4,0,1,0,0,1,0,0,0,0,A,9275,7.29,0,0.21,0,7
20917,33,44136,MORTGAGE,2,0,1,0,0,1,0,0,0,0,A,5000,,0,0.11,0,8
20989,27,45000,MORTGAGE,2,0,1,0,0,1,0,0,0,0,A,3000,6.62,0,0.07,0,10
20991,27,45000,MORTGAGE,4,0,1,0,0,1,0,0,0,0,B,10000,10.65,0,0.22,0,8
21024,32,45000,MORTGAGE,12,0,1,0,0,1,0,0,0,0,A,4800,7.49,0,0.11,0,7
21038,32,45000,MORTGAGE,6,0,1,0,0,1,0,0,0,0,A,6400,7.49,0,0.14,0,8
21043,28,45000,MORTGAGE,0,0,1,0,0,1,0,0,0,0,A,3600,,0,0.08,0,8
21072,28,45000,MORTGAGE,2,0,1,0,0,1,0,0,0,0,A,3000,5.79,0,0.07,0,8
21104,31,39000,MORTGAGE,5,0,1,0,0,1,0,0,0,0,B,22000,11.36,1,0.56,0,5
21113,30,45000,MORTGAGE,5,0,1,0,0,1,0,0,0,0,B,3250,10.62,0,0.07,0,6
21150,29,45000,MORTGAGE,13,0,1,0,0,1,0,0,0,0,A,13000,9.63,0,0.29,0,9
21165,28,45136,MORTGAGE,13,0,1,0,0,1,0,0,0,0,B,10175,12.69,0,0.23,0,9
21190,31,45504,MORTGAGE,3,0,1,0,0,1,0,0,0,0,B,7000,9.88,0,0.15,0,8
21197,27,45600,MORTGAGE,11,0,1,0,0,1,0,0,0,0,A,7500,5.42,0,0.16,0,5
21198,33,45600,MORTGAGE,1,0,1,0,0,1,0,0,0,0,A,4000,5.99,0,0.09,0,10
21200,30,39600,MORTGAGE,11,0,1,0,0,1,0,0,0,0,A,15000,7.49,1,0.38,0,5
21204,29,45600,MORTGAGE,3,0,1,0,0,1,0,0,0,0,C,4750,,0,0.1,0,9
21225,28,39912,MORTGAGE,2,0,1,0,0,1,0,0,0,0,A,10000,8.49,1,0.25,0,8
21262,28,46000,MORTGAGE,3,0,1,0,0,1,0,0,0,0,D,16750,14.96,0,0.36,0,6
21267,28,46000,MORTGAGE,12,0,1,0,0,1,0,0,0,0,A,6000,8,0,0.13,0,7
21282,29,46400,MORTGAGE,0,0,1,0,0,1,0,0,0,0,A,12000,7.51,0,0.26,0,10
21284,34,46500,MORTGAGE,18,0,1,0,0,1,0,0,0,0,D,8500,,0,0.18,0,9
21294,35,46654,MORTGAGE,19,0,1,0,0,1,0,0,0,0,B,17000,11.83,0,0.36,0,10
21298,33,46709,MORTGAGE,,0,1,0,0,1,0,0,0,0,B,6200,10.99,0,0.13,0,8
21321,29,47000,MORTGAGE,8,0,1,0,0,1,0,0,0,0,B,8000,12.42,0,0.17,0,9
21326,27,47000,MORTGAGE,11,0,1,0,0,1,0,0,0,0,A,2650,7.49,0,0.06,0,9
21371,30,47600,MORTGAGE,6,0,1,0,0,1,0,0,0,0,B,23800,12.42,0,0.5,0,9
21396,35,48000,MORTGAGE,7,0,1,0,0,1,0,0,0,0,A,17000,6.03,0,0.35,0,8
21399,33,48000,MORTGAGE,9,0,1,0,0,1,0,0,0,0,A,7500,6.03,0,0.16,0,10
21433,29,48000,MORTGAGE,3,0,1,0,0,1,0,0,0,0,B,9000,11.99,0,0.19,0,5
21454,28,48000,MORTGAGE,1,0,1,0,0,1,0,0,0,0,A,10000,6.92,0,0.21,0,8
21464,29,42000,MORTGAGE,6,0,1,0,0,1,0,0,0,0,A,5500,7.66,1,0.13,0,10
21466,35,42000,MORTGAGE,,0,1,0,0,1,0,0,0,0,C,5000,14.17,1,0.12,0,8
21517,30,48000,MORTGAGE,9,0,1,0,0,1,0,0,0,0,A,3000,7.4,0,0.06,0,7
21536,31,42000,MORTGAGE,0,0,1,0,0,1,0,0,0,0,D,21000,12.36,1,0.5,0,7
21558,28,48528,MORTGAGE,12,0,1,0,0,1,0,0,0,0,A,10000,6.99,0,0.21,0,9
21592,30,49000,MORTGAGE,9,0,1,0,0,1,0,0,0,0,A,11750,8.9,0,0.24,0,9
21604,30,49200,MORTGAGE,12,0,1,0,0,1,0,0,0,0,A,15025,6.03,0,0.31,0,8
21665,27,50000,MORTGAGE,4,0,1,0,0,1,0,0,0,0,B,2100,9.91,0,0.04,0,6
21682,28,50000,MORTGAGE,,0,1,0,0,1,0,0,0,0,A,15000,6.99,0,0.3,0,10
21696,30,50000,MORTGAGE,2,0,1,0,0,1,0,0,0,0,B,3975,10.99,0,0.08,0,8
21719,30,50000,MORTGAGE,0,0,1,0,0,1,0,0,0,0,D,10000,16.89,0,0.2,0,10
21775,32,50000,MORTGAGE,0,0,1,0,0,1,0,0,0,0,A,5400,7.14,0,0.11,0,9
21819,34,50000,MORTGAGE,18,0,1,0,0,1,0,0,0,0,A,6000,7.14,0,0.12,0,8
21835,28,50000,MORTGAGE,8,0,1,0,0,1,0,0,0,0,A,7000,8.59,0,0.14,0,9
21924,32,44400,MORTGAGE,3,0,1,0,0,1,0,0,0,0,A,15000,8.9,1,0.34,0,5
21939,27,50400,MORTGAGE,,0,1,0,0,1,0,0,0,0,B,3600,8.88,0,0.07,0,10
21940,27,50400,MORTGAGE,9,0,1,0,0,1,0,0,0,0,A,5000,7.51,0,0.1,0,5
21975,27,51000,MORTGAGE,0,0,1,0,0,1,0,0,0,0,A,7000,7.49,0,0.14,0,6
22005,27,51267,MORTGAGE,8,0,1,0,0,1,0,0,0,0,A,4000,7.68,0,0.08,0,10
22017,30,51600,MORTGAGE,4,0,1,0,0,1,0,0,0,0,D,12200,15.28,0,0.24,0,7
22066,31,52000,MORTGAGE,6,0,1,0,0,1,0,0,0,0,A,10000,8.49,0,0.19,0,5
22097,28,52000,MORTGAGE,10,0,1,0,0,1,0,0,0,0,A,13600,7.88,0,0.26,0,7
22100,33,52000,MORTGAGE,1,0,1,0,0,1,0,0,0,0,C,12000,13.85,0,0.23,0,5
22122,30,52000,MORTGAGE,3,0,1,0,0,1,0,0,0,0,C,5750,13.79,0,0.11,0,10
22124,27,46000,MORTGAGE,11,0,1,0,0,1,0,0,0,0,A,8725,9.32,1,0.19,0,9
22134,28,52260,MORTGAGE,4,0,1,0,0,1,0,0,0,0,A,9000,7.51,0,0.17,0,7
22161,31,52800,MORTGAGE,,0,1,0,0,1,0,0,0,0,B,9250,10.36,0,0.18,0,6
22181,31,53000,MORTGAGE,8,0,1,0,0,1,0,0,0,0,C,3000,15.23,0,0.06,0,5
22205,29,53000,MORTGAGE,3,0,1,0,0,1,0,0,0,0,A,6000,8,0,0.11,0,8
22209,27,53004,MORTGAGE,10,0,1,0,0,1,0,0,0,0,B,5600,11.86,0,0.11,0,6
22218,29,53360,MORTGAGE,11,0,1,0,0,1,0,0,0,0,A,10475,7.88,0,0.2,0,9
22231,30,53979,MORTGAGE,5,0,1,0,0,1,0,0,0,0,B,25000,10.08,0,0.46,0,7
22243,30,54000,MORTGAGE,14,0,1,0,0,1,0,0,0,0,B,14500,10.65,0,0.27,0,9
22263,33,54000,MORTGAGE,6,0,1,0,0,1,0,0,0,0,B,2100,9.99,0,0.04,0,6
22271,32,54000,MORTGAGE,9,0,1,0,0,1,0,0,0,0,B,3000,,0,0.06,0,7
22281,32,54000,MORTGAGE,6,0,1,0,0,1,0,0,0,0,A,4800,,0,0.09,0,7
22305,30,54000,MORTGAGE,5,0,1,0,0,1,0,0,0,0,A,5000,7.88,0,0.09,0,5
22306,28,54000,MORTGAGE,2,0,1,0,0,1,0,0,0,0,B,9250,11.36,0,0.17,0,10
22314,28,54000,MORTGAGE,9,0,1,0,0,1,0,0,0,0,A,10000,8.59,0,0.19,0,8
22356,30,48996,MORTGAGE,14,0,1,0,0,1,0,0,0,0,C,1200,14.35,1,0.02,0,7
22383,30,55000,MORTGAGE,2,0,1,0,0,1,0,0,0,0,A,11500,7.9,0,0.21,0,9
22405,28,55000,MORTGAGE,6,0,1,0,0,1,0,0,0,0,A,2400,,0,0.04,0,8
22413,35,55000,MORTGAGE,7,0,1,0,0,1,0,0,0,0,B,1450,10.59,0,0.03,0,5
22494,35,55000,MORTGAGE,4,0,1,0,0,1,0,0,0,0,A,8500,7.88,0,0.15,0,8
22515,28,55000,MORTGAGE,2,0,1,0,0,1,0,0,0,0,D,18000,14.11,0,0.33,0,5
22522,30,55000,MORTGAGE,0,0,1,0,0,1,0,0,0,0,D,12000,13.55,0,0.22,0,5
22541,29,55530,MORTGAGE,13,0,1,0,0,1,0,0,0,0,A,18825,8.9,0,0.34,0,7
22553,30,55684,MORTGAGE,13,0,1,0,0,1,0,0,0,0,B,5200,12.69,0,0.09,0,9
22562,33,55920,MORTGAGE,9,0,1,0,0,1,0,0,0,0,A,22000,7.88,0,0.39,0,6
22590,32,56000,MORTGAGE,13,0,1,0,0,1,0,0,0,0,B,3000,8.88,0,0.05,0,9
22603,31,56000,MORTGAGE,4,0,1,0,0,1,0,0,0,0,A,8000,8.59,0,0.14,0,5
22614,30,56000,MORTGAGE,5,0,1,0,0,1,0,0,0,0,B,1500,,0,0.03,0,7
22633,27,56331,MORTGAGE,7,0,1,0,0,1,0,0,0,0,B,10000,10.36,0,0.18,0,10
22643,35,56566,MORTGAGE,3,0,1,0,0,1,0,0,0,0,A,3200,,0,0.06,0,6
22688,31,57000,MORTGAGE,10,0,1,0,0,1,0,0,0,0,B,8000,9.88,0,0.14,0,9
22698,33,51000,MORTGAGE,2,0,1,0,0,1,0,0,0,0,A,1200,9.63,1,0.02,0,7
22702,33,57000,MORTGAGE,7,0,1,0,0,1,0,0,0,0,B,15000,10.39,0,0.26,0,7
22712,31,57240,MORTGAGE,1,0,1,0,0,1,0,0,0,0,A,10000,5.99,0,0.17,0,6
22713,28,57248,MORTGAGE,1,0,1,0,0,1,0,0,0,0,A,9000,6.92,0,0.16,0,7
22715,31,57335,MORTGAGE,6,0,1,0,0,1,0,0,0,0,D,16500,14.84,0,0.29,0,10
22716,28,57360,MORTGAGE,3,0,1,0,0,1,0,0,0,0,B,23000,,0,0.4,0,7
22740,31,57600,MORTGAGE,5,0,1,0,0,1,0,0,0,0,B,15000,10.25,0,0.26,0,10
22762,29,57996,MORTGAGE,6,0,1,0,0,1,0,0,0,0,C,20475,12.72,0,0.35,0,10
22765,29,58000,MORTGAGE,9,0,1,0,0,1,0,0,0,0,B,15900,,0,0.27,0,6
22793,31,58000,MORTGAGE,0,0,1,0,0,1,0,0,0,0,A,3625,6.17,0,0.06,0,5
22798,28,58000,MORTGAGE,12,0,1,0,0,1,0,0,0,0,A,3000,,0,0.05,0,8
22826,29,52044,MORTGAGE,12,0,1,0,0,1,0,0,0,0,A,8875,7.9,1,0.17,0,7
22834,30,52500,MORTGAGE,14,0,1,0,0,1,0,0,0,0,A,10000,9.63,1,0.19,0,8
22875,28,53000,MORTGAGE,12,0,1,0,0,1,0,0,0,0,A,5000,7.14,1,0.09,0,10
22889,28,59160,MORTGAGE,2,0,1,0,0,1,0,0,0,0,B,23500,,0,0.4,0,10
22890,35,59196,MORTGAGE,0,0,1,0,0,1,0,0,0,0,A,5000,8,0,0.08,0,5
22895,33,59450,MORTGAGE,1,0,1,0,0,1,0,0,0,0,B,3000,10.38,0,0.05,0,6
22923,35,60000,MORTGAGE,3,0,1,0,0,1,0,0,0,0,B,19600,9.91,0,0.33,0,5
22945,28,60000,MORTGAGE,12,0,1,0,0,1,0,0,0,0,A,13000,8.9,0,0.22,0,10
22981,28,60000,MORTGAGE,3,0,1,0,0,1,0,0,0,0,B,35000,10.59,0,0.58,0,6
22984,27,60000,MORTGAGE,3,0,1,0,0,1,0,0,0,0,A,5075,5.99,0,0.08,0,8
23002,34,60000,MORTGAGE,7,0,1,0,0,1,0,0,0,0,C,10175,,0,0.17,0,5
23020,28,60000,MORTGAGE,2,0,1,0,0,1,0,0,0,0,A,6000,5.99,0,0.1,0,8
23043,29,60000,MORTGAGE,4,0,1,0,0,1,0,0,0,0,A,5000,7.66,0,0.08,0,10
23044,31,60000,MORTGAGE,15,0,1,0,0,1,0,0,0,0,C,15000,12.68,0,0.25,0,6
23057,27,60000,MORTGAGE,8,0,1,0,0,1,0,0,0,0,A,2000,7.29,0,0.03,0,7
23070,33,60000,MORTGAGE,0,0,1,0,0,1,0,0,0,0,A,4000,6.54,0,0.07,0,9
23088,32,60000,MORTGAGE,2,0,1,0,0,1,0,0,0,0,D,15000,14.83,0,0.25,0,9
23102,29,60000,MORTGAGE,0,0,1,0,0,1,0,0,0,0,B,2400,10.75,0,0.04,0,9
23124,32,60000,MORTGAGE,11,0,1,0,0,1,0,0,0,0,B,15000,11.86,0,0.25,0,6
23195,35,60000,MORTGAGE,11,0,1,0,0,1,0,0,0,0,D,25000,15.31,0,0.42,0,6
23216,34,60000,MORTGAGE,6,0,1,0,0,1,0,0,0,0,E,10500,15.68,0,0.17,0,10
23226,34,60000,MORTGAGE,4,0,1,0,0,1,0,0,0,0,C,14000,12.84,0,0.23,0,5
23230,30,60000,MORTGAGE,14,0,1,0,0,1,0,0,0,0,B,4500,10.83,0,0.07,0,10
23235,33,60000,MORTGAGE,2,0,1,0,0,1,0,0,0,0,B,2500,10.83,0,0.04,0,8
23253,29,60096,MORTGAGE,3,0,1,0,0,1,0,0,0,0,A,3000,7.66,0,0.05,0,10
23254,34,60100,MORTGAGE,6,0,1,0,0,1,0,0,0,0,A,1500,6.03,0,0.02,0,6
23264,28,54600,MORTGAGE,13,0,1,0,0,1,0,0,0,0,B,20000,11.89,1,0.37,0,5
23265,30,60600,MORTGAGE,1,0,1,0,0,1,0,0,0,0,A,3000,7.12,0,0.05,0,6
23273,28,54996,MORTGAGE,8,0,1,0,0,1,0,0,0,0,B,16750,10.38,1,0.3,0,9
23305,30,61200,MORTGAGE,,0,1,0,0,1,0,0,0,0,A,8000,6.62,0,0.13,0,8
23330,28,61838,MORTGAGE,12,0,1,0,0,1,0,0,0,0,A,10675,7.49,0,0.17,0,7
23341,35,62000,MORTGAGE,0,0,1,0,0,1,0,0,0,0,A,9475,6.03,0,0.15,0,5
23357,27,62000,MORTGAGE,11,0,1,0,0,1,0,0,0,0,E,4150,18.39,0,0.07,0,5
23359,29,62000,MORTGAGE,14,0,1,0,0,1,0,0,0,0,E,9600,18.39,0,0.15,0,10
23372,29,62000,MORTGAGE,10,0,1,0,0,1,0,0,0,0,A,3600,7.14,0,0.06,0,9
23374,33,62000,MORTGAGE,3,0,1,0,0,1,0,0,0,0,A,10000,7.88,0,0.16,0,6
23381,33,62000,MORTGAGE,3,0,1,0,0,1,0,0,0,0,A,3700,6.39,0,0.06,0,7
23384,32,62000,MORTGAGE,3,0,1,0,0,1,0,0,0,0,B,20000,11.36,0,0.32,0,9
23399,27,56000,MORTGAGE,0,0,1,0,0,1,0,0,0,0,D,25000,13.55,1,0.45,0,8
23416,33,56400,MORTGAGE,3,0,1,0,0,1,0,0,0,0,B,8500,12.42,1,0.15,0,6
23423,31,62400,MORTGAGE,8,0,1,0,0,1,0,0,0,0,D,8500,14.09,0,0.14,0,5
23446,27,62570,MORTGAGE,11,0,1,0,0,1,0,0,0,0,D,25000,14.84,0,0.4,0,5
23459,27,63000,MORTGAGE,11,0,1,0,0,1,0,0,0,0,A,1700,8.49,0,0.03,0,5
23462,28,63000,MORTGAGE,7,0,1,0,0,1,0,0,0,0,C,8575,13.49,0,0.14,0,8
23483,30,63000,MORTGAGE,2,0,1,0,0,1,0,0,0,0,B,8000,10.25,0,0.13,0,6
23529,34,63996,MORTGAGE,2,0,1,0,0,1,0,0,0,0,A,6400,8,0,0.1,0,9
23537,28,64000,MORTGAGE,7,0,1,0,0,1,0,0,0,0,B,7000,11.71,0,0.11,0,9
23548,34,64000,MORTGAGE,2,0,1,0,0,1,0,0,0,0,A,9000,6.92,0,0.14,0,6
23560,32,64000,MORTGAGE,2,0,1,0,0,1,0,0,0,0,A,8000,6.76,0,0.13,0,7
23565,31,64000,MORTGAGE,15,0,1,0,0,1,0,0,0,0,B,24000,10.25,0,0.38,0,5
23568,28,64049,MORTGAGE,7,0,1,0,0,1,0,0,0,0,B,20000,12.69,0,0.31,0,7
23576,31,64500,MORTGAGE,5,0,1,0,0,1,0,0,0,0,A,7000,7.88,0,0.11,0,5
23584,28,64700,MORTGAGE,4,0,1,0,0,1,0,0,0,0,B,12000,,0,0.19,0,7
23588,30,64800,MORTGAGE,7,0,1,0,0,1,0,0,0,0,B,5600,10.99,0,0.09,0,8
23594,29,64992,MORTGAGE,4,0,1,0,0,1,0,0,0,0,B,2500,9.62,0,0.04,0,6
23641,28,65000,MORTGAGE,12,0,1,0,0,1,0,0,0,0,B,15000,9.99,0,0.23,0,10
23652,29,65000,MORTGAGE,5,0,1,0,0,1,0,0,0,0,A,10000,8.49,0,0.15,0,10
23657,28,65000,MORTGAGE,12,0,1,0,0,1,0,0,0,0,B,24000,10.99,0,0.37,0,5
23664,28,65000,MORTGAGE,8,0,1,0,0,1,0,0,0,0,D,3000,,0,0.05,0,7
23672,34,65000,MORTGAGE,5,0,1,0,0,1,0,0,0,0,B,21200,9.99,0,0.33,0,6
23712,31,65000,MORTGAGE,15,0,1,0,0,1,0,0,0,0,A,7750,7.51,0,0.12,0,8
23733,35,65000,MORTGAGE,19,0,1,0,0,1,0,0,0,0,B,20000,10.25,0,0.31,0,5
23776,34,65000,MORTGAGE,3,0,1,0,0,1,0,0,0,0,E,10000,,0,0.15,0,8
23779,30,65004,MORTGAGE,9,0,1,0,0,1,0,0,0,0,A,15000,7.51,0,0.23,0,9
23786,29,65004,MORTGAGE,7,0,1,0,0,1,0,0,0,0,A,5000,6.17,0,0.08,0,7
23824,34,60000,MORTGAGE,18,0,1,0,0,1,0,0,0,0,B,3000,11.99,1,0.05,0,10
23844,27,66000,MORTGAGE,0,0,1,0,0,1,0,0,0,0,A,9250,8.59,0,0.14,0,9
23847,30,66000,MORTGAGE,8,0,1,0,0,1,0,0,0,0,A,6000,7.68,0,0.09,0,8
23885,34,67000,MORTGAGE,4,0,1,0,0,1,0,0,0,0,A,7000,7.51,0,0.1,0,9
23897,35,67000,MORTGAGE,8,0,1,0,0,1,0,0,0,0,A,7000,7.14,0,0.1,0,8
23907,27,67000,MORTGAGE,11,0,1,0,0,1,0,0,0,0,D,24250,14.96,0,0.36,0,8
23922,29,67422,MORTGAGE,13,0,1,0,0,1,0,0,0,0,B,12800,11.49,0,0.19,0,8
23940,29,68000,MORTGAGE,14,0,1,0,0,1,0,0,0,0,A,20000,8.9,0,0.29,0,5
23948,30,68000,MORTGAGE,11,0,1,0,0,1,0,0,0,0,B,6000,10.59,0,0.09,0,7
23950,29,68000,MORTGAGE,11,0,1,0,0,1,0,0,0,0,A,4000,5.99,0,0.06,0,5
23953,28,68000,MORTGAGE,7,0,1,0,0,1,0,0,0,0,A,3000,5.42,0,0.04,0,10
23957,27,68000,MORTGAGE,6,0,1,0,0,1,0,0,0,0,C,2000,13.8,0,0.03,0,5
23962,30,68000,MORTGAGE,2,0,1,0,0,1,0,0,0,0,C,6000,13.72,0,0.09,0,5
23976,29,68000,MORTGAGE,13,0,1,0,0,1,0,0,0,0,A,10000,7.74,0,0.15,0,7
23978,33,68000,MORTGAGE,9,0,1,0,0,1,0,0,0,0,B,2100,12.53,0,0.03,0,9
23981,34,68000,MORTGAGE,1,0,1,0,0,1,0,0,0,0,C,15000,11.78,0,0.22,0,5
23991,31,68400,MORTGAGE,3,0,1,0,0,1,0,0,0,0,B,15000,11.71,0,0.22,0,5
24003,32,68800,MORTGAGE,13,0,1,0,0,1,0,0,0,0,A,4800,,0,0.07,0,6
24005,28,68804,MORTGAGE,1,0,1,0,0,1,0,0,0,0,A,22000,6.99,0,0.32,0,6
24020,33,69000,MORTGAGE,17,0,1,0,0,1,0,0,0,0,B,7200,10.74,0,0.1,0,7
24036,28,69000,MORTGAGE,2,0,1,0,0,1,0,0,0,0,A,10000,8.94,0,0.14,0,8
24052,27,69638,MORTGAGE,5,0,1,0,0,1,0,0,0,0,B,16725,10.74,0,0.24,0,9
24064,29,69996,MORTGAGE,11,0,1,0,0,1,0,0,0,0,A,3400,6.39,0,0.05,0,6
24081,27,70000,MORTGAGE,9,0,1,0,0,1,0,0,0,0,A,16000,7.9,0,0.23,0,7
24087,28,70000,MORTGAGE,7,0,1,0,0,1,0,0,0,0,C,15000,14.65,0,0.21,0,10
24089,28,70000,MORTGAGE,7,0,1,0,0,1,0,0,0,0,A,8000,6.62,0,0.11,0,5
24105,30,70000,MORTGAGE,14,0,1,0,0,1,0,0,0,0,B,8000,9.91,0,0.11,0,5
24150,29,70000,MORTGAGE,0,0,1,0,0,1,0,0,0,0,A,8000,,0,0.11,0,9
24170,31,70000,MORTGAGE,5,0,1,0,0,1,0,0,0,0,A,4000,6.54,0,0.06,0,7
24197,29,70000,MORTGAGE,1,0,1,0,0,1,0,0,0,0,B,20000,9.88,0,0.29,0,10
24230,31,70000,MORTGAGE,11,0,1,0,0,1,0,0,0,0,A,2000,7.4,0,0.03,0,7
24233,27,64000,MORTGAGE,12,0,1,0,0,1,0,0,0,0,B,6000,,1,0.09,0,6
24254,28,70000,MORTGAGE,0,0,1,0,0,1,0,0,0,0,A,5000,7.43,0,0.07,0,5
24262,28,70356,MORTGAGE,12,0,1,0,0,1,0,0,0,0,B,6000,11.11,0,0.09,0,5
24306,28,71007,MORTGAGE,4,0,1,0,0,1,0,0,0,0,F,25000,18.62,0,0.35,0,7
24311,27,71500,MORTGAGE,2,0,1,0,0,1,0,0,0,0,A,15000,,0,0.21,0,8
24317,27,71738,MORTGAGE,4,0,1,0,0,1,0,0,0,0,B,11500,9.63,0,0.16,0,9
24338,27,72000,MORTGAGE,11,0,1,0,0,1,0,0,0,0,C,15000,,0,0.21,0,5
24339,28,72000,MORTGAGE,3,0,1,0,0,1,0,0,0,0,C,28000,15.96,0,0.39,0,10
24354,29,72000,MORTGAGE,6,0,1,0,0,1,0,0,0,0,A,10800,6.99,0,0.15,0,8
24370,30,66000,MORTGAGE,14,0,1,0,0,1,0,0,0,0,C,11200,13.49,1,0.17,0,9
24381,27,72000,MORTGAGE,6,0,1,0,0,1,0,0,0,0,A,6000,5.42,0,0.08,0,10
24382,30,72000,MORTGAGE,7,0,1,0,0,1,0,0,0,0,C,9600,14.17,0,0.13,0,5
24390,27,72000,MORTGAGE,2,0,1,0,0,1,0,0,0,0,B,2600,9.25,0,0.04,0,7
24431,27,72000,MORTGAGE,11,0,1,0,0,1,0,0,0,0,B,12500,11.89,0,0.17,0,8
24468,27,72996,MORTGAGE,12,0,1,0,0,1,0,0,0,0,A,9200,6.03,0,0.13,0,8
24488,27,73000,MORTGAGE,11,0,1,0,0,1,0,0,0,0,A,17000,7.88,0,0.23,0,6
24494,31,73000,MORTGAGE,8,0,1,0,0,1,0,0,0,0,A,6800,7.74,0,0.09,0,8
24497,28,73000,MORTGAGE,11,0,1,0,0,1,0,0,0,0,B,15000,,0,0.21,0,6
24503,27,73200,MORTGAGE,7,0,1,0,0,1,0,0,0,0,C,15000,13.22,0,0.2,0,5
24509,30,73524,MORTGAGE,2,0,1,0,0,1,0,0,0,0,D,10000,14.74,0,0.14,0,8
24510,32,73527,MORTGAGE,11,0,1,0,0,1,0,0,0,0,B,12000,12.42,0,0.16,0,7
24512,27,73580,MORTGAGE,3,0,1,0,0,1,0,0,0,0,D,19950,14.96,0,0.27,0,7
24531,29,74000,MORTGAGE,8,0,1,0,0,1,0,0,0,0,B,25000,11.49,0,0.34,0,6
24534,28,74000,MORTGAGE,6,0,1,0,0,1,0,0,0,0,B,18000,10.75,0,0.24,0,5
24543,35,74000,MORTGAGE,9,0,1,0,0,1,0,0,0,0,A,8200,8,0,0.11,0,5
24610,31,69000,MORTGAGE,15,0,1,0,0,1,0,0,0,0,A,4050,7.51,1,0.06,0,7
24645,35,75000,MORTGAGE,9,0,1,0,0,1,0,0,0,0,A,10000,7.29,0,0.13,0,9
24651,31,75000,MORTGAGE,2,0,1,0,0,1,0,0,0,0,A,12000,7.29,0,0.16,0,10
24652,29,75000,MORTGAGE,3,0,1,0,0,1,0,0,0,0,B,16950,10.37,0,0.23,0,10
24673,29,75000,MORTGAGE,7,0,1,0,0,1,0,0,0,0,A,6125,,0,0.08,0,8
24674,28,69000,MORTGAGE,9,0,1,0,0,1,0,0,0,0,A,15000,6.54,1,0.22,0,5
24697,31,75000,MORTGAGE,3,0,1,0,0,1,0,0,0,0,B,12000,10.38,0,0.16,0,10
24744,32,75000,MORTGAGE,0,0,1,0,0,1,0,0,0,0,B,10000,11.89,0,0.13,0,5
24754,31,75000,MORTGAGE,0,0,1,0,0,1,0,0,0,0,D,20000,14.74,0,0.27,0,10
24757,27,75000,MORTGAGE,0,0,1,0,0,1,0,0,0,0,A,4200,9.32,0,0.06,0,8
24769,27,75000,MORTGAGE,11,0,1,0,0,1,0,0,0,0,E,21000,15.2,0,0.28,0,8
24777,32,75333,MORTGAGE,1,0,1,0,0,1,0,0,0,0,B,15000,11.58,0,0.2,0,5
24779,27,75500,MORTGAGE,8,0,1,0,0,1,0,0,0,0,A,9000,7.9,0,0.12,0,5
24780,28,75500,MORTGAGE,12,0,1,0,0,1,0,0,0,0,D,3500,14.91,0,0.05,0,9
24788,33,75693,MORTGAGE,5,0,1,0,0,1,0,0,0,0,B,22000,10.25,0,0.29,0,10
24801,27,76000,MORTGAGE,7,0,1,0,0,1,0,0,0,0,B,6400,10.65,0,0.08,0,7
24820,29,76200,MORTGAGE,13,0,1,0,0,1,0,0,0,0,A,20000,6.91,0,0.26,0,7
24827,29,76500,MORTGAGE,13,0,1,0,0,1,0,0,0,0,A,13475,8.94,0,0.18,0,9
24833,27,76800,MORTGAGE,3,0,1,0,0,1,0,0,0,0,B,5000,11.49,0,0.07,0,7
24836,28,76992,MORTGAGE,8,0,1,0,0,1,0,0,0,0,B,1800,12.18,0,0.02,0,8
24841,27,77000,MORTGAGE,12,0,1,0,0,1,0,0,0,0,A,4900,6.03,0,0.06,0,7
24864,35,77268,MORTGAGE,11,0,1,0,0,1,0,0,0,0,C,7500,11.03,0,0.1,0,7
24907,30,78000,MORTGAGE,2,0,1,0,0,1,0,0,0,0,B,20000,11.11,0,0.26,0,5
24915,30,78000,MORTGAGE,2,0,1,0,0,1,0,0,0,0,B,10800,10.36,0,0.14,0,9
24942,32,78096,MORTGAGE,4,0,1,0,0,1,0,0,0,0,B,10000,10.99,0,0.13,0,5
24949,32,78400,MORTGAGE,2,0,1,0,0,1,0,0,0,0,B,1200,10,0,0.02,0,5
24951,28,78408,MORTGAGE,,0,1,0,0,1,0,0,0,0,C,6000,15.23,0,0.08,0,8
25006,33,79985,MORTGAGE,6,0,1,0,0,1,0,0,0,0,F,8000,21.36,0,0.1,0,5
25025,29,80000,MORTGAGE,13,0,1,0,0,1,0,0,0,0,A,10000,7.9,0,0.13,0,9
25029,30,80000,MORTGAGE,2,0,1,0,0,1,0,0,0,0,A,3000,6.62,0,0.04,0,9
25030,27,80000,MORTGAGE,11,0,1,0,0,1,0,0,0,0,B,7500,11.71,0,0.09,0,10
25034,31,80000,MORTGAGE,13,0,1,0,0,1,0,0,0,0,A,20000,8.9,0,0.25,0,10
25043,27,80000,MORTGAGE,2,0,1,0,0,1,0,0,0,0,A,12000,6.99,0,0.15,0,6
25069,30,80000,MORTGAGE,1,0,1,0,0,1,0,0,0,0,B,4975,10.59,0,0.06,0,9
25079,31,80000,MORTGAGE,6,0,1,0,0,1,0,0,0,0,A,12750,7.29,0,0.16,0,10
25107,28,80000,MORTGAGE,8,0,1,0,0,1,0,0,0,0,A,9600,7.51,0,0.12,0,6
25108,29,74000,MORTGAGE,3,0,1,0,0,1,0,0,0,0,D,3000,16.32,1,0.04,0,6
25118,32,80000,MORTGAGE,6,0,1,0,0,1,0,0,0,0,A,13000,7.88,0,0.16,0,10
25131,34,80000,MORTGAGE,7,0,1,0,0,1,0,0,0,0,B,19000,10.62,0,0.24,0,10
25148,31,80000,MORTGAGE,6,0,1,0,0,1,0,0,0,0,B,7500,12.18,0,0.09,0,7
25156,28,80000,MORTGAGE,8,0,1,0,0,1,0,0,0,0,C,13000,13.47,0,0.16,0,5
25162,27,80000,MORTGAGE,11,0,1,0,0,1,0,0,0,0,A,5000,8,0,0.06,0,6
25192,28,80569,MORTGAGE,2,0,1,0,0,1,0,0,0,0,B,4000,9.63,0,0.05,0,7
25194,34,80600,MORTGAGE,2,0,1,0,0,1,0,0,0,0,B,15000,12.21,0,0.19,0,6
25224,32,81204,MORTGAGE,6,0,1,0,0,1,0,0,0,0,A,3600,7.88,0,0.04,0,9
25227,29,81400,MORTGAGE,13,0,1,0,0,1,0,0,0,0,A,10000,,0,0.12,0,8
25235,28,81996,MORTGAGE,12,0,1,0,0,1,0,0,0,0,B,3000,12.42,0,0.04,0,5
25242,33,82000,MORTGAGE,2,0,1,0,0,1,0,0,0,0,A,6000,7.51,0,0.07,0,10
25249,32,82000,MORTGAGE,4,0,1,0,0,1,0,0,0,0,D,8000,16.89,0,0.1,0,8
25254,28,82000,MORTGAGE,8,0,1,0,0,1,0,0,0,0,A,18000,7.66,0,0.22,0,9
25255,31,82000,MORTGAGE,4,0,1,0,0,1,0,0,0,0,A,10000,7.29,0,0.12,0,5
25294,27,83000,MORTGAGE,11,0,1,0,0,1,0,0,0,0,A,3500,6.03,0,0.04,0,5
25306,31,83000,MORTGAGE,3,0,1,0,0,1,0,0,0,0,A,7500,7.66,0,0.09,0,10
25312,32,83000,MORTGAGE,1,0,1,0,0,1,0,0,0,0,A,10000,8,0,0.12,0,5
25330,28,83500,MORTGAGE,1,0,1,0,0,1,0,0,0,0,A,8000,7.14,0,0.1,0,8
25335,32,83820,MORTGAGE,5,0,1,0,0,1,0,0,0,0,B,12800,9.99,0,0.15,0,6
25350,34,84000,MORTGAGE,6,0,1,0,0,1,0,0,0,0,A,2400,7.49,0,0.03,0,6
25357,28,84000,MORTGAGE,0,0,1,0,0,1,0,0,0,0,B,1000,9.99,0,0.01,0,10
25375,31,84000,MORTGAGE,2,0,1,0,0,1,0,0,0,0,D,10400,14.96,0,0.12,0,7
25412,31,78996,MORTGAGE,2,0,1,0,0,1,0,0,0,0,B,15600,12.53,1,0.2,0,5
25426,30,85000,MORTGAGE,2,0,1,0,0,1,0,0,0,0,A,15000,6.03,0,0.18,0,8
25430,28,85000,MORTGAGE,0,0,1,0,0,1,0,0,0,0,E,24000,19.03,0,0.28,0,7
25431,27,85000,MORTGAGE,11,0,1,0,0,1,0,0,0,0,A,12000,6.62,0,0.14,0,10
25439,28,85000,MORTGAGE,5,0,1,0,0,1,0,0,0,0,D,16800,16.49,0,0.2,0,8
25451,28,85000,MORTGAGE,2,0,1,0,0,1,0,0,0,0,A,15000,8.49,0,0.18,0,7
25459,35,85000,MORTGAGE,2,0,1,0,0,1,0,0,0,0,B,8400,11.99,0,0.1,0,9
25519,35,85000,MORTGAGE,0,0,1,0,0,1,0,0,0,0,B,20000,12.21,0,0.24,0,10
25530,28,85100,MORTGAGE,12,0,1,0,0,1,0,0,0,0,A,8000,7.51,0,0.09,0,8
25536,29,85500,MORTGAGE,3,0,1,0,0,1,0,0,0,0,A,9500,,0,0.11,0,9
25541,32,74000,MORTGAGE,16,0,1,0,0,1,0,0,0,0,B,13650,12.42,1,0.18,0,10
25555,28,86000,MORTGAGE,12,0,1,0,0,1,0,0,0,0,B,15000,10.62,0,0.17,0,10
25575,28,86400,MORTGAGE,0,0,1,0,0,1,0,0,0,0,A,5000,5.79,0,0.06,0,5
25585,27,75000,MORTGAGE,11,0,1,0,0,1,0,0,0,0,B,12000,9.91,1,0.16,0,10
25619,34,87600,MORTGAGE,15,0,1,0,0,1,0,0,0,0,A,15000,8.49,0,0.17,0,6
25627,31,76000,MORTGAGE,9,0,1,0,0,1,0,0,0,0,C,12000,15.96,1,0.16,0,5
25651,31,88560,MORTGAGE,16,0,1,0,0,1,0,0,0,0,A,9000,7.29,0,0.1,0,8
25653,30,88800,MORTGAGE,14,0,1,0,0,1,0,0,0,0,A,7000,6.62,0,0.08,0,6
25654,31,89000,MORTGAGE,15,0,1,0,0,1,0,0,0,0,B,14000,10.65,0,0.16,0,10
25664,34,77000,MORTGAGE,18,0,1,0,0,1,0,0,0,0,B,15000,11.14,1,0.19,0,6
25684,29,90000,MORTGAGE,14,0,1,0,0,1,0,0,0,0,B,10000,10.65,0,0.11,0,6
25721,27,90000,MORTGAGE,12,0,1,0,0,1,0,0,0,0,A,20000,,0,0.22,0,6
25730,29,90000,MORTGAGE,3,0,1,0,0,1,0,0,0,0,A,15000,6.99,0,0.17,0,8
25731,35,90000,MORTGAGE,8,0,1,0,0,1,0,0,0,0,B,4800,9.99,0,0.05,0,5
25752,27,90000,MORTGAGE,8,0,1,0,0,1,0,0,0,0,A,8000,7.66,0,0.09,0,5
25758,31,90000,MORTGAGE,11,0,1,0,0,1,0,0,0,0,A,12000,6.92,0,0.13,0,5
25770,28,90000,MORTGAGE,12,0,1,0,0,1,0,0,0,0,A,5325,7.88,0,0.06,0,10
25791,28,90000,MORTGAGE,12,0,1,0,0,1,0,0,0,0,B,21000,11.36,0,0.23,0,8
25804,31,78000,MORTGAGE,0,0,1,0,0,1,0,0,0,0,A,5000,,1,0.06,0,5
25823,30,90000,MORTGAGE,3,0,1,0,0,1,0,0,0,0,B,13000,11.89,0,0.14,0,10
25824,31,90000,MORTGAGE,15,0,1,0,0,1,0,0,0,0,C,10000,12.53,0,0.11,0,8
25834,30,90000,MORTGAGE,7,0,1,0,0,1,0,0,0,0,A,10000,8.63,0,0.11,0,5
25835,28,90000,MORTGAGE,7,0,1,0,0,1,0,0,0,0,A,12000,8.32,0,0.13,0,8
25836,33,90000,MORTGAGE,5,0,1,0,0,1,0,0,0,0,C,22000,11.03,0,0.24,0,5
25853,30,91000,MORTGAGE,7,0,1,0,0,1,0,0,0,0,A,33950,7.9,0,0.37,0,7
25860,35,91000,MORTGAGE,14,0,1,0,0,1,0,0,0,0,A,4000,7.29,0,0.04,0,9
25872,30,79200,MORTGAGE,10,0,1,0,0,1,0,0,0,0,A,9000,8.49,1,0.11,0,8
25878,33,91384,MORTGAGE,17,0,1,0,0,1,0,0,0,0,B,1600,10.25,0,0.02,0,5
25886,29,92000,MORTGAGE,2,0,1,0,0,1,0,0,0,0,E,25000,19.42,0,0.27,0,8
25894,28,92000,MORTGAGE,0,0,1,0,0,1,0,0,0,0,C,6000,,0,0.07,0,7
25901,32,92000,MORTGAGE,1,0,1,0,0,1,0,0,0,0,B,5000,,0,0.05,0,8
25906,33,92000,MORTGAGE,8,0,1,0,0,1,0,0,0,0,C,20000,13.06,0,0.22,0,10
25910,31,92000,MORTGAGE,10,0,1,0,0,1,0,0,0,0,B,6000,11.86,0,0.07,0,9
25914,29,92000,MORTGAGE,6,0,1,0,0,1,0,0,0,0,B,24000,,0,0.26,0,6
25915,27,92000,MORTGAGE,11,0,1,0,0,1,0,0,0,0,B,18000,11.48,0,0.2,0,7
25938,30,93000,MORTGAGE,6,0,1,0,0,1,0,0,0,0,C,20000,13.49,0,0.22,0,10
25962,30,94000,MORTGAGE,13,0,1,0,0,1,0,0,0,0,C,10000,14.27,0,0.11,0,6
25980,27,94700,MORTGAGE,8,0,1,0,0,1,0,0,0,0,A,8000,7.49,0,0.08,0,7
26020,28,95000,MORTGAGE,12,0,1,0,0,1,0,0,0,0,B,35000,9.63,0,0.37,0,5
26034,32,95000,MORTGAGE,12,0,1,0,0,1,0,0,0,0,A,9000,5.42,0,0.09,0,7
26049,28,95000,MORTGAGE,5,0,1,0,0,1,0,0,0,0,C,12000,13.11,0,0.13,0,9
26078,28,95827,MORTGAGE,11,0,1,0,0,1,0,0,0,0,E,16000,14.5,0,0.17,0,7
26079,30,96000,MORTGAGE,8,0,1,0,0,1,0,0,0,0,C,18000,13.49,0,0.19,0,7
26086,30,96000,MORTGAGE,11,0,1,0,0,1,0,0,0,0,A,7000,6.03,0,0.07,0,10
26102,31,96000,MORTGAGE,15,0,1,0,0,1,0,0,0,0,B,4000,10.99,0,0.04,0,8
26125,30,96000,MORTGAGE,8,0,1,0,0,1,0,0,0,0,B,17000,10.62,0,0.18,0,10
26141,30,96300,MORTGAGE,1,0,1,0,0,1,0,0,0,0,C,18000,13.98,0,0.19,0,9
26198,27,86000,MORTGAGE,12,0,1,0,0,1,0,0,0,0,A,23000,6.17,1,0.27,0,7
26225,30,98700,MORTGAGE,12,0,1,0,0,1,0,0,0,0,B,6000,,0,0.06,0,6
26244,32,99600,MORTGAGE,6,0,1,0,0,1,0,0,0,0,B,5000,11.86,0,0.05,0,8
26272,31,100000,MORTGAGE,5,0,1,0,0,1,0,0,0,0,B,5000,12.69,0,0.05,0,7
26280,35,100000,MORTGAGE,9,0,1,0,0,1,0,0,0,0,B,6000,9.99,0,0.06,0,7
26282,28,100000,MORTGAGE,2,0,1,0,0,1,0,0,0,0,A,4000,7.49,0,0.04,0,8
26287,29,100000,MORTGAGE,0,0,1,0,0,1,0,0,0,0,C,12025,13.49,0,0.12,0,9
26297,34,100000,MORTGAGE,7,0,1,0,0,1,0,0,0,0,A,12000,7.49,0,0.12,0,6
26306,30,100000,MORTGAGE,11,0,1,0,0,1,0,0,0,0,A,12800,6.92,0,0.13,0,8
26332,28,100000,MORTGAGE,0,0,1,0,0,1,0,0,0,0,A,3950,,0,0.04,0,5
26345,30,100000,MORTGAGE,14,0,1,0,0,1,0,0,0,0,A,13000,7.88,0,0.13,0,9
26351,27,100000,MORTGAGE,4,0,1,0,0,1,0,0,0,0,F,20500,18.67,0,0.2,0,7
26382,32,100000,MORTGAGE,4,0,1,0,0,1,0,0,0,0,A,4500,,0,0.04,0,5
26401,35,100000,MORTGAGE,13,0,1,0,0,1,0,0,0,0,F,12000,15.76,0,0.12,0,6
26409,27,100500,MORTGAGE,11,0,1,0,0,1,0,0,0,0,C,15000,14.65,0,0.15,0,6
26416,28,101000,MORTGAGE,4,0,1,0,0,1,0,0,0,0,B,5000,9.91,0,0.05,0,5
26418,32,101000,MORTGAGE,5,0,1,0,0,1,0,0,0,0,C,3375,14.79,0,0.03,0,8
26420,31,101000,MORTGAGE,5,0,1,0,0,1,0,0,0,0,A,18000,8.49,0,0.18,0,6
26446,30,102000,MORTGAGE,4,0,1,0,0,1,0,0,0,0,A,12250,7.66,0,0.12,0,8
26447,31,102000,MORTGAGE,5,0,1,0,0,1,0,0,0,0,A,4000,7.88,0,0.04,0,10
26460,27,102400,MORTGAGE,2,0,1,0,0,1,0,0,0,0,D,25000,15.57,0,0.24,0,10
26468,33,102996,MORTGAGE,4,0,1,0,0,1,0,0,0,0,A,6000,,0,0.06,0,8
26470,33,103000,MORTGAGE,5,0,1,0,0,1,0,0,0,0,A,24000,7.49,0,0.23,0,10
26473,28,103000,MORTGAGE,2,0,1,0,0,1,0,0,0,0,A,5000,5.42,0,0.05,0,5
26482,29,103089,MORTGAGE,2,0,1,0,0,1,0,0,0,0,A,7000,,0,0.07,0,9
26483,28,103200,MORTGAGE,7,0,1,0,0,1,0,0,0,0,B,9000,9.88,0,0.09,0,6
26490,33,104000,MORTGAGE,3,0,1,0,0,1,0,0,0,0,A,16000,,0,0.15,0,9
26511,27,105000,MORTGAGE,11,0,1,0,0,1,0,0,0,0,A,28000,,0,0.27,0,7
26516,30,105000,MORTGAGE,6,0,1,0,0,1,0,0,0,0,A,10000,5.99,0,0.1,0,8
26521,35,105000,MORTGAGE,11,0,1,0,0,1,0,0,0,0,A,10000,,0,0.1,0,10
26523,32,105000,MORTGAGE,5,0,1,0,0,1,0,0,0,0,A,12100,5.99,0,0.12,0,6
26524,27,105000,MORTGAGE,7,0,1,0,0,1,0,0,0,0,A,11000,7.49,0,0.1,0,5
26525,28,105000,MORTGAGE,12,0,1,0,0,1,0,0,0,0,A,7000,,0,0.07,0,10
26530,27,105000,MORTGAGE,3,0,1,0,0,1,0,0,0,0,C,25000,12.23,0,0.24,0,5
26546,30,105000,MORTGAGE,12,0,1,0,0,1,0,0,0,0,A,12000,7.88,0,0.11,0,6
26549,30,105000,MORTGAGE,5,0,1,0,0,1,0,0,0,0,B,20000,11.83,0,0.19,0,5
26553,27,105000,MORTGAGE,5,0,1,0,0,1,0,0,0,0,B,20000,11.48,0,0.19,0,6
26567,33,106000,MORTGAGE,2,0,1,0,0,1,0,0,0,0,A,6000,8.49,0,0.06,0,8
26583,28,106358,MORTGAGE,5,0,1,0,0,1,0,0,0,0,A,13125,7.66,0,0.12,0,7
26596,27,107000,MORTGAGE,2,0,1,0,0,1,0,0,0,0,A,10800,9.63,0,0.1,0,5
26598,27,107000,MORTGAGE,4,0,1,0,0,1,0,0,0,0,A,11500,8.38,0,0.11,0,10
26609,27,108000,MORTGAGE,11,0,1,0,0,1,0,0,0,0,B,21600,,0,0.2,0,10
26610,28,108000,MORTGAGE,6,0,1,0,0,1,0,0,0,0,B,27400,10.99,0,0.25,0,7
26633,27,108928,MORTGAGE,9,0,1,0,0,1,0,0,0,0,A,17600,7.88,0,0.16,0,8
26636,27,109000,MORTGAGE,7,0,1,0,0,1,0,0,0,0,A,3950,6.03,0,0.04,0,7
26652,27,110000,MORTGAGE,0,0,1,0,0,1,0,0,0,0,A,16000,7.9,0,0.15,0,7
26664,35,110000,MORTGAGE,7,0,1,0,0,1,0,0,0,0,A,10200,5.42,0,0.09,0,6
26666,32,110000,MORTGAGE,5,0,1,0,0,1,0,0,0,0,B,10000,10.99,0,0.09,0,9
26668,30,98000,MORTGAGE,14,0,1,0,0,1,0,0,0,0,B,9000,11.49,1,0.09,0,5
26704,29,110000,MORTGAGE,1,0,1,0,0,1,0,0,0,0,E,12800,16.82,0,0.12,0,6
26710,29,110000,MORTGAGE,0,0,1,0,0,1,0,0,0,0,A,8500,7.51,0,0.08,0,10
26726,28,110000,MORTGAGE,1,0,1,0,0,1,0,0,0,0,A,12000,8.94,0,0.11,0,10
26740,34,110000,MORTGAGE,15,0,1,0,0,1,0,0,0,0,B,6000,9.45,0,0.05,0,6
26763,27,112000,MORTGAGE,12,0,1,0,0,1,0,0,0,0,C,15000,13.49,0,0.13,0,8
26766,32,112000,MORTGAGE,4,0,1,0,0,1,0,0,0,0,B,14000,9.63,0,0.13,0,9
26771,27,112000,MORTGAGE,9,0,1,0,0,1,0,0,0,0,C,13000,13.57,0,0.12,0,10
26772,34,112123,MORTGAGE,2,0,1,0,0,1,0,0,0,0,A,12800,8.94,0,0.11,0,6
26779,29,112500,MORTGAGE,11,0,1,0,0,1,0,0,0,0,C,3000,13.35,0,0.03,0,10
26794,32,113000,MORTGAGE,1,0,1,0,0,1,0,0,0,0,A,5000,,0,0.04,0,6
26801,33,114000,MORTGAGE,0,0,1,0,0,1,0,0,0,0,D,16000,16.77,0,0.14,0,5
26809,35,114000,MORTGAGE,11,0,1,0,0,1,0,0,0,0,B,7000,11.49,0,0.06,0,10
26824,28,115000,MORTGAGE,12,0,1,0,0,1,0,0,0,0,A,22000,7.51,0,0.19,0,7
26851,27,115000,MORTGAGE,0,0,1,0,0,1,0,0,0,0,A,12000,7.29,0,0.1,0,6
26864,27,115000,MORTGAGE,3,0,1,0,0,1,0,0,0,0,A,6300,6.76,0,0.05,0,10
26881,32,116000,MORTGAGE,15,0,1,0,0,1,0,0,0,0,B,21600,10.62,0,0.19,0,9
26884,33,116000,MORTGAGE,5,0,1,0,0,1,0,0,0,0,C,15000,12.84,0,0.13,0,7
26897,30,117500,MORTGAGE,0,0,1,0,0,1,0,0,0,0,A,13500,8.49,0,0.11,0,7
26910,29,118400,MORTGAGE,11,0,1,0,0,1,0,0,0,0,A,35000,7.9,0,0.3,0,8
26926,33,120000,MORTGAGE,3,0,1,0,0,1,0,0,0,0,A,14050,8.9,0,0.12,0,7
26928,27,120000,MORTGAGE,2,0,1,0,0,1,0,0,0,0,A,17000,6.03,0,0.14,0,5
26933,29,120000,MORTGAGE,2,0,1,0,0,1,0,0,0,0,A,35000,8.9,0,0.29,0,7
26935,29,120000,MORTGAGE,3,0,1,0,0,1,0,0,0,0,B,20000,11.71,0,0.17,0,5
26939,27,120000,MORTGAGE,11,0,1,0,0,1,0,0,0,0,B,20000,10.65,0,0.17,0,8
26951,30,120000,MORTGAGE,15,0,1,0,0,1,0,0,0,0,A,11000,6.03,0,0.09,0,5
26958,34,120000,MORTGAGE,2,0,1,0,0,1,0,0,0,0,B,4200,12.69,0,0.04,0,6
26972,30,120000,MORTGAGE,13,0,1,0,0,1,0,0,0,0,B,15000,,0,0.13,0,8
26978,31,120000,MORTGAGE,8,0,1,0,0,1,0,0,0,0,A,20000,7.49,0,0.17,0,6
26990,28,120000,MORTGAGE,11,0,1,0,0,1,0,0,0,0,B,14400,10.74,0,0.12,0,10
26998,28,120000,MORTGAGE,12,0,1,0,0,1,0,0,0,0,A,10000,5.42,0,0.08,0,6
27000,34,120000,MORTGAGE,10,0,1,0,0,1,0,0,0,0,B,20000,10.37,0,0.17,0,10
27006,30,120000,MORTGAGE,12,0,1,0,0,1,0,0,0,0,A,6000,5.42,0,0.05,0,9
27007,30,120000,MORTGAGE,3,0,1,0,0,1,0,0,0,0,B,8000,10.37,0,0.07,0,9
27013,30,120000,MORTGAGE,1,0,1,0,0,1,0,0,0,0,B,4800,10.36,0,0.04,0,8
27015,32,120000,MORTGAGE,13,0,1,0,0,1,0,0,0,0,B,2000,,0,0.02,0,5
27018,27,120000,MORTGAGE,2,0,1,0,0,1,0,0,0,0,A,7000,7.14,0,0.06,0,10
27021,30,120000,MORTGAGE,6,0,1,0,0,1,0,0,0,0,A,14000,7.88,0,0.12,0,6
27064,29,120000,MORTGAGE,2,0,1,0,0,1,0,0,0,0,A,5000,7.68,0,0.04,0,6
27077,28,120000,MORTGAGE,0,0,1,0,0,1,0,0,0,0,A,1000,7.12,0,0.01,0,5
27080,27,120000,MORTGAGE,7,0,1,0,0,1,0,0,0,0,A,3775,,0,0.03,0,6
27091,33,121000,MORTGAGE,0,0,1,0,0,1,0,0,0,0,C,17600,13.57,0,0.15,0,5
27127,35,124596,MORTGAGE,1,0,1,0,0,1,0,0,0,0,B,20000,11.49,0,0.16,0,5
27133,27,125000,MORTGAGE,7,0,1,0,0,1,0,0,0,0,A,9000,7.51,0,0.07,0,6
27135,32,125000,MORTGAGE,4,0,1,0,0,1,0,0,0,0,A,9000,6.62,0,0.07,0,10
27158,29,125000,MORTGAGE,13,0,1,0,0,1,0,0,0,0,A,14400,5.79,0,0.12,0,10
27172,27,125000,MORTGAGE,2,0,1,0,0,1,0,0,0,0,A,8000,6.76,0,0.06,0,10
27186,28,125000,MORTGAGE,8,0,1,0,0,1,0,0,0,0,B,8000,11.14,0,0.06,0,10
27210,29,126000,MORTGAGE,2,0,1,0,0,1,0,0,0,0,B,6450,10.37,0,0.05,0,7
27233,27,116000,MORTGAGE,0,0,1,0,0,1,0,0,0,0,C,3500,12.53,1,0.03,0,10
27243,29,129996,MORTGAGE,0,0,1,0,0,1,0,0,0,0,E,30000,18.79,0,0.23,0,8
27259,29,130000,MORTGAGE,5,0,1,0,0,1,0,0,0,0,A,24800,7.49,0,0.19,0,10
27266,32,130000,MORTGAGE,3,0,1,0,0,1,0,0,0,0,A,28000,8.49,0,0.22,0,7
27272,32,130000,MORTGAGE,13,0,1,0,0,1,0,0,0,0,A,7500,7.29,0,0.06,0,6
27276,27,130000,MORTGAGE,11,0,1,0,0,1,0,0,0,0,B,11000,9.62,0,0.08,0,5
27299,28,130000,MORTGAGE,1,0,1,0,0,1,0,0,0,0,D,5600,15.65,0,0.04,0,9
27306,28,130000,MORTGAGE,0,0,1,0,0,1,0,0,0,0,A,9000,8,0,0.07,0,6
27308,34,118000,MORTGAGE,1,0,1,0,0,1,0,0,0,0,C,25000,11.78,1,0.21,0,7
27319,28,131004,MORTGAGE,5,0,1,0,0,1,0,0,0,0,A,25000,7.9,0,0.19,0,5
27371,29,135000,MORTGAGE,0,0,1,0,0,1,0,0,0,0,A,11000,8.94,0,0.08,0,8
27374,34,135000,MORTGAGE,18,0,1,0,0,1,0,0,0,0,A,8000,9.32,0,0.06,0,6
27380,34,135600,MORTGAGE,10,0,1,0,0,1,0,0,0,0,A,1000,5.42,0,0.01,0,7
27388,35,136240,MORTGAGE,9,0,1,0,0,1,0,0,0,0,A,15000,7.88,0,0.11,0,6
27396,32,138000,MORTGAGE,16,0,1,0,0,1,0,0,0,0,A,20000,7.88,0,0.14,0,7
27407,30,139008,MORTGAGE,2,0,1,0,0,1,0,0,0,0,C,15000,13.47,0,0.11,0,6
27408,32,139200,MORTGAGE,5,0,1,0,0,1,0,0,0,0,A,6000,7.9,0,0.04,0,5
27438,34,140000,MORTGAGE,8,0,1,0,0,1,0,0,0,0,A,12000,7.29,0,0.09,0,8
27444,32,140000,MORTGAGE,9,0,1,0,0,1,0,0,0,0,A,11000,5.42,0,0.08,0,8
27449,32,140000,MORTGAGE,3,0,1,0,0,1,0,0,0,0,B,5000,10.38,0,0.04,0,6
27465,27,140000,MORTGAGE,2,0,1,0,0,1,0,0,0,0,B,14000,,0,0.1,0,5
27479,28,142000,MORTGAGE,3,0,1,0,0,1,0,0,0,0,B,18000,10.38,0,0.13,0,8
27494,35,144000,MORTGAGE,0,0,1,0,0,1,0,0,0,0,A,35000,,0,0.24,0,9
27508,33,144000,MORTGAGE,13,0,1,0,0,1,0,0,0,0,D,19000,,0,0.13,0,8
27520,30,145000,MORTGAGE,4,0,1,0,0,1,0,0,0,0,B,12000,,0,0.08,0,8
27529,31,146000,MORTGAGE,12,0,1,0,0,1,0,0,0,0,E,2500,16.7,0,0.02,0,9
27563,33,150000,MORTGAGE,12,0,1,0,0,1,0,0,0,0,B,13125,,0,0.09,0,9
27583,28,150000,MORTGAGE,4,0,1,0,0,1,0,0,0,0,B,20000,,0,0.13,0,8
27592,30,138000,MORTGAGE,3,0,1,0,0,1,0,0,0,0,E,23975,17.93,1,0.17,0,7
27620,31,151000,MORTGAGE,1,0,1,0,0,1,0,0,0,0,C,21000,11.97,0,0.14,0,8
27644,33,156000,MORTGAGE,4,0,1,0,0,1,0,0,0,0,A,2400,7.49,0,0.02,0,6
27647,27,156000,MORTGAGE,8,0,1,0,0,1,0,0,0,0,D,15000,14.61,0,0.1,0,6
27648,32,156600,MORTGAGE,8,0,1,0,0,1,0,0,0,0,B,25000,10.62,0,0.16,0,8
27649,31,157000,MORTGAGE,5,0,1,0,0,1,0,0,0,0,A,7200,7.49,0,0.05,0,7
27670,30,160000,MORTGAGE,4,0,1,0,0,1,0,0,0,0,C,7000,13.98,0,0.04,0,5
27706,28,170000,MORTGAGE,0,0,1,0,0,1,0,0,0,0,A,10000,,0,0.06,0,5
27713,33,172000,MORTGAGE,4,0,1,0,0,1,0,0,0,0,B,16000,9.63,0,0.09,0,8
27730,33,163400,MORTGAGE,17,0,1,0,0,1,0,0,0,0,E,10000,18.39,1,0.06,0,5
27773,32,188000,MORTGAGE,0,0,1,0,0,1,0,0,0,0,B,10000,10.71,1,0.05,0,7
27794,29,220000,MORTGAGE,0,0,1,0,0,1,0,0,0,0,A,2500,6.99,0,0.01,0,5
27813,33,235000,MORTGAGE,3,0,1,0,0,1,0,0,0,0,B,25000,10.62,0,0.11,0,6
27826,29,249999,MORTGAGE,2,0,1,0,0,1,0,0,0,0,A,25000,6.62,0,0.1,0,9
27830,32,250000,MORTGAGE,7,0,1,0,0,1,0,0,0,0,B,20000,11.48,0,0.08,0,10
27831,29,250000,MORTGAGE,13,0,1,0,0,1,0,0,0,0,C,20000,13.79,0,0.08,0,8
27840,30,275000,MORTGAGE,14,0,1,0,0,1,0,0,0,0,B,7000,11.71,0,0.03,0,10
27851,28,300000,MORTGAGE,12,0,1,0,0,1,0,0,0,0,C,10125,15.23,0,0.03,0,6
27875,29,450000,MORTGAGE,4,0,1,0,0,1,0,0,0,0,D,25000,15.37,0,0.06,0,7
27898,30,64000,MORTGAGE,3,0,1,0,0,1,0,0,0,0,A,10200,6.62,0,0.16,0,5
27940,27,80000,MORTGAGE,4,0,1,0,0,1,0,0,0,0,A,15000,6.54,0,0.19,0,6
27949,27,46800,MORTGAGE,5,0,1,0,0,1,0,0,0,0,B,6000,9.99,0,0.13,0,6
27972,27,61000,MORTGAGE,11,0,1,0,0,1,0,0,0,0,B,1200,10.37,0,0.02,0,9
28038,33,90000,MORTGAGE,5,0,1,0,0,1,0,0,0,0,A,4200,8.94,0,0.05,0,6
28045,33,66500,MORTGAGE,1,0,1,0,0,1,0,0,0,0,A,9200,,0,0.14,0,6
28048,27,47380,MORTGAGE,11,0,1,0,0,1,0,0,0,0,C,15000,13.79,0,0.32,0,6
28059,31,168000,MORTGAGE,2,0,1,0,0,1,0,0,0,0,B,15500,9.25,0,0.09,0,9
28086,33,38400,MORTGAGE,0,0,1,0,0,1,0,0,0,0,B,10000,9.91,0,0.26,0,8
28125,27,106000,MORTGAGE,11,0,1,0,0,1,0,0,0,0,B,4000,11.71,0,0.04,0,8
28190,30,50000,MORTGAGE,0,0,1,0,0,1,0,0,0,0,C,10000,,0,0.2,0,5
28235,33,35000,MORTGAGE,3,0,1,0,0,1,0,0,0,0,B,10000,10.99,0,0.29,0,9
28259,32,130000,MORTGAGE,0,0,1,0,0,1,0,0,0,0,A,12000,8.59,0,0.09,0,5
28276,34,48000,MORTGAGE,7,0,1,0,0,1,0,0,0,0,B,8400,11.71,0,0.17,0,10
28279,32,45000,MORTGAGE,7,0,1,0,0,1,0,0,0,0,A,4000,7.49,0,0.09,0,5
28349,33,35000,MORTGAGE,2,0,1,0,0,1,0,0,0,0,A,6000,5.42,0,0.17,0,10
28360,32,95200,MORTGAGE,15,0,1,0,0,1,0,0,0,0,A,15000,5.99,0,0.16,0,7
28395,27,80000,MORTGAGE,1,0,1,0,0,1,0,0,0,0,B,20000,11.36,0,0.25,0,8
28405,27,120000,MORTGAGE,2,0,1,0,0,1,0,0,0,0,A,7000,7.14,0,0.06,0,7
28428,33,100000,MORTGAGE,1,0,1,0,0,1,0,0,0,0,B,25000,10.39,0,0.25,0,9
28442,29,74000,MORTGAGE,8,0,1,0,0,1,0,0,0,0,B,25000,11.49,0,0.34,0,6
28478,28,44000,MORTGAGE,12,0,1,0,0,1,0,0,0,0,B,8000,10.59,0,0.18,0,6
28528,33,76248,MORTGAGE,17,0,1,0,0,1,0,0,0,0,A,10400,7.66,0,0.14,0,5
28551,29,73000,MORTGAGE,7,0,1,0,0,1,0,0,0,0,A,12000,7.29,0,0.16,0,8
28594,30,180000,MORTGAGE,0,0,1,0,0,1,0,0,0,0,A,6000,6.62,0,0.03,0,8
28604,28,28800,MORTGAGE,2,0,1,0,0,1,0,0,0,0,B,2000,10.59,0,0.07,0,8
28613,27,39480,MORTGAGE,2,0,1,0,0,1,0,0,0,0,C,7200,13.79,0,0.18,0,7
28617,29,118400,MORTGAGE,11,0,1,0,0,1,0,0,0,0,A,35000,7.9,0,0.3,0,7
28662,29,39000,MORTGAGE,12,0,1,0,0,1,0,0,0,0,A,16000,5.99,0,0.41,0,8
28694,28,110004,MORTGAGE,2,0,1,0,0,1,0,0,0,0,B,15000,,0,0.14,0,5
28726,27,44000,MORTGAGE,3,0,1,0,0,1,0,0,0,0,C,6400,13.85,0,0.15,0,10
28732,32,120000,MORTGAGE,13,0,1,0,0,1,0,0,0,0,B,2000,,0,0.02,0,10
28743,33,63996,MORTGAGE,15,0,1,0,0,1,0,0,0,0,A,3200,5.42,0,0.05,0,8
28774,30,120000,MORTGAGE,15,0,1,0,0,1,0,0,0,0,A,11000,6.03,0,0.09,0,9
28782,29,92000,MORTGAGE,8,0,1,0,0,1,0,0,0,0,B,10000,11.26,0,0.11,0,8
28793,28,60000,MORTGAGE,6,0,1,0,0,1,0,0,0,0,B,15000,11.99,0,0.25,0,5
28831,28,115000,MORTGAGE,3,0,1,0,0,1,0,0,0,0,A,18500,,0,0.16,0,9
28837,27,69000,MORTGAGE,3,0,1,0,0,1,0,0,0,0,B,4000,11.49,1,0.06,0,8
28860,28,62352,MORTGAGE,3,0,1,0,0,1,0,0,0,0,A,3800,6.62,0,0.06,0,6
28862,32,29500,MORTGAGE,4,0,1,0,0,1,0,0,0,0,B,7000,10,1,0.24,0,7
28867,28,80000,MORTGAGE,13,0,1,0,0,1,0,0,0,0,B,21000,11.36,0,0.26,0,10
28890,35,66000,MORTGAGE,4,0,1,0,0,1,0,0,0,0,A,3000,6.03,0,0.05,0,10
28895,34,35100,MORTGAGE,16,0,1,0,0,1,0,0,0,0,C,9000,13.47,0,0.26,0,8
28920,31,79100,MORTGAGE,4,0,1,0,0,1,0,0,0,0,A,19150,6.99,0,0.24,0,6
28927,33,90000,MORTGAGE,4,0,1,0,0,1,0,0,0,0,C,12000,12.98,0,0.13,0,5
28965,28,55704,MORTGAGE,12,0,1,0,0,1,0,0,0,0,A,8400,7.51,0,0.15,0,6
29055,27,92000,MORTGAGE,11,0,1,0,0,1,0,0,0,0,B,18000,11.48,0,0.2,0,8
29070,34,55000,MORTGAGE,4,0,1,0,0,1,0,0,0,0,C,7000,13.49,0,0.13,0,7
29072,27,72000,MORTGAGE,6,0,1,0,0,1,0,0,0,0,A,6000,5.42,0,0.08,0,6
29107,33,45000,MORTGAGE,3,0,1,0,0,1,0,0,0,0,D,8000,16.49,1,0.18,0,7
29149,37,300000,MORTGAGE,7,0,1,0,0,1,0,0,0,0,B,25000,11.49,0,0.08,0,14
29160,41,250000,MORTGAGE,18,0,1,0,0,1,0,0,0,0,B,5000,9.99,0,0.02,0,12
29174,40,210000,MORTGAGE,11,0,1,0,0,1,0,0,0,0,A,20000,6.17,0,0.1,0,17
29187,37,200000,MORTGAGE,7,0,1,0,0,1,0,0,0,0,D,25000,15.57,0,0.13,0,14
29191,39,200000,MORTGAGE,19,0,1,0,0,1,0,0,0,0,B,18000,10.99,0,0.09,0,13
29216,38,175000,MORTGAGE,10,0,1,0,0,1,0,0,0,0,B,21000,9.99,0,0.12,0,14
29256,38,17108,MORTGAGE,7,0,1,0,0,1,0,0,0,0,A,4375,7.51,1,0.26,0,17
29330,36,22000,MORTGAGE,0,0,1,0,0,1,0,0,0,0,A,8000,6.99,0,0.36,0,17
29395,43,25000,MORTGAGE,10,0,1,0,0,1,0,0,0,0,B,10000,9.62,0,0.4,0,17
29409,37,25700,MORTGAGE,5,0,1,0,0,1,0,0,0,0,D,1600,,0,0.06,0,14
29441,40,27040,MORTGAGE,7,0,1,0,0,1,0,0,0,0,B,6925,9.99,0,0.26,0,15
29469,37,28500,MORTGAGE,6,0,1,0,0,1,0,0,0,0,A,1800,6.76,0,0.06,0,12
29513,39,30000,MORTGAGE,,0,1,0,0,1,0,0,0,0,A,10375,8.9,0,0.35,0,13
29568,37,31200,MORTGAGE,5,0,1,0,0,1,0,0,0,0,B,3000,9.99,0,0.1,0,16
29574,36,32000,MORTGAGE,7,0,1,0,0,1,0,0,0,0,B,5300,10.65,0,0.17,0,13
29579,36,32000,MORTGAGE,9,0,1,0,0,1,0,0,0,0,B,5000,8.88,0,0.16,0,13
29661,36,29000,MORTGAGE,5,0,1,0,0,1,0,0,0,0,A,4000,8.49,1,0.14,0,13
29669,40,35000,MORTGAGE,3,0,1,0,0,1,0,0,0,0,B,4000,10.37,0,0.11,0,17
29692,41,35100,MORTGAGE,3,0,1,0,0,1,0,0,0,0,A,4650,7.88,0,0.13,0,17
29710,37,36000,MORTGAGE,7,0,1,0,0,1,0,0,0,0,A,9000,7.49,0,0.25,0,17
29719,44,36000,MORTGAGE,6,0,1,0,0,1,0,0,0,0,A,1000,7.51,0,0.03,0,14
29749,37,37000,MORTGAGE,7,0,1,0,0,1,0,0,0,0,B,4000,10.59,0,0.11,0,12
29750,41,37000,MORTGAGE,3,0,1,0,0,1,0,0,0,0,C,6000,12.99,0,0.16,0,11
29815,47,39000,MORTGAGE,5,0,1,0,0,1,0,0,0,0,A,5600,8.59,0,0.14,0,11
29855,36,40000,MORTGAGE,2,0,1,0,0,1,0,0,0,0,A,6000,,0,0.15,0,15
29856,36,40000,MORTGAGE,8,0,1,0,0,1,0,0,0,0,A,6000,8.49,0,0.15,0,17
29862,46,40000,MORTGAGE,8,0,1,0,0,1,0,0,0,0,A,12000,6.91,0,0.3,0,11
29891,38,40320,MORTGAGE,4,0,1,0,0,1,0,0,0,0,D,15000,16.07,0,0.37,0,14
29905,42,41000,MORTGAGE,17,0,1,0,0,1,0,0,0,0,B,10000,10.99,0,0.24,0,12
29922,49,41869,MORTGAGE,8,0,1,0,0,1,0,0,0,0,A,8000,7.14,0,0.19,0,15
29941,37,42000,MORTGAGE,9,0,1,0,0,1,0,0,0,0,C,4500,12.99,0,0.11,0,12
29963,49,42000,MORTGAGE,15,0,1,0,0,1,0,0,0,0,B,16750,10.99,0,0.4,0,12
30058,36,45000,MORTGAGE,2,0,1,0,0,1,0,0,0,0,A,7000,7.14,0,0.16,0,14
30085,36,45344,MORTGAGE,11,0,1,0,0,1,0,0,0,0,A,16750,7.88,0,0.37,0,13
30102,43,45996,MORTGAGE,2,0,1,0,0,1,0,0,0,0,A,6300,7.51,0,0.14,0,14
30109,50,46000,MORTGAGE,8,0,1,0,0,1,0,0,0,0,D,8600,14.09,0,0.19,0,12
30110,37,46000,MORTGAGE,9,0,1,0,0,1,0,0,0,0,B,5000,10.75,0,0.11,0,14
30120,37,46996,MORTGAGE,2,0,1,0,0,1,0,0,0,0,C,13750,13.98,0,0.29,0,13
30132,41,47000,MORTGAGE,5,0,1,0,0,1,0,0,0,0,B,7500,11.12,0,0.16,0,13
30137,36,47000,MORTGAGE,0,0,1,0,0,1,0,0,0,0,A,5500,7.14,0,0.12,0,16
30200,38,48996,MORTGAGE,6,0,1,0,0,1,0,0,0,0,A,5000,7.29,0,0.1,0,12
30240,37,50000,MORTGAGE,4,0,1,0,0,1,0,0,0,0,A,2325,6.99,0,0.05,0,17
30259,37,50000,MORTGAGE,0,0,1,0,0,1,0,0,0,0,A,20000,6.17,0,0.4,0,12
30265,42,50000,MORTGAGE,5,0,1,0,0,1,0,0,0,0,B,7000,,0,0.14,0,12
30275,40,50000,MORTGAGE,1,0,1,0,0,1,0,0,0,0,B,12000,,0,0.24,0,15
30283,39,50000,MORTGAGE,1,0,1,0,0,1,0,0,0,0,A,8000,7.68,0,0.16,0,14
30360,45,52000,MORTGAGE,11,0,1,0,0,1,0,0,0,0,A,14000,,0,0.27,0,16
30416,41,54500,MORTGAGE,0,0,1,0,0,1,0,0,0,0,A,7700,6.91,0,0.14,0,17
30432,36,55000,MORTGAGE,13,0,1,0,0,1,0,0,0,0,A,3000,,0,0.05,0,14
30435,40,55000,MORTGAGE,6,0,1,0,0,1,0,0,0,0,A,12000,6.62,0,0.22,0,15
30449,38,55000,MORTGAGE,16,0,1,0,0,1,0,0,0,0,A,11700,7.66,0,0.21,0,15
30460,44,55000,MORTGAGE,2,0,1,0,0,1,0,0,0,0,A,5000,7.51,0,0.09,0,11
30482,36,55500,MORTGAGE,15,0,1,0,0,1,0,0,0,0,B,7875,11.99,0,0.14,0,12
30488,46,56000,MORTGAGE,1,0,1,0,0,1,0,0,0,0,A,6000,,0,0.11,0,16
30500,37,56500,MORTGAGE,4,0,1,0,0,1,0,0,0,0,B,10000,,0,0.18,0,13
30504,43,57000,MORTGAGE,0,0,1,0,0,1,0,0,0,0,A,2725,,0,0.05,0,12
30505,39,57000,MORTGAGE,16,0,1,0,0,1,0,0,0,0,B,6300,10.99,0,0.11,0,17
30599,46,60000,MORTGAGE,7,0,1,0,0,1,0,0,0,0,A,3600,6.99,0,0.06,0,12
30631,36,60000,MORTGAGE,12,0,1,0,0,1,0,0,0,0,A,15000,7.88,0,0.25,0,17
30639,45,54000,MORTGAGE,1,0,1,0,0,1,0,0,0,0,D,7750,16.07,1,0.14,0,13
30649,38,60000,MORTGAGE,9,0,1,0,0,1,0,0,0,0,E,16000,16.35,0,0.27,0,17
30654,36,60000,MORTGAGE,2,0,1,0,0,1,0,0,0,0,C,8000,13.92,0,0.13,0,15
30669,46,60000,MORTGAGE,1,0,1,0,0,1,0,0,0,0,C,5000,11.72,0,0.08,0,16
30697,39,61766,MORTGAGE,4,0,1,0,0,1,0,0,0,0,A,5500,7.14,0,0.09,0,15
30709,43,62000,MORTGAGE,2,0,1,0,0,1,0,0,0,0,B,20000,10.25,0,0.32,0,14
30714,36,62000,MORTGAGE,9,0,1,0,0,1,0,0,0,0,A,4800,8,0,0.08,0,12
30725,40,62400,MORTGAGE,7,0,1,0,0,1,0,0,0,0,F,7000,19.13,0,0.11,0,12
30749,40,63996,MORTGAGE,8,0,1,0,0,1,0,0,0,0,B,12000,10.25,0,0.19,0,17
30766,36,64973,MORTGAGE,6,0,1,0,0,1,0,0,0,0,B,9000,10.59,0,0.14,0,13
30773,39,65000,MORTGAGE,17,0,1,0,0,1,0,0,0,0,A,15000,7.9,0,0.23,0,14
30791,38,65000,MORTGAGE,5,0,1,0,0,1,0,0,0,0,B,15000,10.36,0,0.23,0,17
30799,43,65000,MORTGAGE,2,0,1,0,0,1,0,0,0,0,B,24000,10.99,0,0.37,0,13
30818,44,65004,MORTGAGE,3,0,1,0,0,1,0,0,0,0,B,25000,11.86,0,0.38,0,17
30826,47,59827,MORTGAGE,9,0,1,0,0,1,0,0,0,0,D,6000,15.58,1,0.1,0,15
30827,45,65993,MORTGAGE,3,0,1,0,0,1,0,0,0,0,D,9000,14.59,0,0.14,0,15
30855,38,67200,MORTGAGE,11,0,1,0,0,1,0,0,0,0,A,8000,7.9,0,0.12,0,11
30860,37,67600,MORTGAGE,6,0,1,0,0,1,0,0,0,0,B,33000,9.99,0,0.49,0,15
30906,38,70000,MORTGAGE,16,0,1,0,0,1,0,0,0,0,A,17000,6.03,0,0.24,0,13
30919,39,70000,MORTGAGE,6,0,1,0,0,1,0,0,0,0,A,10000,6.17,0,0.14,0,15
30922,37,70000,MORTGAGE,3,0,1,0,0,1,0,0,0,0,D,15000,15.2,0,0.21,0,15
30939,41,70000,MORTGAGE,1,0,1,0,0,1,0,0,0,0,C,20000,14.26,0,0.29,0,13
30949,40,70032,MORTGAGE,14,0,1,0,0,1,0,0,0,0,B,14000,9.99,0,0.2,0,14
30958,44,71000,MORTGAGE,11,0,1,0,0,1,0,0,0,0,A,9000,,0,0.13,0,11
30961,36,65028,MORTGAGE,4,0,1,0,0,1,0,0,0,0,D,10000,15.95,1,0.15,0,14
30968,38,72000,MORTGAGE,10,0,1,0,0,1,0,0,0,0,C,15000,13.49,0,0.21,0,17
30982,36,72000,MORTGAGE,3,0,1,0,0,1,0,0,0,0,A,8000,6.92,0,0.11,0,12
30985,37,66000,MORTGAGE,,0,1,0,0,1,0,0,0,0,B,25000,11.86,1,0.38,0,13
31005,37,72800,MORTGAGE,0,0,1,0,0,1,0,0,0,0,B,23000,11.58,0,0.32,0,17
31017,37,74000,MORTGAGE,8,0,1,0,0,1,0,0,0,0,A,12000,7.51,0,0.16,0,17
31023,36,74000,MORTGAGE,9,0,1,0,0,1,0,0,0,0,B,1500,10.62,0,0.02,0,16
31041,44,75000,MORTGAGE,6,0,1,0,0,1,0,0,0,0,A,6000,8.9,0,0.08,0,11
31056,42,75000,MORTGAGE,2,0,1,0,0,1,0,0,0,0,B,9600,11.99,0,0.13,0,11
31083,36,75000,MORTGAGE,9,0,1,0,0,1,0,0,0,0,B,15000,12.18,0,0.2,0,16
31089,45,75000,MORTGAGE,2,0,1,0,0,1,0,0,0,0,B,15000,,0,0.2,0,12
31113,43,77000,MORTGAGE,3,0,1,0,0,1,0,0,0,0,A,12000,5.99,0,0.16,0,16
31114,40,77000,MORTGAGE,9,0,1,0,0,1,0,0,0,0,B,12000,,0,0.16,0,12
31129,47,77533,MORTGAGE,19,0,1,0,0,1,0,0,0,0,B,25000,10.99,0,0.32,0,14
31134,42,78000,MORTGAGE,6,0,1,0,0,1,0,0,0,0,B,20000,10.99,0,0.26,0,11
31137,38,78000,MORTGAGE,8,0,1,0,0,1,0,0,0,0,A,6250,6.76,0,0.08,0,16
31142,39,78000,MORTGAGE,5,0,1,0,0,1,0,0,0,0,C,12000,13.57,0,0.15,0,11
31155,47,79500,MORTGAGE,0,0,1,0,0,1,0,0,0,0,A,16000,7.51,0,0.2,0,13
31177,36,80000,MORTGAGE,5,0,1,0,0,1,0,0,0,0,B,20000,10.99,0,0.25,0,15
31195,47,80000,MORTGAGE,2,0,1,0,0,1,0,0,0,0,A,10000,6.54,0,0.13,0,13
31200,36,80000,MORTGAGE,9,0,1,0,0,1,0,0,0,0,C,6000,,0,0.07,0,11
31208,36,74000,MORTGAGE,4,0,1,0,0,1,0,0,0,0,B,10250,11.48,1,0.14,0,15
31211,36,80000,MORTGAGE,0,0,1,0,0,1,0,0,0,0,B,15000,10.71,0,0.19,0,14
31217,40,80004,MORTGAGE,15,0,1,0,0,1,0,0,0,0,A,9500,7.51,0,0.12,0,12
31218,47,80004,MORTGAGE,5,0,1,0,0,1,0,0,0,0,B,7000,,0,0.09,0,15
31225,38,81000,MORTGAGE,0,0,1,0,0,1,0,0,0,0,B,11000,10.36,0,0.14,0,14
31228,40,81120,MORTGAGE,1,0,1,0,0,1,0,0,0,0,B,24000,9.25,0,0.3,0,15
31267,39,84000,MORTGAGE,2,0,1,0,0,1,0,0,0,0,A,4000,9.63,0,0.05,0,12
31288,48,85000,MORTGAGE,0,0,1,0,0,1,0,0,0,0,A,10000,7.51,0,0.12,0,13
31292,40,85000,MORTGAGE,1,0,1,0,0,1,0,0,0,0,C,10000,12.87,0,0.12,0,11
31313,37,86500,MORTGAGE,13,0,1,0,0,1,0,0,0,0,A,6500,7.14,0,0.08,0,13
31329,37,87950,MORTGAGE,3,0,1,0,0,1,0,0,0,0,B,14250,11.89,0,0.16,0,14
31342,38,89000,MORTGAGE,11,0,1,0,0,1,0,0,0,0,B,10000,,0,0.11,0,13
31344,37,89000,MORTGAGE,3,0,1,0,0,1,0,0,0,0,A,5000,6.91,0,0.06,0,15
31351,36,90000,MORTGAGE,13,0,1,0,0,1,0,0,0,0,A,12000,6.62,0,0.13,0,13
31353,38,90000,MORTGAGE,5,0,1,0,0,1,0,0,0,0,A,25000,,0,0.28,0,17
31378,41,90000,MORTGAGE,3,0,1,0,0,1,0,0,0,0,A,3000,7.14,0,0.03,0,14
31392,38,90000,MORTGAGE,9,0,1,0,0,1,0,0,0,0,B,9300,11.83,0,0.1,0,17
31408,46,92000,MORTGAGE,18,0,1,0,0,1,0,0,0,0,A,12925,,0,0.14,0,17
31415,46,81000,MORTGAGE,1,0,1,0,0,1,0,0,0,0,B,7000,9.45,1,0.09,0,14
31425,47,95000,MORTGAGE,13,0,1,0,0,1,0,0,0,0,A,5000,6.03,0,0.05,0,16
31443,40,83000,MORTGAGE,7,0,1,0,0,1,0,0,0,0,B,2800,12.18,1,0.03,0,13
31445,38,95000,MORTGAGE,5,0,1,0,0,1,0,0,0,0,A,4000,9.63,0,0.04,0,12
31480,42,98000,MORTGAGE,2,0,1,0,0,1,0,0,0,0,B,18000,11.58,0,0.18,0,11
31486,44,99000,MORTGAGE,5,0,1,0,0,1,0,0,0,0,C,10000,12.68,0,0.1,0,11
31487,44,99000,MORTGAGE,3,0,1,0,0,1,0,0,0,0,B,8000,9.25,0,0.08,0,14
31502,41,100000,MORTGAGE,10,0,1,0,0,1,0,0,0,0,A,6000,8.49,0,0.06,0,15
31508,47,100000,MORTGAGE,4,0,1,0,0,1,0,0,0,0,B,2500,9.99,0,0.03,0,15
31513,36,100000,MORTGAGE,2,0,1,0,0,1,0,0,0,0,A,8000,6.76,0,0.08,0,11
31555,37,105000,MORTGAGE,2,0,1,0,0,1,0,0,0,0,B,25000,12.18,0,0.24,0,15
31572,36,108000,MORTGAGE,7,0,1,0,0,1,0,0,0,0,A,14000,8.9,0,0.13,0,12
31601,48,110000,MORTGAGE,6,0,1,0,0,1,0,0,0,0,A,6000,8.94,0,0.05,0,14
31612,38,112224,MORTGAGE,5,0,1,0,0,1,0,0,0,0,A,25000,6.99,0,0.22,0,13
31618,46,114440,MORTGAGE,0,0,1,0,0,1,0,0,0,0,A,3000,8.59,0,0.03,0,17
31631,46,104000,MORTGAGE,1,0,1,0,0,1,0,0,0,0,E,30000,18.39,1,0.29,0,15
31665,47,120000,MORTGAGE,9,0,1,0,0,1,0,0,0,0,B,15000,10.99,0,0.13,0,12
31673,42,120000,MORTGAGE,0,0,1,0,0,1,0,0,0,0,B,9250,11.86,0,0.08,0,13
31692,43,122500,MORTGAGE,4,0,1,0,0,1,0,0,0,0,A,9150,6.03,0,0.07,0,12
31696,38,123600,MORTGAGE,16,0,1,0,0,1,0,0,0,0,A,12000,6.92,0,0.1,0,14
31754,42,136173,MORTGAGE,2,0,1,0,0,1,0,0,0,0,A,8000,6.62,0,0.06,0,15
31756,37,138000,MORTGAGE,19,0,1,0,0,1,0,0,0,0,D,4000,15.62,0,0.03,0,12
31763,48,140000,MORTGAGE,4,0,1,0,0,1,0,0,0,0,B,18000,9.99,0,0.13,0,11
31804,39,150000,MORTGAGE,9,0,1,0,0,1,0,0,0,0,A,30000,8.9,0,0.2,0,15
31809,36,150000,MORTGAGE,5,0,1,0,0,1,0,0,0,0,A,7000,7.29,0,0.05,0,15
31813,36,150000,MORTGAGE,8,0,1,0,0,1,0,0,0,0,A,3000,7.29,0,0.02,0,17
31817,37,150000,MORTGAGE,9,0,1,0,0,1,0,0,0,0,C,10000,13.48,0,0.07,0,12
31823,49,150000,MORTGAGE,0,0,1,0,0,1,0,0,0,0,E,20000,16.95,0,0.13,0,16
31825,40,150000,MORTGAGE,1,0,1,0,0,1,0,0,0,0,A,7500,8.07,0,0.05,0,15
31837,47,156000,MORTGAGE,5,0,1,0,0,1,0,0,0,0,B,18000,11.99,0,0.12,0,17
31854,42,153000,MORTGAGE,7,0,1,0,0,1,0,0,0,0,G,25000,20.53,1,0.16,0,14
31857,47,168000,MORTGAGE,13,0,1,0,0,1,0,0,0,0,A,8775,8.49,0,0.05,0,12
31880,43,195000,MORTGAGE,4,0,1,0,0,1,0,0,0,0,C,10000,12.73,0,0.05,0,12
31884,37,200000,MORTGAGE,3,0,1,0,0,1,0,0,0,0,D,10000,13.8,0,0.05,0,16
31885,38,200000,MORTGAGE,0,0,1,0,0,1,0,0,0,0,A,3000,7.68,0,0.01,0,15
31887,37,205000,MORTGAGE,3,0,1,0,0,1,0,0,0,0,B,18000,10.39,0,0.09,0,14
31890,42,224000,MORTGAGE,16,0,1,0,0,1,0,0,0,0,B,25000,11.86,0,0.11,0,15
31892,40,250000,MORTGAGE,8,0,1,0,0,1,0,0,0,0,A,28000,7.9,0,0.11,0,13
31894,37,250000,MORTGAGE,2,0,1,0,0,1,0,0,0,0,C,34000,14.79,0,0.14,0,16
31908,42,360000,MORTGAGE,11,0,1,0,0,1,0,0,0,0,B,25000,9.99,0,0.07,0,14
31911,41,444000,MORTGAGE,4,0,1,0,0,1,0,0,0,0,D,2500,15.31,0,0.01,0,11
31934,44,36000,MORTGAGE,6,0,1,0,0,1,0,0,0,0,A,1000,7.51,0,0.03,0,17
31949,38,160000,MORTGAGE,12,0,1,0,0,1,0,0,0,0,A,14000,6.62,0,0.09,0,16
31976,43,50000,MORTGAGE,11,0,1,0,0,1,0,0,0,0,A,11500,,0,0.23,0,11
31979,41,140000,MORTGAGE,2,0,1,0,0,1,0,0,0,0,E,15000,17.88,0,0.11,0,11
31992,38,17108,MORTGAGE,7,0,1,0,0,1,0,0,0,0,A,4375,7.51,1,0.26,0,13
32004,36,110000,MORTGAGE,3,0,1,0,0,1,0,0,0,0,A,9000,,0,0.08,0,13
32008,40,63996,MORTGAGE,8,0,1,0,0,1,0,0,0,0,B,12000,10.25,0,0.19,0,12
32022,45,45000,MORTGAGE,14,0,1,0,0,1,0,0,0,0,A,14000,6.62,0,0.31,0,12
32032,40,74004,MORTGAGE,12,0,1,0,0,1,0,0,0,0,A,7125,6.62,0,0.1,0,14
32045,48,28000,MORTGAGE,7,0,1,0,0,1,0,0,0,0,A,7500,7.74,0,0.27,0,17
32051,37,55900,MORTGAGE,1,0,1,0,0,1,0,0,0,0,B,17000,8.7,0,0.3,0,11
32062,36,65000,MORTGAGE,3,0,1,0,0,1,0,0,0,0,A,6500,5.79,0,0.1,0,12
32073,40,70000,MORTGAGE,6,0,1,0,0,1,0,0,0,0,A,18000,7.9,0,0.26,0,14
32079,36,51000,MORTGAGE,4,0,1,0,0,1,0,0,0,0,B,4775,11.14,0,0.09,0,11
32084,42,100000,MORTGAGE,7,0,1,0,0,1,0,0,0,0,C,5000,14.26,0,0.05,0,12
32103,40,136000,MORTGAGE,5,0,1,0,0,1,0,0,0,0,B,21000,9.99,0,0.15,0,13
32139,41,102300,MORTGAGE,9,0,1,0,0,1,0,0,0,0,B,8800,11.58,0,0.09,0,11
32181,48,140000,MORTGAGE,4,0,1,0,0,1,0,0,0,0,B,18000,9.99,0,0.13,0,12
32209,38,91200,MORTGAGE,0,0,1,0,0,1,0,0,0,0,C,9000,12.68,0,0.1,0,11
32219,43,138000,MORTGAGE,4,0,1,0,0,1,0,0,0,0,A,9900,6.99,0,0.07,0,14
32222,41,92000,MORTGAGE,15,0,1,0,0,1,0,0,0,0,A,12000,7.66,0,0.13,0,13
32227,44,95000,MORTGAGE,4,0,1,0,0,1,0,0,0,0,B,10000,10.95,0,0.11,0,11
32251,39,73000,MORTGAGE,2,0,1,0,0,1,0,0,0,0,B,5000,11.86,1,0.07,0,16
32534,54,129000,MORTGAGE,6,0,1,0,0,1,0,0,0,0,B,9000,11.49,1,0.07,0,18
32562,54,129000,MORTGAGE,6,0,1,0,0,1,0,0,0,0,B,9000,11.49,1,0.07,0,24
2,21,9600,OWN,5,1,0,0,0,1,0,0,0,0,B,1000,11.14,0,0.1,0,2
36,21,12000,OWN,5,1,0,0,0,1,0,0,0,0,A,2500,7.51,1,0.21,0,4
76,26,12000,OWN,2,1,0,0,0,1,0,0,0,0,A,6100,7.51,1,0.51,0,3
121,22,12996,OWN,1,1,0,0,0,1,0,0,0,0,B,4750,,1,0.37,0,3
206,25,14400,OWN,7,1,0,0,0,1,0,0,0,0,A,5375,5.79,1,0.37,0,2
236,23,184000,OWN,5,1,0,0,0,1,0,0,0,0,B,2500,11.83,0,0.01,0,2
265,24,180000,OWN,8,1,0,0,0,1,0,0,0,0,B,21000,11.48,0,0.12,0,3
331,25,170000,OWN,4,1,0,0,0,1,0,0,0,0,B,20000,12.53,0,0.12,0,4
437,23,18000,OWN,3,1,0,0,0,1,0,0,0,0,A,4000,5.99,1,0.22,0,2
444,21,18000,OWN,,1,0,0,0,1,0,0,0,0,B,5000,11.11,1,0.28,0,2
531,25,19200,OWN,4,1,0,0,0,1,0,0,0,0,B,3000,11.99,1,0.16,0,4
541,26,19200,OWN,0,1,0,0,0,1,0,0,0,0,B,9250,,1,0.48,0,2
575,22,19800,OWN,1,1,0,0,0,1,0,0,0,0,A,2100,8.38,0,0.11,0,4
609,22,20000,OWN,3,1,0,0,0,1,0,0,0,0,A,7500,5.79,0,0.38,0,4
732,26,21600,OWN,5,1,0,0,0,1,0,0,0,0,B,5200,12.42,0,0.24,0,3
777,23,21600,OWN,0,1,0,0,0,1,0,0,0,0,B,4400,12.53,0,0.2,0,2
895,21,23040,OWN,0,1,0,0,0,1,0,0,0,0,A,15000,8.94,0,0.65,0,2
964,23,24000,OWN,2,1,0,0,0,1,0,0,0,0,D,8000,15.62,0,0.33,0,2
973,24,24000,OWN,1,1,0,0,0,1,0,0,0,0,A,2400,7.49,0,0.1,0,2
990,22,24000,OWN,3,1,0,0,0,1,0,0,0,0,B,2500,10.59,0,0.1,0,2
1032,24,24000,OWN,3,1,0,0,0,1,0,0,0,0,C,3000,13.98,0,0.13,0,2
1075,23,24000,OWN,1,1,0,0,0,1,0,0,0,0,B,1500,12.21,0,0.06,0,2
1120,21,24996,OWN,3,1,0,0,0,1,0,0,0,0,D,7000,15.58,0,0.28,0,2
1130,23,24996,OWN,1,1,0,0,0,1,0,0,0,0,B,8000,11.26,0,0.32,0,2
1204,25,25000,OWN,3,1,0,0,0,1,0,0,0,0,A,3000,6.76,0,0.12,0,2
1279,23,25200,OWN,3,1,0,0,0,1,0,0,0,0,B,1000,11.48,0,0.04,0,4
1327,25,26000,OWN,,1,0,0,0,1,0,0,0,0,A,10000,5.79,0,0.38,0,3
1330,21,26000,OWN,5,1,0,0,0,1,0,0,0,0,A,6000,5.79,0,0.23,0,2
1452,23,27000,OWN,,1,0,0,0,1,0,0,0,0,B,5000,10.65,0,0.19,0,4
1552,22,27600,OWN,0,1,0,0,0,1,0,0,0,0,A,9600,8.59,0,0.35,0,3
1665,21,28500,OWN,0,1,0,0,0,1,0,0,0,0,C,4800,12.87,0,0.17,0,3
1679,26,28800,OWN,8,1,0,0,0,1,0,0,0,0,A,6000,8.9,0,0.21,0,3
1681,22,28800,OWN,6,1,0,0,0,1,0,0,0,0,A,8875,8.9,0,0.31,0,3
1702,24,28800,OWN,,1,0,0,0,1,0,0,0,0,A,7500,8.49,0,0.26,0,2
1797,23,29120,OWN,0,1,0,0,0,1,0,0,0,0,A,6400,8.94,0,0.22,0,4
1837,22,30000,OWN,3,1,0,0,0,1,0,0,0,0,C,8000,13.49,0,0.27,0,2
1961,22,30000,OWN,,1,0,0,0,1,0,0,0,0,B,5125,10,0,0.17,0,3
1970,22,30000,OWN,,1,0,0,0,1,0,0,0,0,A,12000,7.66,0,0.4,0,2
1979,22,30000,OWN,6,1,0,0,0,1,0,0,0,0,A,2500,7.29,0,0.08,0,3
2220,24,30996,OWN,,1,0,0,0,1,0,0,0,0,A,8000,7.51,0,0.26,0,3
2315,22,31215,OWN,,1,0,0,0,1,0,0,0,0,B,14000,9.91,0,0.45,0,3
2335,23,31577,OWN,6,1,0,0,0,1,0,0,0,0,A,2500,6.92,0,0.08,0,4
2455,23,32004,OWN,0,1,0,0,0,1,0,0,0,0,E,9250,17.19,0,0.29,0,4
2468,22,32004,OWN,0,1,0,0,0,1,0,0,0,0,A,6600,9.07,0,0.21,0,3
2532,22,32968,OWN,6,1,0,0,0,1,0,0,0,0,A,16500,8.9,0,0.5,0,4
2613,23,33012,OWN,2,1,0,0,0,1,0,0,0,0,B,12200,10.99,0,0.37,0,4
2870,22,35000,OWN,1,1,0,0,0,1,0,0,0,0,B,8000,12.69,0,0.23,0,4
2930,21,35000,OWN,5,1,0,0,0,1,0,0,0,0,A,4000,7.29,0,0.11,0,2
2936,21,35000,OWN,5,1,0,0,0,1,0,0,0,0,C,6500,13.43,0,0.19,0,2
2945,25,35000,OWN,3,1,0,0,0,1,0,0,0,0,C,3600,13.43,0,0.1,0,3
3069,21,35004,OWN,0,1,0,0,0,1,0,0,0,0,D,3000,15.58,0,0.09,0,3
3230,24,36000,OWN,,1,0,0,0,1,0,0,0,0,A,6500,5.42,0,0.18,0,2
3266,21,36000,OWN,,1,0,0,0,1,0,0,0,0,A,11000,5.42,0,0.31,0,3
3269,22,36000,OWN,6,1,0,0,0,1,0,0,0,0,B,7500,9.63,0,0.21,0,2
3305,23,36000,OWN,7,1,0,0,0,1,0,0,0,0,B,6000,8.88,0,0.17,0,2
3338,23,36000,OWN,3,1,0,0,0,1,0,0,0,0,A,8500,7.51,0,0.24,0,3
3365,21,36000,OWN,5,1,0,0,0,1,0,0,0,0,C,8800,13.85,0,0.24,0,2
3375,22,36000,OWN,4,1,0,0,0,1,0,0,0,0,D,5000,14.61,0,0.14,0,2
3479,23,37000,OWN,0,1,0,0,0,1,0,0,0,0,A,6000,8.9,0,0.16,0,3
3630,24,38000,OWN,2,1,0,0,0,1,0,0,0,0,A,9600,,0,0.25,0,2
3680,21,38000,OWN,5,1,0,0,0,1,0,0,0,0,B,14000,11.12,0,0.37,0,3
3764,25,38400,OWN,9,1,0,0,0,1,0,0,0,0,A,1000,6.62,0,0.03,0,2
3773,22,38400,OWN,5,1,0,0,0,1,0,0,0,0,C,10000,13.99,0,0.26,0,2
3776,26,38400,OWN,2,1,0,0,0,1,0,0,0,0,B,5550,9.99,0,0.14,0,2
3792,23,38400,OWN,5,1,0,0,0,1,0,0,0,0,B,7675,10,0,0.2,0,4
3935,23,39456,OWN,7,1,0,0,0,1,0,0,0,0,A,14000,7.29,0,0.35,0,3
4000,22,39996,OWN,5,1,0,0,0,1,0,0,0,0,C,3500,,0,0.09,0,2
4093,21,40000,OWN,0,1,0,0,0,1,0,0,0,0,C,2500,14.27,0,0.06,0,2
4164,24,40000,OWN,6,1,0,0,0,1,0,0,0,0,A,2800,8.49,0,0.07,0,4
4229,25,40000,OWN,3,1,0,0,0,1,0,0,0,0,D,12000,14.83,0,0.3,0,4
4269,25,40000,OWN,0,1,0,0,0,1,0,0,0,0,B,8000,10.38,0,0.2,0,4
4348,22,40000,OWN,0,1,0,0,0,1,0,0,0,0,B,6000,11.48,0,0.15,0,4
4590,22,41600,OWN,4,1,0,0,0,1,0,0,0,0,B,12000,12.42,0,0.29,0,2
4634,24,42000,OWN,8,1,0,0,0,1,0,0,0,0,A,8000,6.62,0,0.19,0,4
4641,25,42000,OWN,6,1,0,0,0,1,0,0,0,0,A,18000,,0,0.43,0,2
4662,21,42000,OWN,5,1,0,0,0,1,0,0,0,0,D,5000,17.49,0,0.12,0,2
4759,22,42000,OWN,0,1,0,0,0,1,0,0,0,0,C,12000,,0,0.29,0,4
4938,22,42900,OWN,7,1,0,0,0,1,0,0,0,0,B,2000,10.74,0,0.05,0,4
4993,22,43000,OWN,6,1,0,0,0,1,0,0,0,0,A,7750,7.66,0,0.18,0,2
5073,23,43200,OWN,6,1,0,0,0,1,0,0,0,0,C,2000,14.35,0,0.05,0,4
5087,22,43200,OWN,6,1,0,0,0,1,0,0,0,0,A,6000,7.68,0,0.14,0,3
5105,23,43600,OWN,7,1,0,0,0,1,0,0,0,0,C,15000,,0,0.34,0,3
5210,23,44390,OWN,3,1,0,0,0,1,0,0,0,0,B,14300,10.99,0,0.32,0,2
5364,23,45000,OWN,,1,0,0,0,1,0,0,0,0,C,15000,14.79,0,0.33,0,4
5435,22,45000,OWN,6,1,0,0,0,1,0,0,0,0,A,4750,6.39,0,0.11,0,2
5437,22,45000,OWN,7,1,0,0,0,1,0,0,0,0,A,6000,6.76,0,0.13,0,2
5591,22,39000,OWN,0,1,0,0,0,1,0,0,0,0,F,25000,16.08,1,0.64,0,3
5628,23,45600,OWN,7,1,0,0,0,1,0,0,0,0,A,14000,7.9,0,0.31,0,3
5691,23,45996,OWN,7,1,0,0,0,1,0,0,0,0,C,10000,13.16,0,0.22,0,3
5742,23,46000,OWN,6,1,0,0,0,1,0,0,0,0,B,8000,11.48,0,0.17,0,4
5809,22,46800,OWN,4,1,0,0,0,1,0,0,0,0,A,11500,7.51,0,0.25,0,4
5818,23,46932,OWN,,1,0,0,0,1,0,0,0,0,A,7000,5.79,0,0.15,0,4
6008,23,48000,OWN,7,1,0,0,0,1,0,0,0,0,B,20000,11.71,0,0.42,0,4
6094,24,48000,OWN,2,1,0,0,0,1,0,0,0,0,C,15000,13.06,0,0.31,0,4
6129,24,48000,OWN,4,1,0,0,0,1,0,0,0,0,A,3000,5.79,0,0.06,0,4
6178,25,48000,OWN,7,1,0,0,0,1,0,0,0,0,B,15000,10.25,0,0.31,0,4
6253,23,48000,OWN,6,1,0,0,0,1,0,0,0,0,B,5000,10.08,0,0.1,0,4
6365,22,49140,OWN,0,1,0,0,0,1,0,0,0,0,C,3000,13.16,0,0.06,0,2
6376,24,49200,OWN,8,1,0,0,0,1,0,0,0,0,C,4000,13.06,0,0.08,0,4
6430,23,50000,OWN,7,1,0,0,0,1,0,0,0,0,B,10000,11.71,0,0.2,0,3
6510,25,50000,OWN,9,1,0,0,0,1,0,0,0,0,E,9175,19.42,0,0.18,0,4
6524,26,50000,OWN,6,1,0,0,0,1,0,0,0,0,B,3000,9.91,0,0.06,0,2
6528,22,50000,OWN,6,1,0,0,0,1,0,0,0,0,B,1000,9.91,0,0.02,0,2
6642,22,50000,OWN,3,1,0,0,0,1,0,0,0,0,A,5000,7.29,0,0.1,0,4
6714,22,50000,OWN,2,1,0,0,0,1,0,0,0,0,B,5600,11.86,0,0.11,0,2
6795,22,50000,OWN,3,1,0,0,0,1,0,0,0,0,A,6000,8.94,0,0.12,0,2
6943,23,50400,OWN,7,1,0,0,0,1,0,0,0,0,D,7000,15.99,0,0.14,0,2
7186,23,52000,OWN,7,1,0,0,0,1,0,0,0,0,A,6000,,0,0.12,0,3
7193,21,52000,OWN,1,1,0,0,0,1,0,0,0,0,B,13200,12.42,0,0.25,0,2
7271,23,52000,OWN,2,1,0,0,0,1,0,0,0,0,B,6000,10.75,0,0.12,0,4
7282,24,52000,OWN,8,1,0,0,0,1,0,0,0,0,B,4000,10.62,0,0.08,0,4
7493,25,53004,OWN,9,1,0,0,0,1,0,0,0,0,B,2000,10.75,0,0.04,0,4
7515,26,53400,OWN,3,1,0,0,0,1,0,0,0,0,B,13600,10.99,0,0.25,0,4
7517,25,53481,OWN,4,1,0,0,0,1,0,0,0,0,A,15000,6.03,0,0.28,0,3
7707,26,54080,OWN,10,1,0,0,0,1,0,0,0,0,A,5000,7.51,0,0.09,0,3
7750,22,54800,OWN,7,1,0,0,0,1,0,0,0,0,A,8000,,0,0.15,0,2
7776,24,54996,OWN,4,1,0,0,0,1,0,0,0,0,B,10000,10.37,0,0.18,0,4
7929,22,55000,OWN,6,1,0,0,0,1,0,0,0,0,B,25000,10.74,0,0.45,0,2
7952,22,55000,OWN,2,1,0,0,0,1,0,0,0,0,A,2200,5.42,0,0.04,0,3
7966,23,55000,OWN,5,1,0,0,0,1,0,0,0,0,B,11000,10.38,0,0.2,0,3
8040,22,55000,OWN,6,1,0,0,0,1,0,0,0,0,A,4000,9.32,0,0.07,0,4
8174,23,56000,OWN,7,1,0,0,0,1,0,0,0,0,B,20000,,0,0.36,0,3
8187,24,56000,OWN,8,1,0,0,0,1,0,0,0,0,B,2000,11.49,0,0.04,0,2
8227,22,56004,OWN,5,1,0,0,0,1,0,0,0,0,C,12000,13.98,0,0.21,0,3
8342,24,57000,OWN,8,1,0,0,0,1,0,0,0,0,A,9000,8,0,0.16,0,4
8345,23,57000,OWN,7,1,0,0,0,1,0,0,0,0,B,4200,10.51,0,0.07,0,3
8395,22,57600,OWN,,1,0,0,0,1,0,0,0,0,A,1500,5.99,0,0.03,0,3
8480,22,58000,OWN,6,1,0,0,0,1,0,0,0,0,D,10000,14.83,0,0.17,0,2
8513,22,58000,OWN,5,1,0,0,0,1,0,0,0,0,C,4500,13.16,0,0.08,0,2
8642,23,59928,OWN,7,1,0,0,0,1,0,0,0,0,A,18000,6.91,0,0.3,0,3
8810,23,60000,OWN,8,1,0,0,0,1,0,0,0,0,A,20000,7.49,0,0.33,0,3
8952,24,60000,OWN,4,1,0,0,0,1,0,0,0,0,A,5000,5.79,0,0.08,0,3
9000,22,60000,OWN,,1,0,0,0,1,0,0,0,0,B,20000,11.12,0,0.33,0,3
9021,22,60000,OWN,6,1,0,0,0,1,0,0,0,0,B,5900,11.12,0,0.1,0,2
9036,25,60000,OWN,8,1,0,0,0,1,0,0,0,0,B,14000,11.12,0,0.23,0,2
9059,22,60000,OWN,6,1,0,0,0,1,0,0,0,0,A,14000,7.88,0,0.23,0,2
9122,25,60000,OWN,10,1,0,0,0,1,0,0,0,0,B,5500,10.99,0,0.09,0,2
9457,22,62000,OWN,,1,0,0,0,1,0,0,0,0,A,4000,6.76,0,0.06,0,4
9532,23,62352,OWN,7,1,0,0,0,1,0,0,0,0,B,29800,10.65,0,0.48,0,3
9627,22,63000,OWN,6,1,0,0,0,1,0,0,0,0,D,9000,,0,0.14,0,4
9734,24,64000,OWN,1,1,0,0,0,1,0,0,0,0,A,3000,,0,0.05,0,4
9985,24,65000,OWN,8,1,0,0,0,1,0,0,0,0,A,9000,7.29,0,0.14,0,4
10021,24,65000,OWN,6,1,0,0,0,1,0,0,0,0,A,3500,6.76,0,0.05,0,4
10190,24,65544,OWN,4,1,0,0,0,1,0,0,0,0,B,5000,10.74,0,0.08,0,2
10219,22,66000,OWN,6,1,0,0,0,1,0,0,0,0,A,5000,7.9,0,0.08,0,4
10309,23,66480,OWN,6,1,0,0,0,1,0,0,0,0,A,4000,8.32,0,0.06,0,2
10372,22,67000,OWN,3,1,0,0,0,1,0,0,0,0,A,12000,8.59,0,0.18,0,2
10664,23,69996,OWN,2,1,0,0,0,1,0,0,0,0,B,10000,,0,0.14,0,4
10801,23,70000,OWN,0,1,0,0,0,1,0,0,0,0,B,3600,10.59,0,0.05,0,4
10872,23,70000,OWN,7,1,0,0,0,1,0,0,0,0,C,16000,14.35,0,0.23,0,3
10919,24,70000,OWN,0,1,0,0,0,1,0,0,0,0,B,15000,12.18,0,0.21,0,2
10992,23,70500,OWN,2,1,0,0,0,1,0,0,0,0,C,10500,13.92,0,0.15,0,4
11130,25,72000,OWN,8,1,0,0,0,1,0,0,0,0,A,18000,7.66,0,0.25,0,3
11393,24,74004,OWN,2,1,0,0,0,1,0,0,0,0,D,5000,14.09,0,0.07,0,4
11449,23,75000,OWN,0,1,0,0,0,1,0,0,0,0,C,5000,14.65,0,0.07,0,4
11611,23,75000,OWN,8,1,0,0,0,1,0,0,0,0,A,8000,6.17,0,0.11,0,2
11635,26,75000,OWN,10,1,0,0,0,1,0,0,0,0,C,7200,,0,0.1,0,3
11671,24,75000,OWN,8,1,0,0,0,1,0,0,0,0,B,15000,,0,0.2,0,2
11672,25,75000,OWN,9,1,0,0,0,1,0,0,0,0,B,5600,10.62,0,0.07,0,2
11743,22,75000,OWN,6,1,0,0,0,1,0,0,0,0,A,4800,8,0,0.06,0,2
11745,23,75000,OWN,7,1,0,0,0,1,0,0,0,0,B,15000,11.14,0,0.2,0,4
11759,23,75000,OWN,7,1,0,0,0,1,0,0,0,0,D,12000,12.49,0,0.16,0,4
11762,24,75200,OWN,5,1,0,0,0,1,0,0,0,0,A,6500,7.14,0,0.09,0,2
11822,23,76000,OWN,3,1,0,0,0,1,0,0,0,0,B,18000,10.99,0,0.24,0,2
11999,24,78000,OWN,8,1,0,0,0,1,0,0,0,0,B,25000,12.18,0,0.32,0,4
12022,24,78386,OWN,3,1,0,0,0,1,0,0,0,0,A,4000,5.42,0,0.05,0,3
12097,23,40000,OWN,7,1,0,0,0,1,0,0,0,0,A,13000,7.29,0,0.33,0,4
12102,23,40000,OWN,6,1,0,0,0,1,0,0,0,0,A,3000,7.66,0,0.07,0,3
12117,22,40000,OWN,4,1,0,0,0,1,0,0,0,0,A,8000,5.79,0,0.2,0,2
12172,24,80000,OWN,5,1,0,0,0,1,0,0,0,0,C,2200,13.49,0,0.03,0,4
12214,22,80000,OWN,4,1,0,0,0,1,0,0,0,0,B,4800,10.99,0,0.06,0,4
12253,24,80000,OWN,0,1,0,0,0,1,0,0,0,0,A,16000,6.17,0,0.2,0,4
12263,22,40000,OWN,0,1,0,0,0,1,0,0,0,0,A,6000,8,0,0.15,0,3
12273,21,40000,OWN,1,1,0,0,0,1,0,0,0,0,C,15000,13.16,0,0.38,0,2
12285,24,40000,OWN,7,1,0,0,0,1,0,0,0,0,C,2000,12.53,0,0.05,0,4
12335,25,80000,OWN,6,1,0,0,0,1,0,0,0,0,B,25000,11.48,0,0.31,0,4
12398,22,80340,OWN,2,1,0,0,0,1,0,0,0,0,A,7000,7.14,0,0.09,0,3
12441,22,81000,OWN,2,1,0,0,0,1,0,0,0,0,D,10000,15.31,0,0.12,0,3
12617,23,84000,OWN,7,1,0,0,0,1,0,0,0,0,A,17500,8.9,0,0.21,0,3
12778,24,85000,OWN,2,1,0,0,0,1,0,0,0,0,B,27500,11.99,0,0.32,0,2
12782,22,85000,OWN,,1,0,0,0,1,0,0,0,0,B,4300,,0,0.05,0,4
12838,23,85000,OWN,4,1,0,0,0,1,0,0,0,0,C,9600,13.61,0,0.11,0,3
12839,21,37000,OWN,3,1,0,0,0,1,0,0,0,0,C,7200,13.61,0,0.19,0,4
12880,26,85000,OWN,10,1,0,0,0,1,0,0,0,0,B,10000,12.18,0,0.12,0,2
12996,23,86400,OWN,0,1,0,0,0,1,0,0,0,0,D,16000,11.86,0,0.19,0,3
13038,22,36000,OWN,6,1,0,0,0,1,0,0,0,0,B,14500,10.99,0,0.4,0,3
13042,25,87000,OWN,5,1,0,0,0,1,0,0,0,0,D,5500,14.61,0,0.06,0,2
13043,22,87000,OWN,4,1,0,0,0,1,0,0,0,0,A,10000,8.59,0,0.11,0,3
13055,23,36000,OWN,,1,0,0,0,1,0,0,0,0,A,5500,5.42,0,0.15,0,2
13062,21,87500,OWN,5,1,0,0,0,1,0,0,0,0,C,12000,,0,0.14,0,2
13180,22,36000,OWN,2,1,0,0,0,1,0,0,0,0,B,14000,11.26,0,0.39,0,4
13193,25,36000,OWN,10,1,0,0,0,1,0,0,0,0,B,11200,9.76,0,0.31,0,4
13200,22,36000,OWN,4,1,0,0,0,1,0,0,0,0,A,3250,7.75,0,0.09,0,4
13210,24,35556,OWN,9,1,0,0,0,1,0,0,0,0,A,13000,5.79,0,0.37,0,2
13226,22,35400,OWN,6,1,0,0,0,1,0,0,0,0,A,8000,6.03,0,0.23,0,2
13349,22,35000,OWN,6,1,0,0,0,1,0,0,0,0,A,18500,7.49,0,0.53,0,3
13410,22,91000,OWN,5,1,0,0,0,1,0,0,0,0,A,15000,7.88,0,0.16,0,2
13523,24,34500,OWN,8,1,0,0,0,1,0,0,0,0,B,2000,11.71,0,0.06,0,3
13635,22,33716,OWN,6,1,0,0,0,1,0,0,0,0,A,13750,6.92,0,0.41,0,2
13678,24,95000,OWN,8,1,0,0,0,1,0,0,0,0,E,25000,16.32,0,0.26,0,3
13698,23,95000,OWN,2,1,0,0,0,1,0,0,0,0,A,10900,7.74,0,0.11,0,4
13703,26,95000,OWN,5,1,0,0,0,1,0,0,0,0,A,8000,,0,0.08,0,2
13713,23,33004,OWN,5,1,0,0,0,1,0,0,0,0,A,5000,8.59,0,0.15,0,4
13721,25,95004,OWN,9,1,0,0,0,1,0,0,0,0,B,2800,9.91,0,0.03,0,3
13731,22,95004,OWN,6,1,0,0,0,1,0,0,0,0,B,7200,10.95,0,0.08,0,4
13813,24,32700,OWN,8,1,0,0,0,1,0,0,0,0,A,4200,7.29,0,0.13,0,2
13818,25,96000,OWN,0,1,0,0,0,1,0,0,0,0,B,4000,9.88,0,0.04,0,3
13829,24,32500,OWN,2,1,0,0,0,1,0,0,0,0,D,5600,14.42,0,0.17,0,3
13833,21,96000,OWN,1,1,0,0,0,1,0,0,0,0,B,7000,12.53,0,0.07,0,4
13894,23,32000,OWN,7,1,0,0,0,1,0,0,0,0,C,3500,15.27,0,0.11,0,3
14019,23,31200,OWN,7,1,0,0,0,1,0,0,0,0,B,6000,10.37,0,0.19,0,3
14128,22,30004,OWN,6,1,0,0,0,1,0,0,0,0,A,7500,,0,0.25,0,2
14165,23,30000,OWN,,1,0,0,0,1,0,0,0,0,A,14125,6.62,0,0.47,0,4
14191,22,30000,OWN,3,1,0,0,0,1,0,0,0,0,A,15000,6.62,0,0.5,0,4
14253,23,102000,OWN,7,1,0,0,0,1,0,0,0,0,A,15000,8.94,0,0.15,0,3
14268,24,103000,OWN,8,1,0,0,0,1,0,0,0,0,D,24000,16.77,0,0.23,0,3
14344,26,105000,OWN,0,1,0,0,0,1,0,0,0,0,A,10000,7.49,0,0.1,0,2
14397,22,30000,OWN,0,1,0,0,0,1,0,0,0,0,B,2500,12.53,0,0.08,0,2
14427,26,30000,OWN,3,1,0,0,0,1,0,0,0,0,B,7500,11.14,0,0.25,0,3
14553,26,28944,OWN,10,1,0,0,0,1,0,0,0,0,B,9000,,0,0.31,0,4
14609,26,110000,OWN,8,1,0,0,0,1,0,0,0,0,B,17000,8.88,0,0.15,0,4
14680,23,28000,OWN,1,1,0,0,0,1,0,0,0,0,C,7500,,0,0.27,0,3
14681,26,28000,OWN,,1,0,0,0,1,0,0,0,0,A,16750,7.88,0,0.6,0,4
14750,22,27560,OWN,6,1,0,0,0,1,0,0,0,0,B,2800,11.49,0,0.1,0,4
14780,23,115000,OWN,7,1,0,0,0,1,0,0,0,0,C,5000,14.27,0,0.04,0,4
14899,22,26000,OWN,2,1,0,0,0,1,0,0,0,0,A,7100,7.49,0,0.27,0,2
14950,24,120000,OWN,8,1,0,0,0,1,0,0,0,0,A,5275,5.42,0,0.04,0,4
14997,25,25000,OWN,,1,0,0,0,1,0,0,0,0,A,8500,6.03,0,0.34,0,2
15046,26,25000,OWN,1,1,0,0,0,1,0,0,0,0,B,5000,9.88,0,0.2,0,3
15062,23,25000,OWN,1,1,0,0,0,1,0,0,0,0,A,8000,8.59,0,0.32,0,3
15083,25,120000,OWN,3,1,0,0,0,1,0,0,0,0,B,3000,10.14,0,0.03,0,3
15092,25,120775,OWN,9,1,0,0,0,1,0,0,0,0,C,15000,13.11,0,0.12,0,4
15155,23,24000,OWN,7,1,0,0,0,1,0,0,0,0,A,5000,7.49,0,0.21,0,2
15234,23,24000,OWN,5,1,0,0,0,1,0,0,0,0,B,7000,11.86,0,0.29,0,4
15236,22,24000,OWN,3,1,0,0,0,1,0,0,0,0,B,6000,11.49,0,0.25,0,4
15250,23,24000,OWN,0,1,0,0,0,1,0,0,0,0,A,7000,7.14,0,0.29,0,3
15258,23,126996,OWN,2,1,0,0,0,1,0,0,0,0,B,11000,10,0,0.09,0,2
15476,23,21000,OWN,2,1,0,0,0,1,0,0,0,0,C,6000,15.27,0,0.29,0,2
15562,23,145000,OWN,7,1,0,0,0,1,0,0,0,0,B,20800,11.83,0,0.14,0,4
15605,21,19200,OWN,5,1,0,0,0,1,0,0,0,0,A,3300,6.17,1,0.17,0,2
15751,23,163000,OWN,5,1,0,0,0,1,0,0,0,0,B,10000,11.36,0,0.06,0,2
15760,24,15996,OWN,8,1,0,0,0,1,0,0,0,0,A,4000,8,1,0.25,0,2
15890,26,12000,OWN,6,1,0,0,0,1,0,0,0,0,B,2500,9.99,1,0.21,0,3
15940,23,8628,OWN,,1,0,0,0,1,0,0,0,0,A,1400,,1,0.16,0,2
15981,22,72000,OWN,6,1,0,0,0,1,0,0,0,0,B,16000,10.37,0,0.22,0,2
16004,23,57000,OWN,7,1,0,0,0,1,0,0,0,0,B,4200,10.51,0,0.07,0,4
16014,22,41600,OWN,4,1,0,0,0,1,0,0,0,0,B,12000,12.42,0,0.29,0,4
16131,23,34000,OWN,7,1,0,0,0,1,0,0,0,0,A,10950,7.29,0,0.32,0,2
16270,23,21000,OWN,7,1,0,0,0,1,0,0,0,0,B,7500,12.69,0,0.36,0,2
16285,21,25000,OWN,0,1,0,0,0,1,0,0,0,0,B,8800,9.33,0,0.35,0,3
16287,22,50500,OWN,6,1,0,0,0,1,0,0,0,0,B,6000,11.83,0,0.12,0,2
16317,23,42000,OWN,7,1,0,0,0,1,0,0,0,0,B,4400,11.89,0,0.1,0,4
16325,21,35000,OWN,2,1,0,0,0,1,0,0,0,0,A,11000,7.88,0,0.31,0,3
16346,24,141000,OWN,8,1,0,0,0,1,0,0,0,0,A,10000,7.49,0,0.07,0,2
16353,23,140000,OWN,6,1,0,0,0,1,0,0,0,0,C,16400,15.96,0,0.12,0,2
16374,21,12000,OWN,0,1,0,0,0,1,0,0,0,0,C,4200,13.48,1,0.35,0,4
16424,22,38400,OWN,5,1,0,0,0,1,0,0,0,0,C,10000,13.99,0,0.26,0,4
16443,23,29000,OWN,,1,0,0,0,1,0,0,0,0,F,10000,18.62,1,0.34,0,4
16475,22,42000,OWN,0,1,0,0,0,1,0,0,0,0,C,12000,,0,0.29,0,3
16491,24,70000,OWN,,1,0,0,0,1,0,0,0,0,A,6000,5.42,0,0.09,0,2
16493,22,83000,OWN,6,1,0,0,0,1,0,0,0,0,D,25000,15.95,0,0.3,0,2
16595,22,24605,OWN,3,1,0,0,0,1,0,0,0,0,C,10000,,0,0.41,0,4
16598,23,28000,OWN,1,1,0,0,0,1,0,0,0,0,C,7500,,0,0.27,0,4
16631,22,24000,OWN,1,1,0,0,0,1,0,0,0,0,C,6000,12.68,0,0.25,0,4
16715,26,40000,OWN,0,1,0,0,0,1,0,0,0,0,B,15000,9.64,0,0.38,0,4
16867,25,30000,OWN,4,1,0,0,0,1,0,0,0,0,D,10000,14.61,0,0.33,0,3
16951,22,50000,OWN,1,1,0,0,0,1,0,0,0,0,A,3600,,0,0.07,0,3
17005,22,54800,OWN,7,1,0,0,0,1,0,0,0,0,A,8000,,0,0.15,0,2
17008,22,43000,OWN,7,1,0,0,0,1,0,0,0,0,A,6000,7.74,0,0.14,0,4
17012,23,48000,OWN,6,1,0,0,0,1,0,0,0,0,B,5000,10.08,0,0.1,0,3
17033,26,63400,OWN,0,1,0,0,0,1,0,0,0,0,B,20000,9.62,0,0.32,0,3
17143,22,91000,OWN,5,1,0,0,0,1,0,0,0,0,A,15000,7.88,0,0.16,0,3
17166,22,45000,OWN,6,1,0,0,0,1,0,0,0,0,A,4750,6.39,0,0.11,0,4
17204,23,46932,OWN,,1,0,0,0,1,0,0,0,0,A,7000,5.79,0,0.15,0,3
17413,24,22000,OWN,1,1,0,0,0,1,0,0,0,0,D,3000,16,0,0.14,0,2
17463,26,51600,OWN,10,1,0,0,0,1,0,0,0,0,B,15000,9.88,0,0.29,0,4
17495,23,44004,OWN,7,1,0,0,0,1,0,0,0,0,A,17000,6.62,0,0.39,0,2
17504,25,27800,OWN,,1,0,0,0,1,0,0,0,0,A,14125,6.99,0,0.51,0,2
17513,24,72000,OWN,,1,0,0,0,1,0,0,0,0,B,16000,12.42,0,0.22,0,2
17685,22,41604,OWN,1,1,0,0,0,1,0,0,0,0,B,14400,,0,0.35,0,4
17770,22,25000,OWN,1,1,0,0,0,1,0,0,0,0,A,11100,9.63,0,0.44,0,3
17805,21,20004,OWN,2,1,0,0,0,1,0,0,0,0,B,2500,9.63,0,0.12,0,3
17806,24,120000,OWN,8,1,0,0,0,1,0,0,0,0,A,5275,5.42,0,0.04,0,4
17855,30,10800,OWN,,1,0,0,0,1,0,0,0,0,B,2400,9.99,1,0.22,0,7
17909,28,12000,OWN,,1,0,0,0,1,0,0,0,0,B,3000,9.62,1,0.25,0,5
18047,31,190000,OWN,8,1,0,0,0,1,0,0,0,0,A,15000,6.03,0,0.08,0,8
18090,31,180000,OWN,15,1,0,0,0,1,0,0,0,0,B,10000,11.71,0,0.06,0,7
18164,27,15600,OWN,0,1,0,0,0,1,0,0,0,0,A,6400,7.74,1,0.41,0,9
18214,28,16800,OWN,5,1,0,0,0,1,0,0,0,0,B,5000,9.88,1,0.3,0,7
18236,31,17676,OWN,1,1,0,0,0,1,0,0,0,0,D,2500,14.74,0,0.14,0,10
18241,27,18000,OWN,4,1,0,0,0,1,0,0,0,0,A,5000,7.9,1,0.28,0,9
18333,29,20000,OWN,1,1,0,0,0,1,0,0,0,0,A,5000,5.79,0,0.25,0,7
18438,28,22000,OWN,5,1,0,0,0,1,0,0,0,0,A,8000,6.99,0,0.36,0,5
18457,29,22080,OWN,3,1,0,0,0,1,0,0,0,0,A,8000,8.59,0,0.36,0,9
18516,35,23400,OWN,12,1,0,0,0,1,0,0,0,0,D,5000,15.33,0,0.21,0,9
18540,27,24000,OWN,1,1,0,0,0,1,0,0,0,0,C,6000,,0,0.25,0,7
18551,27,24000,OWN,4,1,0,0,0,1,0,0,0,0,C,4000,12.99,0,0.17,0,6
18670,27,25000,OWN,0,1,0,0,0,1,0,0,0,0,B,5000,10.99,0,0.2,0,7
18802,28,27000,OWN,5,1,0,0,0,1,0,0,0,0,A,5600,5.42,0,0.21,0,8
18805,27,27000,OWN,0,1,0,0,0,1,0,0,0,0,G,11500,20.11,1,0.43,0,9
18837,31,27600,OWN,1,1,0,0,0,1,0,0,0,0,B,3000,11.49,0,0.11,0,9
18855,29,27852,OWN,7,1,0,0,0,1,0,0,0,0,A,11000,8.49,0,0.39,0,8
18960,32,30000,OWN,2,1,0,0,0,1,0,0,0,0,B,10000,9.91,0,0.33,0,8
19363,30,32400,OWN,,1,0,0,0,1,0,0,0,0,B,3000,10.62,0,0.09,0,9
19462,27,33600,OWN,5,1,0,0,0,1,0,0,0,0,A,5400,5.42,0,0.16,0,6
19526,27,34000,OWN,7,1,0,0,0,1,0,0,0,0,C,8000,12.53,0,0.24,0,10
19577,28,35000,OWN,5,1,0,0,0,1,0,0,0,0,A,10000,7.51,0,0.29,0,7
19608,27,35000,OWN,2,1,0,0,0,1,0,0,0,0,A,14000,7.49,0,0.4,0,8
19699,28,35004,OWN,7,1,0,0,0,1,0,0,0,0,B,4000,11.49,0,0.11,0,10
19854,27,36000,OWN,5,1,0,0,0,1,0,0,0,0,B,14400,10.62,0,0.4,0,9
19928,35,37000,OWN,1,1,0,0,0,1,0,0,0,0,A,4650,6.62,0,0.13,0,8
19930,34,37000,OWN,17,1,0,0,0,1,0,0,0,0,A,5000,7.9,0,0.14,0,10
19947,29,37000,OWN,2,1,0,0,0,1,0,0,0,0,A,2800,7.66,0,0.08,0,5
20326,31,40000,OWN,2,1,0,0,0,1,0,0,0,0,B,2200,,0,0.06,0,7
20347,28,40000,OWN,2,1,0,0,0,1,0,0,0,0,A,3600,6.99,0,0.09,0,10
20359,34,40000,OWN,2,1,0,0,0,1,0,0,0,0,B,2000,10.74,0,0.05,0,6
20613,27,42000,OWN,4,1,0,0,0,1,0,0,0,0,C,10000,14.65,0,0.24,0,7
20615,30,42000,OWN,7,1,0,0,0,1,0,0,0,0,A,1200,6.62,0,0.03,0,8
20740,29,42108,OWN,0,1,0,0,0,1,0,0,0,0,A,2500,8,0,0.06,0,5
20767,34,42994,OWN,7,1,0,0,0,1,0,0,0,0,D,7675,13.87,0,0.18,0,8
20803,27,43000,OWN,11,1,0,0,0,1,0,0,0,0,A,15000,7.51,0,0.35,0,5
20933,32,44500,OWN,3,1,0,0,0,1,0,0,0,0,A,15000,7.51,0,0.34,0,5
20940,33,44500,OWN,6,1,0,0,0,1,0,0,0,0,B,20000,,0,0.45,0,6
20949,28,44894,OWN,8,1,0,0,0,1,0,0,0,0,A,3600,7.88,0,0.08,0,6
21080,27,45000,OWN,5,1,0,0,0,1,0,0,0,0,C,15250,13.98,0,0.34,0,10
21105,29,45000,OWN,0,1,0,0,0,1,0,0,0,0,B,6800,10.62,0,0.15,0,5
21254,27,46000,OWN,0,1,0,0,0,1,0,0,0,0,A,18000,6.17,0,0.39,0,5
21453,27,48000,OWN,3,1,0,0,0,1,0,0,0,0,C,4500,13.8,0,0.09,0,8
21455,32,48000,OWN,5,1,0,0,0,1,0,0,0,0,A,3000,5.79,0,0.06,0,7
21465,32,48000,OWN,4,1,0,0,0,1,0,0,0,0,A,8000,5.79,0,0.17,0,7
21574,34,48989,OWN,10,1,0,0,0,1,0,0,0,0,A,2400,7.14,0,0.05,0,5
21590,28,49000,OWN,6,1,0,0,0,1,0,0,0,0,B,19000,10.99,0,0.39,0,7
21591,31,49000,OWN,15,1,0,0,0,1,0,0,0,0,C,14000,13.99,0,0.29,0,10
21670,32,50000,OWN,,1,0,0,0,1,0,0,0,0,A,10000,6.03,0,0.2,0,9
21673,34,50000,OWN,,1,0,0,0,1,0,0,0,0,A,10000,6.03,0,0.2,0,5
21687,28,50000,OWN,3,1,0,0,0,1,0,0,0,0,A,3200,8.49,0,0.06,0,5
21692,33,50000,OWN,5,1,0,0,0,1,0,0,0,0,A,8300,,0,0.17,0,7
21712,30,50000,OWN,3,1,0,0,0,1,0,0,0,0,A,5000,5.99,0,0.1,0,7
21773,30,50000,OWN,5,1,0,0,0,1,0,0,0,0,A,5000,7.14,0,0.1,0,7
21832,27,50000,OWN,8,1,0,0,0,1,0,0,0,0,D,4500,14.61,0,0.09,0,6
21882,27,50000,OWN,7,1,0,0,0,1,0,0,0,0,C,8800,12.29,0,0.18,0,7
21885,27,50000,OWN,9,1,0,0,0,1,0,0,0,0,A,3000,7.75,0,0.06,0,6
21886,28,50004,OWN,4,1,0,0,0,1,0,0,0,0,A,10000,7.49,0,0.2,0,5
21935,29,50400,OWN,4,1,0,0,0,1,0,0,0,0,B,9000,10.37,0,0.18,0,9
22176,28,53000,OWN,3,1,0,0,0,1,0,0,0,0,A,7475,7.9,0,0.14,0,8
22398,27,55000,OWN,3,1,0,0,0,1,0,0,0,0,C,4500,13.49,0,0.08,0,8
22485,30,55000,OWN,2,1,0,0,0,1,0,0,0,0,B,6500,10.99,0,0.12,0,9
22502,31,55000,OWN,5,1,0,0,0,1,0,0,0,0,D,15850,,0,0.29,0,7
22531,27,55200,OWN,4,1,0,0,0,1,0,0,0,0,B,4000,,0,0.07,0,10
22546,32,55600,OWN,14,1,0,0,0,1,0,0,0,0,B,8800,9.99,0,0.16,0,6
22547,27,55600,OWN,2,1,0,0,0,1,0,0,0,0,B,4200,10.37,0,0.08,0,9
22574,29,56000,OWN,5,1,0,0,0,1,0,0,0,0,A,9200,6.03,0,0.16,0,9
22666,27,57000,OWN,11,1,0,0,0,1,0,0,0,0,A,15000,6.03,0,0.26,0,6
22816,27,58000,OWN,4,1,0,0,0,1,0,0,0,0,B,4000,11.14,0,0.07,0,10
22841,29,58656,OWN,0,1,0,0,0,1,0,0,0,0,B,8000,11.14,0,0.14,0,6
22857,34,59000,OWN,18,1,0,0,0,1,0,0,0,0,A,5500,7.9,0,0.09,0,8
22916,33,60000,OWN,7,1,0,0,0,1,0,0,0,0,A,12000,6.62,0,0.2,0,10
22971,28,60000,OWN,12,1,0,0,0,1,0,0,0,0,D,7000,15.99,0,0.12,0,7
23060,28,60000,OWN,12,1,0,0,0,1,0,0,0,0,A,7000,7.66,0,0.12,0,9
23177,31,60000,OWN,0,1,0,0,0,1,0,0,0,0,B,24250,12.18,0,0.4,0,7
23346,29,62000,OWN,4,1,0,0,0,1,0,0,0,0,A,15000,6.03,0,0.24,0,7
23391,32,62000,OWN,1,1,0,0,0,1,0,0,0,0,B,15000,12.18,0,0.24,0,6
23485,33,63000,OWN,2,1,0,0,0,1,0,0,0,0,A,12800,7.88,0,0.2,0,10
23509,29,63440,OWN,7,1,0,0,0,1,0,0,0,0,A,20000,8.9,0,0.32,0,10
23680,27,65000,OWN,6,1,0,0,0,1,0,0,0,0,A,15000,6.99,0,0.23,0,5
23992,27,68400,OWN,0,1,0,0,0,1,0,0,0,0,C,5000,12.99,0,0.07,0,8
24358,31,72000,OWN,6,1,0,0,0,1,0,0,0,0,A,16000,,0,0.22,0,7
24359,27,72000,OWN,2,1,0,0,0,1,0,0,0,0,B,12000,9.99,0,0.17,0,9
24422,29,72000,OWN,1,1,0,0,0,1,0,0,0,0,C,10000,,0,0.14,0,6
24574,28,75000,OWN,11,1,0,0,0,1,0,0,0,0,B,12000,12.69,0,0.16,0,5
24635,29,75000,OWN,,1,0,0,0,1,0,0,0,0,D,5000,15.62,0,0.07,0,10
24686,30,75000,OWN,0,1,0,0,0,1,0,0,0,0,A,10000,7.88,0,0.13,0,5
24866,29,77367,OWN,12,1,0,0,0,1,0,0,0,0,A,1000,7.37,0,0.01,0,9
24869,28,77500,OWN,3,1,0,0,0,1,0,0,0,0,A,8000,8.49,0,0.1,0,7
25028,28,80000,OWN,12,1,0,0,0,1,0,0,0,0,A,8400,7.9,0,0.1,0,5
25101,27,40000,OWN,11,1,0,0,0,1,0,0,0,0,A,6400,9.32,0,0.16,0,6
25135,27,80000,OWN,11,1,0,0,0,1,0,0,0,0,B,5000,11.14,0,0.06,0,7
25223,30,81120,OWN,3,1,0,0,0,1,0,0,0,0,B,18000,10.75,0,0.22,0,10
25383,29,84000,OWN,11,1,0,0,0,1,0,0,0,0,B,15000,12.18,0,0.18,0,10
25397,31,38000,OWN,8,1,0,0,0,1,0,0,0,0,C,6600,13.47,0,0.17,0,5
25400,30,38000,OWN,0,1,0,0,0,1,0,0,0,0,B,6000,11.58,0,0.16,0,7
25602,32,36000,OWN,3,1,0,0,0,1,0,0,0,0,B,5000,10,0,0.14,0,6
25798,34,35000,OWN,2,1,0,0,0,1,0,0,0,0,C,2000,13.99,0,0.06,0,8
25867,35,91000,OWN,0,1,0,0,0,1,0,0,0,0,A,10000,8.59,0,0.11,0,9
25949,31,93000,OWN,4,1,0,0,0,1,0,0,0,0,B,10000,,0,0.11,0,6
26018,32,33600,OWN,0,1,0,0,0,1,0,0,0,0,D,8000,16.02,0,0.24,0,7
26133,28,96000,OWN,13,1,0,0,0,1,0,0,0,0,C,15000,13.47,0,0.16,0,6
26194,34,98000,OWN,19,1,0,0,0,1,0,0,0,0,B,16000,10.99,0,0.16,0,5
26266,27,31200,OWN,,1,0,0,0,1,0,0,0,0,B,6000,11.71,0,0.19,0,6
26267,28,31200,OWN,0,1,0,0,0,1,0,0,0,0,A,4350,5.99,0,0.14,0,5
26313,30,100000,OWN,0,1,0,0,0,1,0,0,0,0,A,8000,7.29,0,0.08,0,8
26467,31,102672,OWN,,1,0,0,0,1,0,0,0,0,A,10000,7.9,0,0.1,0,10
26493,27,104000,OWN,10,1,0,0,0,1,0,0,0,0,B,35000,,0,0.34,0,10
26723,32,110000,OWN,16,1,0,0,0,1,0,0,0,0,B,9000,11.48,0,0.08,0,10
26919,27,119000,OWN,5,1,0,0,0,1,0,0,0,0,A,5000,7.51,0,0.04,0,5
26961,34,25800,OWN,18,1,0,0,0,1,0,0,0,0,A,10000,8.94,0,0.39,0,9
27019,33,120000,OWN,1,1,0,0,0,1,0,0,0,0,A,6000,7.14,0,0.05,0,10
27044,29,120000,OWN,3,1,0,0,0,1,0,0,0,0,A,7500,7.74,0,0.06,0,8
27217,32,24000,OWN,5,1,0,0,0,1,0,0,0,0,B,2850,11.83,0,0.12,0,7
27220,31,24000,OWN,0,1,0,0,0,1,0,0,0,0,B,6200,11.14,0,0.26,0,8
27295,28,130000,OWN,10,1,0,0,0,1,0,0,0,0,B,24000,11.83,0,0.18,0,10
27401,28,21084,OWN,,1,0,0,0,1,0,0,0,0,A,7750,7.51,0,0.37,0,9
27415,28,140000,OWN,1,1,0,0,0,1,0,0,0,0,B,17600,12.42,0,0.13,0,6
27425,33,21000,OWN,1,1,0,0,0,1,0,0,0,0,B,7750,11.83,0,0.37,0,6
27454,34,140000,OWN,13,1,0,0,0,1,0,0,0,0,A,4000,7.88,0,0.03,0,7
27480,29,142000,OWN,14,1,0,0,0,1,0,0,0,0,B,24250,11.48,0,0.17,0,7
27599,27,150000,OWN,0,1,0,0,0,1,0,0,0,0,A,10000,8.59,0,0.07,0,6
27657,29,158000,OWN,13,1,0,0,0,1,0,0,0,0,A,11000,8.49,0,0.07,0,6
27658,35,158000,OWN,14,1,0,0,0,1,0,0,0,0,B,10000,9.63,0,0.06,0,10
27772,29,200000,OWN,13,1,0,0,0,1,0,0,0,0,B,23000,12.18,0,0.12,0,9
27783,32,204000,OWN,16,1,0,0,0,1,0,0,0,0,B,25000,11.12,0,0.12,0,5
28073,27,51996,OWN,8,1,0,0,0,1,0,0,0,0,D,9600,14.09,0,0.18,0,10
28203,27,34000,OWN,1,1,0,0,0,1,0,0,0,0,B,16750,10.59,0,0.49,0,6
28316,29,74360,OWN,7,1,0,0,0,1,0,0,0,0,A,8725,5.99,0,0.12,0,5
28401,27,63000,OWN,2,1,0,0,0,1,0,0,0,0,A,9500,8.07,0,0.15,0,8
28564,32,65000,OWN,3,1,0,0,0,1,0,0,0,0,C,12000,13.35,0,0.18,0,10
28843,30,60000,OWN,11,1,0,0,0,1,0,0,0,0,A,20000,6.17,0,0.33,0,9
28854,27,150000,OWN,0,1,0,0,0,1,0,0,0,0,A,10000,8.59,0,0.07,0,9
28978,28,48000,OWN,1,1,0,0,0,1,0,0,0,0,D,12000,14.54,0,0.25,0,7
29310,43,20000,OWN,15,1,0,0,0,1,0,0,0,0,A,5000,7.14,0,0.25,0,15
29510,37,30000,OWN,13,1,0,0,0,1,0,0,0,0,D,4800,16.29,0,0.16,0,11
29548,47,30000,OWN,1,1,0,0,0,1,0,0,0,0,C,8000,,0,0.27,0,17
29893,46,40452,OWN,4,1,0,0,0,1,0,0,0,0,B,4000,11.71,0,0.1,0,17
29937,38,42000,OWN,2,1,0,0,0,1,0,0,0,0,B,5600,9.99,0,0.13,0,14
30079,37,45000,OWN,11,1,0,0,0,1,0,0,0,0,B,12000,12.21,0,0.27,0,12
30326,39,51000,OWN,12,1,0,0,0,1,0,0,0,0,C,12000,11.34,0,0.24,0,17
30524,36,57600,OWN,,1,0,0,0,1,0,0,0,0,A,4000,,0,0.07,0,15
30746,38,63500,OWN,3,1,0,0,0,1,0,0,0,0,B,2400,11.36,0,0.04,0,12
30769,42,65000,OWN,6,1,0,0,0,1,0,0,0,0,A,22750,8.9,0,0.35,0,12
30867,43,68000,OWN,9,1,0,0,0,1,0,0,0,0,A,5000,6.99,0,0.07,0,15
31160,40,40000,OWN,2,1,0,0,0,1,0,0,0,0,E,10000,,0,0.25,0,16
31226,38,81000,OWN,4,1,0,0,0,1,0,0,0,0,B,7000,9.99,0,0.09,0,11
31263,39,84000,OWN,12,1,0,0,0,1,0,0,0,0,A,9875,7.51,0,0.12,0,15
31293,36,85000,OWN,2,1,0,0,0,1,0,0,0,0,D,8000,14.96,0,0.09,0,14
31308,44,36000,OWN,5,1,0,0,0,1,0,0,0,0,D,4000,16.29,0,0.11,0,11
31482,36,32000,OWN,0,1,0,0,0,1,0,0,0,0,A,1200,7.14,0,0.04,0,16
31539,41,102000,OWN,5,1,0,0,0,1,0,0,0,0,A,7000,6.92,0,0.07,0,12
31608,41,28000,OWN,9,1,0,0,0,1,0,0,0,0,A,2000,7.74,0,0.07,0,16
31741,37,22800,OWN,18,1,0,0,0,1,0,0,0,0,A,7000,6.03,0,0.31,0,15
31946,37,32400,OWN,0,1,0,0,0,1,0,0,0,0,D,8000,15.99,0,0.25,0,12
32027,37,22800,OWN,18,1,0,0,0,1,0,0,0,0,A,7000,6.03,0,0.31,0,12
32136,46,336000,OWN,11,1,0,0,0,1,0,0,0,0,B,9000,11.49,0,0.03,0,14
32286,38,12000,OWN,,1,0,0,0,1,0,0,0,0,A,4800,7.29,1,0.4,0,12
7,26,77100,RENT,8,0,0,1,0,1,0,0,0,0,B,35000,12.42,1,0.45,0,3
14,26,108160,RENT,4,0,0,1,0,1,0,0,0,0,E,35000,18.39,1,0.32,0,4
15,23,115000,RENT,2,0,0,1,0,1,0,0,0,0,A,35000,7.9,0,0.3,0,4
17,23,120000,RENT,0,0,0,1,0,1,0,0,0,0,A,35000,7.9,0,0.29,0,4
23,22,65000,RENT,4,0,0,1,0,1,0,0,0,0,D,34000,17.58,1,0.52,0,4
37,22,48000,RENT,1,0,0,1,0,1,0,0,0,0,E,30000,18.39,1,0.63,0,2
55,25,120000,RENT,9,0,0,1,0,1,0,0,0,0,A,30000,7.9,0,0.25,0,4
65,22,70000,RENT,6,0,0,1,0,1,0,0,0,0,D,29100,15.99,1,0.42,0,3
74,23,65000,RENT,2,0,0,1,0,1,0,0,0,0,A,28000,7.9,1,0.43,0,2
84,26,110000,RENT,10,0,0,1,0,1,0,0,0,0,A,28000,8.9,0,0.25,0,2
86,22,108000,RENT,6,0,0,1,0,1,0,0,0,0,B,28000,,1,0.26,0,4
96,23,120000,RENT,1,0,0,1,0,1,0,0,0,0,B,25600,12.69,0,0.21,0,3
105,23,83000,RENT,7,0,0,1,0,1,0,0,0,0,B,25300,10.99,1,0.3,0,3
119,26,48000,RENT,2,0,0,1,0,1,0,0,0,0,B,25000,9.64,1,0.52,0,4
123,21,49000,RENT,4,0,0,1,0,1,0,0,0,0,B,25000,10.99,1,0.51,0,2
125,26,225000,RENT,1,0,0,1,0,1,0,0,0,0,A,3000,9.32,0,0.01,0,4
135,22,52000,RENT,2,0,0,1,0,1,0,0,0,0,B,25000,11.11,1,0.48,0,4
153,22,54996,RENT,6,0,0,1,0,1,0,0,0,0,B,25000,,1,0.45,0,4
155,23,55000,RENT,4,0,0,1,0,1,0,0,0,0,B,25000,11.36,1,0.45,0,3
172,21,60000,RENT,6,0,0,1,0,1,0,0,0,0,B,25000,10.99,1,0.42,0,4
180,24,200000,RENT,8,0,0,1,0,1,0,0,0,0,A,10000,8.49,0,0.05,0,4
181,24,66000,RENT,3,0,0,1,0,1,0,0,0,0,B,25000,9.91,1,0.38,0,2
185,25,200000,RENT,5,0,0,1,0,1,0,0,0,0,D,18000,16.32,0,0.09,0,3
192,23,67000,RENT,3,0,0,1,0,1,0,0,0,0,A,25000,7.9,1,0.37,0,4
199,25,69996,RENT,9,0,0,1,0,1,0,0,0,0,D,25000,15.21,1,0.36,0,3
201,24,70000,RENT,3,0,0,1,0,1,0,0,0,0,B,25000,11.86,1,0.36,0,4
215,24,75000,RENT,4,0,0,1,0,1,0,0,0,0,B,25000,10.25,1,0.33,0,4
229,24,79632,RENT,0,0,0,1,0,1,0,0,0,0,C,25000,13.35,1,0.31,0,4
231,24,80000,RENT,6,0,0,1,0,1,0,0,0,0,A,25000,6.62,1,0.31,0,2
246,24,83000,RENT,5,0,0,1,0,1,0,0,0,0,B,25000,11.12,0,0.3,0,3
322,24,120000,RENT,8,0,0,1,0,1,0,0,0,0,B,25000,10.65,0,0.21,0,4
324,23,120000,RENT,7,0,0,1,0,1,0,0,0,0,B,25000,9.99,0,0.21,0,2
335,23,168600,RENT,3,0,0,1,0,1,0,0,0,0,B,20000,11.58,0,0.12,0,3
343,25,135000,RENT,5,0,0,1,0,1,0,0,0,0,B,25000,11.36,0,0.19,0,4
345,25,145000,RENT,0,0,0,1,0,1,0,0,0,0,B,25000,9.99,0,0.17,0,4
346,23,150000,RENT,4,0,0,1,0,1,0,0,0,0,B,25000,10.36,0,0.17,0,3
379,23,62500,RENT,1,0,0,1,0,1,0,0,0,0,B,24250,10.62,1,0.39,0,4
400,23,144000,RENT,0,0,0,1,0,1,0,0,0,0,B,24250,11.83,0,0.17,0,3
401,23,287000,RENT,3,0,0,1,0,1,0,0,0,0,B,24250,12.53,0,0.08,0,3
418,22,62400,RENT,3,0,0,1,0,1,0,0,0,0,D,24000,14.84,1,0.38,0,2
424,25,66143,RENT,9,0,0,1,0,1,0,0,0,0,A,24000,6.99,1,0.36,0,3
426,24,70000,RENT,8,0,0,1,0,1,0,0,0,0,B,24000,10.99,1,0.34,0,4
429,22,75000,RENT,6,0,0,1,0,1,0,0,0,0,B,24000,12.69,1,0.32,0,4
440,25,95000,RENT,4,0,0,1,0,1,0,0,0,0,A,24000,8.9,0,0.25,0,2
450,22,120000,RENT,4,0,0,1,0,1,0,0,0,0,B,24000,9.91,0,0.2,0,4
452,26,108000,RENT,9,0,0,1,0,1,0,0,0,0,G,24000,20.16,1,0.22,0,3
459,23,150000,RENT,0,0,0,1,0,1,0,0,0,0,A,24000,7.49,0,0.16,0,4
464,26,148000,RENT,1,0,0,1,0,1,0,0,0,0,F,24000,18.3,1,0.16,0,2
479,25,56544,RENT,3,0,0,1,0,1,0,0,0,0,B,23000,,1,0.41,0,2
482,25,63208,RENT,9,0,0,1,0,1,0,0,0,0,B,23000,9.91,1,0.36,0,3
484,23,68000,RENT,7,0,0,1,0,1,0,0,0,0,B,23000,9.62,1,0.34,0,2
498,22,57000,RENT,6,0,0,1,0,1,0,0,0,0,B,22000,9.63,1,0.39,0,3
504,22,70000,RENT,3,0,0,1,0,1,0,0,0,0,B,22000,11.36,1,0.31,0,4
505,22,66000,RENT,1,0,0,1,0,1,0,0,0,0,F,22000,,1,0.33,0,2
507,24,76597,RENT,5,0,0,1,0,1,0,0,0,0,B,22000,9.25,0,0.29,0,2
517,25,82000,RENT,1,0,0,1,0,1,0,0,0,0,E,22000,17.51,1,0.27,0,2
535,25,60000,RENT,5,0,0,1,0,1,0,0,0,0,A,21450,7.29,1,0.36,0,4
555,22,75000,RENT,2,0,0,1,0,1,0,0,0,0,B,21000,10,0,0.28,0,3
562,22,93000,RENT,1,0,0,1,0,1,0,0,0,0,B,21000,9.91,0,0.23,0,3
564,26,97000,RENT,1,0,0,1,0,1,0,0,0,0,A,21000,7.9,0,0.22,0,3
576,123,80004,RENT,2,0,0,1,0,1,0,0,0,0,B,20400,10.25,0,0.25,0,3
578,26,26000,RENT,10,0,0,1,0,1,0,0,0,0,B,20050,9.76,1,0.77,0,2
588,23,32900,RENT,1,0,0,1,0,1,0,0,0,0,D,20000,16,1,0.61,0,2
593,25,42000,RENT,2,0,0,1,0,1,0,0,0,0,C,20000,13.47,1,0.48,0,4
599,22,45000,RENT,0,0,0,1,0,1,0,0,0,0,A,20000,7.9,1,0.44,0,4
605,24,46500,RENT,5,0,0,1,0,1,0,0,0,0,B,20000,10.62,1,0.43,0,2
610,23,49400,RENT,0,0,0,1,0,1,0,0,0,0,A,20000,6.54,1,0.4,0,4
613,25,50000,RENT,9,0,0,1,0,1,0,0,0,0,C,20000,13.43,1,0.4,0,2
616,22,44000,RENT,2,0,0,1,0,1,0,0,0,0,E,20000,15.68,1,0.45,0,4
620,22,51000,RENT,5,0,0,1,0,1,0,0,0,0,B,20000,12.53,1,0.39,0,3
621,22,51000,RENT,0,0,0,1,0,1,0,0,0,0,C,20000,13.47,1,0.39,0,2
624,25,52000,RENT,1,0,0,1,0,1,0,0,0,0,B,20000,11.36,1,0.38,0,4
631,22,54000,RENT,2,0,0,1,0,1,0,0,0,0,B,20000,9.91,1,0.37,0,4
636,26,54996,RENT,8,0,0,1,0,1,0,0,0,0,B,20000,12.18,1,0.36,0,4
645,23,57000,RENT,3,0,0,1,0,1,0,0,0,0,D,20000,16.89,1,0.35,0,2
663,22,60000,RENT,4,0,0,1,0,1,0,0,0,0,A,20000,7.88,1,0.33,0,3
664,25,60000,RENT,2,0,0,1,0,1,0,0,0,0,B,20000,,1,0.33,0,2
667,25,60000,RENT,9,0,0,1,0,1,0,0,0,0,B,20000,,1,0.33,0,3
670,23,60000,RENT,3,0,0,1,0,1,0,0,0,0,B,20000,12.21,1,0.33,0,2
695,23,59000,RENT,7,0,0,1,0,1,0,0,0,0,C,20000,12.29,1,0.34,0,4
701,22,66996,RENT,3,0,0,1,0,1,0,0,0,0,B,20000,12.18,0,0.3,0,2
704,26,68000,RENT,10,0,0,1,0,1,0,0,0,0,B,20000,10.75,0,0.29,0,4
713,23,71004,RENT,8,0,0,1,0,1,0,0,0,0,D,20000,14.09,0,0.28,0,3
727,26,75000,RENT,3,0,0,1,0,1,0,0,0,0,A,20000,,0,0.27,0,3
759,25,80000,RENT,7,0,0,1,0,1,0,0,0,0,B,20000,8.88,0,0.25,0,4
773,24,83500,RENT,1,0,0,1,0,1,0,0,0,0,C,20000,13.48,0,0.24,0,3
776,25,84000,RENT,9,0,0,1,0,1,0,0,0,0,C,20000,13.92,0,0.24,0,2
796,25,91229,RENT,2,0,0,1,0,1,0,0,0,0,C,20000,14.35,0,0.22,0,3
808,23,95000,RENT,2,0,0,1,0,1,0,0,0,0,B,20000,10.99,0,0.21,0,2
814,22,98000,RENT,2,0,0,1,0,1,0,0,0,0,B,20000,11.83,0,0.2,0,4
816,23,99000,RENT,7,0,0,1,0,1,0,0,0,0,D,20000,15.28,0,0.2,0,4
836,23,110000,RENT,3,0,0,1,0,1,0,0,0,0,B,20000,12.42,0,0.18,0,3
837,22,110000,RENT,7,0,0,1,0,1,0,0,0,0,C,20000,14.17,0,0.18,0,3
858,25,140000,RENT,9,0,0,1,0,1,0,0,0,0,A,20000,6.54,0,0.14,0,4
874,21,19000,RENT,0,0,0,1,0,1,0,0,0,0,C,700,12.29,0,0.04,0,2
886,25,12000,RENT,0,0,0,1,0,1,0,0,0,0,B,1000,10.65,0,0.08,0,2
887,21,12000,RENT,1,0,0,1,0,1,0,0,0,0,C,1000,13.98,0,0.08,0,2
900,24,19200,RENT,2,0,0,1,0,1,0,0,0,0,B,1000,12.53,0,0.05,0,4
901,23,39600,RENT,5,0,0,1,0,1,0,0,0,0,B,19000,10.62,1,0.48,0,2
928,21,36000,RENT,3,0,0,1,0,1,0,0,0,0,C,18500,10.91,1,0.51,0,3
931,23,74196,RENT,2,0,0,1,0,1,0,0,0,0,B,18500,11.26,0,0.25,0,3
932,25,75000,RENT,0,0,0,1,0,1,0,0,0,0,A,18500,7.49,0,0.25,0,3
962,24,55000,RENT,4,0,0,1,0,1,0,0,0,0,B,18200,10.99,1,0.33,0,2
968,23,39996,RENT,2,0,0,1,0,1,0,0,0,0,B,18000,9.25,1,0.45,0,4
980,22,48000,RENT,5,0,0,1,0,1,0,0,0,0,B,18000,,1,0.38,0,2
988,26,50000,RENT,5,0,0,1,0,1,0,0,0,0,C,18000,13.11,1,0.36,0,3
991,22,52000,RENT,6,0,0,1,0,1,0,0,0,0,C,18000,,1,0.35,0,4
999,25,55000,RENT,2,0,0,1,0,1,0,0,0,0,C,18000,12.84,1,0.33,0,2
1002,24,56000,RENT,2,0,0,1,0,1,0,0,0,0,C,18000,13.48,1,0.32,0,3
1003,21,50000,RENT,2,0,0,1,0,1,0,0,0,0,D,18000,14.74,1,0.36,0,2
1007,22,60000,RENT,3,0,0,1,0,1,0,0,0,0,D,18000,16.32,0,0.3,0,4
1008,22,60000,RENT,0,0,0,1,0,1,0,0,0,0,B,18000,9.33,0,0.3,0,3
1015,23,63000,RENT,1,0,0,1,0,1,0,0,0,0,B,18000,10.99,0,0.29,0,3
1023,25,66000,RENT,9,0,0,1,0,1,0,0,0,0,B,18000,10.25,0,0.27,0,3
1024,21,68000,RENT,4,0,0,1,0,1,0,0,0,0,B,18000,10.65,0,0.26,0,2
1027,25,70200,RENT,9,0,0,1,0,1,0,0,0,0,E,18000,16.45,0,0.26,0,2
1033,23,73500,RENT,7,0,0,1,0,1,0,0,0,0,A,18000,,0,0.24,0,2
1037,23,75576,RENT,7,0,0,1,0,1,0,0,0,0,B,18000,9.88,0,0.24,0,3
1039,26,78000,RENT,6,0,0,1,0,1,0,0,0,0,C,18000,13.49,0,0.23,0,2
1042,22,80000,RENT,1,0,0,1,0,1,0,0,0,0,B,18000,10.99,0,0.23,0,4
1054,25,85000,RENT,0,0,0,1,0,1,0,0,0,0,B,18000,11.71,0,0.21,0,4
1056,23,87000,RENT,2,0,0,1,0,1,0,0,0,0,B,18000,11.89,0,0.21,0,2
1057,23,88000,RENT,1,0,0,1,0,1,0,0,0,0,C,18000,13.16,0,0.2,0,4
1069,24,155000,RENT,8,0,0,1,0,1,0,0,0,0,B,18000,10.62,0,0.12,0,4
1071,21,75000,RENT,3,0,0,1,0,1,0,0,0,0,C,17950,10.91,0,0.24,0,3
1083,22,65500,RENT,4,0,0,1,0,1,0,0,0,0,B,17600,10.74,0,0.27,0,2
1097,25,44000,RENT,6,0,0,1,0,1,0,0,0,0,B,17500,12.53,1,0.4,0,4
1102,24,54996,RENT,7,0,0,1,0,1,0,0,0,0,E,17500,17.19,1,0.32,0,3
1104,23,59000,RENT,1,0,0,1,0,1,0,0,0,0,B,17500,9.25,0,0.3,0,4
1110,23,40000,RENT,2,0,0,1,0,1,0,0,0,0,B,17475,9.91,1,0.44,0,2
1113,22,58000,RENT,0,0,0,1,0,1,0,0,0,0,A,17475,7.51,0,0.3,0,3
1116,24,133000,RENT,5,0,0,1,0,1,0,0,0,0,B,17400,11.71,0,0.13,0,4
1118,23,35000,RENT,6,0,0,1,0,1,0,0,0,0,B,17000,10.37,1,0.49,0,2
1127,25,49896,RENT,7,0,0,1,0,1,0,0,0,0,E,17000,16.82,1,0.34,0,3
1150,24,75000,RENT,8,0,0,1,0,1,0,0,0,0,B,17000,9.33,0,0.23,0,3
1156,23,90000,RENT,7,0,0,1,0,1,0,0,0,0,B,17000,10.59,0,0.19,0,3
1157,26,95000,RENT,10,0,0,1,0,1,0,0,0,0,B,17000,11.49,0,0.18,0,3
1159,25,114000,RENT,3,0,0,1,0,1,0,0,0,0,B,17000,10.37,0,0.15,0,3
1170,24,60000,RENT,8,0,0,1,0,1,0,0,0,0,A,16800,6.54,0,0.28,0,2
1191,23,54996,RENT,4,0,0,1,0,1,0,0,0,0,B,16700,10.37,0,0.3,0,3
1213,23,30000,RENT,1,0,0,1,0,1,0,0,0,0,C,16000,13.23,1,0.53,0,2
1215,26,35000,RENT,2,0,0,1,0,1,0,0,0,0,A,16000,6.03,1,0.46,0,4
1227,25,40000,RENT,3,0,0,1,0,1,0,0,0,0,B,16000,11.71,1,0.4,0,4
1229,22,40000,RENT,1,0,0,1,0,1,0,0,0,0,B,16000,8.88,1,0.4,0,3
1230,21,40000,RENT,0,0,0,1,0,1,0,0,0,0,B,16000,11.83,1,0.4,0,4
1231,22,34000,RENT,0,0,0,1,0,1,0,0,0,0,D,16000,13.24,1,0.47,0,3
1240,23,44000,RENT,7,0,0,1,0,1,0,0,0,0,A,16000,8.49,1,0.36,0,4
1257,23,48000,RENT,2,0,0,1,0,1,0,0,0,0,B,16000,10,1,0.33,0,4
1265,22,44000,RENT,1,0,0,1,0,1,0,0,0,0,E,16000,16.35,1,0.36,0,3
1269,22,53000,RENT,2,0,0,1,0,1,0,0,0,0,A,16000,7.9,0,0.3,0,4
1278,25,52000,RENT,9,0,0,1,0,1,0,0,0,0,C,16000,13.98,1,0.31,0,3
1297,22,64800,RENT,1,0,0,1,0,1,0,0,0,0,B,16000,10.37,0,0.25,0,4
1312,23,63000,RENT,0,0,0,1,0,1,0,0,0,0,D,16000,14.42,1,0.25,0,3
1336,21,24960,RENT,0,0,0,1,0,1,0,0,0,0,C,1000,13.98,0,0.04,0,4
1347,23,28600,RENT,7,0,0,1,0,1,0,0,0,0,A,1000,7.9,0,0.03,0,3
1351,24,30000,RENT,0,0,0,1,0,1,0,0,0,0,A,1000,7.51,0,0.03,0,2
1352,21,30000,RENT,0,0,0,1,0,1,0,0,0,0,B,1000,10.99,0,0.03,0,4
1357,26,30000,RENT,2,0,0,1,0,1,0,0,0,0,A,1000,9.63,0,0.03,0,3
1364,21,33388,RENT,3,0,0,1,0,1,0,0,0,0,B,1000,10.99,0,0.03,0,2
1375,26,29000,RENT,1,0,0,1,0,1,0,0,0,0,C,1000,11.28,1,0.03,0,3
1379,23,36000,RENT,3,0,0,1,0,1,0,0,0,0,B,1000,10.99,0,0.03,0,2
1381,22,36000,RENT,1,0,0,1,0,1,0,0,0,0,A,1000,8.59,0,0.03,0,4
1387,24,32000,RENT,2,0,0,1,0,1,0,0,0,0,C,1000,13.06,1,0.03,0,3
1388,23,38400,RENT,6,0,0,1,0,1,0,0,0,0,B,1000,,0,0.03,0,3
1392,24,39996,RENT,2,0,0,1,0,1,0,0,0,0,A,1000,7.49,0,0.03,0,3
1394,23,40000,RENT,2,0,0,1,0,1,0,0,0,0,A,1000,6.03,0,0.03,0,2
1399,24,40000,RENT,4,0,0,1,0,1,0,0,0,0,A,1000,6.76,0,0.03,0,4
1404,23,43000,RENT,7,0,0,1,0,1,0,0,0,0,A,1000,7.51,0,0.02,0,3
1407,24,45000,RENT,5,0,0,1,0,1,0,0,0,0,A,1000,7.4,0,0.02,0,3
1410,22,48000,RENT,0,0,0,1,0,1,0,0,0,0,A,1000,7.29,0,0.02,0,2
1412,25,49000,RENT,3,0,0,1,0,1,0,0,0,0,A,1000,7.66,0,0.02,0,3
1413,21,50000,RENT,5,0,0,1,0,1,0,0,0,0,C,1000,13.49,0,0.02,0,3
1419,22,56000,RENT,6,0,0,1,0,1,0,0,0,0,B,1000,11.49,0,0.02,0,2
1420,22,58000,RENT,6,0,0,1,0,1,0,0,0,0,B,1000,11.26,0,0.02,0,3
1425,22,72000,RENT,3,0,0,1,0,1,0,0,0,0,A,1000,7.88,0,0.01,0,3
1433,23,14400,RENT,0,0,0,1,0,1,0,0,0,0,B,1100,11.99,0,0.08,0,4
1438,23,11000,RENT,,0,0,1,0,1,0,0,0,0,A,1200,6.91,0,0.11,0,3
1447,21,16200,RENT,3,0,0,1,0,1,0,0,0,0,A,1200,7.49,0,0.07,0,3
1449,24,18000,RENT,0,0,0,1,0,1,0,0,0,0,B,1200,11.89,0,0.07,0,4
1451,23,20400,RENT,4,0,0,1,0,1,0,0,0,0,D,1200,18.25,1,0.06,0,4
1462,21,30000,RENT,2,0,0,1,0,1,0,0,0,0,B,1200,9.62,0,0.04,0,3
1467,23,31500,RENT,7,0,0,1,0,1,0,0,0,0,B,1200,8.88,0,0.04,0,2
1471,23,33000,RENT,3,0,0,1,0,1,0,0,0,0,A,1200,8.32,0,0.04,0,2
1478,24,36000,RENT,5,0,0,1,0,1,0,0,0,0,B,1200,11.49,0,0.03,0,2
1489,25,48000,RENT,4,0,0,1,0,1,0,0,0,0,C,1200,12.68,0,0.03,0,4
1493,23,58000,RENT,4,0,0,1,0,1,0,0,0,0,C,1200,15.23,0,0.02,0,4
1499,24,9600,RENT,3,0,0,1,0,1,0,0,0,0,C,1300,12.73,1,0.14,0,2
1534,23,42000,RENT,7,0,0,1,0,1,0,0,0,0,B,1400,10,1,0.03,0,4
1545,22,101000,RENT,0,0,0,1,0,1,0,0,0,0,A,1475,5.79,0,0.01,0,3
1551,22,28500,RENT,1,0,0,1,0,1,0,0,0,0,B,1500,,0,0.05,0,4
1554,24,28596,RENT,5,0,0,1,0,1,0,0,0,0,B,1500,11.46,0,0.05,0,4
1579,23,33996,RENT,1,0,0,1,0,1,0,0,0,0,A,1500,6.99,0,0.04,0,4
1581,21,35000,RENT,3,0,0,1,0,1,0,0,0,0,A,1500,5.79,0,0.04,0,2
1585,24,35000,RENT,9,0,0,1,0,1,0,0,0,0,A,1500,,0,0.04,0,3
1587,24,36000,RENT,2,0,0,1,0,1,0,0,0,0,C,1500,15.23,0,0.04,0,2
1590,21,36000,RENT,0,0,0,1,0,1,0,0,0,0,B,1500,10.37,0,0.04,0,4
1604,21,40000,RENT,5,0,0,1,0,1,0,0,0,0,B,1500,12.18,0,0.04,0,4
1609,21,41004,RENT,5,0,0,1,0,1,0,0,0,0,B,1500,,0,0.04,0,3
1610,21,42000,RENT,5,0,0,1,0,1,0,0,0,0,A,1500,5.79,0,0.04,0,3
1613,25,42769,RENT,3,0,0,1,0,1,0,0,0,0,A,1500,7.49,0,0.04,0,3
1615,23,44400,RENT,0,0,0,1,0,1,0,0,0,0,B,1500,11.63,0,0.03,0,2
1617,24,39000,RENT,3,0,0,1,0,1,0,0,0,0,A,1500,8.49,1,0.04,0,3
1619,23,45000,RENT,0,0,0,1,0,1,0,0,0,0,A,1500,7.51,0,0.03,0,4
1632,21,52000,RENT,5,0,0,1,0,1,0,0,0,0,B,1500,11.99,0,0.03,0,3
1645,22,58000,RENT,6,0,0,1,0,1,0,0,0,0,A,1500,5.42,0,0.03,0,2
1649,22,71000,RENT,6,0,0,1,0,1,0,0,0,0,A,1500,6.99,0,0.02,0,3
1657,21,12000,RENT,3,0,0,1,0,1,0,0,0,0,B,1600,10.59,1,0.13,0,2
1660,21,15360,RENT,0,0,0,1,0,1,0,0,0,0,B,1600,12.69,0,0.1,0,2
1664,22,20000,RENT,7,0,0,1,0,1,0,0,0,0,A,1675,7.74,0,0.08,0,3
1677,21,9600,RENT,0,0,0,1,0,1,0,0,0,0,A,1750,8.94,1,0.18,0,2
1690,23,22800,RENT,5,0,0,1,0,1,0,0,0,0,A,1775,6.99,0,0.08,0,4
1691,21,40000,RENT,0,0,0,1,0,1,0,0,0,0,A,1775,6.54,0,0.04,0,3
1728,22,71004,RENT,6,0,0,1,0,1,0,0,0,0,B,1800,11.12,0,0.03,0,4
1737,24,35000,RENT,4,0,0,1,0,1,0,0,0,0,A,1850,7.12,0,0.05,0,2
1744,25,42000,RENT,4,0,0,1,0,1,0,0,0,0,A,1925,6.17,0,0.05,0,4
1752,23,12000,RENT,0,0,0,1,0,1,0,0,0,0,A,2000,7.74,1,0.17,0,4
1770,23,18000,RENT,2,0,0,1,0,1,0,0,0,0,C,2000,14.79,0,0.11,0,3
1771,21,18000,RENT,1,0,0,1,0,1,0,0,0,0,A,2000,5.42,0,0.11,0,3
1772,26,18000,RENT,2,0,0,1,0,1,0,0,0,0,D,2000,13.3,1,0.11,0,2
1776,23,19200,RENT,2,0,0,1,0,1,0,0,0,0,B,2000,10.59,0,0.1,0,4
1780,26,20004,RENT,2,0,0,1,0,1,0,0,0,0,A,2000,8.59,1,0.1,0,3
1790,23,22004,RENT,8,0,0,1,0,1,0,0,0,0,B,2000,10.39,0,0.09,0,3
1806,21,24000,RENT,5,0,0,1,0,1,0,0,0,0,B,2000,11.14,0,0.08,0,4
1810,22,24432,RENT,0,0,0,1,0,1,0,0,0,0,B,2000,11.36,0,0.08,0,4
1815,21,25500,RENT,6,0,0,1,0,1,0,0,0,0,C,2000,13.47,0,0.08,0,2
1823,26,30000,RENT,2,0,0,1,0,1,0,0,0,0,B,2000,11.71,1,0.07,0,2
1825,21,30000,RENT,5,0,0,1,0,1,0,0,0,0,C,2000,13.43,0,0.07,0,4
1833,23,95000,RENT,6,0,0,1,0,1,0,0,0,0,B,15000,9.88,0,0.16,0,4
1839,25,96000,RENT,2,0,0,1,0,1,0,0,0,0,B,15000,8.88,0,0.16,0,2
1842,25,97440,RENT,9,0,0,1,0,1,0,0,0,0,A,15000,7.49,0,0.15,0,4
1847,26,100000,RENT,5,0,0,1,0,1,0,0,0,0,A,15000,6.99,0,0.15,0,2
1858,25,108820,RENT,4,0,0,1,0,1,0,0,0,0,B,15000,9.63,0,0.14,0,3
1859,24,109000,RENT,3,0,0,1,0,1,0,0,0,0,B,15000,10.65,0,0.14,0,3
1860,23,110000,RENT,7,0,0,1,0,1,0,0,0,0,B,15000,12.18,0,0.14,0,2
1867,24,122000,RENT,4,0,0,1,0,1,0,0,0,0,B,15000,11.58,0,0.12,0,3
1871,23,125000,RENT,7,0,0,1,0,1,0,0,0,0,C,15000,12.99,0,0.12,0,4
1872,26,118000,RENT,1,0,0,1,0,1,0,0,0,0,D,15000,17.58,1,0.13,0,4
1880,24,200004,RENT,5,0,0,1,0,1,0,0,0,0,B,15000,10.59,0,0.07,0,4
1883,25,165000,RENT,3,0,0,1,0,1,0,0,0,0,A,14950,6.62,0,0.09,0,3
1900,24,32000,RENT,2,0,0,1,0,1,0,0,0,0,B,2000,10.59,1,0.06,0,3
1903,22,32000,RENT,2,0,0,1,0,1,0,0,0,0,B,2000,12.53,1,0.06,0,2
1904,24,32640,RENT,5,0,0,1,0,1,0,0,0,0,B,2000,10,1,0.06,0,2
1906,23,33000,RENT,1,0,0,1,0,1,0,0,0,0,A,2000,6.03,0,0.06,0,4
1911,21,40000,RENT,2,0,0,1,0,1,0,0,0,0,C,2000,14.72,0,0.05,0,3
1913,25,50450,RENT,3,0,0,1,0,1,0,0,0,0,B,2000,9.88,0,0.04,0,3
1916,23,55000,RENT,2,0,0,1,0,1,0,0,0,0,A,2000,7.49,0,0.04,0,3
1918,24,56496,RENT,5,0,0,1,0,1,0,0,0,0,A,2000,9.32,0,0.04,0,3
1923,22,60000,RENT,6,0,0,1,0,1,0,0,0,0,B,2000,9.63,0,0.03,0,2
1927,24,62000,RENT,4,0,0,1,0,1,0,0,0,0,C,2000,13.49,0,0.03,0,3
1928,22,62000,RENT,4,0,0,1,0,1,0,0,0,0,C,2000,15.27,0,0.03,0,2
1934,26,67000,RENT,6,0,0,1,0,1,0,0,0,0,C,2000,,0,0.03,0,4
1943,22,75000,RENT,6,0,0,1,0,1,0,0,0,0,C,2000,13.43,0,0.03,0,3
1946,24,76248,RENT,8,0,0,1,0,1,0,0,0,0,B,2000,,0,0.03,0,3
1959,26,108000,RENT,5,0,0,1,0,1,0,0,0,0,D,2000,16.29,0,0.02,0,4
1988,23,87000,RENT,4,0,0,1,0,1,0,0,0,0,C,2100,,0,0.02,0,2
2004,22,32000,RENT,7,0,0,1,0,1,0,0,0,0,C,14000,12.23,1,0.44,0,3
2005,26,32400,RENT,10,0,0,1,0,1,0,0,0,0,A,14000,7.51,1,0.43,0,4
2011,23,37148,RENT,4,0,0,1,0,1,0,0,0,0,D,14000,14.42,1,0.38,0,3
2015,22,40000,RENT,6,0,0,1,0,1,0,0,0,0,B,14000,,1,0.35,0,4
2036,21,35360,RENT,1,0,0,1,0,1,0,0,0,0,A,2200,7.49,0,0.06,0,2
2053,23,14000,RENT,2,0,0,1,0,1,0,0,0,0,D,2300,15.33,1,0.16,0,2
2057,21,34416,RENT,5,0,0,1,0,1,0,0,0,0,A,2300,6.76,0,0.07,0,2
2058,26,36400,RENT,4,0,0,1,0,1,0,0,0,0,A,2300,7.4,0,0.06,0,2
2072,25,15648,RENT,,0,0,1,0,1,0,0,0,0,B,2400,11.71,0,0.15,0,4
2092,23,23000,RENT,5,0,0,1,0,1,0,0,0,0,A,2400,5.99,0,0.1,0,3
2097,22,25000,RENT,0,0,0,1,0,1,0,0,0,0,C,2400,13.61,0,0.1,0,4
2101,22,27259,RENT,1,0,0,1,0,1,0,0,0,0,B,2400,10.59,0,0.09,0,2
2102,25,28000,RENT,8,0,0,1,0,1,0,0,0,0,B,2400,11.49,0,0.09,0,3
2119,25,40000,RENT,9,0,0,1,0,1,0,0,0,0,A,2400,5.42,0,0.06,0,3
2125,24,41300,RENT,2,0,0,1,0,1,0,0,0,0,C,2400,12.68,0,0.06,0,2
2145,23,48000,RENT,0,0,0,1,0,1,0,0,0,0,B,2400,10.59,0,0.05,0,3
2151,26,54500,RENT,7,0,0,1,0,1,0,0,0,0,A,2400,9.32,0,0.04,0,3
2160,22,66000,RENT,2,0,0,1,0,1,0,0,0,0,A,2400,7.4,0,0.04,0,2
2168,23,36000,RENT,0,0,0,1,0,1,0,0,0,0,A,2425,8.49,0,0.07,0,4
2177,21,38000,RENT,5,0,0,1,0,1,0,0,0,0,B,13500,9.91,1,0.36,0,3
2179,23,45312,RENT,3,0,0,1,0,1,0,0,0,0,A,13500,7.88,0,0.3,0,3
2192,24,68000,RENT,3,0,0,1,0,1,0,0,0,0,B,13500,12.21,0,0.2,0,2
2203,26,38000,RENT,3,0,0,1,0,1,0,0,0,0,B,13400,9.99,1,0.35,0,2
2221,22,31500,RENT,5,0,0,1,0,1,0,0,0,0,B,13200,11.71,1,0.42,0,4
2222,23,44248,RENT,,0,0,1,0,1,0,0,0,0,A,13200,,0,0.3,0,2
2232,25,76000,RENT,4,0,0,1,0,1,0,0,0,0,C,13200,12.23,0,0.17,0,4
2235,26,80952,RENT,6,0,0,1,0,1,0,0,0,0,D,13200,16.77,0,0.16,0,4
2252,26,33800,RENT,4,0,0,1,0,1,0,0,0,0,C,13000,13.57,1,0.38,0,4
2255,24,36000,RENT,8,0,0,1,0,1,0,0,0,0,D,13000,17.27,1,0.36,0,4
2263,24,37000,RENT,3,0,0,1,0,1,0,0,0,0,B,13000,10.25,1,0.35,0,4
2265,23,38000,RENT,4,0,0,1,0,1,0,0,0,0,D,13000,,1,0.34,0,4
2266,23,38400,RENT,5,0,0,1,0,1,0,0,0,0,B,13000,11.71,1,0.34,0,3
2276,21,42000,RENT,5,0,0,1,0,1,0,0,0,0,D,13000,15.31,1,0.31,0,3
2279,23,44000,RENT,1,0,0,1,0,1,0,0,0,0,C,13000,13.47,0,0.3,0,2
2281,24,39000,RENT,,0,0,1,0,1,0,0,0,0,B,13000,10.75,1,0.33,0,4
2292,22,20640,RENT,0,0,0,1,0,1,0,0,0,0,C,2500,12.68,0,0.12,0,3
2294,25,21600,RENT,4,0,0,1,0,1,0,0,0,0,A,2500,5.99,0,0.12,0,3
2302,23,24000,RENT,0,0,0,1,0,1,0,0,0,0,B,2500,11.71,0,0.1,0,2
2318,25,26400,RENT,,0,0,1,0,1,0,0,0,0,B,2500,10.62,0,0.09,0,2
2319,21,26940,RENT,1,0,0,1,0,1,0,0,0,0,A,2500,5.42,0,0.09,0,4
2320,26,27000,RENT,0,0,0,1,0,1,0,0,0,0,C,2500,13.61,0,0.09,0,4
2321,25,27024,RENT,7,0,0,1,0,1,0,0,0,0,E,2500,16.69,0,0.09,0,2
2342,23,34800,RENT,7,0,0,1,0,1,0,0,0,0,A,2500,6.39,0,0.07,0,2
2346,22,30000,RENT,2,0,0,1,0,1,0,0,0,0,A,2500,8.49,1,0.08,0,2
2355,23,39200,RENT,1,0,0,1,0,1,0,0,0,0,A,2500,7.74,0,0.06,0,3
2366,23,42000,RENT,0,0,0,1,0,1,0,0,0,0,B,2500,11.49,0,0.06,0,2
2367,23,42000,RENT,4,0,0,1,0,1,0,0,0,0,C,2500,13.61,0,0.06,0,4
2372,26,43000,RENT,3,0,0,1,0,1,0,0,0,0,C,2500,13.49,0,0.06,0,2
2383,24,48000,RENT,4,0,0,1,0,1,0,0,0,0,C,2500,13.35,0,0.05,0,4
2386,22,45630,RENT,0,0,0,1,0,1,0,0,0,0,E,2500,18.64,1,0.05,0,2
2397,22,55000,RENT,5,0,0,1,0,1,0,0,0,0,B,2500,,0,0.05,0,4
2407,23,63000,RENT,7,0,0,1,0,1,0,0,0,0,C,2500,14.72,0,0.04,0,2
2418,26,85000,RENT,1,0,0,1,0,1,0,0,0,0,A,2500,8.59,0,0.03,0,2
2422,26,121000,RENT,2,0,0,1,0,1,0,0,0,0,A,2500,7.66,0,0.02,0,4
2444,23,26500,RENT,1,0,0,1,0,1,0,0,0,0,C,2800,12.29,0,0.11,0,3
2449,22,29376,RENT,1,0,0,1,0,1,0,0,0,0,A,2800,7.43,0,0.1,0,4
2465,25,50000,RENT,0,0,0,1,0,1,0,0,0,0,A,2900,8,0,0.06,0,4
2470,21,49800,RENT,6,0,0,1,0,1,0,0,0,0,A,2975,7.9,0,0.06,0,2
2474,21,12000,RENT,5,0,0,1,0,1,0,0,0,0,A,3000,8.9,1,0.25,0,4
2484,22,15000,RENT,3,0,0,1,0,1,0,0,0,0,B,3000,9.91,1,0.2,0,3
2495,25,17400,RENT,0,0,0,1,0,1,0,0,0,0,B,3000,11.83,1,0.17,0,4
2523,22,20000,RENT,2,0,0,1,0,1,0,0,0,0,C,3000,13.11,0,0.15,0,4
2524,21,20004,RENT,2,0,0,1,0,1,0,0,0,0,B,3000,10.37,0,0.15,0,3
2530,22,21600,RENT,2,0,0,1,0,1,0,0,0,0,C,3000,13.49,0,0.14,0,3
2536,24,23000,RENT,0,0,0,1,0,1,0,0,0,0,A,3000,8,0,0.13,0,3
2538,24,30000,RENT,2,0,0,1,0,1,0,0,0,0,A,3000,6.03,0,0.1,0,3
2559,21,30000,RENT,2,0,0,1,0,1,0,0,0,0,B,3000,11.89,0,0.1,0,4
2565,22,31200,RENT,3,0,0,1,0,1,0,0,0,0,B,3000,11.86,0,0.1,0,4
2566,23,31200,RENT,2,0,0,1,0,1,0,0,0,0,B,3000,11.89,0,0.1,0,2
2582,26,33189,RENT,4,0,0,1,0,1,0,0,0,0,B,3000,11.12,0,0.09,0,2
2586,22,35000,RENT,0,0,0,1,0,1,0,0,0,0,B,3000,,0,0.09,0,2
2588,22,35000,RENT,5,0,0,1,0,1,0,0,0,0,B,3000,10.01,0,0.09,0,2
2593,26,36000,RENT,3,0,0,1,0,1,0,0,0,0,A,3000,7.88,0,0.08,0,4
2599,21,37000,RENT,0,0,0,1,0,1,0,0,0,0,A,3000,6.39,0,0.08,0,3
2601,24,38000,RENT,2,0,0,1,0,1,0,0,0,0,C,3000,13.06,0,0.08,0,4
2603,22,38000,RENT,0,0,0,1,0,1,0,0,0,0,C,3000,10.28,0,0.08,0,3
2622,23,43000,RENT,1,0,0,1,0,1,0,0,0,0,A,3000,8.49,0,0.07,0,4
2624,23,37000,RENT,7,0,0,1,0,1,0,0,0,0,B,3000,10.75,1,0.08,0,4
2627,22,43500,RENT,0,0,0,1,0,1,0,0,0,0,A,3000,5.42,0,0.07,0,3
2644,22,45000,RENT,2,0,0,1,0,1,0,0,0,0,A,3000,,0,0.07,0,3
2652,24,40000,RENT,,0,0,1,0,1,0,0,0,0,D,3000,17.27,1,0.07,0,2
2655,22,47000,RENT,3,0,0,1,0,1,0,0,0,0,A,3000,6.62,0,0.06,0,2
2665,21,48000,RENT,2,0,0,1,0,1,0,0,0,0,B,3000,9.76,0,0.06,0,4
2673,23,50000,RENT,0,0,0,1,0,1,0,0,0,0,A,3000,6.91,0,0.06,0,2
2687,23,52000,RENT,0,0,0,1,0,1,0,0,0,0,A,3000,5.99,0,0.06,0,2
2696,23,48672,RENT,6,0,0,1,0,1,0,0,0,0,A,12000,7.42,0,0.25,0,3
2699,25,49600,RENT,9,0,0,1,0,1,0,0,0,0,A,12000,7.14,0,0.24,0,4
2707,23,50000,RENT,0,0,0,1,0,1,0,0,0,0,B,12000,10.59,0,0.24,0,3
2708,24,50000,RENT,3,0,0,1,0,1,0,0,0,0,E,12000,17.14,0,0.24,0,4
2713,25,50000,RENT,2,0,0,1,0,1,0,0,0,0,A,12000,7.88,0,0.24,0,4
2720,22,50361,RENT,6,0,0,1,0,1,0,0,0,0,C,12000,12.73,0,0.24,0,4
2727,23,51000,RENT,3,0,0,1,0,1,0,0,0,0,C,12000,12.99,0,0.24,0,3
2732,22,52000,RENT,6,0,0,1,0,1,0,0,0,0,B,12000,11.99,0,0.23,0,3
2751,24,54000,RENT,6,0,0,1,0,1,0,0,0,0,A,12000,8.49,0,0.22,0,4
2763,25,55000,RENT,9,0,0,1,0,1,0,0,0,0,B,12000,10.65,0,0.22,0,3
2769,22,55008,RENT,6,0,0,1,0,1,0,0,0,0,C,12000,13.79,0,0.22,0,2
2770,24,55032,RENT,8,0,0,1,0,1,0,0,0,0,A,12000,9.63,0,0.22,0,2
2772,22,55555,RENT,7,0,0,1,0,1,0,0,0,0,E,12000,,0,0.22,0,4
2773,22,56000,RENT,1,0,0,1,0,1,0,0,0,0,A,12000,6.91,0,0.21,0,2
2782,22,56755,RENT,5,0,0,1,0,1,0,0,0,0,B,12000,10.99,0,0.21,0,2
2783,23,57000,RENT,0,0,0,1,0,1,0,0,0,0,C,12000,,0,0.21,0,4
2789,22,57000,RENT,6,0,0,1,0,1,0,0,0,0,C,12000,13.11,0,0.21,0,2
2797,24,58000,RENT,6,0,0,1,0,1,0,0,0,0,C,12000,13.11,0,0.21,0,2
2808,21,53000,RENT,3,0,0,1,0,1,0,0,0,0,D,3000,,0,0.06,0,4
2816,23,55000,RENT,2,0,0,1,0,1,0,0,0,0,A,3000,6.99,0,0.05,0,2
2835,22,58000,RENT,6,0,0,1,0,1,0,0,0,0,B,3000,11.83,0,0.05,0,2
2854,24,55160,RENT,0,0,0,1,0,1,0,0,0,0,A,3000,8.9,1,0.05,0,3
2858,24,62000,RENT,7,0,0,1,0,1,0,0,0,0,B,3000,9.99,0,0.05,0,2
2864,22,58170,RENT,1,0,0,1,0,1,0,0,0,0,A,3000,9.07,1,0.05,0,2
2869,22,65000,RENT,0,0,0,1,0,1,0,0,0,0,A,3000,6.99,0,0.05,0,4
2872,23,65004,RENT,4,0,0,1,0,1,0,0,0,0,D,3000,14.84,0,0.05,0,3
2875,23,66000,RENT,3,0,0,1,0,1,0,0,0,0,A,3000,5.99,0,0.05,0,2
2881,26,67500,RENT,0,0,0,1,0,1,0,0,0,0,B,3000,8.88,0,0.04,0,2
2903,22,75000,RENT,4,0,0,1,0,1,0,0,0,0,A,3000,8.9,0,0.04,0,2
2908,23,77200,RENT,1,0,0,1,0,1,0,0,0,0,B,3000,9.63,0,0.04,0,2
2914,22,83000,RENT,4,0,0,1,0,1,0,0,0,0,A,3000,9.63,0,0.04,0,3
2918,22,85000,RENT,5,0,0,1,0,1,0,0,0,0,B,3000,10.99,0,0.04,0,2
2931,23,110000,RENT,6,0,0,1,0,1,0,0,0,0,C,3000,14.22,0,0.03,0,3
2942,25,137400,RENT,4,0,0,1,0,1,0,0,0,0,C,3000,13.06,1,0.02,0,2
2946,22,16800,RENT,1,0,0,1,0,1,0,0,0,0,B,3050,9.91,1,0.18,0,3
2950,25,30000,RENT,1,0,0,1,0,1,0,0,0,0,B,3075,10.59,0,0.1,0,2
2960,25,42000,RENT,2,0,0,1,0,1,0,0,0,0,A,3150,5.79,0,0.07,0,4
2964,22,96000,RENT,4,0,0,1,0,1,0,0,0,0,B,3150,6,0,0.03,0,2
2965,21,28800,RENT,1,0,0,1,0,1,0,0,0,0,A,3175,6.03,0,0.11,0,4
2980,23,20800,RENT,4,0,0,1,0,1,0,0,0,0,D,3200,14.84,0,0.15,0,2
2988,22,28000,RENT,3,0,0,1,0,1,0,0,0,0,B,3200,10.59,0,0.11,0,2
2995,23,31000,RENT,3,0,0,1,0,1,0,0,0,0,B,3200,11.49,0,0.1,0,4
3009,22,42500,RENT,7,0,0,1,0,1,0,0,0,0,A,3200,7.49,0,0.08,0,4
3020,22,51000,RENT,2,0,0,1,0,1,0,0,0,0,B,3200,10.99,0,0.06,0,2
3026,26,55000,RENT,1,0,0,1,0,1,0,0,0,0,A,3200,8.49,0,0.06,0,3
3039,22,75000,RENT,6,0,0,1,0,1,0,0,0,0,C,3200,10.28,0,0.04,0,4
3044,23,78000,RENT,3,0,0,1,0,1,0,0,0,0,B,3200,10.99,1,0.04,0,3
3061,24,25000,RENT,3,0,0,1,0,1,0,0,0,0,D,3250,13.67,0,0.13,0,4
3067,22,35000,RENT,0,0,0,1,0,1,0,0,0,0,A,3250,6.54,0,0.09,0,3
3090,22,28404,RENT,7,0,0,1,0,1,0,0,0,0,A,3400,8.94,0,0.12,0,3
3118,22,20000,RENT,5,0,0,1,0,1,0,0,0,0,C,3500,13.11,0,0.17,0,3
3137,22,26400,RENT,1,0,0,1,0,1,0,0,0,0,C,3500,15.27,0,0.13,0,3
3158,24,35000,RENT,7,0,0,1,0,1,0,0,0,0,A,3500,6.99,0,0.1,0,2
3163,21,35100,RENT,1,0,0,1,0,1,0,0,0,0,A,3500,5.79,0,0.1,0,2
3164,23,35500,RENT,5,0,0,1,0,1,0,0,0,0,B,3500,10.99,0,0.1,0,3
3171,22,38400,RENT,4,0,0,1,0,1,0,0,0,0,C,3500,13.99,0,0.09,0,3
3174,24,40000,RENT,3,0,0,1,0,1,0,0,0,0,A,3500,7.9,0,0.09,0,4
3180,21,41000,RENT,4,0,0,1,0,1,0,0,0,0,B,3500,10.75,0,0.09,0,3
3191,21,42500,RENT,0,0,0,1,0,1,0,0,0,0,B,3500,11.86,0,0.08,0,4
3193,24,44000,RENT,3,0,0,1,0,1,0,0,0,0,B,3500,12.69,0,0.08,0,2
3194,23,45000,RENT,3,0,0,1,0,1,0,0,0,0,B,3500,10.59,0,0.08,0,4
3195,23,39000,RENT,3,0,0,1,0,1,0,0,0,0,B,3500,11.86,1,0.09,0,4
3229,24,60000,RENT,5,0,0,1,0,1,0,0,0,0,B,3500,11.86,0,0.06,0,4
3236,23,63816,RENT,4,0,0,1,0,1,0,0,0,0,B,3500,9.63,0,0.05,0,3
3237,24,65000,RENT,3,0,0,1,0,1,0,0,0,0,A,3500,7.74,0,0.05,0,3
3241,25,66660,RENT,0,0,0,1,0,1,0,0,0,0,B,3500,,0,0.05,0,3
3244,23,70000,RENT,1,0,0,1,0,1,0,0,0,0,A,3500,5.42,0,0.05,0,3
3248,24,74400,RENT,1,0,0,1,0,1,0,0,0,0,A,3500,7.29,0,0.05,0,4
3249,23,74880,RENT,3,0,0,1,0,1,0,0,0,0,B,3500,11.11,0,0.05,0,4
3250,22,75000,RENT,3,0,0,1,0,1,0,0,0,0,A,3500,7.29,0,0.05,0,2
3253,23,81000,RENT,5,0,0,1,0,1,0,0,0,0,B,3500,10.75,0,0.04,0,3
3277,22,18700,RENT,3,0,0,1,0,1,0,0,0,0,A,3600,8.9,1,0.19,0,4
3282,21,24000,RENT,,0,0,1,0,1,0,0,0,0,B,3600,11.99,0,0.15,0,3
3284,23,24216,RENT,1,0,0,1,0,1,0,0,0,0,D,3600,16.49,1,0.15,0,3
3299,23,30000,RENT,7,0,0,1,0,1,0,0,0,0,B,3600,9.7,0,0.12,0,3
3312,25,36000,RENT,2,0,0,1,0,1,0,0,0,0,C,3600,15.23,0,0.1,0,4
3313,22,36000,RENT,2,0,0,1,0,1,0,0,0,0,C,3600,12.99,0,0.1,0,2
3319,22,37008,RENT,2,0,0,1,0,1,0,0,0,0,B,3600,12.42,0,0.1,0,4
3337,24,40000,RENT,0,0,0,1,0,1,0,0,0,0,B,3600,10.59,0,0.09,0,2
3346,23,37000,RENT,7,0,0,1,0,1,0,0,0,0,A,11000,6.62,0,0.3,0,3
3348,24,37950,RENT,8,0,0,1,0,1,0,0,0,0,B,11000,11.86,0,0.29,0,2
3367,24,43000,RENT,9,0,0,1,0,1,0,0,0,0,A,11000,8.94,0,0.26,0,3
3377,22,46000,RENT,3,0,0,1,0,1,0,0,0,0,B,11000,10.59,0,0.24,0,3
3383,22,48000,RENT,2,0,0,1,0,1,0,0,0,0,B,11000,10.75,0,0.23,0,4
3384,25,48996,RENT,9,0,0,1,0,1,0,0,0,0,A,11000,7.88,0,0.22,0,2
3389,21,50000,RENT,4,0,0,1,0,1,0,0,0,0,B,11000,10,0,0.22,0,3
3390,25,50000,RENT,0,0,0,1,0,1,0,0,0,0,B,11000,12.53,0,0.22,0,2
3392,22,50985,RENT,4,0,0,1,0,1,0,0,0,0,C,11000,13.11,0,0.22,0,2
3396,21,52769,RENT,5,0,0,1,0,1,0,0,0,0,B,11000,10.37,0,0.21,0,4
3404,22,59000,RENT,2,0,0,1,0,1,0,0,0,0,B,11000,10.74,0,0.19,0,2
3406,23,60000,RENT,1,0,0,1,0,1,0,0,0,0,C,11000,14.22,0,0.18,0,4
3419,24,90000,RENT,2,0,0,1,0,1,0,0,0,0,B,11000,11.14,0,0.12,0,3
3435,21,33000,RENT,2,0,0,1,0,1,0,0,0,0,C,10800,12.23,1,0.33,0,3
3459,21,57000,RENT,0,0,0,1,0,1,0,0,0,0,C,10800,13.22,0,0.19,0,3
3472,23,30000,RENT,6,0,0,1,0,1,0,0,0,0,B,10775,10.65,1,0.36,0,4
3482,26,48000,RENT,2,0,0,1,0,1,0,0,0,0,A,10700,9.63,0,0.22,0,4
3485,26,68000,RENT,4,0,0,1,0,1,0,0,0,0,B,10700,12.42,0,0.16,0,4
3493,23,25000,RENT,0,0,0,1,0,1,0,0,0,0,B,10625,11.71,1,0.42,0,3
3497,23,30000,RENT,8,0,0,1,0,1,0,0,0,0,A,10625,6.92,1,0.35,0,2
3505,22,75000,RENT,3,0,0,1,0,1,0,0,0,0,B,10600,10.99,0,0.14,0,3
3511,22,29000,RENT,2,0,0,1,0,1,0,0,0,0,B,10500,9.99,1,0.36,0,3
3517,21,34500,RENT,5,0,0,1,0,1,0,0,0,0,A,10500,8.49,1,0.3,0,3
3518,22,41900,RENT,3,0,0,1,0,1,0,0,0,0,A,10500,8.49,0,0.25,0,2
3530,23,37000,RENT,1,0,0,1,0,1,0,0,0,0,A,10400,7.66,0,0.28,0,4
3532,25,40000,RENT,6,0,0,1,0,1,0,0,0,0,B,10400,9.91,0,0.26,0,4
3550,21,45000,RENT,3,0,0,1,0,1,0,0,0,0,B,10300,10.59,0,0.23,0,2
3562,23,45000,RENT,3,0,0,1,0,1,0,0,0,0,B,3600,11.49,0,0.08,0,3
3573,21,50350,RENT,3,0,0,1,0,1,0,0,0,0,A,3600,7.88,0,0.07,0,3
3586,23,60000,RENT,8,0,0,1,0,1,0,0,0,0,B,3600,9.99,0,0.06,0,2
3593,24,65000,RENT,0,0,0,1,0,1,0,0,0,0,B,3600,10.59,0,0.06,0,2
3602,26,84996,RENT,4,0,0,1,0,1,0,0,0,0,B,3600,11.99,0,0.04,0,2
3614,24,17496,RENT,,0,0,1,0,1,0,0,0,0,C,3700,14.22,1,0.21,0,4
3617,21,27996,RENT,5,0,0,1,0,1,0,0,0,0,A,3700,8,0,0.13,0,3
3621,22,60000,RENT,0,0,0,1,0,1,0,0,0,0,B,3700,10.37,0,0.06,0,4
3640,22,43000,RENT,4,0,0,1,0,1,0,0,0,0,A,3800,6.99,0,0.09,0,4
3664,22,45000,RENT,1,0,0,1,0,1,0,0,0,0,A,3950,6.92,0,0.09,0,4
3673,24,13200,RENT,1,0,0,1,0,1,0,0,0,0,A,4000,5.79,1,0.3,0,3
3685,22,15000,RENT,3,0,0,1,0,1,0,0,0,0,B,4000,10.08,1,0.27,0,2
3700,23,18720,RENT,2,0,0,1,0,1,0,0,0,0,D,4000,15.62,1,0.21,0,4
3714,22,20000,RENT,1,0,0,1,0,1,0,0,0,0,B,4000,11.89,0,0.2,0,3
3716,22,20000,RENT,2,0,0,1,0,1,0,0,0,0,B,4000,9.45,0,0.2,0,4
3719,24,21000,RENT,0,0,0,1,0,1,0,0,0,0,C,4000,13.43,0,0.19,0,2
3745,25,25200,RENT,,0,0,1,0,1,0,0,0,0,B,4000,10.25,0,0.16,0,2
3747,22,25440,RENT,6,0,0,1,0,1,0,0,0,0,A,4000,5.42,0,0.16,0,4
3749,23,26000,RENT,1,0,0,1,0,1,0,0,0,0,B,4000,,0,0.15,0,4
3753,26,26400,RENT,0,0,0,1,0,1,0,0,0,0,A,4000,7.9,0,0.15,0,2
3755,23,26400,RENT,8,0,0,1,0,1,0,0,0,0,C,4000,14.17,1,0.15,0,2
3760,22,27000,RENT,6,0,0,1,0,1,0,0,0,0,A,4000,7.14,0,0.15,0,2
3766,23,28000,RENT,0,0,0,1,0,1,0,0,0,0,A,4000,8.9,0,0.14,0,4
3767,21,28000,RENT,2,0,0,1,0,1,0,0,0,0,C,4000,15.23,0,0.14,0,2
3774,23,28800,RENT,0,0,0,1,0,1,0,0,0,0,A,4000,5.42,0,0.14,0,2
3783,22,30000,RENT,3,0,0,1,0,1,0,0,0,0,A,4000,7.9,0,0.13,0,3
3793,22,30000,RENT,1,0,0,1,0,1,0,0,0,0,C,4000,,0,0.13,0,3
3807,25,30000,RENT,6,0,0,1,0,1,0,0,0,0,B,4000,9.76,0,0.13,0,3
3808,24,30000,RENT,1,0,0,1,0,1,0,0,0,0,C,4000,11.34,0,0.13,0,3
3842,26,33227,RENT,2,0,0,1,0,1,0,0,0,0,B,4000,9.88,0,0.12,0,3
3847,25,34200,RENT,1,0,0,1,0,1,0,0,0,0,B,4000,,0,0.12,0,2
3856,21,29000,RENT,0,0,0,1,0,1,0,0,0,0,D,4000,14.83,1,0.14,0,4
3857,25,35000,RENT,4,0,0,1,0,1,0,0,0,0,A,4000,7.51,0,0.11,0,3
3867,22,36000,RENT,3,0,0,1,0,1,0,0,0,0,A,4000,5.42,0,0.11,0,2
3874,22,37000,RENT,2,0,0,1,0,1,0,0,0,0,B,4000,10.95,0,0.11,0,2
3880,22,38400,RENT,5,0,0,1,0,1,0,0,0,0,B,4000,10.59,0,0.1,0,3
3882,22,38400,RENT,4,0,0,1,0,1,0,0,0,0,C,4000,12.99,0,0.1,0,2
3886,25,38400,RENT,2,0,0,1,0,1,0,0,0,0,B,4000,12.53,0,0.1,0,4
3896,22,40000,RENT,1,0,0,1,0,1,0,0,0,0,B,4000,12.69,0,0.1,0,3
3903,22,40000,RENT,2,0,0,1,0,1,0,0,0,0,A,4000,,0,0.1,0,2
3904,21,40000,RENT,3,0,0,1,0,1,0,0,0,0,A,4000,7.51,0,0.1,0,2
3907,26,40200,RENT,1,0,0,1,0,1,0,0,0,0,A,4000,6.76,0,0.1,0,4
3913,21,42000,RENT,4,0,0,1,0,1,0,0,0,0,B,4000,12.42,0,0.1,0,3
3931,22,42996,RENT,3,0,0,1,0,1,0,0,0,0,C,4000,,0,0.09,0,4
3937,26,39600,RENT,3,0,0,1,0,1,0,0,0,0,A,4000,5.79,1,0.1,0,4
3946,22,48000,RENT,6,0,0,1,0,1,0,0,0,0,B,4000,9.91,0,0.08,0,3
3947,22,48000,RENT,3,0,0,1,0,1,0,0,0,0,A,4000,,0,0.08,0,4
3976,25,50000,RENT,3,0,0,1,0,1,0,0,0,0,D,4000,14.61,0,0.08,0,2
3978,24,50004,RENT,5,0,0,1,0,1,0,0,0,0,A,4000,7.88,0,0.08,0,2
3981,21,50808,RENT,2,0,0,1,0,1,0,0,0,0,A,4000,6.17,0,0.08,0,4
3995,22,53285,RENT,0,0,0,1,0,1,0,0,0,0,A,4000,7.9,0,0.08,0,4
3996,24,53636,RENT,8,0,0,1,0,1,0,0,0,0,B,4000,10.62,0,0.07,0,2
3998,25,54000,RENT,2,0,0,1,0,1,0,0,0,0,B,4000,11.89,0,0.07,0,2
4002,26,55000,RENT,0,0,0,1,0,1,0,0,0,0,A,4000,6.92,0,0.07,0,4
4006,24,55000,RENT,0,0,0,1,0,1,0,0,0,0,B,4000,11.26,0,0.07,0,4
4009,21,57000,RENT,6,0,0,1,0,1,0,0,0,0,A,4000,7.49,0,0.07,0,4
4018,22,58000,RENT,5,0,0,1,0,1,0,0,0,0,B,4000,10,0,0.07,0,4
4023,22,60000,RENT,6,0,0,1,0,1,0,0,0,0,A,4000,7.51,0,0.07,0,3
4025,23,60000,RENT,1,0,0,1,0,1,0,0,0,0,B,4000,11.83,0,0.07,0,3
4033,25,62500,RENT,9,0,0,1,0,1,0,0,0,0,A,4000,8.9,0,0.06,0,3
4035,21,63000,RENT,0,0,0,1,0,1,0,0,0,0,B,4000,11.49,0,0.06,0,3
4036,22,63000,RENT,5,0,0,1,0,1,0,0,0,0,B,4000,,0,0.06,0,4
4037,23,63500,RENT,0,0,0,1,0,1,0,0,0,0,C,4000,,0,0.06,0,4
4049,23,67450,RENT,8,0,0,1,0,1,0,0,0,0,A,4000,6.76,0,0.06,0,3
4055,21,70000,RENT,5,0,0,1,0,1,0,0,0,0,A,4000,7.9,0,0.06,0,2
4077,22,80000,RENT,6,0,0,1,0,1,0,0,0,0,B,4000,11.12,0,0.05,0,4
4080,26,82000,RENT,2,0,0,1,0,1,0,0,0,0,C,4000,13.48,0,0.05,0,2
4082,23,92000,RENT,2,0,0,1,0,1,0,0,0,0,A,4000,5.42,0,0.04,0,2
4084,24,95000,RENT,0,0,0,1,0,1,0,0,0,0,A,4000,7.9,0,0.04,0,4
4085,23,95000,RENT,7,0,0,1,0,1,0,0,0,0,B,4000,11.49,0,0.04,0,3
4095,26,130000,RENT,0,0,0,1,0,1,0,0,0,0,B,4000,10.99,0,0.03,0,3
4103,23,21000,RENT,3,0,0,1,0,1,0,0,0,0,A,4200,,0,0.2,0,3
4115,26,30000,RENT,1,0,0,1,0,1,0,0,0,0,D,4200,16.49,1,0.14,0,3
4121,22,30000,RENT,,0,0,1,0,1,0,0,0,0,A,4350,6.03,0,0.14,0,4
4157,22,14400,RENT,0,0,0,1,0,1,0,0,0,0,A,4500,7.88,1,0.31,0,4
4175,24,18200,RENT,8,0,0,1,0,1,0,0,0,0,A,4500,8.94,1,0.25,0,2
4177,25,18204,RENT,0,0,0,1,0,1,0,0,0,0,C,4500,13.61,1,0.25,0,2
4186,23,21600,RENT,1,0,0,1,0,1,0,0,0,0,D,4500,15.65,1,0.21,0,2
4190,21,23916,RENT,2,0,0,1,0,1,0,0,0,0,B,4500,9.62,0,0.19,0,4
4194,22,24000,RENT,0,0,0,1,0,1,0,0,0,0,B,4500,11.49,0,0.19,0,2
4201,23,32400,RENT,4,0,0,1,0,1,0,0,0,0,A,4500,7.49,0,0.14,0,4
4211,21,36000,RENT,0,0,0,1,0,1,0,0,0,0,A,4500,6.62,0,0.13,0,2
4214,22,36000,RENT,5,0,0,1,0,1,0,0,0,0,A,4500,6.17,0,0.13,0,3
4223,23,38004,RENT,2,0,0,1,0,1,0,0,0,0,A,4500,7.88,0,0.12,0,2
4226,22,39996,RENT,2,0,0,1,0,1,0,0,0,0,C,4500,13.43,0,0.11,0,4
4227,22,40000,RENT,6,0,0,1,0,1,0,0,0,0,A,4500,7.66,0,0.11,0,3
4232,24,34068,RENT,2,0,0,1,0,1,0,0,0,0,D,4500,14.84,1,0.13,0,3
4254,23,52800,RENT,3,0,0,1,0,1,0,0,0,0,A,4500,6.76,0,0.09,0,4
4271,23,54000,RENT,7,0,0,1,0,1,0,0,0,0,B,4500,,1,0.08,0,2
4277,25,78996,RENT,9,0,0,1,0,1,0,0,0,0,A,4500,8.63,0,0.06,0,2
4285,25,138000,RENT,1,0,0,1,0,1,0,0,0,0,C,4500,13.43,0,0.03,0,3
4289,23,42000,RENT,2,0,0,1,0,1,0,0,0,0,C,4550,15.23,0,0.11,0,4
4297,23,33000,RENT,0,0,0,1,0,1,0,0,0,0,B,4600,11.71,0,0.14,0,3
4313,24,100000,RENT,1,0,0,1,0,1,0,0,0,0,A,4600,8.49,0,0.05,0,2
4329,24,12000,RENT,0,0,0,1,0,1,0,0,0,0,B,4750,10.75,1,0.4,0,4
4333,23,14400,RENT,1,0,0,1,0,1,0,0,0,0,B,4750,11.11,1,0.33,0,2
4337,22,16000,RENT,0,0,0,1,0,1,0,0,0,0,C,4750,13.16,1,0.3,0,3
4342,22,21000,RENT,4,0,0,1,0,1,0,0,0,0,D,4750,,0,0.23,0,2
4369,23,23136,RENT,,0,0,1,0,1,0,0,0,0,A,4800,6.17,0,0.21,0,2
4372,22,24000,RENT,6,0,0,1,0,1,0,0,0,0,A,4800,7.49,0,0.2,0,2
4373,26,24000,RENT,0,0,0,1,0,1,0,0,0,0,A,4800,,0,0.2,0,3
4380,21,27000,RENT,1,0,0,1,0,1,0,0,0,0,A,4800,7.51,0,0.18,0,2
4386,22,29534,RENT,1,0,0,1,0,1,0,0,0,0,B,4800,11.99,0,0.16,0,4
4388,24,30000,RENT,5,0,0,1,0,1,0,0,0,0,A,4800,6.99,0,0.16,0,4
4389,23,30000,RENT,6,0,0,1,0,1,0,0,0,0,A,4800,7.49,0,0.16,0,3
4391,24,30000,RENT,0,0,0,1,0,1,0,0,0,0,C,4800,13.35,0,0.16,0,3
4392,23,30000,RENT,0,0,0,1,0,1,0,0,0,0,B,4800,,0,0.16,0,4
4401,25,32000,RENT,0,0,0,1,0,1,0,0,0,0,A,4800,7.14,0,0.15,0,3
4403,22,32000,RENT,1,0,0,1,0,1,0,0,0,0,C,4800,13.61,0,0.15,0,4
4405,26,33000,RENT,6,0,0,1,0,1,0,0,0,0,B,4800,12.69,0,0.15,0,4
4417,22,35000,RENT,3,0,0,1,0,1,0,0,0,0,A,4800,5.42,0,0.14,0,3
4433,26,39996,RENT,5,0,0,1,0,1,0,0,0,0,C,4800,12.99,0,0.12,0,4
4436,22,41300,RENT,6,0,0,1,0,1,0,0,0,0,B,4800,11.89,0,0.12,0,3
4438,22,41504,RENT,6,0,0,1,0,1,0,0,0,0,C,4800,12.99,0,0.12,0,4
4443,26,44600,RENT,0,0,0,1,0,1,0,0,0,0,C,4800,14.65,0,0.11,0,2
4444,25,45000,RENT,9,0,0,1,0,1,0,0,0,0,A,4800,7.51,0,0.11,0,3
4480,25,50000,RENT,8,0,0,1,0,1,0,0,0,0,C,4800,15.96,0,0.1,0,2
4487,23,50000,RENT,7,0,0,1,0,1,0,0,0,0,B,4800,10.37,0,0.1,0,3
4491,26,52000,RENT,2,0,0,1,0,1,0,0,0,0,B,4800,9.99,0,0.09,0,2
4492,23,52000,RENT,3,0,0,1,0,1,0,0,0,0,B,4800,9.88,0,0.09,0,2
4494,21,55000,RENT,3,0,0,1,0,1,0,0,0,0,B,4800,11.12,0,0.09,0,4
4530,26,89000,RENT,,0,0,1,0,1,0,0,0,0,A,4800,5.99,0,0.05,0,2
4531,21,90000,RENT,3,0,0,1,0,1,0,0,0,0,B,4800,9.62,0,0.05,0,3
4546,24,40000,RENT,0,0,0,1,0,1,0,0,0,0,A,4850,6.62,0,0.12,0,2
4557,25,83000,RENT,0,0,0,1,0,1,0,0,0,0,C,10000,13.22,1,0.12,0,3
4563,23,97000,RENT,7,0,0,1,0,1,0,0,0,0,C,10000,13.99,0,0.1,0,3
4571,22,99996,RENT,1,0,0,1,0,1,0,0,0,0,A,10000,9.32,0,0.1,0,4
4572,22,100000,RENT,3,0,0,1,0,1,0,0,0,0,B,10000,10.65,0,0.1,0,3
4587,23,98000,RENT,0,0,0,1,0,1,0,0,0,0,E,10000,16.4,1,0.1,0,2
4631,22,140000,RENT,0,0,0,1,0,1,0,0,0,0,B,10000,9.99,0,0.07,0,2
4640,23,157500,RENT,1,0,0,1,0,1,0,0,0,0,B,10000,12.69,0,0.06,0,2
4650,24,24148,RENT,1,0,0,1,0,1,0,0,0,0,B,9975,11.48,1,0.41,0,4
4651,22,29004,RENT,,0,0,1,0,1,0,0,0,0,B,9975,,1,0.34,0,2
4663,22,26400,RENT,6,0,0,1,0,1,0,0,0,0,B,9900,11.71,1,0.38,0,4
4668,25,36000,RENT,3,0,0,1,0,1,0,0,0,0,B,9800,10.36,0,0.27,0,4
4670,23,44000,RENT,7,0,0,1,0,1,0,0,0,0,A,9800,7.51,1,0.22,0,2
4676,23,60000,RENT,4,0,0,1,0,1,0,0,0,0,C,9800,13.49,0,0.16,0,2
4687,23,36504,RENT,0,0,0,1,0,1,0,0,0,0,C,4900,12.68,0,0.13,0,2
4694,23,50000,RENT,0,0,0,1,0,1,0,0,0,0,A,4900,8.49,0,0.1,0,3
4695,21,50000,RENT,5,0,0,1,0,1,0,0,0,0,A,4900,8.94,0,0.1,0,2
4721,25,28800,RENT,0,0,0,1,0,1,0,0,0,0,A,5000,8.9,0,0.17,0,2
4722,22,28800,RENT,6,0,0,1,0,1,0,0,0,0,A,5000,6.91,0,0.17,0,2
4723,23,28800,RENT,0,0,0,1,0,1,0,0,0,0,B,5000,11.49,0,0.17,0,2
4727,23,29100,RENT,3,0,0,1,0,1,0,0,0,0,D,5000,14.84,0,0.17,0,2
4728,24,29120,RENT,0,0,0,1,0,1,0,0,0,0,B,5000,10.99,0,0.17,0,4
4730,22,29865,RENT,6,0,0,1,0,1,0,0,0,0,B,5000,11.12,1,0.17,0,3
4732,26,30000,RENT,2,0,0,1,0,1,0,0,0,0,B,5000,12.42,1,0.17,0,2
4733,25,30000,RENT,,0,0,1,0,1,0,0,0,0,A,5000,7.9,0,0.17,0,3
4743,23,30000,RENT,0,0,0,1,0,1,0,0,0,0,C,5000,,0,0.17,0,3
4744,25,30000,RENT,4,0,0,1,0,1,0,0,0,0,B,5000,11.86,0,0.17,0,2
4746,22,30000,RENT,0,0,0,1,0,1,0,0,0,0,B,5000,11.49,0,0.17,0,2
4752,24,30000,RENT,0,0,0,1,0,1,0,0,0,0,B,5000,11.14,0,0.17,0,2
4756,22,30000,RENT,0,0,0,1,0,1,0,0,0,0,B,5000,10.33,0,0.17,0,3
4757,23,30159,RENT,0,0,0,1,0,1,0,0,0,0,B,5000,11.12,0,0.17,0,2
4765,26,31200,RENT,8,0,0,1,0,1,0,0,0,0,A,5000,8.63,0,0.16,0,2
4780,21,32000,RENT,3,0,0,1,0,1,0,0,0,0,A,5000,7.68,0,0.16,0,4
4795,21,33000,RENT,5,0,0,1,0,1,0,0,0,0,C,5000,12.84,0,0.15,0,2
4800,21,33600,RENT,4,0,0,1,0,1,0,0,0,0,C,5000,13.49,0,0.15,0,3
4835,24,29004,RENT,4,0,0,1,0,1,0,0,0,0,A,5000,6.92,1,0.17,0,3
4840,23,35520,RENT,3,0,0,1,0,1,0,0,0,0,C,5000,13.57,0,0.14,0,3
4845,23,36000,RENT,1,0,0,1,0,1,0,0,0,0,C,5000,14.79,0,0.14,0,2
4846,21,36000,RENT,3,0,0,1,0,1,0,0,0,0,C,5000,12.99,0,0.14,0,4
4851,23,36000,RENT,0,0,0,1,0,1,0,0,0,0,B,5000,,0,0.14,0,3
4860,23,36100,RENT,2,0,0,1,0,1,0,0,0,0,A,5000,7.49,0,0.14,0,4
4882,22,38000,RENT,0,0,0,1,0,1,0,0,0,0,A,5000,7.29,0,0.13,0,3
4897,23,39000,RENT,6,0,0,1,0,1,0,0,0,0,B,5000,12.69,0,0.13,0,3
4918,23,40000,RENT,0,0,0,1,0,1,0,0,0,0,B,5000,12.42,0,0.13,0,4
4919,26,40000,RENT,11,0,0,1,0,1,0,0,0,0,B,5000,9.91,0,0.13,0,3
4920,22,40000,RENT,,0,0,1,0,1,0,0,0,0,A,5000,8.9,0,0.13,0,2
4928,24,34000,RENT,2,0,0,1,0,1,0,0,0,0,C,5000,12.23,1,0.15,0,2
4930,22,40000,RENT,,0,0,1,0,1,0,0,0,0,A,5000,6.17,0,0.13,0,2
4947,23,40992,RENT,7,0,0,1,0,1,0,0,0,0,B,5000,10.99,0,0.12,0,2
4948,22,35000,RENT,4,0,0,1,0,1,0,0,0,0,C,5000,15.96,1,0.14,0,4
4952,23,41000,RENT,2,0,0,1,0,1,0,0,0,0,A,5000,7.51,0,0.12,0,2
4956,22,42000,RENT,0,0,0,1,0,1,0,0,0,0,A,5000,8.9,0,0.12,0,4
4961,22,36000,RENT,1,0,0,1,0,1,0,0,0,0,C,5000,12.68,1,0.14,0,4
4978,21,42000,RENT,5,0,0,1,0,1,0,0,0,0,A,5000,9.32,0,0.12,0,4
4985,25,42288,RENT,2,0,0,1,0,1,0,0,0,0,B,5000,10.99,0,0.12,0,2
4994,22,43200,RENT,6,0,0,1,0,1,0,0,0,0,B,5000,12.69,0,0.12,0,2
5002,22,44004,RENT,2,0,0,1,0,1,0,0,0,0,A,5000,8.9,0,0.11,0,3
5021,22,45000,RENT,6,0,0,1,0,1,0,0,0,0,B,5000,11.36,0,0.11,0,4
5027,23,45000,RENT,0,0,0,1,0,1,0,0,0,0,A,5000,7.75,0,0.11,0,3
5034,22,46000,RENT,4,0,0,1,0,1,0,0,0,0,A,5000,7.88,0,0.11,0,2
5045,23,47000,RENT,4,0,0,1,0,1,0,0,0,0,B,5000,9.99,0,0.11,0,3
5046,26,47000,RENT,1,0,0,1,0,1,0,0,0,0,A,5000,7.14,0,0.11,0,4
5053,25,41496,RENT,7,0,0,1,0,1,0,0,0,0,B,5000,10.83,1,0.12,0,3
5075,24,48000,RENT,3,0,0,1,0,1,0,0,0,0,B,5000,11.89,0,0.1,0,2
5088,26,48996,RENT,5,0,0,1,0,1,0,0,0,0,A,5000,7.88,0,0.1,0,3
5093,24,49296,RENT,8,0,0,1,0,1,0,0,0,0,A,5000,7.88,0,0.1,0,4
5094,22,49560,RENT,5,0,0,1,0,1,0,0,0,0,B,5000,10.36,0,0.1,0,4
5098,24,44000,RENT,2,0,0,1,0,1,0,0,0,0,C,5000,15.23,1,0.11,0,2
5099,23,50000,RENT,7,0,0,1,0,1,0,0,0,0,B,5000,10.59,0,0.1,0,2
5103,26,55000,RENT,10,0,0,1,0,1,0,0,0,0,E,9000,16.7,0,0.16,0,3
5109,23,56000,RENT,7,0,0,1,0,1,0,0,0,0,C,9000,13.35,0,0.16,0,3
5116,23,57500,RENT,5,0,0,1,0,1,0,0,0,0,A,9000,6.91,0,0.16,0,2
5120,24,58000,RENT,6,0,0,1,0,1,0,0,0,0,A,9000,7.29,0,0.16,0,4
5121,24,58800,RENT,4,0,0,1,0,1,0,0,0,0,A,9000,,0,0.15,0,2
5128,26,60000,RENT,4,0,0,1,0,1,0,0,0,0,C,9000,12.68,0,0.15,0,4
5138,23,60000,RENT,0,0,0,1,0,1,0,0,0,0,C,9000,13.61,0,0.15,0,4
5140,22,60000,RENT,6,0,0,1,0,1,0,0,0,0,A,9000,7.14,0,0.15,0,4
5166,22,70000,RENT,4,0,0,1,0,1,0,0,0,0,B,9000,,0,0.13,0,2
5178,23,69000,RENT,8,0,0,1,0,1,0,0,0,0,B,9000,9.63,1,0.13,0,4
5186,25,80000,RENT,0,0,0,1,0,1,0,0,0,0,C,9000,,0,0.11,0,2
5206,23,92000,RENT,7,0,0,1,0,1,0,0,0,0,A,9000,6.92,0,0.1,0,2
5216,22,110500,RENT,2,0,0,1,0,1,0,0,0,0,A,9000,5.79,0,0.08,0,4
5222,23,140000,RENT,7,0,0,1,0,1,0,0,0,0,A,9000,7.14,0,0.06,0,3
5231,25,34600,RENT,0,0,0,1,0,1,0,0,0,0,A,8950,6.17,0,0.26,0,4
5239,23,23000,RENT,2,0,0,1,0,1,0,0,0,0,A,8875,8.9,1,0.39,0,2
5247,25,30000,RENT,1,0,0,1,0,1,0,0,0,0,A,8875,7.51,0,0.3,0,4
5255,22,47000,RENT,6,0,0,1,0,1,0,0,0,0,A,8800,7.49,0,0.19,0,4
5264,24,108000,RENT,6,0,0,1,0,1,0,0,0,0,B,8800,10.99,0,0.08,0,4
5272,23,50000,RENT,7,0,0,1,0,1,0,0,0,0,B,5000,11.86,0,0.1,0,4
5307,23,25000,RENT,2,0,0,1,0,1,0,0,0,0,A,8500,6.03,1,0.34,0,3
5315,22,26000,RENT,,0,0,1,0,1,0,0,0,0,A,8500,6.17,1,0.33,0,3
5319,22,27000,RENT,2,0,0,1,0,1,0,0,0,0,B,8500,12.21,1,0.31,0,2
5321,21,27120,RENT,0,0,0,1,0,1,0,0,0,0,A,8500,8.9,1,0.31,0,2
5329,23,30000,RENT,6,0,0,1,0,1,0,0,0,0,C,8500,13.49,0,0.28,0,2
5351,23,42000,RENT,0,0,0,1,0,1,0,0,0,0,A,8500,6.92,0,0.2,0,3
5352,22,42000,RENT,3,0,0,1,0,1,0,0,0,0,B,8500,12.53,0,0.2,0,4
5361,25,47000,RENT,1,0,0,1,0,1,0,0,0,0,A,8500,8.9,0,0.18,0,4
5365,24,49232,RENT,8,0,0,1,0,1,0,0,0,0,A,8500,6.54,0,0.17,0,4
5371,25,50000,RENT,7,0,0,1,0,1,0,0,0,0,E,8500,15.7,0,0.17,0,4
5382,25,62500,RENT,3,0,0,1,0,1,0,0,0,0,A,8500,7.88,0,0.14,0,4
5392,22,21040,RENT,,0,0,1,0,1,0,0,0,0,B,8450,11.71,1,0.4,0,4
5393,23,38500,RENT,1,0,0,1,0,1,0,0,0,0,B,8450,10.62,0,0.22,0,4
5398,22,25000,RENT,2,0,0,1,0,1,0,0,0,0,A,8400,6.62,1,0.34,0,2
5406,22,53000,RENT,6,0,0,1,0,1,0,0,0,0,B,5000,9.91,0,0.09,0,2
5407,22,53000,RENT,0,0,0,1,0,1,0,0,0,0,A,5000,7.9,0,0.09,0,4
5415,23,53760,RENT,0,0,0,1,0,1,0,0,0,0,C,5000,13.43,0,0.09,0,4
5416,26,54000,RENT,10,0,0,1,0,1,0,0,0,0,B,5000,10,0,0.09,0,2
5427,22,55000,RENT,6,0,0,1,0,1,0,0,0,0,A,5000,6.91,0,0.09,0,2
5440,23,56016,RENT,4,0,0,1,0,1,0,0,0,0,E,5000,15.13,0,0.09,0,3
5461,25,58800,RENT,4,0,0,1,0,1,0,0,0,0,D,5000,14.84,0,0.09,0,2
5472,23,60000,RENT,7,0,0,1,0,1,0,0,0,0,C,5000,13.49,0,0.08,0,2
5501,25,62000,RENT,0,0,0,1,0,1,0,0,0,0,A,5000,7.49,0,0.08,0,3
5509,24,63000,RENT,2,0,0,1,0,1,0,0,0,0,A,5000,9.32,0,0.08,0,4
5510,23,63800,RENT,7,0,0,1,0,1,0,0,0,0,B,5000,9.99,0,0.08,0,4
5520,22,65000,RENT,3,0,0,1,0,1,0,0,0,0,B,5000,11.49,0,0.08,0,3
5537,22,59004,RENT,3,0,0,1,0,1,0,0,0,0,B,5000,11.11,1,0.08,0,3
5549,24,67200,RENT,4,0,0,1,0,1,0,0,0,0,B,5000,,0,0.07,0,4
5561,25,70000,RENT,0,0,0,1,0,1,0,0,0,0,B,5000,11.71,0,0.07,0,3
5565,26,70000,RENT,3,0,0,1,0,1,0,0,0,0,E,5000,17.39,0,0.07,0,2
5587,23,75000,RENT,7,0,0,1,0,1,0,0,0,0,A,5000,7.49,0,0.07,0,3
5609,24,74000,RENT,6,0,0,1,0,1,0,0,0,0,C,5000,15.27,1,0.07,0,4
5626,23,85000,RENT,2,0,0,1,0,1,0,0,0,0,B,5000,11.58,0,0.06,0,4
5649,20,94000,RENT,4,0,0,1,0,1,0,0,0,0,D,5000,16.02,0,0.05,0,3
5651,23,95004,RENT,2,0,0,1,0,1,0,0,0,0,A,5000,9.63,0,0.05,0,4
5661,23,100000,RENT,5,0,0,1,0,1,0,0,0,0,A,5000,6.03,0,0.05,0,2
5671,23,106000,RENT,7,0,0,1,0,1,0,0,0,0,A,5000,7.88,0,0.05,0,2
5677,24,108000,RENT,8,0,0,1,0,1,0,0,0,0,B,5000,12.69,0,0.05,0,4
5680,23,108000,RENT,7,0,0,1,0,1,0,0,0,0,A,5000,7.66,0,0.05,0,4
5690,23,120000,RENT,2,0,0,1,0,1,0,0,0,0,A,5000,,0,0.04,0,4
5716,22,36850,RENT,3,0,0,1,0,1,0,0,0,0,B,5200,12.42,0,0.14,0,4
5720,23,24000,RENT,3,0,0,1,0,1,0,0,0,0,A,5250,7.66,1,0.22,0,3
5726,23,23340,RENT,8,0,0,1,0,1,0,0,0,0,A,5300,7.9,0,0.23,0,3
5729,25,26400,RENT,5,0,0,1,0,1,0,0,0,0,A,5300,8.49,0,0.2,0,3
5732,25,30000,RENT,1,0,0,1,0,1,0,0,0,0,C,5300,15.27,0,0.18,0,3
5738,22,65000,RENT,3,0,0,1,0,1,0,0,0,0,A,5300,6.62,0,0.08,0,3
5750,26,24000,RENT,3,0,0,1,0,1,0,0,0,0,B,5400,11.49,0,0.23,0,3
5753,23,26400,RENT,7,0,0,1,0,1,0,0,0,0,B,5400,10.38,0,0.2,0,2
5764,22,45000,RENT,4,0,0,1,0,1,0,0,0,0,A,5400,7.29,0,0.12,0,2
5765,25,54000,RENT,9,0,0,1,0,1,0,0,0,0,A,5400,7.88,0,0.1,0,3
5779,22,22718,RENT,3,0,0,1,0,1,0,0,0,0,B,5425,11.99,0,0.24,0,2
5784,26,83004,RENT,7,0,0,1,0,1,0,0,0,0,A,5450,7.9,0,0.07,0,4
5788,22,12000,RENT,5,0,0,1,0,1,0,0,0,0,B,5500,10.36,1,0.46,0,4
5800,23,21600,RENT,3,0,0,1,0,1,0,0,0,0,B,5500,9.25,0,0.25,0,4
5805,23,22000,RENT,1,0,0,1,0,1,0,0,0,0,C,5500,13.04,0,0.25,0,4
5816,23,25200,RENT,1,0,0,1,0,1,0,0,0,0,A,5500,7.9,0,0.22,0,2
5827,25,30000,RENT,2,0,0,1,0,1,0,0,0,0,A,5500,8,0,0.18,0,4
5841,24,33900,RENT,3,0,0,1,0,1,0,0,0,0,D,5500,17.58,0,0.16,0,2
5858,23,40440,RENT,0,0,0,1,0,1,0,0,0,0,C,5500,12.73,0,0.14,0,4
5864,22,44400,RENT,2,0,0,1,0,1,0,0,0,0,C,5500,12.73,0,0.12,0,4
5868,22,45000,RENT,3,0,0,1,0,1,0,0,0,0,B,5500,10.38,0,0.12,0,2
5869,22,48000,RENT,3,0,0,1,0,1,0,0,0,0,B,5500,11.49,0,0.11,0,4
5871,23,48880,RENT,2,0,0,1,0,1,0,0,0,0,B,5500,10.99,0,0.11,0,3
5882,22,56000,RENT,7,0,0,1,0,1,0,0,0,0,A,5500,9.38,0,0.1,0,3
5887,21,59000,RENT,1,0,0,1,0,1,0,0,0,0,A,5500,5.42,0,0.09,0,2
5896,24,62472,RENT,2,0,0,1,0,1,0,0,0,0,C,5500,12.73,0,0.09,0,2
5897,24,64000,RENT,3,0,0,1,0,1,0,0,0,0,B,5500,10.75,0,0.09,0,4
5898,24,72000,RENT,8,0,0,1,0,1,0,0,0,0,B,5500,9.91,0,0.08,0,3
5901,26,90000,RENT,0,0,0,1,0,1,0,0,0,0,B,5525,11.36,0,0.06,0,4
5947,25,36276,RENT,0,0,0,1,0,1,0,0,0,0,B,5600,9.99,0,0.15,0,4
5956,23,40000,RENT,7,0,0,1,0,1,0,0,0,0,C,5600,13.8,0,0.14,0,3
5974,23,50004,RENT,3,0,0,1,0,1,0,0,0,0,B,5600,10.59,0,0.11,0,4
5978,22,52800,RENT,3,0,0,1,0,1,0,0,0,0,A,5600,7.29,0,0.11,0,3
5984,24,56000,RENT,8,0,0,1,0,1,0,0,0,0,A,5600,6.03,0,0.1,0,3
5988,23,56880,RENT,7,0,0,1,0,1,0,0,0,0,B,5600,,0,0.1,0,2
6017,25,81600,RENT,2,0,0,1,0,1,0,0,0,0,A,5600,5.99,0,0.07,0,4
6030,23,67200,RENT,7,0,0,1,0,1,0,0,0,0,C,5650,13.47,0,0.08,0,2
6034,22,35000,RENT,1,0,0,1,0,1,0,0,0,0,C,5700,12.99,0,0.16,0,3
6035,22,37000,RENT,4,0,0,1,0,1,0,0,0,0,A,5700,5.42,0,0.15,0,4
6044,22,45900,RENT,3,0,0,1,0,1,0,0,0,0,A,5750,8.94,0,0.13,0,3
6047,25,85000,RENT,9,0,0,1,0,1,0,0,0,0,A,5750,7.29,0,0.07,0,4
6048,22,95000,RENT,0,0,0,1,0,1,0,0,0,0,A,5750,,0,0.06,0,3
6056,22,20400,RENT,2,0,0,1,0,1,0,0,0,0,A,5800,8.94,0,0.28,0,4
6084,25,19200,RENT,5,0,0,1,0,1,0,0,0,0,D,5875,14.11,1,0.31,0,3
6087,23,56000,RENT,3,0,0,1,0,1,0,0,0,0,D,5875,14.54,0,0.1,0,2
6088,21,14400,RENT,2,0,0,1,0,1,0,0,0,0,B,5900,12.42,1,0.41,0,3
6090,23,30000,RENT,5,0,0,1,0,1,0,0,0,0,A,5900,7.88,0,0.2,0,2
6103,24,14880,RENT,2,0,0,1,0,1,0,0,0,0,B,6000,10,1,0.4,0,3
6105,22,15000,RENT,3,0,0,1,0,1,0,0,0,0,D,6000,14.59,1,0.4,0,4
6120,23,19000,RENT,2,0,0,1,0,1,0,0,0,0,C,6000,10.59,1,0.32,0,2
6122,24,19200,RENT,0,0,0,1,0,1,0,0,0,0,B,6000,10.59,1,0.31,0,3
6139,21,22600,RENT,3,0,0,1,0,1,0,0,0,0,C,6000,12.23,0,0.27,0,4
6145,23,22884,RENT,8,0,0,1,0,1,0,0,0,0,B,6000,11.49,0,0.26,0,3
6146,21,23000,RENT,5,0,0,1,0,1,0,0,0,0,B,6000,10.95,0,0.26,0,2
6157,23,24000,RENT,4,0,0,1,0,1,0,0,0,0,A,6000,5.42,0,0.25,0,4
6171,21,24996,RENT,3,0,0,1,0,1,0,0,0,0,B,6000,11.83,0,0.24,0,3
6177,26,25000,RENT,5,0,0,1,0,1,0,0,0,0,A,6000,8,0,0.24,0,2
6185,21,25200,RENT,2,0,0,1,0,1,0,0,0,0,A,6000,7.49,0,0.24,0,3
6203,23,27000,RENT,6,0,0,1,0,1,0,0,0,0,C,6000,11.66,0,0.22,0,3
6218,23,28000,RENT,0,0,0,1,0,1,0,0,0,0,A,6000,9.63,0,0.21,0,4
6233,23,29820,RENT,0,0,0,1,0,1,0,0,0,0,C,6000,14.22,0,0.2,0,3
6236,22,30000,RENT,1,0,0,1,0,1,0,0,0,0,B,6000,10.65,0,0.2,0,2
6237,22,30000,RENT,7,0,0,1,0,1,0,0,0,0,C,6000,14.27,1,0.2,0,3
6244,22,30000,RENT,6,0,0,1,0,1,0,0,0,0,A,6000,7.51,0,0.2,0,4
6251,24,30000,RENT,3,0,0,1,0,1,0,0,0,0,B,6000,11.71,0,0.2,0,4
6257,23,30000,RENT,0,0,0,1,0,1,0,0,0,0,A,6000,8.49,0,0.2,0,3
6275,22,31200,RENT,4,0,0,1,0,1,0,0,0,0,C,6000,13.22,0,0.19,0,2
6277,22,31680,RENT,6,0,0,1,0,1,0,0,0,0,B,6000,11.12,0,0.19,0,4
6300,22,33650,RENT,1,0,0,1,0,1,0,0,0,0,D,6000,12.86,1,0.18,0,4
6315,23,29000,RENT,5,0,0,1,0,1,0,0,0,0,A,6000,7.88,1,0.21,0,3
6317,22,35000,RENT,7,0,0,1,0,1,0,0,0,0,B,6000,,0,0.17,0,2
6320,23,35004,RENT,1,0,0,1,0,1,0,0,0,0,B,6000,,0,0.17,0,2
6331,25,35392,RENT,9,0,0,1,0,1,0,0,0,0,A,6000,7.4,0,0.17,0,3
6340,22,30000,RENT,7,0,0,1,0,1,0,0,0,0,C,6000,14.79,1,0.2,0,4
6347,22,36000,RENT,6,0,0,1,0,1,0,0,0,0,B,6000,10,0,0.17,0,3
6350,22,36000,RENT,4,0,0,1,0,1,0,0,0,0,B,6000,10.36,0,0.17,0,3
6355,22,36000,RENT,6,0,0,1,0,1,0,0,0,0,B,6000,10.75,0,0.17,0,3
6357,21,36000,RENT,2,0,0,1,0,1,0,0,0,0,B,6000,11.86,0,0.17,0,3
6379,23,36100,RENT,0,0,0,1,0,1,0,0,0,0,B,6000,9.88,0,0.17,0,2
6381,21,36450,RENT,0,0,0,1,0,1,0,0,0,0,A,6000,8.63,0,0.16,0,3
6382,22,36628,RENT,4,0,0,1,0,1,0,0,0,0,B,6000,11.86,0,0.16,0,4
6383,25,36852,RENT,1,0,0,1,0,1,0,0,0,0,B,6000,12.42,0,0.16,0,2
6388,22,37000,RENT,5,0,0,1,0,1,0,0,0,0,B,6000,11.83,0,0.16,0,4
6401,23,38000,RENT,5,0,0,1,0,1,0,0,0,0,B,6000,10.46,0,0.16,0,2
6414,21,39000,RENT,4,0,0,1,0,1,0,0,0,0,B,6000,10.38,0,0.15,0,3
6415,22,33000,RENT,2,0,0,1,0,1,0,0,0,0,D,6000,,1,0.18,0,4
6416,22,39000,RENT,1,0,0,1,0,1,0,0,0,0,A,6000,8,0,0.15,0,3
6421,23,39996,RENT,0,0,0,1,0,1,0,0,0,0,C,6000,11.66,0,0.15,0,3
6429,24,40000,RENT,3,0,0,1,0,1,0,0,0,0,A,6000,6.62,0,0.15,0,3
6432,25,40000,RENT,0,0,0,1,0,1,0,0,0,0,A,6000,7.66,0,0.15,0,3
6433,26,40000,RENT,4,0,0,1,0,1,0,0,0,0,B,6000,,0,0.15,0,2
6437,23,40000,RENT,3,0,0,1,0,1,0,0,0,0,A,6000,5.79,0,0.15,0,4
6449,21,40000,RENT,1,0,0,1,0,1,0,0,0,0,B,6000,10.08,0,0.15,0,3
6452,24,41000,RENT,3,0,0,1,0,1,0,0,0,0,A,6000,8.9,0,0.15,0,3
6457,24,41004,RENT,8,0,0,1,0,1,0,0,0,0,A,6000,7.68,0,0.15,0,4
6466,26,42000,RENT,3,0,0,1,0,1,0,0,0,0,A,6000,7.29,0,0.14,0,2
6477,22,42000,RENT,7,0,0,1,0,1,0,0,0,0,A,6000,,0,0.14,0,3
6488,25,44000,RENT,1,0,0,1,0,1,0,0,0,0,B,6000,12.69,0,0.14,0,4
6495,26,45000,RENT,1,0,0,1,0,1,0,0,0,0,B,6000,9.91,0,0.13,0,2
6502,23,39000,RENT,1,0,0,1,0,1,0,0,0,0,D,6000,15.99,1,0.15,0,3
6508,24,45000,RENT,5,0,0,1,0,1,0,0,0,0,B,6000,,0,0.13,0,3
6512,26,45000,RENT,3,0,0,1,0,1,0,0,0,0,A,6000,5.79,0,0.13,0,2
6534,21,46200,RENT,5,0,0,1,0,1,0,0,0,0,A,6000,,0,0.13,0,4
6536,23,46443,RENT,7,0,0,1,0,1,0,0,0,0,A,6000,7.9,0,0.13,0,4
6539,25,46500,RENT,1,0,0,1,0,1,0,0,0,0,B,6000,8.88,0,0.13,0,2
6549,23,41500,RENT,3,0,0,1,0,1,0,0,0,0,E,6000,16.7,1,0.14,0,2
6554,24,48000,RENT,0,0,0,1,0,1,0,0,0,0,A,6000,,0,0.13,0,3
6570,26,48000,RENT,0,0,0,1,0,1,0,0,0,0,A,6000,8.59,0,0.13,0,4
6574,23,48000,RENT,3,0,0,1,0,1,0,0,0,0,B,6000,11.89,0,0.13,0,3
6587,21,49200,RENT,4,0,0,1,0,1,0,0,0,0,C,6000,13.72,0,0.12,0,3
6643,24,53000,RENT,0,0,0,1,0,1,0,0,0,0,B,6000,11.49,0,0.11,0,2
6645,22,53819,RENT,2,0,0,1,0,1,0,0,0,0,A,6000,7.42,0,0.11,0,3
6650,24,54000,RENT,2,0,0,1,0,1,0,0,0,0,A,6000,7.14,0,0.11,0,3
6666,22,55000,RENT,2,0,0,1,0,1,0,0,0,0,A,6000,8.9,0,0.11,0,3
6669,22,55000,RENT,6,0,0,1,0,1,0,0,0,0,A,6000,6.62,0,0.11,0,2
6671,23,55000,RENT,7,0,0,1,0,1,0,0,0,0,B,6000,10.99,0,0.11,0,2
6675,22,55000,RENT,7,0,0,1,0,1,0,0,0,0,B,6000,9.25,0,0.11,0,3
6680,21,55000,RENT,3,0,0,1,0,1,0,0,0,0,B,6000,10.99,0,0.11,0,3
6686,23,56000,RENT,6,0,0,1,0,1,0,0,0,0,A,6000,7.49,0,0.11,0,4
6703,22,52800,RENT,6,0,0,1,0,1,0,0,0,0,C,6000,11.97,1,0.11,0,2
6709,23,59785,RENT,2,0,0,1,0,1,0,0,0,0,A,6000,8.94,0,0.1,0,3
6713,22,60000,RENT,5,0,0,1,0,1,0,0,0,0,B,6000,11.49,0,0.1,0,4
6735,25,61000,RENT,9,0,0,1,0,1,0,0,0,0,A,6000,,0,0.1,0,4
6737,22,61104,RENT,6,0,0,1,0,1,0,0,0,0,B,6000,,0,0.1,0,4
6740,21,62000,RENT,2,0,0,1,0,1,0,0,0,0,B,6000,10.25,0,0.1,0,4
6745,22,26124,RENT,2,0,0,1,0,1,0,0,0,0,A,7125,5.79,0,0.27,0,2
6758,22,30500,RENT,0,0,0,1,0,1,0,0,0,0,A,7025,6.54,1,0.23,0,4
6762,22,15090,RENT,0,0,0,1,0,1,0,0,0,0,A,7000,8.94,1,0.46,0,4
6763,21,15600,RENT,,0,0,1,0,1,0,0,0,0,A,7000,7.51,1,0.45,0,2
6770,23,18500,RENT,,0,0,1,0,1,0,0,0,0,A,7000,7.66,1,0.38,0,4
6800,21,25000,RENT,1,0,0,1,0,1,0,0,0,0,B,7000,12.69,0,0.28,0,2
6807,23,65000,RENT,7,0,0,1,0,1,0,0,0,0,C,6000,15.23,0,0.09,0,3
6808,23,65000,RENT,2,0,0,1,0,1,0,0,0,0,B,6000,11.99,0,0.09,0,2
6817,23,65000,RENT,0,0,0,1,0,1,0,0,0,0,A,6000,9.63,0,0.09,0,3
6821,22,65100,RENT,3,0,0,1,0,1,0,0,0,0,E,6000,16.2,0,0.09,0,4
6822,22,66000,RENT,4,0,0,1,0,1,0,0,0,0,B,6000,9.99,0,0.09,0,4
6843,23,70000,RENT,4,0,0,1,0,1,0,0,0,0,A,6000,7.49,0,0.09,0,2
6847,25,70000,RENT,9,0,0,1,0,1,0,0,0,0,B,6000,9.25,0,0.09,0,4
6851,23,70000,RENT,4,0,0,1,0,1,0,0,0,0,B,6000,11.49,0,0.09,0,4
6852,22,70000,RENT,0,0,0,1,0,1,0,0,0,0,B,6000,11.89,0,0.09,0,2
6865,21,72000,RENT,3,0,0,1,0,1,0,0,0,0,A,6000,5.42,0,0.08,0,4
6866,24,72000,RENT,3,0,0,1,0,1,0,0,0,0,A,6000,7.66,0,0.08,0,3
6880,23,74000,RENT,7,0,0,1,0,1,0,0,0,0,A,6000,5.79,0,0.08,0,3
6901,22,80000,RENT,1,0,0,1,0,1,0,0,0,0,A,6000,,0,0.07,0,2
6917,23,83954,RENT,7,0,0,1,0,1,0,0,0,0,A,6000,,0,0.07,0,2
6928,21,86000,RENT,5,0,0,1,0,1,0,0,0,0,B,6000,10,0,0.07,0,4
6938,22,75000,RENT,6,0,0,1,0,1,0,0,0,0,B,6000,,1,0.08,0,2
6964,22,100000,RENT,6,0,0,1,0,1,0,0,0,0,B,6000,11.99,0,0.06,0,4
6971,22,105500,RENT,6,0,0,1,0,1,0,0,0,0,B,6000,11.99,0,0.06,0,4
6980,26,125000,RENT,3,0,0,1,0,1,0,0,0,0,B,6000,12.53,0,0.05,0,2
6985,23,42000,RENT,7,0,0,1,0,1,0,0,0,0,B,6025,9.63,0,0.14,0,4
6999,26,20000,RENT,9,0,0,1,0,1,0,0,0,0,A,6200,5.99,1,0.31,0,4
7007,22,40000,RENT,2,0,0,1,0,1,0,0,0,0,B,6200,12.69,0,0.15,0,3
7009,22,45000,RENT,7,0,0,1,0,1,0,0,0,0,C,6200,13.79,0,0.14,0,3
7012,22,46200,RENT,5,0,0,1,0,1,0,0,0,0,B,6200,12.42,0,0.13,0,3
7026,26,69000,RENT,7,0,0,1,0,1,0,0,0,0,A,6200,7.88,0,0.09,0,3
7044,21,21000,RENT,2,0,0,1,0,1,0,0,0,0,C,6250,13.85,0,0.3,0,3
7050,23,24000,RENT,0,0,0,1,0,1,0,0,0,0,B,6250,12.53,0,0.26,0,3
7085,24,60000,RENT,5,0,0,1,0,1,0,0,0,0,A,7000,6.54,0,0.12,0,4
7089,22,60000,RENT,3,0,0,1,0,1,0,0,0,0,A,7000,6.91,0,0.12,0,2
7094,24,60000,RENT,0,0,0,1,0,1,0,0,0,0,A,7000,9.32,0,0.12,0,3
7112,22,64000,RENT,6,0,0,1,0,1,0,0,0,0,A,7000,5.79,0,0.11,0,3
7119,22,65000,RENT,7,0,0,1,0,1,0,0,0,0,D,7000,15.99,0,0.11,0,3
7124,26,65000,RENT,3,0,0,1,0,1,0,0,0,0,A,7000,,0,0.11,0,2
7125,23,65000,RENT,7,0,0,1,0,1,0,0,0,0,B,7000,10.75,0,0.11,0,4
7136,23,66000,RENT,2,0,0,1,0,1,0,0,0,0,A,7000,7.66,0,0.11,0,3
7138,22,66000,RENT,0,0,0,1,0,1,0,0,0,0,B,7000,9.99,0,0.11,0,4
7141,24,60000,RENT,8,0,0,1,0,1,0,0,0,0,A,7000,7.51,1,0.12,0,4
7146,25,67000,RENT,3,0,0,1,0,1,0,0,0,0,A,7000,8.94,0,0.1,0,4
7149,23,67752,RENT,3,0,0,1,0,1,0,0,0,0,A,7000,6.62,0,0.1,0,4
7172,22,75000,RENT,5,0,0,1,0,1,0,0,0,0,B,7000,10.99,0,0.09,0,2
7175,22,76000,RENT,6,0,0,1,0,1,0,0,0,0,B,7000,11.12,0,0.09,0,2
7187,24,82000,RENT,8,0,0,1,0,1,0,0,0,0,B,7000,10,0,0.09,0,4
7197,23,83236,RENT,6,0,0,1,0,1,0,0,0,0,A,7000,6.92,0,0.08,0,2
7204,26,85000,RENT,10,0,0,1,0,1,0,0,0,0,B,7000,12.42,0,0.08,0,4
7236,23,111000,RENT,7,0,0,1,0,1,0,0,0,0,A,7000,8,0,0.06,0,3
7248,22,28000,RENT,0,0,0,1,0,1,0,0,0,0,C,6975,12.29,0,0.25,0,4
7251,23,30000,RENT,0,0,0,1,0,1,0,0,0,0,C,6300,14.35,0,0.21,0,4
7255,21,42504,RENT,0,0,0,1,0,1,0,0,0,0,A,6300,6.99,0,0.15,0,3
7262,25,54503,RENT,9,0,0,1,0,1,0,0,0,0,A,6300,7.51,0,0.12,0,2
7270,25,44000,RENT,4,0,0,1,0,1,0,0,0,0,A,6375,,0,0.14,0,2
7276,21,21000,RENT,6,0,0,1,0,1,0,0,0,0,B,6500,11.89,1,0.31,0,4
7284,24,24000,RENT,0,0,0,1,0,1,0,0,0,0,B,6500,11.36,0,0.27,0,2
7302,22,31000,RENT,2,0,0,1,0,1,0,0,0,0,A,6500,8.32,0,0.21,0,3
7304,23,32000,RENT,0,0,0,1,0,1,0,0,0,0,A,6500,7.88,0,0.2,0,4
7307,23,33000,RENT,0,0,0,1,0,1,0,0,0,0,A,6500,7.51,0,0.2,0,2
7331,22,42000,RENT,2,0,0,1,0,1,0,0,0,0,A,6500,5.99,0,0.15,0,2
7335,21,43000,RENT,5,0,0,1,0,1,0,0,0,0,C,6500,12.73,0,0.15,0,3
7347,22,53000,RENT,2,0,0,1,0,1,0,0,0,0,B,6500,10.65,0,0.12,0,4
7349,22,59000,RENT,2,0,0,1,0,1,0,0,0,0,B,6500,10.95,0,0.11,0,3
7371,25,84000,RENT,4,0,0,1,0,1,0,0,0,0,B,6500,11.89,0,0.08,0,4
7377,24,91700,RENT,1,0,0,1,0,1,0,0,0,0,B,6500,9.88,0,0.07,0,3
7387,24,86000,RENT,8,0,0,1,0,1,0,0,0,0,A,6575,6.99,0,0.08,0,3
7390,23,21888,RENT,8,0,0,1,0,1,0,0,0,0,B,6600,11.11,0,0.3,0,2
7391,26,29000,RENT,11,0,0,1,0,1,0,0,0,0,A,6600,,0,0.23,0,3
7394,23,34800,RENT,6,0,0,1,0,1,0,0,0,0,A,6600,7.49,0,0.19,0,3
7404,23,48000,RENT,3,0,0,1,0,1,0,0,0,0,B,6600,11.11,0,0.14,0,2
7429,23,16800,RENT,7,0,0,1,0,1,0,0,0,0,A,6625,6.03,1,0.39,0,3
7432,26,28000,RENT,8,0,0,1,0,1,0,0,0,0,D,6625,12.92,0,0.24,0,2
7442,22,12000,RENT,0,0,0,1,0,1,0,0,0,0,A,6700,7.66,1,0.56,0,4
7459,26,41000,RENT,4,0,0,1,0,1,0,0,0,0,A,6750,5.99,0,0.16,0,3
7464,23,27600,RENT,6,0,0,1,0,1,0,0,0,0,A,6800,8.9,0,0.25,0,3
7468,25,28800,RENT,8,0,0,1,0,1,0,0,0,0,B,6800,9.63,0,0.24,0,3
7485,26,53000,RENT,4,0,0,1,0,1,0,0,0,0,B,6800,9.91,0,0.13,0,4
7497,22,55000,RENT,2,0,0,1,0,1,0,0,0,0,B,6800,11.99,0,0.12,0,2
7508,22,77182,RENT,6,0,0,1,0,1,0,0,0,0,C,6800,13.22,0,0.09,0,3
7522,21,24000,RENT,0,0,0,1,0,1,0,0,0,0,B,6400,10.95,0,0.27,0,3
7523,23,25000,RENT,0,0,0,1,0,1,0,0,0,0,C,6400,12.84,0,0.26,0,3
7528,23,30000,RENT,2,0,0,1,0,1,0,0,0,0,A,6400,6.99,0,0.21,0,4
7552,23,32000,RENT,4,0,0,1,0,1,0,0,0,0,A,6400,8.9,0,0.2,0,4
7559,23,35000,RENT,2,0,0,1,0,1,0,0,0,0,C,6400,,0,0.18,0,4
7577,22,46300,RENT,1,0,0,1,0,1,0,0,0,0,A,6400,,0,0.14,0,4
7588,23,50000,RENT,6,0,0,1,0,1,0,0,0,0,E,6400,20.2,0,0.13,0,2
7593,25,55000,RENT,0,0,0,1,0,1,0,0,0,0,B,6400,10.71,0,0.12,0,3
7603,22,62758,RENT,2,0,0,1,0,1,0,0,0,0,A,6400,8.49,0,0.1,0,3
7614,22,72000,RENT,5,0,0,1,0,1,0,0,0,0,A,6400,6.91,0,0.09,0,2
7621,24,76800,RENT,0,0,0,1,0,1,0,0,0,0,A,6400,7.51,0,0.08,0,3
7640,26,87360,RENT,1,0,0,1,0,1,0,0,0,0,C,6800,12.99,0,0.08,0,3
7651,22,60000,RENT,1,0,0,1,0,1,0,0,0,0,A,6850,7.14,0,0.11,0,2
7663,21,25000,RENT,6,0,0,1,0,1,0,0,0,0,B,6925,11.71,0,0.28,0,3
7684,21,27600,RENT,5,0,0,1,0,1,0,0,0,0,A,7000,5.99,0,0.25,0,2
7692,23,28000,RENT,4,0,0,1,0,1,0,0,0,0,B,7000,10.62,0,0.25,0,2
7719,25,31000,RENT,9,0,0,1,0,1,0,0,0,0,A,7000,7.51,0,0.23,0,4
7720,26,31000,RENT,6,0,0,1,0,1,0,0,0,0,A,7000,,0,0.23,0,2
7721,25,31200,RENT,2,0,0,1,0,1,0,0,0,0,A,7000,7.88,0,0.22,0,2
7722,22,31221,RENT,4,0,0,1,0,1,0,0,0,0,B,7000,11.83,0,0.22,0,4
7736,23,33000,RENT,0,0,0,1,0,1,0,0,0,0,A,7000,6.62,0,0.21,0,2
7760,23,35000,RENT,0,0,0,1,0,1,0,0,0,0,B,7000,10.99,0,0.2,0,3
7769,22,29654,RENT,3,0,0,1,0,1,0,0,0,0,C,7000,14.22,1,0.24,0,3
7771,23,36000,RENT,1,0,0,1,0,1,0,0,0,0,A,7000,7.9,0,0.19,0,4
7773,23,36000,RENT,3,0,0,1,0,1,0,0,0,0,B,7000,9.99,0,0.19,0,3
7795,26,38000,RENT,5,0,0,1,0,1,0,0,0,0,A,7000,7.51,0,0.18,0,3
7806,22,40000,RENT,2,0,0,1,0,1,0,0,0,0,B,7000,11.99,0,0.17,0,4
7808,21,40000,RENT,3,0,0,1,0,1,0,0,0,0,D,7000,14.46,0,0.17,0,3
7810,22,40000,RENT,1,0,0,1,0,1,0,0,0,0,B,7000,11.14,0,0.17,0,4
7813,24,34000,RENT,0,0,0,1,0,1,0,0,0,0,E,7000,17.04,1,0.21,0,2
7823,21,41000,RENT,5,0,0,1,0,1,0,0,0,0,A,7000,5.79,0,0.17,0,3
7835,22,42000,RENT,2,0,0,1,0,1,0,0,0,0,C,7000,14.27,0,0.17,0,2
7848,23,42000,RENT,2,0,0,1,0,1,0,0,0,0,A,7000,7.88,0,0.17,0,3
7850,22,42000,RENT,4,0,0,1,0,1,0,0,0,0,A,7000,8.63,0,0.17,0,4
7856,23,43000,RENT,7,0,0,1,0,1,0,0,0,0,E,7000,,0,0.16,0,4
7871,23,44500,RENT,2,0,0,1,0,1,0,0,0,0,A,7000,8,0,0.16,0,2
7884,21,45000,RENT,2,0,0,1,0,1,0,0,0,0,A,7000,7.51,0,0.16,0,4
7886,25,45000,RENT,9,0,0,1,0,1,0,0,0,0,B,7000,10.99,0,0.16,0,2
7893,25,46000,RENT,5,0,0,1,0,1,0,0,0,0,B,7000,10.25,0,0.15,0,3
7894,23,46000,RENT,1,0,0,1,0,1,0,0,0,0,A,7000,7.4,0,0.15,0,4
7912,23,48000,RENT,6,0,0,1,0,1,0,0,0,0,A,7000,8.94,0,0.15,0,3
7930,23,50000,RENT,3,0,0,1,0,1,0,0,0,0,A,7000,7.51,0,0.14,0,4
7934,23,50000,RENT,2,0,0,1,0,1,0,0,0,0,A,7000,9.32,0,0.14,0,3
7943,23,52000,RENT,3,0,0,1,0,1,0,0,0,0,B,7000,10.65,0,0.13,0,2
7948,21,52000,RENT,5,0,0,1,0,1,0,0,0,0,A,7000,7.49,0,0.13,0,4
7949,26,52000,RENT,11,0,0,1,0,1,0,0,0,0,A,7000,7.88,0,0.13,0,3
7964,24,49000,RENT,8,0,0,1,0,1,0,0,0,0,A,7000,7.49,1,0.14,0,3
7969,23,85000,RENT,0,0,0,1,0,1,0,0,0,0,B,7000,10.74,0,0.08,0,3
7971,25,89000,RENT,4,0,0,1,0,1,0,0,0,0,B,7000,10.99,0,0.08,0,3
7973,23,89000,RENT,7,0,0,1,0,1,0,0,0,0,C,7000,,0,0.08,0,3
7991,23,25000,RENT,0,0,0,1,0,1,0,0,0,0,C,7200,12.68,0,0.29,0,4
7994,23,25200,RENT,7,0,0,1,0,1,0,0,0,0,B,7200,11.86,1,0.29,0,4
8006,21,32000,RENT,5,0,0,1,0,1,0,0,0,0,A,7200,5.42,0,0.23,0,4
8027,24,37200,RENT,8,0,0,1,0,1,0,0,0,0,A,7200,7.9,0,0.19,0,2
8028,24,37245,RENT,9,0,0,1,0,1,0,0,0,0,A,7200,8.9,0,0.19,0,4
8037,25,40000,RENT,1,0,0,1,0,1,0,0,0,0,B,7200,9.88,0,0.18,0,4
8039,24,41000,RENT,3,0,0,1,0,1,0,0,0,0,B,7200,12.53,0,0.18,0,2
8041,21,42000,RENT,6,0,0,1,0,1,0,0,0,0,A,7200,5.42,0,0.17,0,4
8052,22,48000,RENT,5,0,0,1,0,1,0,0,0,0,B,7200,12.42,0,0.15,0,4
8073,25,52000,RENT,3,0,0,1,0,1,0,0,0,0,B,7200,12.69,0,0.14,0,3
8075,24,54600,RENT,2,0,0,1,0,1,0,0,0,0,C,7200,12.53,0,0.13,0,2
8079,24,54996,RENT,8,0,0,1,0,1,0,0,0,0,B,7200,,0,0.13,0,3
8085,22,59000,RENT,2,0,0,1,0,1,0,0,0,0,A,7200,8,0,0.12,0,3
8093,23,60000,RENT,5,0,0,1,0,1,0,0,0,0,C,7200,13.22,0,0.12,0,4
8098,21,61490,RENT,5,0,0,1,0,1,0,0,0,0,B,7200,10.99,0,0.12,0,3
8101,25,63000,RENT,9,0,0,1,0,1,0,0,0,0,A,7200,7.88,0,0.11,0,3
8104,25,67500,RENT,2,0,0,1,0,1,0,0,0,0,A,7200,7.88,0,0.11,0,4
8106,23,62000,RENT,3,0,0,1,0,1,0,0,0,0,A,7200,7.9,1,0.12,0,3
8107,23,68400,RENT,7,0,0,1,0,1,0,0,0,0,C,7200,14.72,0,0.11,0,2
8109,25,71604,RENT,0,0,0,1,0,1,0,0,0,0,B,7200,10.95,0,0.1,0,4
8115,26,76668,RENT,10,0,0,1,0,1,0,0,0,0,A,7200,9.63,0,0.09,0,3
8163,21,50000,RENT,4,0,0,1,0,1,0,0,0,0,B,7300,11.71,0,0.15,0,3
8166,25,53600,RENT,1,0,0,1,0,1,0,0,0,0,A,7300,8,0,0.14,0,4
8167,23,96000,RENT,7,0,0,1,0,1,0,0,0,0,A,7300,8.49,0,0.08,0,4
8175,23,42000,RENT,4,0,0,1,0,1,0,0,0,0,B,7400,,0,0.18,0,3
8176,25,42000,RENT,0,0,0,1,0,1,0,0,0,0,E,7400,16.32,1,0.18,0,4
8179,25,57996,RENT,5,0,0,1,0,1,0,0,0,0,B,7400,10.36,0,0.13,0,2
8184,22,34359,RENT,6,0,0,1,0,1,0,0,0,0,A,7475,9.63,0,0.22,0,2
8185,21,12720,RENT,1,0,0,1,0,1,0,0,0,0,A,7500,7.05,1,0.59,0,4
8197,24,23196,RENT,1,0,0,1,0,1,0,0,0,0,D,7500,13.24,1,0.32,0,2
8207,21,27600,RENT,4,0,0,1,0,1,0,0,0,0,A,7500,6.76,0,0.27,0,4
8211,24,30000,RENT,8,0,0,1,0,1,0,0,0,0,A,7500,5.79,0,0.25,0,2
8214,21,30000,RENT,5,0,0,1,0,1,0,0,0,0,B,7500,11.83,0,0.25,0,4
8220,22,31875,RENT,3,0,0,1,0,1,0,0,0,0,C,7500,13.11,0,0.24,0,2
8222,22,33000,RENT,2,0,0,1,0,1,0,0,0,0,B,7500,,0,0.23,0,4
8242,22,36750,RENT,6,0,0,1,0,1,0,0,0,0,D,7500,14.84,0,0.2,0,3
8279,22,42500,RENT,0,0,0,1,0,1,0,0,0,0,A,7500,7.9,0,0.18,0,2
8297,22,45600,RENT,6,0,0,1,0,1,0,0,0,0,C,7500,,0,0.16,0,4
8310,25,48659,RENT,4,0,0,1,0,1,0,0,0,0,B,7500,,0,0.15,0,4
8335,22,51000,RENT,6,0,0,1,0,1,0,0,0,0,C,7500,,0,0.15,0,4
8337,25,53000,RENT,0,0,0,1,0,1,0,0,0,0,B,7500,10.39,0,0.14,0,4
8338,24,55000,RENT,0,0,0,1,0,1,0,0,0,0,A,7500,6.03,0,0.14,0,3
8343,21,55000,RENT,1,0,0,1,0,1,0,0,0,0,A,7500,7.88,0,0.14,0,2
8351,23,57000,RENT,8,0,0,1,0,1,0,0,0,0,C,7500,11.97,0,0.13,0,4
8358,23,59000,RENT,7,0,0,1,0,1,0,0,0,0,A,7500,6.54,0,0.13,0,2
8377,21,61000,RENT,3,0,0,1,0,1,0,0,0,0,B,7500,10.39,0,0.12,0,2
8382,26,66000,RENT,2,0,0,1,0,1,0,0,0,0,A,7500,6.62,0,0.11,0,2
8390,23,68000,RENT,1,0,0,1,0,1,0,0,0,0,B,7500,11.49,0,0.11,0,3
8407,21,72000,RENT,1,0,0,1,0,1,0,0,0,0,C,7500,13.22,0,0.1,0,3
8409,22,72000,RENT,3,0,0,1,0,1,0,0,0,0,C,7500,11.41,0,0.1,0,3
8411,23,75000,RENT,4,0,0,1,0,1,0,0,0,0,B,7500,11.83,0,0.1,0,2
8428,23,90000,RENT,7,0,0,1,0,1,0,0,0,0,C,7500,11.03,0,0.08,0,4
8438,23,116700,RENT,2,0,0,1,0,1,0,0,0,0,C,7500,,0,0.06,0,4
8445,26,230000,RENT,0,0,0,1,0,1,0,0,0,0,A,7500,8,0,0.03,0,2
8447,26,50000,RENT,3,0,0,1,0,1,0,0,0,0,B,7525,11.49,0,0.15,0,2
8461,22,49000,RENT,0,0,0,1,0,1,0,0,0,0,D,7600,15.62,1,0.16,0,4
8474,22,23400,RENT,,0,0,1,0,1,0,0,0,0,A,7700,5.99,1,0.33,0,2
8527,23,43955,RENT,7,0,0,1,0,1,0,0,0,0,D,7800,15.62,0,0.18,0,3
8566,24,20000,RENT,5,0,0,1,0,1,0,0,0,0,B,8000,10.99,1,0.4,0,4
8587,24,22100,RENT,4,0,0,1,0,1,0,0,0,0,C,8000,13.23,1,0.36,0,2
8595,22,24000,RENT,0,0,0,1,0,1,0,0,0,0,A,8000,,1,0.33,0,2
8607,22,25000,RENT,6,0,0,1,0,1,0,0,0,0,B,8000,11.36,1,0.32,0,2
8613,22,26000,RENT,0,0,0,1,0,1,0,0,0,0,B,8000,11.99,1,0.31,0,4
8617,21,27024,RENT,4,0,0,1,0,1,0,0,0,0,A,8000,8.49,0,0.3,0,3
8627,21,28000,RENT,3,0,0,1,0,1,0,0,0,0,B,8000,10.99,1,0.29,0,2
8636,22,28800,RENT,6,0,0,1,0,1,0,0,0,0,B,8000,11.49,0,0.28,0,2
8647,23,30000,RENT,2,0,0,1,0,1,0,0,0,0,B,8000,12.42,0,0.27,0,2
8648,26,30000,RENT,0,0,0,1,0,1,0,0,0,0,B,8000,9.91,1,0.27,0,2
8675,21,30000,RENT,5,0,0,1,0,1,0,0,0,0,B,8000,,0,0.27,0,2
8690,22,32400,RENT,6,0,0,1,0,1,0,0,0,0,A,8000,7.9,0,0.25,0,2
8706,24,35000,RENT,8,0,0,1,0,1,0,0,0,0,A,8000,6.03,0,0.23,0,2
8711,22,35000,RENT,5,0,0,1,0,1,0,0,0,0,A,8000,7.29,0,0.23,0,2
8716,23,29000,RENT,7,0,0,1,0,1,0,0,0,0,C,8000,12.73,1,0.28,0,3
8722,22,35000,RENT,1,0,0,1,0,1,0,0,0,0,B,8000,9.2,0,0.23,0,3
8730,23,36000,RENT,0,0,0,1,0,1,0,0,0,0,A,8000,7.51,0,0.22,0,2
8738,22,36000,RENT,4,0,0,1,0,1,0,0,0,0,D,8000,15.33,0,0.22,0,2
8748,22,30996,RENT,6,0,0,1,0,1,0,0,0,0,A,8000,7.14,1,0.26,0,4
8750,22,37000,RENT,0,0,0,1,0,1,0,0,0,0,A,8000,8.94,0,0.22,0,2
8756,23,37440,RENT,8,0,0,1,0,1,0,0,0,0,E,8000,14.18,0,0.21,0,2
8782,22,38400,RENT,6,0,0,1,0,1,0,0,0,0,A,8000,7.88,0,0.21,0,4
8800,22,40000,RENT,2,0,0,1,0,1,0,0,0,0,C,8000,12.99,0,0.2,0,2
8803,23,40000,RENT,3,0,0,1,0,1,0,0,0,0,B,8000,11.49,0,0.2,0,3
8814,22,40000,RENT,2,0,0,1,0,1,0,0,0,0,B,8000,12.18,0,0.2,0,4
8835,24,42000,RENT,2,0,0,1,0,1,0,0,0,0,B,8000,,0,0.19,0,4
8847,25,42000,RENT,3,0,0,1,0,1,0,0,0,0,A,8000,,0,0.19,0,4
8863,22,43200,RENT,2,0,0,1,0,1,0,0,0,0,A,8000,5.99,0,0.19,0,3
8873,26,45000,RENT,5,0,0,1,0,1,0,0,0,0,D,8000,18.25,0,0.18,0,2
8889,25,45000,RENT,1,0,0,1,0,1,0,0,0,0,C,8000,13.47,0,0.18,0,4
8893,22,45996,RENT,2,0,0,1,0,1,0,0,0,0,A,8000,7.51,0,0.17,0,3
8900,24,40000,RENT,5,0,0,1,0,1,0,0,0,0,B,8000,9.88,1,0.2,0,2
8906,22,47000,RENT,0,0,0,1,0,1,0,0,0,0,B,8000,12.18,0,0.17,0,4
8927,25,48000,RENT,4,0,0,1,0,1,0,0,0,0,C,8000,14.35,0,0.17,0,2
8935,25,49244,RENT,3,0,0,1,0,1,0,0,0,0,A,8000,8,0,0.16,0,3
8940,23,50000,RENT,0,0,0,1,0,1,0,0,0,0,C,8000,14.27,0,0.16,0,4
8941,22,50000,RENT,2,0,0,1,0,1,0,0,0,0,A,8000,6.62,0,0.16,0,3
8942,23,50000,RENT,4,0,0,1,0,1,0,0,0,0,A,8000,6.62,0,0.16,0,3
8950,23,50000,RENT,0,0,0,1,0,1,0,0,0,0,A,8000,7.49,0,0.16,0,4
8954,21,44000,RENT,6,0,0,1,0,1,0,0,0,0,D,8000,15.21,1,0.18,0,2
8966,24,50000,RENT,0,0,0,1,0,1,0,0,0,0,A,8000,7.74,0,0.16,0,4
8984,26,52000,RENT,3,0,0,1,0,1,0,0,0,0,B,8000,10.25,0,0.15,0,4
8988,24,52000,RENT,1,0,0,1,0,1,0,0,0,0,C,8000,11.78,0,0.15,0,3
8989,23,46000,RENT,2,0,0,1,0,1,0,0,0,0,D,8000,11.86,1,0.17,0,3
8997,25,53000,RENT,9,0,0,1,0,1,0,0,0,0,C,8000,12.23,0,0.15,0,3
9023,23,55000,RENT,4,0,0,1,0,1,0,0,0,0,B,8000,9.25,0,0.15,0,2
9027,22,49000,RENT,1,0,0,1,0,1,0,0,0,0,A,8000,6.91,1,0.16,0,2
9039,23,56000,RENT,1,0,0,1,0,1,0,0,0,0,B,8000,10,0,0.14,0,3
9048,23,57750,RENT,3,0,0,1,0,1,0,0,0,0,A,8000,7.49,0,0.14,0,3
9054,23,58000,RENT,4,0,0,1,0,1,0,0,0,0,B,8000,10.37,0,0.14,0,4
9065,22,60000,RENT,2,0,0,1,0,1,0,0,0,0,B,8000,10,0,0.13,0,4
9074,23,60000,RENT,3,0,0,1,0,1,0,0,0,0,B,8000,10.25,0,0.13,0,3
9081,23,60000,RENT,2,0,0,1,0,1,0,0,0,0,A,8000,8.94,0,0.13,0,3
9085,21,60000,RENT,2,0,0,1,0,1,0,0,0,0,B,8000,11.26,0,0.13,0,3
9120,26,28000,RENT,6,0,0,1,0,1,0,0,0,0,B,5100,11.89,0,0.18,0,4
9130,24,53000,RENT,5,0,0,1,0,1,0,0,0,0,A,5100,7.9,0,0.1,0,2
9176,26,16800,RENT,0,0,0,1,0,1,0,0,0,0,B,5000,,1,0.3,0,4
9185,23,18000,RENT,0,0,0,1,0,1,0,0,0,0,A,5000,8.59,1,0.28,0,4
9223,24,21648,RENT,8,0,0,1,0,1,0,0,0,0,A,5000,6.99,0,0.23,0,3
9233,23,22944,RENT,7,0,0,1,0,1,0,0,0,0,B,5000,11.11,0,0.22,0,3
9236,24,23000,RENT,2,0,0,1,0,1,0,0,0,0,B,5000,,0,0.22,0,4
9243,22,24000,RENT,4,0,0,1,0,1,0,0,0,0,D,5000,16.49,0,0.21,0,4
9246,21,24000,RENT,5,0,0,1,0,1,0,0,0,0,B,5000,,0,0.21,0,4
9251,25,24000,RENT,3,0,0,1,0,1,0,0,0,0,A,5000,6.92,0,0.21,0,4
9264,21,24996,RENT,2,0,0,1,0,1,0,0,0,0,E,5000,16.45,1,0.2,0,4
9271,23,25000,RENT,1,0,0,1,0,1,0,0,0,0,B,5000,10.99,0,0.2,0,4
9279,23,25000,RENT,8,0,0,1,0,1,0,0,0,0,B,5000,10.62,0,0.2,0,3
9293,23,26400,RENT,3,0,0,1,0,1,0,0,0,0,D,5000,15.99,0,0.19,0,3
9315,22,27360,RENT,5,0,0,1,0,1,0,0,0,0,A,5000,7.51,0,0.18,0,2
9342,23,65000,RENT,2,0,0,1,0,1,0,0,0,0,A,8000,6.62,0,0.12,0,4
9344,24,65000,RENT,3,0,0,1,0,1,0,0,0,0,B,8000,12.69,0,0.12,0,3
9351,22,65000,RENT,7,0,0,1,0,1,0,0,0,0,A,8000,6.54,0,0.12,0,4
9388,22,70000,RENT,6,0,0,1,0,1,0,0,0,0,A,8000,6.99,0,0.11,0,2
9391,23,70000,RENT,4,0,0,1,0,1,0,0,0,0,D,8000,16.02,0,0.11,0,2
9393,22,70000,RENT,0,0,0,1,0,1,0,0,0,0,A,8000,7.66,0,0.11,0,4
9404,22,72000,RENT,2,0,0,1,0,1,0,0,0,0,A,8000,7.9,0,0.11,0,4
9419,26,74000,RENT,2,0,0,1,0,1,0,0,0,0,C,8000,13.92,0,0.11,0,3
9440,23,80000,RENT,5,0,0,1,0,1,0,0,0,0,A,8000,7.9,0,0.1,0,3
9478,26,90000,RENT,3,0,0,1,0,1,0,0,0,0,C,8000,14.27,0,0.09,0,3
9480,22,90000,RENT,0,0,0,1,0,1,0,0,0,0,A,8000,7.49,0,0.09,0,3
9505,24,97000,RENT,3,0,0,1,0,1,0,0,0,0,D,8000,15.31,0,0.08,0,3
9530,25,120000,RENT,1,0,0,1,0,1,0,0,0,0,B,8000,,0,0.07,0,3
9554,22,30000,RENT,1,0,0,1,0,1,0,0,0,0,B,8050,12.69,1,0.27,0,2
9555,22,48000,RENT,6,0,0,1,0,1,0,0,0,0,B,8050,10,0,0.17,0,2
9561,21,25000,RENT,0,0,0,1,0,1,0,0,0,0,A,8125,7.9,1,0.33,0,3
9563,23,30000,RENT,4,0,0,1,0,1,0,0,0,0,C,8125,12.68,0,0.27,0,3
9577,22,150000,RENT,2,0,0,1,0,1,0,0,0,0,A,8200,6.99,0,0.05,0,3
9578,21,25200,RENT,1,0,0,1,0,1,0,0,0,0,A,8250,7.49,1,0.33,0,4
9590,23,26000,RENT,4,0,0,1,0,1,0,0,0,0,B,8300,9.99,1,0.32,0,4
9592,22,45020,RENT,6,0,0,1,0,1,0,0,0,0,B,8300,10.99,0,0.18,0,4
9602,21,30000,RENT,5,0,0,1,0,1,0,0,0,0,A,8400,6.03,0,0.28,0,3
9608,22,32000,RENT,3,0,0,1,0,1,0,0,0,0,B,8400,11.49,0,0.26,0,4
9622,23,30000,RENT,1,0,0,1,0,1,0,0,0,0,A,8400,,1,0.28,0,3
9623,24,36100,RENT,3,0,0,1,0,1,0,0,0,0,B,8400,11.26,0,0.23,0,4
9625,22,41000,RENT,0,0,0,1,0,1,0,0,0,0,A,8400,8.94,0,0.2,0,2
9638,24,45000,RENT,1,0,0,1,0,1,0,0,0,0,A,8400,7.9,0,0.19,0,3
9652,23,52000,RENT,2,0,0,1,0,1,0,0,0,0,A,8400,6.17,0,0.16,0,3
9660,25,55000,RENT,0,0,0,1,0,1,0,0,0,0,C,8400,13.72,0,0.15,0,3
9696,24,75000,RENT,1,0,0,1,0,1,0,0,0,0,B,8400,12.69,0,0.11,0,4
9717,23,66000,RENT,3,0,0,1,0,1,0,0,0,0,A,8550,7.88,0,0.13,0,4
9733,23,60626,RENT,4,0,0,1,0,1,0,0,0,0,A,8625,7.9,0,0.14,0,4
9737,23,28000,RENT,0,0,0,1,0,1,0,0,0,0,A,8700,6.03,1,0.31,0,2
9757,22,46104,RENT,4,0,0,1,0,1,0,0,0,0,A,8775,7.29,0,0.19,0,2
9785,22,30000,RENT,2,0,0,1,0,1,0,0,0,0,B,9000,,0,0.3,0,3
9787,26,30000,RENT,8,0,0,1,0,1,0,0,0,0,A,9000,5.99,1,0.3,0,2
9801,21,33000,RENT,5,0,0,1,0,1,0,0,0,0,B,9000,12.69,0,0.27,0,3
9802,22,33000,RENT,6,0,0,1,0,1,0,0,0,0,B,9000,11.99,0,0.27,0,4
9810,26,34320,RENT,2,0,0,1,0,1,0,0,0,0,A,9000,6.62,1,0.26,0,2
9811,23,29000,RENT,2,0,0,1,0,1,0,0,0,0,B,9000,11.71,1,0.31,0,2
9818,23,36000,RENT,3,0,0,1,0,1,0,0,0,0,B,9000,9.99,0,0.25,0,2
9825,24,30000,RENT,0,0,0,1,0,1,0,0,0,0,D,9000,15.58,1,0.3,0,3
9847,23,33359,RENT,2,0,0,1,0,1,0,0,0,0,A,9000,,1,0.27,0,4
9852,22,40000,RENT,2,0,0,1,0,1,0,0,0,0,B,9000,10.59,0,0.23,0,4
9874,21,36140,RENT,5,0,0,1,0,1,0,0,0,0,A,9000,8.94,1,0.25,0,2
9882,23,43200,RENT,0,0,0,1,0,1,0,0,0,0,A,9000,6.17,0,0.21,0,3
9888,23,45000,RENT,7,0,0,1,0,1,0,0,0,0,B,9000,10.65,0,0.2,0,2
9891,23,45000,RENT,4,0,0,1,0,1,0,0,0,0,A,9000,5.99,0,0.2,0,3
9897,22,45000,RENT,0,0,0,1,0,1,0,0,0,0,B,9000,11.48,0,0.2,0,4
9912,24,46704,RENT,2,0,0,1,0,1,0,0,0,0,B,9000,11.49,0,0.19,0,4
9914,22,47840,RENT,0,0,0,1,0,1,0,0,0,0,C,9000,12.53,0,0.19,0,4
9929,26,50004,RENT,0,0,0,1,0,1,0,0,0,0,A,9000,6.17,0,0.18,0,4
9936,23,51000,RENT,2,0,0,1,0,1,0,0,0,0,B,9000,10.99,0,0.18,0,2
9938,22,51000,RENT,4,0,0,1,0,1,0,0,0,0,D,9000,15.33,0,0.18,0,4
9943,26,51840,RENT,9,0,0,1,0,1,0,0,0,0,A,9000,8,0,0.17,0,4
9952,21,52000,RENT,0,0,0,1,0,1,0,0,0,0,B,9000,11.83,0,0.17,0,4
9968,25,55000,RENT,9,0,0,1,0,1,0,0,0,0,B,9000,10.99,0,0.16,0,4
9994,22,50000,RENT,0,0,0,1,0,1,0,0,0,0,A,9200,6.92,0,0.18,0,4
9995,23,50000,RENT,5,0,0,1,0,1,0,0,0,0,E,9200,15.68,0,0.18,0,2
10006,22,63000,RENT,5,0,0,1,0,1,0,0,0,0,A,9225,5.99,0,0.15,0,4
10012,25,24996,RENT,2,0,0,1,0,1,0,0,0,0,A,9250,8.59,1,0.37,0,4
10040,23,40000,RENT,7,0,0,1,0,1,0,0,0,0,D,9250,16.07,0,0.23,0,2
10051,22,50000,RENT,4,0,0,1,0,1,0,0,0,0,A,9350,7.49,0,0.19,0,3
10059,26,45500,RENT,2,0,0,1,0,1,0,0,0,0,B,9400,9.91,0,0.21,0,2
10064,23,50400,RENT,5,0,0,1,0,1,0,0,0,0,B,9400,9.99,0,0.19,0,4
10093,23,41000,RENT,5,0,0,1,0,1,0,0,0,0,A,9500,7.88,0,0.23,0,2
10094,23,44064,RENT,0,0,0,1,0,1,0,0,0,0,B,9500,11.26,0,0.22,0,2
10096,25,46500,RENT,5,0,0,1,0,1,0,0,0,0,A,9500,6.76,0,0.2,0,3
10109,26,54011,RENT,10,0,0,1,0,1,0,0,0,0,D,9500,16.29,0,0.18,0,2
10115,25,57000,RENT,2,0,0,1,0,1,0,0,0,0,A,9500,6.17,0,0.17,0,4
10131,22,21600,RENT,0,0,0,1,0,1,0,0,0,0,A,9600,7.49,1,0.44,0,2
10132,23,22000,RENT,3,0,0,1,0,1,0,0,0,0,C,9600,13.16,1,0.44,0,2
10143,21,28800,RENT,1,0,0,1,0,1,0,0,0,0,B,9600,10.37,1,0.33,0,3
10157,22,35000,RENT,1,0,0,1,0,1,0,0,0,0,B,9600,11.99,0,0.27,0,4
10189,22,45000,RENT,2,0,0,1,0,1,0,0,0,0,C,9600,12.73,0,0.21,0,3
10192,23,45000,RENT,2,0,0,1,0,1,0,0,0,0,B,9600,10.25,0,0.21,0,2
10205,23,50000,RENT,2,0,0,1,0,1,0,0,0,0,C,9600,14.26,0,0.19,0,3
10223,25,49000,RENT,10,0,0,1,0,1,0,0,0,0,A,9600,7.51,1,0.2,0,2
10250,26,59000,RENT,3,0,0,1,0,1,0,0,0,0,A,9600,7.49,1,0.16,0,3
10259,24,69996,RENT,1,0,0,1,0,1,0,0,0,0,B,9600,11.71,0,0.14,0,4
10261,26,64000,RENT,0,0,0,1,0,1,0,0,0,0,C,9600,11.97,1,0.15,0,4
10270,22,72576,RENT,7,0,0,1,0,1,0,0,0,0,A,9600,7.29,0,0.13,0,3
10283,26,80000,RENT,4,0,0,1,0,1,0,0,0,0,A,9600,,0,0.12,0,2
10285,25,80000,RENT,2,0,0,1,0,1,0,0,0,0,B,9600,12.21,0,0.12,0,4
10288,25,83000,RENT,3,0,0,1,0,1,0,0,0,0,B,9600,10.99,0,0.12,0,2
10294,24,85392,RENT,9,0,0,1,0,1,0,0,0,0,A,9600,7.29,0,0.11,0,3
10311,26,120640,RENT,0,0,0,1,0,1,0,0,0,0,C,9600,14.22,0,0.08,0,4
10324,25,30000,RENT,1,0,0,1,0,1,0,0,0,0,A,9950,8.49,1,0.33,0,4
10335,22,20000,RENT,2,0,0,1,0,1,0,0,0,0,A,10000,7.49,1,0.5,0,4
10336,22,20008,RENT,2,0,0,1,0,1,0,0,0,0,B,10000,10.95,1,0.5,0,2
10337,21,21000,RENT,2,0,0,1,0,1,0,0,0,0,B,10000,11.71,1,0.48,0,2
10361,21,24000,RENT,5,0,0,1,0,1,0,0,0,0,A,10000,,1,0.42,0,2
10398,23,25920,RENT,4,0,0,1,0,1,0,0,0,0,D,10000,15.58,1,0.39,0,2
10413,22,26400,RENT,1,0,0,1,0,1,0,0,0,0,A,10000,7.49,1,0.38,0,3
10424,22,27376,RENT,0,0,0,1,0,1,0,0,0,0,C,10000,10.28,1,0.37,0,3
10426,22,28000,RENT,6,0,0,1,0,1,0,0,0,0,A,10000,5.42,1,0.36,0,3
10445,23,30000,RENT,7,0,0,1,0,1,0,0,0,0,C,10000,13.99,1,0.33,0,2
10462,22,30000,RENT,4,0,0,1,0,1,0,0,0,0,B,10000,11.86,1,0.33,0,2
10465,22,30000,RENT,4,0,0,1,0,1,0,0,0,0,C,10000,14.35,1,0.33,0,3
10496,25,30720,RENT,6,0,0,1,0,1,0,0,0,0,B,10000,10.37,1,0.33,0,2
10531,21,32400,RENT,1,0,0,1,0,1,0,0,0,0,B,10000,11.48,1,0.31,0,2
10541,23,33000,RENT,4,0,0,1,0,1,0,0,0,0,C,10000,14.65,0,0.3,0,3
10542,23,33000,RENT,4,0,0,1,0,1,0,0,0,0,B,10000,11.99,0,0.3,0,4
10548,23,33280,RENT,2,0,0,1,0,1,0,0,0,0,A,10000,7.51,0,0.3,0,4
10558,22,33600,RENT,3,0,0,1,0,1,0,0,0,0,B,10000,10.25,0,0.3,0,3
10564,21,34000,RENT,5,0,0,1,0,1,0,0,0,0,B,10000,9.91,0,0.29,0,4
10569,26,34995,RENT,4,0,0,1,0,1,0,0,0,0,A,10000,7.88,0,0.29,0,2
10577,23,35000,RENT,1,0,0,1,0,1,0,0,0,0,A,10000,5.79,0,0.29,0,2
10595,25,35364,RENT,0,0,0,1,0,1,0,0,0,0,A,10000,9.32,0,0.28,0,3
10615,24,36000,RENT,3,0,0,1,0,1,0,0,0,0,A,10000,5.99,0,0.28,0,3
10622,22,36000,RENT,3,0,0,1,0,1,0,0,0,0,C,10000,14.72,0,0.28,0,2
10629,21,36000,RENT,3,0,0,1,0,1,0,0,0,0,B,10000,10.62,0,0.28,0,3
10642,23,36000,RENT,0,0,0,1,0,1,0,0,0,0,A,10000,8.59,0,0.28,0,2
10650,22,36396,RENT,4,0,0,1,0,1,0,0,0,0,A,10000,5.42,0,0.27,0,3
10654,22,36996,RENT,5,0,0,1,0,1,0,0,0,0,A,10000,7.51,0,0.27,0,4
10660,22,37000,RENT,2,0,0,1,0,1,0,0,0,0,A,10000,8.59,0,0.27,0,2
10662,22,37200,RENT,2,0,0,1,0,1,0,0,0,0,A,10000,6.92,0,0.27,0,3
10672,24,38000,RENT,6,0,0,1,0,1,0,0,0,0,B,10000,,0,0.26,0,4
10676,25,38000,RENT,1,0,0,1,0,1,0,0,0,0,A,10000,7.49,0,0.26,0,4
10691,22,38004,RENT,3,0,0,1,0,1,0,0,0,0,B,10000,10.75,0,0.26,0,2
10696,23,32400,RENT,7,0,0,1,0,1,0,0,0,0,A,10000,8.49,1,0.31,0,3
10697,21,38400,RENT,5,0,0,1,0,1,0,0,0,0,A,10000,7.66,0,0.26,0,4
10718,22,39580,RENT,3,0,0,1,0,1,0,0,0,0,B,10000,9.99,0,0.25,0,2
10726,21,39996,RENT,2,0,0,1,0,1,0,0,0,0,A,10000,8.59,0,0.25,0,4
10735,22,40000,RENT,2,0,0,1,0,1,0,0,0,0,B,10000,,0,0.25,0,4
10739,23,40000,RENT,7,0,0,1,0,1,0,0,0,0,C,10000,,0,0.25,0,2
10757,22,40000,RENT,7,0,0,1,0,1,0,0,0,0,B,10000,10.37,0,0.25,0,2
10760,23,34000,RENT,7,0,0,1,0,1,0,0,0,0,B,10000,10.36,1,0.29,0,4
10761,21,40000,RENT,5,0,0,1,0,1,0,0,0,0,A,10000,,0,0.25,0,2
10762,23,40000,RENT,3,0,0,1,0,1,0,0,0,0,B,10000,10.75,0,0.25,0,4
10769,22,40000,RENT,2,0,0,1,0,1,0,0,0,0,A,10000,7.14,0,0.25,0,4
10776,25,40000,RENT,0,0,0,1,0,1,0,0,0,0,B,10000,12.18,0,0.25,0,3
10783,26,40000,RENT,2,0,0,1,0,1,0,0,0,0,A,10000,9.63,0,0.25,0,4
10789,22,40000,RENT,0,0,0,1,0,1,0,0,0,0,A,10000,8,0,0.25,0,4
10793,24,41000,RENT,4,0,0,1,0,1,0,0,0,0,A,10000,6.99,0,0.24,0,4
10803,22,42000,RENT,1,0,0,1,0,1,0,0,0,0,B,10000,12.42,0,0.24,0,4
10812,22,42000,RENT,4,0,0,1,0,1,0,0,0,0,B,10000,10.99,0,0.24,0,4
10813,22,42000,RENT,3,0,0,1,0,1,0,0,0,0,A,10000,6.92,0,0.24,0,2
10823,24,42000,RENT,2,0,0,1,0,1,0,0,0,0,A,10000,7.88,0,0.24,0,3
10831,26,43000,RENT,4,0,0,1,0,1,0,0,0,0,C,10000,14.65,0,0.23,0,4
10834,24,43000,RENT,8,0,0,1,0,1,0,0,0,0,A,10000,5.79,0,0.23,0,2
10835,25,43000,RENT,4,0,0,1,0,1,0,0,0,0,A,10000,7.66,0,0.23,0,3
10838,23,43000,RENT,1,0,0,1,0,1,0,0,0,0,B,10000,9.25,0,0.23,0,3
10852,22,44000,RENT,5,0,0,1,0,1,0,0,0,0,D,10000,15.95,0,0.23,0,4
10860,22,45000,RENT,4,0,0,1,0,1,0,0,0,0,B,10000,10.65,0,0.22,0,3
10870,23,45000,RENT,7,0,0,1,0,1,0,0,0,0,A,10000,6.62,0,0.22,0,4
10874,22,45000,RENT,2,0,0,1,0,1,0,0,0,0,A,10000,7.51,0,0.22,0,3
10888,24,45000,RENT,1,0,0,1,0,1,0,0,0,0,A,10000,6.54,0,0.22,0,3
10891,22,45000,RENT,4,0,0,1,0,1,0,0,0,0,A,10000,7.51,0,0.22,0,2
10900,21,45000,RENT,3,0,0,1,0,1,0,0,0,0,B,10000,10.25,0,0.22,0,2
10911,21,45000,RENT,5,0,0,1,0,1,0,0,0,0,B,10000,,0,0.22,0,2
10928,23,30000,RENT,0,0,0,1,0,1,0,0,0,0,B,4275,11.86,0,0.14,0,4
10954,24,46256,RENT,7,0,0,1,0,1,0,0,0,0,B,10000,11.48,0,0.22,0,3
10959,21,30000,RENT,0,0,0,1,0,1,0,0,0,0,A,4200,6.92,0,0.14,0,4
10980,25,40000,RENT,2,0,0,1,0,1,0,0,0,0,B,4200,9.63,0,0.1,0,2
10984,24,42000,RENT,9,0,0,1,0,1,0,0,0,0,A,4200,7.9,0,0.1,0,2
11001,26,53000,RENT,11,0,0,1,0,1,0,0,0,0,C,4200,14.22,0,0.08,0,4
11033,23,20000,RENT,0,0,0,1,0,1,0,0,0,0,C,4100,13.49,0,0.2,0,4
11051,24,54000,RENT,3,0,0,1,0,1,0,0,0,0,A,4025,6.76,0,0.07,0,2
11090,25,48000,RENT,2,0,0,1,0,1,0,0,0,0,B,10000,11.86,0,0.21,0,3
11096,26,48000,RENT,1,0,0,1,0,1,0,0,0,0,A,10000,8.94,0,0.21,0,4
11100,23,48000,RENT,1,0,0,1,0,1,0,0,0,0,C,10000,12.84,0,0.21,0,4
11112,22,48996,RENT,4,0,0,1,0,1,0,0,0,0,C,10000,12.87,0,0.2,0,2
11128,23,50000,RENT,5,0,0,1,0,1,0,0,0,0,A,10000,7.51,0,0.2,0,3
11132,23,50000,RENT,3,0,0,1,0,1,0,0,0,0,B,10000,9.91,0,0.2,0,3
11136,21,50000,RENT,1,0,0,1,0,1,0,0,0,0,A,10000,6.03,0,0.2,0,4
11148,25,50000,RENT,6,0,0,1,0,1,0,0,0,0,A,10000,7.49,0,0.2,0,3
11149,22,50000,RENT,6,0,0,1,0,1,0,0,0,0,B,10000,10.99,0,0.2,0,2
11159,23,50000,RENT,5,0,0,1,0,1,0,0,0,0,B,10000,9.63,0,0.2,0,3
11160,23,50000,RENT,0,0,0,1,0,1,0,0,0,0,A,10000,6.92,0,0.2,0,2
11192,22,50000,RENT,4,0,0,1,0,1,0,0,0,0,A,10000,9.32,0,0.2,0,2
11194,23,50004,RENT,7,0,0,1,0,1,0,0,0,0,A,10000,6.17,0,0.2,0,4
11209,24,51000,RENT,1,0,0,1,0,1,0,0,0,0,B,10000,11.83,0,0.2,0,2
11216,22,51360,RENT,4,0,0,1,0,1,0,0,0,0,D,10000,,0,0.19,0,2
11224,24,52000,RENT,3,0,0,1,0,1,0,0,0,0,B,10000,12.42,0,0.19,0,2
11226,25,52000,RENT,9,0,0,1,0,1,0,0,0,0,D,10000,,0,0.19,0,2
11244,21,53000,RENT,5,0,0,1,0,1,0,0,0,0,A,10000,7.51,0,0.19,0,4
11253,22,53500,RENT,2,0,0,1,0,1,0,0,0,0,B,10000,9.99,0,0.19,0,3
11262,26,54000,RENT,6,0,0,1,0,1,0,0,0,0,A,10000,7.9,0,0.19,0,2
11293,23,55000,RENT,0,0,0,1,0,1,0,0,0,0,B,10000,10.59,0,0.18,0,2
11294,23,55000,RENT,4,0,0,1,0,1,0,0,0,0,B,10000,10.37,0,0.18,0,4
11299,23,55000,RENT,7,0,0,1,0,1,0,0,0,0,A,10000,5.79,0,0.18,0,3
11317,24,56000,RENT,2,0,0,1,0,1,0,0,0,0,A,10000,6.03,0,0.18,0,4
11337,22,51000,RENT,6,0,0,1,0,1,0,0,0,0,A,10000,5.42,1,0.2,0,4
11343,21,57996,RENT,3,0,0,1,0,1,0,0,0,0,B,10000,9.25,0,0.17,0,4
11344,23,57996,RENT,7,0,0,1,0,1,0,0,0,0,C,10000,13.23,0,0.17,0,3
11361,24,59000,RENT,1,0,0,1,0,1,0,0,0,0,A,10000,,0,0.17,0,4
11415,21,60000,RENT,5,0,0,1,0,1,0,0,0,0,B,10000,12.18,0,0.17,0,2
11422,23,60000,RENT,3,0,0,1,0,1,0,0,0,0,E,10000,,0,0.17,0,2
11423,23,54000,RENT,1,0,0,1,0,1,0,0,0,0,D,10000,14.42,1,0.19,0,3
11428,22,54000,RENT,6,0,0,1,0,1,0,0,0,0,C,10000,13.79,1,0.19,0,4
11441,23,62000,RENT,3,0,0,1,0,1,0,0,0,0,C,10000,13.49,0,0.16,0,4
11448,22,43200,RENT,6,0,0,1,0,1,0,0,0,0,B,4000,11.11,0,0.09,0,2
11450,24,44000,RENT,1,0,0,1,0,1,0,0,0,0,B,4000,8.7,0,0.09,0,2
11454,22,44700,RENT,0,0,0,1,0,1,0,0,0,0,C,4000,13.99,0,0.09,0,3
11473,23,45000,RENT,7,0,0,1,0,1,0,0,0,0,D,4000,14.96,0,0.09,0,4
11479,21,45000,RENT,0,0,0,1,0,1,0,0,0,0,C,4000,,0,0.09,0,3
11494,22,62322,RENT,7,0,0,1,0,1,0,0,0,0,B,10000,,0,0.16,0,2
11495,22,62364,RENT,2,0,0,1,0,1,0,0,0,0,B,10000,10.99,0,0.16,0,2
11496,25,62366,RENT,8,0,0,1,0,1,0,0,0,0,A,10000,8.94,0,0.16,0,2
11526,23,65000,RENT,0,0,0,1,0,1,0,0,0,0,B,10000,11.49,0,0.15,0,4
11528,21,65000,RENT,1,0,0,1,0,1,0,0,0,0,B,10000,9.99,0,0.15,0,2
11537,23,59000,RENT,3,0,0,1,0,1,0,0,0,0,D,10000,15.58,1,0.17,0,3
11538,22,65000,RENT,2,0,0,1,0,1,0,0,0,0,B,10000,9.88,0,0.15,0,2
11545,25,65000,RENT,0,0,0,1,0,1,0,0,0,0,B,10000,10.95,0,0.15,0,2
11577,26,68000,RENT,3,0,0,1,0,1,0,0,0,0,D,10000,15.05,0,0.15,0,4
11588,24,70000,RENT,1,0,0,1,0,1,0,0,0,0,B,10000,11.71,0,0.14,0,2
11590,22,70000,RENT,4,0,0,1,0,1,0,0,0,0,B,10000,12.69,0,0.14,0,4
11597,23,70000,RENT,4,0,0,1,0,1,0,0,0,0,A,10000,,0,0.14,0,3
11602,24,70000,RENT,0,0,0,1,0,1,0,0,0,0,A,10000,7.29,0,0.14,0,4
11617,24,70000,RENT,1,0,0,1,0,1,0,0,0,0,B,10000,9.88,0,0.14,0,2
11620,23,64000,RENT,7,0,0,1,0,1,0,0,0,0,A,10000,,1,0.16,0,4
11627,23,71496,RENT,7,0,0,1,0,1,0,0,0,0,A,10000,7.51,0,0.14,0,2
11650,25,72345,RENT,10,0,0,1,0,1,0,0,0,0,C,10000,12.99,0,0.14,0,4
11680,26,75000,RENT,4,0,0,1,0,1,0,0,0,0,A,10000,7.49,0,0.13,0,4
11707,22,75000,RENT,2,0,0,1,0,1,0,0,0,0,B,10000,11.26,0,0.13,0,4
11710,23,76000,RENT,3,0,0,1,0,1,0,0,0,0,D,10000,15.37,0,0.13,0,3
11719,23,78204,RENT,0,0,0,1,0,1,0,0,0,0,A,10000,7.49,0,0.13,0,2
11731,22,80000,RENT,5,0,0,1,0,1,0,0,0,0,C,10000,14.27,0,0.13,0,2
11739,26,80000,RENT,2,0,0,1,0,1,0,0,0,0,A,10000,8.49,0,0.13,0,4
11755,24,80004,RENT,3,0,0,1,0,1,0,0,0,0,A,10000,6.62,0,0.12,0,2
11757,25,80004,RENT,5,0,0,1,0,1,0,0,0,0,B,10000,9.62,0,0.12,0,4
11765,24,82632,RENT,0,0,0,1,0,1,0,0,0,0,B,10000,12.21,0,0.12,0,4
11776,22,83200,RENT,3,0,0,1,0,1,0,0,0,0,D,10000,16.29,0,0.12,0,4
11815,23,73000,RENT,0,0,0,1,0,1,0,0,0,0,D,10000,14.11,1,0.14,0,3
11818,26,85500,RENT,0,0,0,1,0,1,0,0,0,0,A,10000,,0,0.12,0,2
11819,26,86000,RENT,4,0,0,1,0,1,0,0,0,0,C,10000,13.49,0,0.12,0,3
11821,22,87000,RENT,4,0,0,1,0,1,0,0,0,0,B,10000,11.26,0,0.11,0,3
11827,23,90000,RENT,7,0,0,1,0,1,0,0,0,0,B,10000,12.69,0,0.11,0,4
11852,23,91000,RENT,5,0,0,1,0,1,0,0,0,0,B,10000,10.2,0,0.11,0,2
11867,23,93000,RENT,6,0,0,1,0,1,0,0,0,0,C,10000,14.26,0,0.11,0,2
11898,24,42000,RENT,4,0,0,1,0,1,0,0,0,0,A,10200,7.49,0,0.24,0,4
11905,22,50004,RENT,6,0,0,1,0,1,0,0,0,0,D,10200,15.21,0,0.2,0,4
11913,24,22000,RENT,8,0,0,1,0,1,0,0,0,0,A,11000,7.51,1,0.5,0,2
11922,23,32000,RENT,4,0,0,1,0,1,0,0,0,0,B,11000,9.91,1,0.34,0,3
11937,23,57000,RENT,0,0,0,1,0,1,0,0,0,0,D,11050,14.74,1,0.19,0,4
11976,22,42000,RENT,6,0,0,1,0,1,0,0,0,0,B,11200,,0,0.27,0,4
11998,23,60000,RENT,0,0,0,1,0,1,0,0,0,0,C,11200,10.78,0,0.19,0,3
12021,24,86700,RENT,2,0,0,1,0,1,0,0,0,0,A,11200,,0,0.13,0,4
12032,24,110000,RENT,1,0,0,1,0,1,0,0,0,0,A,11200,7.49,0,0.1,0,4
12040,26,41892,RENT,8,0,0,1,0,1,0,0,0,0,C,11300,13.22,0,0.27,0,4
12055,26,41500,RENT,9,0,0,1,0,1,0,0,0,0,A,11400,7.66,0,0.27,0,3
12079,24,24000,RENT,0,0,0,1,0,1,0,0,0,0,A,11500,7.51,1,0.48,0,3
12104,26,41784,RENT,0,0,0,1,0,1,0,0,0,0,B,11500,10.95,0,0.28,0,4
12118,24,62500,RENT,5,0,0,1,0,1,0,0,0,0,A,11500,5.79,0,0.18,0,3
12126,24,74000,RENT,3,0,0,1,0,1,0,0,0,0,B,11500,10.74,0,0.16,0,3
12140,23,40000,RENT,7,0,0,1,0,1,0,0,0,0,B,11650,11.99,0,0.29,0,4
12157,23,42000,RENT,6,0,0,1,0,1,0,0,0,0,B,11800,12.69,0,0.28,0,2
12196,22,30000,RENT,1,0,0,1,0,1,0,0,0,0,B,12000,10.99,1,0.4,0,3
12199,24,30000,RENT,0,0,0,1,0,1,0,0,0,0,A,12000,6.91,1,0.4,0,3
12204,22,30000,RENT,2,0,0,1,0,1,0,0,0,0,C,12000,13.72,1,0.4,0,2
12208,22,30000,RENT,4,0,0,1,0,1,0,0,0,0,B,12000,10.62,1,0.4,0,3
12223,22,31200,RENT,6,0,0,1,0,1,0,0,0,0,B,12000,10.39,1,0.38,0,2
12233,24,32000,RENT,5,0,0,1,0,1,0,0,0,0,C,12000,13.85,1,0.38,0,3
12262,24,34132,RENT,0,0,0,1,0,1,0,0,0,0,B,12000,10.62,1,0.35,0,3
12293,25,36000,RENT,,0,0,1,0,1,0,0,0,0,A,12000,5.79,1,0.33,0,3
12309,22,31200,RENT,7,0,0,1,0,1,0,0,0,0,B,12000,10.99,1,0.38,0,2
12314,22,37392,RENT,1,0,0,1,0,1,0,0,0,0,B,12000,10.62,1,0.32,0,2
12324,21,38000,RENT,5,0,0,1,0,1,0,0,0,0,B,12000,10.37,1,0.32,0,4
12330,24,38000,RENT,0,0,0,1,0,1,0,0,0,0,C,12000,11.34,1,0.32,0,3
12336,22,38004,RENT,5,0,0,1,0,1,0,0,0,0,B,12000,10.75,1,0.32,0,3
12344,26,38400,RENT,0,0,0,1,0,1,0,0,0,0,A,12000,8.9,1,0.31,0,4
12351,23,39000,RENT,1,0,0,1,0,1,0,0,0,0,B,12000,10.99,1,0.31,0,4
12352,22,39000,RENT,1,0,0,1,0,1,0,0,0,0,B,12000,11.11,1,0.31,0,3
12363,25,39900,RENT,8,0,0,1,0,1,0,0,0,0,B,12000,9.88,0,0.3,0,4
12390,22,40000,RENT,3,0,0,1,0,1,0,0,0,0,B,12000,11.89,0,0.3,0,3
12405,23,42000,RENT,4,0,0,1,0,1,0,0,0,0,C,12000,13.49,0,0.29,0,2
12406,25,42000,RENT,2,0,0,1,0,1,0,0,0,0,A,12000,7.9,0,0.29,0,4
12409,23,42000,RENT,2,0,0,1,0,1,0,0,0,0,B,12000,10.65,0,0.29,0,4
12419,21,42000,RENT,0,0,0,1,0,1,0,0,0,0,C,12000,13.23,0,0.29,0,2
12424,23,42500,RENT,3,0,0,1,0,1,0,0,0,0,C,12000,13.35,0,0.28,0,3
12426,25,42900,RENT,5,0,0,1,0,1,0,0,0,0,A,12000,8.9,0,0.28,0,2
12440,23,44400,RENT,1,0,0,1,0,1,0,0,0,0,C,12000,14.79,0,0.27,0,4
12447,23,45000,RENT,4,0,0,1,0,1,0,0,0,0,B,12000,12.69,0,0.27,0,4
12450,22,45000,RENT,6,0,0,1,0,1,0,0,0,0,A,12000,6.62,0,0.27,0,2
12475,21,45000,RENT,0,0,0,1,0,1,0,0,0,0,C,12000,11.97,0,0.27,0,3
12482,26,45806,RENT,5,0,0,1,0,1,0,0,0,0,D,12000,14.84,0,0.26,0,3
12489,22,46000,RENT,3,0,0,1,0,1,0,0,0,0,B,12000,11.71,0,0.26,0,3
12540,25,60000,RENT,9,0,0,1,0,1,0,0,0,0,A,12000,7.9,0,0.2,0,2
12544,24,60000,RENT,4,0,0,1,0,1,0,0,0,0,A,12000,8.9,0,0.2,0,4
12545,24,60000,RENT,4,0,0,1,0,1,0,0,0,0,B,12000,9.99,0,0.2,0,4
12546,24,60000,RENT,1,0,0,1,0,1,0,0,0,0,B,12000,10.99,0,0.2,0,4
12552,23,60000,RENT,2,0,0,1,0,1,0,0,0,0,A,12000,,0,0.2,0,3
12559,22,60000,RENT,2,0,0,1,0,1,0,0,0,0,B,12000,10.99,0,0.2,0,2
12567,25,60000,RENT,9,0,0,1,0,1,0,0,0,0,B,12000,12.21,0,0.2,0,3
12581,24,60500,RENT,9,0,0,1,0,1,0,0,0,0,D,12000,16.49,0,0.2,0,2
12604,22,25000,RENT,3,0,0,1,0,1,0,0,0,0,B,3000,12.69,0,0.12,0,3
12613,24,25000,RENT,3,0,0,1,0,1,0,0,0,0,A,3000,8.32,0,0.12,0,2
12628,21,27600,RENT,2,0,0,1,0,1,0,0,0,0,B,3000,11.49,0,0.11,0,4
12633,22,28000,RENT,4,0,0,1,0,1,0,0,0,0,B,3000,10.59,0,0.11,0,3
12682,23,63250,RENT,1,0,0,1,0,1,0,0,0,0,B,12000,,0,0.19,0,2
12691,26,64404,RENT,3,0,0,1,0,1,0,0,0,0,B,12000,11.89,0,0.19,0,2
12706,22,65000,RENT,1,0,0,1,0,1,0,0,0,0,A,12000,8.94,0,0.18,0,4
12713,22,65400,RENT,1,0,0,1,0,1,0,0,0,0,C,12000,13.06,0,0.18,0,2
12738,25,70000,RENT,0,0,0,1,0,1,0,0,0,0,B,12000,11.99,0,0.17,0,2
12740,26,70000,RENT,0,0,0,1,0,1,0,0,0,0,A,12000,5.99,0,0.17,0,4
12744,22,70000,RENT,3,0,0,1,0,1,0,0,0,0,A,12000,7.29,0,0.17,0,4
12793,25,73000,RENT,1,0,0,1,0,1,0,0,0,0,A,12000,7.49,0,0.16,0,3
12866,23,36000,RENT,0,0,0,1,0,1,0,0,0,0,C,3000,12.29,1,0.08,0,2
12894,22,75000,RENT,6,0,0,1,0,1,0,0,0,0,A,12000,,0,0.16,0,2
12907,22,76000,RENT,4,0,0,1,0,1,0,0,0,0,A,12000,7.9,0,0.16,0,4
12929,22,80000,RENT,2,0,0,1,0,1,0,0,0,0,B,12000,11.71,0,0.15,0,4
12934,25,80000,RENT,6,0,0,1,0,1,0,0,0,0,C,12000,12.99,0,0.15,0,3
12950,22,80000,RENT,0,0,0,1,0,1,0,0,0,0,C,12000,13.47,0,0.15,0,3
12963,22,82000,RENT,6,0,0,1,0,1,0,0,0,0,D,12000,13.55,0,0.15,0,4
12967,25,82560,RENT,1,0,0,1,0,1,0,0,0,0,B,12000,10.99,0,0.15,0,3
12984,26,84000,RENT,10,0,0,1,0,1,0,0,0,0,B,12000,,0,0.14,0,2
13001,25,85000,RENT,1,0,0,1,0,1,0,0,0,0,A,12000,,0,0.14,0,2
13026,26,86004,RENT,0,0,0,1,0,1,0,0,0,0,C,12000,12.99,0,0.14,0,2
13053,26,90000,RENT,4,0,0,1,0,1,0,0,0,0,A,12000,,0,0.13,0,3
13099,25,93000,RENT,3,0,0,1,0,1,0,0,0,0,B,12000,,0,0.13,0,3
13102,24,94992,RENT,1,0,0,1,0,1,0,0,0,0,B,12000,11.89,0,0.13,0,4
13109,23,95000,RENT,4,0,0,1,0,1,0,0,0,0,B,12000,9.63,0,0.13,0,4
13143,23,100000,RENT,1,0,0,1,0,1,0,0,0,0,C,12000,13.57,0,0.12,0,3
13151,23,105000,RENT,0,0,0,1,0,1,0,0,0,0,C,12000,12.61,0,0.11,0,2
13167,24,115000,RENT,8,0,0,1,0,1,0,0,0,0,A,12000,6.54,0,0.1,0,3
13169,23,120000,RENT,7,0,0,1,0,1,0,0,0,0,B,12000,11.71,0,0.1,0,4
13175,25,123000,RENT,0,0,0,1,0,1,0,0,0,0,A,12000,9.63,0,0.1,0,2
13212,23,170000,RENT,7,0,0,1,0,1,0,0,0,0,B,12000,11.11,0,0.07,0,2
13217,23,210000,RENT,,0,0,1,0,1,0,0,0,0,B,12000,10.59,0,0.06,0,2
13218,25,225000,RENT,9,0,0,1,0,1,0,0,0,0,D,12000,16.49,0,0.05,0,2
13263,23,60000,RENT,3,0,0,1,0,1,0,0,0,0,C,12250,10.59,0,0.2,0,3
13267,24,30000,RENT,1,0,0,1,0,1,0,0,0,0,B,12300,10.74,1,0.41,0,2
13280,22,34650,RENT,3,0,0,1,0,1,0,0,0,0,A,12400,,1,0.36,0,4
13283,22,56324,RENT,2,0,0,1,0,1,0,0,0,0,B,12400,10.74,0,0.22,0,4
13285,25,36996,RENT,2,0,0,1,0,1,0,0,0,0,E,12450,16.32,1,0.34,0,2
13295,26,40000,RENT,4,0,0,1,0,1,0,0,0,0,A,12500,6.92,1,0.31,0,2
13308,22,40000,RENT,0,0,0,1,0,1,0,0,0,0,A,2800,7.49,0,0.07,0,2
13320,25,44000,RENT,1,0,0,1,0,1,0,0,0,0,A,2800,6.92,0,0.06,0,3
13379,26,30000,RENT,2,0,0,1,0,1,0,0,0,0,B,2700,10.75,0,0.09,0,2
13383,25,35000,RENT,2,0,0,1,0,1,0,0,0,0,A,2700,7.88,0,0.08,0,2
13394,24,98450,RENT,8,0,0,1,0,1,0,0,0,0,C,2700,13.49,0,0.03,0,4
13417,22,20160,RENT,1,0,0,1,0,1,0,0,0,0,A,2600,6.92,0,0.13,0,4
13439,22,48000,RENT,2,0,0,1,0,1,0,0,0,0,B,2600,11.12,0,0.05,0,3
13457,21,42000,RENT,4,0,0,1,0,1,0,0,0,0,A,12500,8.94,0,0.3,0,2
13467,23,15600,RENT,3,0,0,1,0,1,0,0,0,0,B,2500,10.65,1,0.16,0,2
13480,21,18000,RENT,3,0,0,1,0,1,0,0,0,0,A,2500,7.88,0,0.14,0,2
13497,23,46000,RENT,1,0,0,1,0,1,0,0,0,0,B,12500,11.11,0,0.27,0,2
13498,26,46800,RENT,0,0,0,1,0,1,0,0,0,0,B,12500,11.86,0,0.27,0,3
13526,24,60000,RENT,4,0,0,1,0,1,0,0,0,0,B,12500,11.49,0,0.21,0,2
13528,25,60000,RENT,4,0,0,1,0,1,0,0,0,0,B,12500,11.89,0,0.21,0,2
13531,22,63000,RENT,2,0,0,1,0,1,0,0,0,0,B,12500,10.25,0,0.2,0,3
13533,22,65000,RENT,1,0,0,1,0,1,0,0,0,0,A,12500,6.91,0,0.19,0,2
13535,23,65000,RENT,0,0,0,1,0,1,0,0,0,0,B,12500,11.48,0,0.19,0,4
13559,24,47250,RENT,5,0,0,1,0,1,0,0,0,0,B,12600,11.83,0,0.27,0,2
13564,22,190000,RENT,3,0,0,1,0,1,0,0,0,0,A,12600,6.92,0,0.07,0,4
13585,26,42000,RENT,4,0,0,1,0,1,0,0,0,0,B,12800,10.59,0,0.3,0,2
13586,22,44400,RENT,3,0,0,1,0,1,0,0,0,0,C,12800,12.73,0,0.29,0,2
13595,24,56000,RENT,0,0,0,1,0,1,0,0,0,0,B,12800,,0,0.23,0,4
13627,21,44000,RENT,0,0,0,1,0,1,0,0,0,0,D,12875,15.31,1,0.29,0,2
13696,23,69996,RENT,8,0,0,1,0,1,0,0,0,0,B,13000,11.58,0,0.19,0,3
13722,23,86000,RENT,6,0,0,1,0,1,0,0,0,0,B,13000,10.62,0,0.15,0,3
13740,26,110400,RENT,9,0,0,1,0,1,0,0,0,0,A,13000,7.9,0,0.12,0,3
13805,22,53591,RENT,6,0,0,1,0,1,0,0,0,0,D,13750,14.96,0,0.26,0,2
13859,22,46000,RENT,6,0,0,1,0,1,0,0,0,0,A,14000,8.49,0,0.3,0,4
13863,23,46800,RENT,4,0,0,1,0,1,0,0,0,0,B,14000,10.37,0,0.3,0,3
13876,24,49150,RENT,,0,0,1,0,1,0,0,0,0,B,14000,11.71,0,0.28,0,3
13885,24,50004,RENT,0,0,0,1,0,1,0,0,0,0,B,14000,12.21,0,0.28,0,3
13893,23,52000,RENT,7,0,0,1,0,1,0,0,0,0,A,14000,6.91,0,0.27,0,3
13900,21,53000,RENT,2,0,0,1,0,1,0,0,0,0,C,14000,14.65,0,0.26,0,3
13921,26,55000,RENT,2,0,0,1,0,1,0,0,0,0,B,14000,9.99,0,0.25,0,4
13934,21,55260,RENT,0,0,0,1,0,1,0,0,0,0,A,14000,6.54,0,0.25,0,2
13976,22,60000,RENT,0,0,0,1,0,1,0,0,0,0,C,14000,12.73,0,0.23,0,2
13984,22,61000,RENT,0,0,0,1,0,1,0,0,0,0,A,14000,6.99,0,0.23,0,4
13997,24,65000,RENT,0,0,0,1,0,1,0,0,0,0,B,14000,10.99,0,0.22,0,4
14005,23,66000,RENT,1,0,0,1,0,1,0,0,0,0,C,14000,12.99,0,0.21,0,3
14024,24,72000,RENT,8,0,0,1,0,1,0,0,0,0,A,14000,7.9,0,0.19,0,4
14043,26,75000,RENT,4,0,0,1,0,1,0,0,0,0,B,14000,11.11,0,0.19,0,4
14058,22,78700,RENT,6,0,0,1,0,1,0,0,0,0,C,14000,13.48,0,0.18,0,4
14059,26,80000,RENT,6,0,0,1,0,1,0,0,0,0,B,14000,,0,0.17,0,2
14088,23,95000,RENT,0,0,0,1,0,1,0,0,0,0,B,14000,12.69,0,0.15,0,2
14109,24,98000,RENT,4,0,0,1,0,1,0,0,0,0,C,14000,14.26,1,0.14,0,3
14177,21,78000,RENT,1,0,0,1,0,1,0,0,0,0,B,14275,9.91,0,0.18,0,4
14213,23,45000,RENT,4,0,0,1,0,1,0,0,0,0,B,14400,,1,0.32,0,3
14278,22,76000,RENT,0,0,0,1,0,1,0,0,0,0,C,14400,14.35,0,0.19,0,2
14293,25,85000,RENT,5,0,0,1,0,1,0,0,0,0,A,14400,8.49,0,0.17,0,2
14365,24,55000,RENT,3,0,0,1,0,1,0,0,0,0,A,14500,6.62,0,0.26,0,2
14366,24,49500,RENT,3,0,0,1,0,1,0,0,0,0,B,14500,11.49,1,0.29,0,3
14385,25,162000,RENT,5,0,0,1,0,1,0,0,0,0,A,14500,7.9,0,0.09,0,4
14412,22,28000,RENT,6,0,0,1,0,1,0,0,0,0,B,15000,10.99,1,0.54,0,2
14425,26,29040,RENT,2,0,0,1,0,1,0,0,0,0,B,15000,9.62,1,0.52,0,4
14447,22,32000,RENT,6,0,0,1,0,1,0,0,0,0,B,15000,9.88,1,0.47,0,4
14465,22,33996,RENT,3,0,0,1,0,1,0,0,0,0,A,2000,8,0,0.06,0,2
14471,23,34884,RENT,3,0,0,1,0,1,0,0,0,0,A,2000,6.92,0,0.06,0,2
14474,24,35000,RENT,4,0,0,1,0,1,0,0,0,0,B,2000,10.59,0,0.06,0,3
14503,22,38000,RENT,0,0,0,1,0,1,0,0,0,0,B,2000,11.36,0,0.05,0,3
14516,25,32400,RENT,1,0,0,1,0,1,0,0,0,0,C,2000,14.35,1,0.06,0,2
14517,26,39000,RENT,2,0,0,1,0,1,0,0,0,0,C,2000,12.98,0,0.05,0,4
14547,22,40800,RENT,5,0,0,1,0,1,0,0,0,0,A,2000,6.62,0,0.05,0,3
14556,22,42000,RENT,6,0,0,1,0,1,0,0,0,0,B,2000,10.36,0,0.05,0,4
14578,21,44304,RENT,5,0,0,1,0,1,0,0,0,0,C,2000,13.85,0,0.05,0,4
14584,23,45000,RENT,3,0,0,1,0,1,0,0,0,0,B,2000,,0,0.04,0,3
14607,22,45996,RENT,6,0,0,1,0,1,0,0,0,0,B,2000,11.36,0,0.04,0,4
14677,22,37000,RENT,3,0,0,1,0,1,0,0,0,0,B,15000,10.25,1,0.41,0,4
14694,23,38400,RENT,7,0,0,1,0,1,0,0,0,0,A,15000,6.17,1,0.39,0,2
14696,24,39000,RENT,0,0,0,1,0,1,0,0,0,0,A,15000,9.63,1,0.38,0,4
14707,23,34000,RENT,1,0,0,1,0,1,0,0,0,0,B,15000,11.71,1,0.44,0,4
14773,22,43000,RENT,0,0,0,1,0,1,0,0,0,0,A,15000,8.49,1,0.35,0,2
14776,24,37680,RENT,8,0,0,1,0,1,0,0,0,0,G,15000,19.82,1,0.4,0,2
14795,26,45000,RENT,3,0,0,1,0,1,0,0,0,0,B,15000,8.88,1,0.33,0,3
14810,23,39000,RENT,1,0,0,1,0,1,0,0,0,0,B,15000,12.21,1,0.38,0,4
14836,25,31000,RENT,2,0,0,1,0,1,0,0,0,0,A,1800,8.32,0,0.06,0,2
14839,22,33000,RENT,1,0,0,1,0,1,0,0,0,0,A,1800,5.42,0,0.05,0,2
14841,23,33195,RENT,5,0,0,1,0,1,0,0,0,0,B,1800,11.99,0,0.05,0,4
14844,21,34000,RENT,4,0,0,1,0,1,0,0,0,0,B,1800,11.49,0,0.05,0,4
14846,23,35000,RENT,4,0,0,1,0,1,0,0,0,0,B,1800,10.59,0,0.05,0,3
14870,22,34000,RENT,7,0,0,1,0,1,0,0,0,0,C,1800,,1,0.05,0,2
14884,22,48000,RENT,6,0,0,1,0,1,0,0,0,0,C,15000,15.96,1,0.31,0,3
14888,24,42000,RENT,8,0,0,1,0,1,0,0,0,0,C,15000,15.27,1,0.36,0,3
14893,23,48000,RENT,5,0,0,1,0,1,0,0,0,0,A,15000,6.91,1,0.31,0,2
14903,22,48000,RENT,6,0,0,1,0,1,0,0,0,0,A,15000,7.51,1,0.31,0,2
14912,23,48800,RENT,3,0,0,1,0,1,0,0,0,0,B,15000,11.36,1,0.31,0,4
14919,22,50000,RENT,6,0,0,1,0,1,0,0,0,0,A,15000,6.03,0,0.3,0,2
14925,26,50000,RENT,3,0,0,1,0,1,0,0,0,0,B,15000,9.91,0,0.3,0,3
14958,25,44000,RENT,1,0,0,1,0,1,0,0,0,0,D,15000,14.59,1,0.34,0,4
14995,24,51500,RENT,8,0,0,1,0,1,0,0,0,0,A,15000,8.49,0,0.29,0,2
15004,25,52000,RENT,4,0,0,1,0,1,0,0,0,0,B,15000,12.18,0,0.29,0,4
15007,22,52500,RENT,2,0,0,1,0,1,0,0,0,0,B,15000,10.37,0,0.29,0,3
15023,24,23000,RENT,2,0,0,1,0,1,0,0,0,0,A,1600,7.68,0,0.07,0,2
15035,23,29124,RENT,3,0,0,1,0,1,0,0,0,0,B,1600,10.83,0,0.05,0,4
15054,24,32400,RENT,0,0,0,1,0,1,0,0,0,0,C,1600,13.98,1,0.05,0,3
15065,23,48000,RENT,4,0,0,1,0,1,0,0,0,0,C,1600,13.98,0,0.03,0,3
15069,23,53616,RENT,6,0,0,1,0,1,0,0,0,0,B,1600,12.42,0,0.03,0,4
15085,22,82000,RENT,2,0,0,1,0,1,0,0,0,0,B,1600,11.89,0,0.02,0,2
15119,21,15600,RENT,2,0,0,1,0,1,0,0,0,0,B,1500,11.86,0,0.1,0,2
15123,21,15874,RENT,,0,0,1,0,1,0,0,0,0,B,1500,,0,0.09,0,3
15133,26,18000,RENT,0,0,0,1,0,1,0,0,0,0,B,1500,11.36,0,0.08,0,2
15140,26,18700,RENT,2,0,0,1,0,1,0,0,0,0,A,1500,5.42,0,0.08,0,4
15168,21,24000,RENT,1,0,0,1,0,1,0,0,0,0,A,1500,,0,0.06,0,3
15169,24,24000,RENT,1,0,0,1,0,1,0,0,0,0,A,1500,,0,0.06,0,3
15183,22,26400,RENT,6,0,0,1,0,1,0,0,0,0,B,1500,11.11,0,0.06,0,3
15194,23,53500,RENT,6,0,0,1,0,1,0,0,0,0,C,15000,13.47,0,0.28,0,2
15199,23,54996,RENT,8,0,0,1,0,1,0,0,0,0,D,15000,14.83,0,0.27,0,2
15218,25,55315,RENT,3,0,0,1,0,1,0,0,0,0,B,15000,10.74,0,0.27,0,2
15235,25,57000,RENT,0,0,0,1,0,1,0,0,0,0,C,15000,13.85,0,0.26,0,4
15282,22,60000,RENT,0,0,0,1,0,1,0,0,0,0,B,15000,11.71,0,0.25,0,3
15288,22,60000,RENT,5,0,0,1,0,1,0,0,0,0,B,15000,10.59,0,0.25,0,3
15319,22,60132,RENT,7,0,0,1,0,1,0,0,0,0,C,15000,14.26,0,0.25,0,4
15321,23,60480,RENT,7,0,0,1,0,1,0,0,0,0,B,15000,10.83,0,0.25,0,2
15347,25,62280,RENT,3,0,0,1,0,1,0,0,0,0,A,15000,8.94,0,0.24,0,4
15355,24,62400,RENT,8,0,0,1,0,1,0,0,0,0,B,15000,9.45,0,0.24,0,4
15408,25,65000,RENT,9,0,0,1,0,1,0,0,0,0,E,15000,16.32,0,0.23,0,2
15436,23,69000,RENT,3,0,0,1,0,1,0,0,0,0,B,15000,10.65,0,0.22,0,4
15446,23,69996,RENT,7,0,0,1,0,1,0,0,0,0,B,15000,11.89,0,0.21,0,4
15452,21,70000,RENT,5,0,0,1,0,1,0,0,0,0,B,15000,10.38,0,0.21,0,2
15521,23,75000,RENT,6,0,0,1,0,1,0,0,0,0,A,15000,6.54,0,0.2,0,3
15552,23,73000,RENT,7,0,0,1,0,1,0,0,0,0,A,15000,7.51,1,0.21,0,2
15583,26,80004,RENT,8,0,0,1,0,1,0,0,0,0,B,15000,11.89,0,0.19,0,4
15593,23,84000,RENT,,0,0,1,0,1,0,0,0,0,A,15000,6.03,0,0.18,0,4
15613,23,85000,RENT,7,0,0,1,0,1,0,0,0,0,D,15000,14.59,0,0.18,0,4
15636,23,88000,RENT,0,0,0,1,0,1,0,0,0,0,C,15000,10.28,0,0.17,0,2
15660,25,79000,RENT,5,0,0,1,0,1,0,0,0,0,B,15000,12.18,1,0.19,0,3
15729,22,71760,RENT,6,0,0,1,0,1,0,0,0,0,A,15500,7.88,0,0.22,0,2
15731,26,125000,RENT,0,0,0,1,0,1,0,0,0,0,A,15500,7.88,0,0.12,0,2
15744,25,46000,RENT,4,0,0,1,0,1,0,0,0,0,B,15625,9.91,1,0.34,0,4
15745,24,44400,RENT,4,0,0,1,0,1,0,0,0,0,F,15650,21.74,1,0.35,0,4
15766,23,80000,RENT,6,0,0,1,0,1,0,0,0,0,A,16000,,0,0.2,0,2
15782,24,85000,RENT,0,0,0,1,0,1,0,0,0,0,A,16000,6.91,0,0.19,0,2
15798,24,90000,RENT,7,0,0,1,0,1,0,0,0,0,B,16000,12.18,0,0.18,0,2
15854,25,119000,RENT,4,0,0,1,0,1,0,0,0,0,A,16000,,0,0.13,0,2
15862,24,135000,RENT,3,0,0,1,0,1,0,0,0,0,E,16000,16.69,0,0.12,0,2
15882,23,55000,RENT,3,0,0,1,0,1,0,0,0,0,D,19200,15.21,1,0.35,0,4
15904,23,50000,RENT,0,0,0,1,0,1,0,0,0,0,B,19400,12.69,1,0.39,0,2
15918,23,45000,RENT,8,0,0,1,0,1,0,0,0,0,B,19600,9.91,1,0.44,0,2
15920,22,75000,RENT,2,0,0,1,0,1,0,0,0,0,B,19600,12.42,0,0.26,0,3
15932,22,9600,RENT,,0,0,1,0,1,0,0,0,0,B,1200,10.37,0,0.13,0,2
15941,23,8400,RENT,,0,0,1,0,1,0,0,0,0,B,2000,10.65,1,0.24,0,2
15943,26,8400,RENT,,0,0,1,0,1,0,0,0,0,A,3500,7.29,1,0.42,0,3
15950,23,8000,RENT,0,0,0,1,0,1,0,0,0,0,A,3250,,1,0.41,0,4
15953,24,7800,RENT,1,0,0,1,0,1,0,0,0,0,B,1000,11.36,0,0.13,0,4
15959,26,5500,RENT,0,0,0,1,0,1,0,0,0,0,A,1000,9.63,1,0.18,0,3
15965,21,4080,RENT,0,0,0,1,0,1,0,0,0,0,B,1400,11.86,1,0.34,0,4
15972,21,30000,RENT,5,0,0,1,0,1,0,0,0,0,A,12000,5.79,1,0.4,0,2
15983,22,70000,RENT,4,0,0,1,0,1,0,0,0,0,A,7550,7.51,0,0.11,0,3
15986,23,50400,RENT,3,0,0,1,0,1,0,0,0,0,B,5000,10.38,0,0.1,0,2
16010,24,45888,RENT,5,0,0,1,0,1,0,0,0,0,A,9000,5.79,0,0.2,0,4
16015,23,90000,RENT,0,0,0,1,0,1,0,0,0,0,A,12000,8.9,0,0.13,0,2
16025,24,60000,RENT,1,0,0,1,0,1,0,0,0,0,B,10000,,0,0.17,0,2
16030,22,27120,RENT,5,0,0,1,0,1,0,0,0,0,C,9250,13.11,1,0.34,0,3
16038,22,21600,RENT,1,0,0,1,0,1,0,0,0,0,D,2400,16.29,1,0.11,0,4
16043,21,40000,RENT,4,0,0,1,0,1,0,0,0,0,A,5000,5.79,0,0.13,0,2
16068,22,72000,RENT,6,0,0,1,0,1,0,0,0,0,E,15000,17.19,0,0.21,0,4
16071,21,27600,RENT,4,0,0,1,0,1,0,0,0,0,A,7500,6.76,0,0.27,0,4
16073,22,56400,RENT,2,0,0,1,0,1,0,0,0,0,A,9500,8.9,0,0.17,0,2
16080,23,26000,RENT,1,0,0,1,0,1,0,0,0,0,B,4000,,0,0.15,0,4
16084,24,37000,RENT,8,0,0,1,0,1,0,0,0,0,D,10500,,0,0.28,0,4
16096,22,18000,RENT,1,0,0,1,0,1,0,0,0,0,B,7000,10.65,1,0.39,0,3
16102,26,39000,RENT,2,0,0,1,0,1,0,0,0,0,A,8000,6.62,0,0.21,0,2
16109,22,54000,RENT,4,0,0,1,0,1,0,0,0,0,E,5000,16.35,1,0.09,0,4
16112,23,36000,RENT,1,0,0,1,0,1,0,0,0,0,A,7000,7.9,0,0.19,0,4
16120,26,48000,RENT,10,0,0,1,0,1,0,0,0,0,B,4225,9.83,0,0.09,0,3
16142,22,45000,RENT,3,0,0,1,0,1,0,0,0,0,B,5000,11.11,0,0.11,0,4
16143,22,25200,RENT,1,0,0,1,0,1,0,0,0,0,B,4000,,0,0.16,0,3
16146,23,21000,RENT,6,0,0,1,0,1,0,0,0,0,A,7500,6.91,1,0.36,0,2
16149,23,38800,RENT,2,0,0,1,0,1,0,0,0,0,A,14575,,1,0.38,0,2
16179,21,90000,RENT,3,0,0,1,0,1,0,0,0,0,B,4800,9.62,0,0.05,0,2
16195,22,30000,RENT,4,0,0,1,0,1,0,0,0,0,B,10000,11.86,1,0.33,0,4
16203,26,175000,RENT,2,0,0,1,0,1,0,0,0,0,B,17000,9.88,0,0.1,0,2
16204,25,60000,RENT,1,0,0,1,0,1,0,0,0,0,A,10000,,0,0.17,0,4
16207,26,35000,RENT,10,0,0,1,0,1,0,0,0,0,B,12875,,1,0.37,0,3
16212,24,52728,RENT,4,0,0,1,0,1,0,0,0,0,A,5000,7.74,0,0.09,0,4
16217,25,5000,RENT,0,0,0,1,0,1,0,0,0,0,B,1000,9.64,1,0.2,0,4
16225,23,81000,RENT,7,0,0,1,0,1,0,0,0,0,C,18000,13.98,0,0.22,0,4
16226,25,76000,RENT,1,0,0,1,0,1,0,0,0,0,A,5000,7.9,0,0.07,0,3
16229,22,27500,RENT,1,0,0,1,0,1,0,0,0,0,B,4250,10.99,0,0.15,0,4
16238,22,30000,RENT,6,0,0,1,0,1,0,0,0,0,B,7000,9.62,1,0.23,0,4
16260,22,27996,RENT,0,0,0,1,0,1,0,0,0,0,D,2200,15.95,1,0.08,0,3
16278,22,43000,RENT,6,0,0,1,0,1,0,0,0,0,B,13500,10.95,1,0.31,0,4
16280,22,39000,RENT,4,0,0,1,0,1,0,0,0,0,A,5000,6.99,0,0.13,0,2
16281,22,50004,RENT,5,0,0,1,0,1,0,0,0,0,D,5300,14.42,0,0.11,0,2
16290,25,30000,RENT,4,0,0,1,0,1,0,0,0,0,C,2000,14.22,0,0.07,0,2
16298,25,90000,RENT,9,0,0,1,0,1,0,0,0,0,B,10000,12.42,0,0.11,0,4
16314,21,60000,RENT,3,0,0,1,0,1,0,0,0,0,B,10000,12.18,0,0.17,0,2
16333,24,40000,RENT,6,0,0,1,0,1,0,0,0,0,A,5000,6.17,0,0.13,0,2
16336,23,84000,RENT,0,0,0,1,0,1,0,0,0,0,A,12500,6.54,0,0.15,0,4
16352,22,51000,RENT,6,0,0,1,0,1,0,0,0,0,A,7500,5.99,0,0.15,0,3
16364,23,45000,RENT,0,0,0,1,0,1,0,0,0,0,C,1775,12.72,0,0.04,0,2
16372,21,19968,RENT,4,0,0,1,0,1,0,0,0,0,C,5000,,1,0.25,0,2
16387,24,72000,RENT,4,0,0,1,0,1,0,0,0,0,B,15000,10.99,0,0.21,0,2
16391,22,50000,RENT,6,0,0,1,0,1,0,0,0,0,A,10000,7.88,0,0.2,0,4
16398,25,49000,RENT,2,0,0,1,0,1,0,0,0,0,A,7750,9.63,0,0.16,0,2
16411,23,40000,RENT,3,0,0,1,0,1,0,0,0,0,B,8000,11.49,0,0.2,0,2
16425,23,58800,RENT,7,0,0,1,0,1,0,0,0,0,B,3000,10.36,1,0.05,0,3
16429,23,85272,RENT,7,0,0,1,0,1,0,0,0,0,B,5000,11.11,0,0.06,0,2
16435,22,39900,RENT,4,0,0,1,0,1,0,0,0,0,B,19000,12.18,1,0.48,0,2
16467,24,16000,RENT,2,0,0,1,0,1,0,0,0,0,D,4200,,1,0.26,0,2
16481,23,58000,RENT,1,0,0,1,0,1,0,0,0,0,B,12800,12.42,0,0.22,0,4
16486,25,42000,RENT,3,0,0,1,0,1,0,0,0,0,C,10000,13.8,1,0.24,0,2
16488,25,45000,RENT,0,0,0,1,0,1,0,0,0,0,B,5000,10.74,0,0.11,0,4
16503,23,70000,RENT,3,0,0,1,0,1,0,0,0,0,A,12000,7.9,0,0.17,0,2
16528,26,50200,RENT,1,0,0,1,0,1,0,0,0,0,A,9000,7.66,0,0.18,0,3
16533,25,100000,RENT,3,0,0,1,0,1,0,0,0,0,B,12000,9.91,0,0.12,0,2
16566,23,26400,RENT,7,0,0,1,0,1,0,0,0,0,A,3800,7.9,0,0.14,0,2
16593,23,36000,RENT,3,0,0,1,0,1,0,0,0,0,B,7000,9.99,0,0.19,0,3
16601,24,75000,RENT,0,0,0,1,0,1,0,0,0,0,A,12000,6.62,0,0.16,0,3
16614,23,116000,RENT,7,0,0,1,0,1,0,0,0,0,A,11000,8.94,0,0.09,0,2
16626,25,48000,RENT,1,0,0,1,0,1,0,0,0,0,A,3000,9.32,1,0.06,0,4
16628,25,64000,RENT,7,0,0,1,0,1,0,0,0,0,D,8000,15.28,1,0.13,0,4
16634,23,45000,RENT,4,0,0,1,0,1,0,0,0,0,C,4800,13.98,0,0.11,0,3
16635,24,95000,RENT,8,0,0,1,0,1,0,0,0,0,A,6500,8.49,0,0.07,0,4
16644,25,39000,RENT,6,0,0,1,0,1,0,0,0,0,D,16000,15.65,1,0.41,0,2
16650,24,70000,RENT,2,0,0,1,0,1,0,0,0,0,B,13000,10,0,0.19,0,2
16665,22,36000,RENT,1,0,0,1,0,1,0,0,0,0,C,5000,12.68,1,0.14,0,4
16667,22,36000,RENT,6,0,0,1,0,1,0,0,0,0,B,4000,,0,0.11,0,2
16668,26,31836,RENT,1,0,0,1,0,1,0,0,0,0,C,6400,14.35,0,0.2,0,4
16698,24,60000,RENT,4,0,0,1,0,1,0,0,0,0,A,12000,8.9,0,0.2,0,3
16700,23,38004,RENT,2,0,0,1,0,1,0,0,0,0,A,4500,7.88,0,0.12,0,3
16716,25,40000,RENT,9,0,0,1,0,1,0,0,0,0,D,5600,14.61,0,0.14,0,2
16717,23,75800,RENT,0,0,0,1,0,1,0,0,0,0,A,7000,6.54,0,0.09,0,4
16753,24,64151,RENT,0,0,0,1,0,1,0,0,0,0,B,5000,11.86,0,0.08,0,4
16755,22,105500,RENT,6,0,0,1,0,1,0,0,0,0,B,6000,11.99,0,0.06,0,4
16782,23,30000,RENT,3,0,0,1,0,1,0,0,0,0,B,6000,11.71,0,0.2,0,3
16808,25,27096,RENT,7,0,0,1,0,1,0,0,0,0,A,5000,7.9,1,0.18,0,3
16811,24,24996,RENT,0,0,0,1,0,1,0,0,0,0,B,4000,9.45,0,0.16,0,2
16816,23,12000,RENT,0,0,0,1,0,1,0,0,0,0,A,2100,8.94,1,0.17,0,2
16822,24,7800,RENT,1,0,0,1,0,1,0,0,0,0,B,1000,11.36,0,0.13,0,4
16844,23,96000,RENT,7,0,0,1,0,1,0,0,0,0,A,7300,8.49,0,0.08,0,4
16851,26,51600,RENT,10,0,0,1,0,1,0,0,0,0,B,14000,10.37,1,0.27,0,2
16903,25,57500,RENT,4,0,0,1,0,1,0,0,0,0,C,6000,11.28,1,0.1,0,3
16904,22,71500,RENT,2,0,0,1,0,1,0,0,0,0,C,6400,13.11,0,0.09,0,4
16906,22,50000,RENT,1,0,0,1,0,1,0,0,0,0,A,11000,,0,0.22,0,3
16914,22,42500,RENT,0,0,0,1,0,1,0,0,0,0,C,5000,12.98,0,0.12,0,4
16915,23,67000,RENT,3,0,0,1,0,1,0,0,0,0,A,25000,7.9,1,0.37,0,3
16918,22,40680,RENT,2,0,0,1,0,1,0,0,0,0,B,6000,11.36,1,0.15,0,4
16924,25,77700,RENT,2,0,0,1,0,1,0,0,0,0,B,14000,10.99,0,0.18,0,2
16938,25,47052,RENT,5,0,0,1,0,1,0,0,0,0,B,21250,10.99,1,0.45,0,2
16942,22,24432,RENT,0,0,0,1,0,1,0,0,0,0,B,2000,11.36,0,0.08,0,3
16946,25,38000,RENT,1,0,0,1,0,1,0,0,0,0,A,10000,7.49,0,0.26,0,2
16955,21,27200,RENT,0,0,0,1,0,1,0,0,0,0,C,5000,,0,0.18,0,3
16958,22,12000,RENT,0,0,0,1,0,1,0,0,0,0,C,1000,13.57,1,0.08,0,2
16959,23,85000,RENT,2,0,0,1,0,1,0,0,0,0,B,5000,11.58,0,0.06,0,3
16960,22,31200,RENT,6,0,0,1,0,1,0,0,0,0,B,12000,10.39,1,0.38,0,2
16962,23,40000,RENT,6,0,0,1,0,1,0,0,0,0,B,15000,11.71,1,0.38,0,3
16967,23,115000,RENT,2,0,0,1,0,1,0,0,0,0,A,35000,7.9,0,0.3,0,4
16969,23,24000,RENT,4,0,0,1,0,1,0,0,0,0,C,12250,13.16,1,0.51,0,3
16972,23,54586,RENT,5,0,0,1,0,1,0,0,0,0,B,19000,11.14,1,0.35,0,4
16973,23,20400,RENT,5,0,0,1,0,1,0,0,0,0,D,5500,,0,0.27,0,2
16984,23,48756,RENT,5,0,0,1,0,1,0,0,0,0,B,4800,11.36,0,0.1,0,4
16988,23,70000,RENT,4,0,0,1,0,1,0,0,0,0,A,6000,7.49,0,0.09,0,3
17038,24,49000,RENT,8,0,0,1,0,1,0,0,0,0,A,7000,7.49,1,0.14,0,4
17046,22,54000,RENT,6,0,0,1,0,1,0,0,0,0,B,9975,11.48,1,0.18,0,4
17050,22,30000,RENT,2,0,0,1,0,1,0,0,0,0,C,13000,13.11,1,0.43,0,3
17054,23,26976,RENT,4,0,0,1,0,1,0,0,0,0,A,9000,7.51,1,0.33,0,2
17069,23,30000,RENT,8,0,0,1,0,1,0,0,0,0,A,10625,6.92,1,0.35,0,4
17073,23,138000,RENT,1,0,0,1,0,1,0,0,0,0,D,5000,14.91,1,0.04,0,2
17074,22,69700,RENT,4,0,0,1,0,1,0,0,0,0,B,11200,,0,0.16,0,2
17083,22,25000,RENT,1,0,0,1,0,1,0,0,0,0,B,2050,10.59,0,0.08,0,3
17088,25,76344,RENT,2,0,0,1,0,1,0,0,0,0,A,5000,9.63,0,0.07,0,3
17100,22,75000,RENT,2,0,0,1,0,1,0,0,0,0,B,10000,11.26,0,0.13,0,4
17114,25,60000,RENT,2,0,0,1,0,1,0,0,0,0,B,20000,,1,0.33,0,4
17116,22,31224,RENT,0,0,0,1,0,1,0,0,0,0,A,6400,9.32,0,0.2,0,4
17124,25,44000,RENT,1,0,0,1,0,1,0,0,0,0,D,15000,14.59,1,0.34,0,3
17125,22,61500,RENT,3,0,0,1,0,1,0,0,0,0,C,10000,14.22,0,0.16,0,2
17130,22,48000,RENT,7,0,0,1,0,1,0,0,0,0,A,5000,6.99,0,0.1,0,2
17137,24,40000,RENT,2,0,0,1,0,1,0,0,0,0,C,7000,11.34,0,0.17,0,2
17147,22,69000,RENT,5,0,0,1,0,1,0,0,0,0,B,8650,11.49,0,0.13,0,4
17150,24,73399,RENT,0,0,0,1,0,1,0,0,0,0,D,27000,,1,0.37,0,2
17180,24,35000,RENT,9,0,0,1,0,1,0,0,0,0,A,1500,,0,0.04,0,3
17183,22,87000,RENT,5,0,0,1,0,1,0,0,0,0,C,20000,13.85,0,0.23,0,4
17186,22,38000,RENT,2,0,0,1,0,1,0,0,0,0,A,18500,7.66,1,0.49,0,2
17212,24,39996,RENT,0,0,0,1,0,1,0,0,0,0,D,5000,14.11,1,0.13,0,2
17217,22,40000,RENT,2,0,0,1,0,1,0,0,0,0,A,10000,7.14,0,0.25,0,3
17228,23,60000,RENT,3,0,0,1,0,1,0,0,0,0,B,8000,10.25,0,0.13,0,3
17230,22,24960,RENT,0,0,0,1,0,1,0,0,0,0,A,2500,7.51,0,0.1,0,4
17237,22,75000,RENT,2,0,0,1,0,1,0,0,0,0,B,19600,12.42,0,0.26,0,4
17240,24,36000,RENT,3,0,0,1,0,1,0,0,0,0,D,5300,15.28,0,0.15,0,3
17244,24,30000,RENT,6,0,0,1,0,1,0,0,0,0,B,5000,12.69,1,0.17,0,2
17246,23,47496,RENT,7,0,0,1,0,1,0,0,0,0,B,3500,12.69,0,0.07,0,2
17252,26,64000,RENT,8,0,0,1,0,1,0,0,0,0,B,7500,9.83,0,0.12,0,4
17258,23,92000,RENT,0,0,0,1,0,1,0,0,0,0,A,6500,8,0,0.07,0,3
17286,25,60000,RENT,4,0,0,1,0,1,0,0,0,0,A,9800,,0,0.16,0,2
17290,22,60000,RENT,0,0,0,1,0,1,0,0,0,0,B,15000,11.71,0,0.25,0,3
17294,23,38004,RENT,5,0,0,1,0,1,0,0,0,0,A,5000,6.91,0,0.13,0,4
17316,22,60000,RENT,3,0,0,1,0,1,0,0,0,0,A,7000,6.91,0,0.12,0,4
17319,23,61000,RENT,3,0,0,1,0,1,0,0,0,0,A,2500,7.49,0,0.04,0,3
17325,23,59000,RENT,7,0,0,1,0,1,0,0,0,0,C,20000,12.29,1,0.34,0,2
17335,25,38000,RENT,9,0,0,1,0,1,0,0,0,0,B,4800,11.71,0,0.13,0,3
17340,23,157500,RENT,1,0,0,1,0,1,0,0,0,0,B,10000,12.69,0,0.06,0,2
17374,23,38000,RENT,0,0,0,1,0,1,0,0,0,0,A,7500,7.88,0,0.2,0,3
17377,23,75000,RENT,3,0,0,1,0,1,0,0,0,0,A,13200,6.17,0,0.18,0,3
17388,23,48000,RENT,6,0,0,1,0,1,0,0,0,0,A,4800,7.9,0,0.1,0,2
17399,25,28800,RENT,0,0,0,1,0,1,0,0,0,0,A,5000,8.9,0,0.17,0,4
17422,23,85000,RENT,5,0,0,1,0,1,0,0,0,0,A,10000,6.17,0,0.12,0,3
17427,23,30000,RENT,0,0,0,1,0,1,0,0,0,0,C,8400,14.65,0,0.28,0,3
17433,23,95000,RENT,4,0,0,1,0,1,0,0,0,0,B,10000,10.99,0,0.11,0,4
17434,26,69846,RENT,2,0,0,1,0,1,0,0,0,0,F,22500,18.99,1,0.32,0,4
17443,22,75000,RENT,5,0,0,1,0,1,0,0,0,0,B,5000,11.49,0,0.07,0,4
17447,26,75000,RENT,0,0,0,1,0,1,0,0,0,0,B,12000,10.38,0,0.16,0,3
17450,21,61000,RENT,3,0,0,1,0,1,0,0,0,0,B,7500,10.39,0,0.12,0,4
17454,23,66000,RENT,0,0,0,1,0,1,0,0,0,0,B,9200,11.86,0,0.14,0,2
17455,24,8400,RENT,,0,0,1,0,1,0,0,0,0,C,1500,13.99,1,0.18,0,4
17465,21,44004,RENT,2,0,0,1,0,1,0,0,0,0,B,7000,11.46,1,0.16,0,2
17466,23,60000,RENT,4,0,0,1,0,1,0,0,0,0,A,7000,5.79,0,0.12,0,4
17468,23,42000,RENT,2,0,0,1,0,1,0,0,0,0,B,6500,10.37,0,0.15,0,3
17469,23,65000,RENT,7,0,0,1,0,1,0,0,0,0,B,3600,10.59,0,0.06,0,3
17474,25,49000,RENT,10,0,0,1,0,1,0,0,0,0,A,9600,7.51,1,0.2,0,4
17482,22,185000,RENT,4,0,0,1,0,1,0,0,0,0,B,25000,11.36,0,0.14,0,4
17483,23,80400,RENT,4,0,0,1,0,1,0,0,0,0,A,9000,7.51,0,0.11,0,4
17486,26,51600,RENT,1,0,0,1,0,1,0,0,0,0,A,5000,8.94,1,0.1,0,2
17489,24,50500,RENT,7,0,0,1,0,1,0,0,0,0,A,9600,,0,0.19,0,4
17490,23,33000,RENT,4,0,0,1,0,1,0,0,0,0,C,8000,,0,0.24,0,3
17530,24,21600,RENT,,0,0,1,0,1,0,0,0,0,B,10000,9.91,1,0.46,0,3
17531,26,59000,RENT,3,0,0,1,0,1,0,0,0,0,C,20000,,1,0.34,0,2
17538,26,48000,RENT,1,0,0,1,0,1,0,0,0,0,E,15000,18.64,1,0.31,0,3
17550,22,60000,RENT,0,0,0,1,0,1,0,0,0,0,A,6025,,0,0.1,0,4
17562,22,70800,RENT,6,0,0,1,0,1,0,0,0,0,C,10000,12.61,0,0.14,0,2
17564,26,24500,RENT,4,0,0,1,0,1,0,0,0,0,B,8875,10,1,0.36,0,3
17589,23,41000,RENT,7,0,0,1,0,1,0,0,0,0,A,4700,7.9,0,0.11,0,4
17593,22,31200,RENT,1,0,0,1,0,1,0,0,0,0,B,3200,11.99,0,0.1,0,4
17594,23,46852,RENT,3,0,0,1,0,1,0,0,0,0,B,6800,10.65,1,0.15,0,4
17596,21,39900,RENT,3,0,0,1,0,1,0,0,0,0,B,6000,11.49,0,0.15,0,2
17610,23,32000,RENT,0,0,0,1,0,1,0,0,0,0,A,4000,7.68,0,0.13,0,3
17644,23,54000,RENT,7,0,0,1,0,1,0,0,0,0,B,1500,9.62,0,0.03,0,4
17647,23,96000,RENT,7,0,0,1,0,1,0,0,0,0,B,10000,10.65,0,0.1,0,3
17650,22,56000,RENT,6,0,0,1,0,1,0,0,0,0,E,18250,16.7,1,0.33,0,3
17651,23,100000,RENT,4,0,0,1,0,1,0,0,0,0,B,4150,10.65,0,0.04,0,4
17652,22,48000,RENT,0,0,0,1,0,1,0,0,0,0,A,1000,7.29,0,0.02,0,4
17654,21,39900,RENT,0,0,0,1,0,1,0,0,0,0,A,12000,7.9,0,0.3,0,4
17662,25,45000,RENT,2,0,0,1,0,1,0,0,0,0,A,11250,9.38,0,0.25,0,4
17664,22,33000,RENT,1,0,0,1,0,1,0,0,0,0,B,5000,10.25,0,0.15,0,2
17667,22,37200,RENT,2,0,0,1,0,1,0,0,0,0,A,10000,6.92,0,0.27,0,2
17669,24,62400,RENT,8,0,0,1,0,1,0,0,0,0,B,15000,9.45,0,0.24,0,2
17674,22,50004,RENT,2,0,0,1,0,1,0,0,0,0,A,4000,6.92,0,0.08,0,4
17675,21,38400,RENT,5,0,0,1,0,1,0,0,0,0,B,5000,10.59,0,0.13,0,3
17679,22,35325,RENT,2,0,0,1,0,1,0,0,0,0,D,6500,15.95,1,0.18,0,3
17680,23,50000,RENT,5,0,0,1,0,1,0,0,0,0,B,10000,9.63,0,0.2,0,3
17682,21,47500,RENT,2,0,0,1,0,1,0,0,0,0,B,7500,10.99,0,0.16,0,3
17683,23,58000,RENT,4,0,0,1,0,1,0,0,0,0,B,8000,10.37,0,0.14,0,2
17699,25,69996,RENT,9,0,0,1,0,1,0,0,0,0,D,25000,15.21,1,0.36,0,4
17712,22,48000,RENT,1,0,0,1,0,1,0,0,0,0,B,7200,9.62,0,0.15,0,3
17716,24,25000,RENT,0,0,0,1,0,1,0,0,0,0,A,4400,6.76,0,0.18,0,2
17722,24,18000,RENT,5,0,0,1,0,1,0,0,0,0,C,3000,15.27,1,0.17,0,2
17723,23,45000,RENT,7,0,0,1,0,1,0,0,0,0,B,6000,11.49,0,0.13,0,3
17733,22,50000,RENT,4,0,0,1,0,1,0,0,0,0,A,10000,9.32,0,0.2,0,3
17737,26,65935,RENT,1,0,0,1,0,1,0,0,0,0,D,24250,14.96,1,0.37,0,4
17739,25,46800,RENT,5,0,0,1,0,1,0,0,0,0,C,12000,13.11,1,0.26,0,4
17744,23,43200,RENT,2,0,0,1,0,1,0,0,0,0,D,9100,13.24,1,0.21,0,3
17746,22,50663,RENT,0,0,0,1,0,1,0,0,0,0,C,7500,13.22,0,0.15,0,2
17750,23,28800,RENT,5,0,0,1,0,1,0,0,0,0,B,2800,10.38,0,0.1,0,2
17756,23,45000,RENT,2,0,0,1,0,1,0,0,0,0,C,1700,14.72,0,0.04,0,2
17757,23,72000,RENT,3,0,0,1,0,1,0,0,0,0,A,10800,7.88,0,0.15,0,2
17758,21,35324,RENT,4,0,0,1,0,1,0,0,0,0,B,6000,,0,0.17,0,4
17762,21,26000,RENT,2,0,0,1,0,1,0,0,0,0,E,7750,16.7,1,0.3,0,3
17772,24,26400,RENT,4,0,0,1,0,1,0,0,0,0,A,8875,6.62,1,0.34,0,3
17804,25,29000,RENT,9,0,0,1,0,1,0,0,0,0,A,3000,6.62,1,0.1,0,4
17807,23,36000,RENT,5,0,0,1,0,1,0,0,0,0,B,10000,9.99,0,0.28,0,2
17815,24,43680,RENT,1,0,0,1,0,1,0,0,0,0,A,10800,5.42,0,0.25,0,4
17825,25,66000,RENT,9,0,0,1,0,1,0,0,0,0,D,25000,15.33,1,0.38,0,2
17839,28,80000,RENT,12,0,0,1,0,1,0,0,0,0,D,35000,15.62,1,0.44,0,10
17854,34,156000,RENT,4,0,0,1,0,1,0,0,0,0,A,35000,,0,0.22,0,5
17857,31,150000,RENT,,0,0,1,0,1,0,0,0,0,D,35000,18.25,1,0.23,0,6
17899,29,112260,RENT,5,0,0,1,0,1,0,0,0,0,D,30000,17.49,0,0.27,0,10
17901,34,285000,RENT,5,0,0,1,0,1,0,0,0,0,B,21000,11.71,0,0.07,0,10
17918,29,148616,RENT,2,0,0,1,0,1,0,0,0,0,A,29550,8.9,0,0.2,0,9
17920,29,89000,RENT,1,0,0,1,0,1,0,0,0,0,A,28800,7.49,1,0.32,0,6
17928,27,65000,RENT,4,0,0,1,0,1,0,0,0,0,A,28000,7.9,1,0.43,0,6
18021,29,66000,RENT,4,0,0,1,0,1,0,0,0,0,B,25000,11.48,1,0.38,0,10
18037,27,72000,RENT,9,0,0,1,0,1,0,0,0,0,B,25000,10.75,1,0.35,0,8
18062,32,190000,RENT,8,0,0,1,0,1,0,0,0,0,A,15000,9.63,0,0.08,0,7
18111,32,90000,RENT,7,0,0,1,0,1,0,0,0,0,D,25000,15.58,0,0.28,0,7
18160,29,113000,RENT,1,0,0,1,0,1,0,0,0,0,D,25000,15.31,1,0.22,0,6
18162,32,168000,RENT,5,0,0,1,0,1,0,0,0,0,C,25000,15.27,0,0.15,0,6
18168,33,140004,RENT,7,0,0,1,0,1,0,0,0,0,D,25000,15.58,0,0.18,0,10
18172,27,150000,RENT,1,0,0,1,0,1,0,0,0,0,B,25000,11.36,0,0.17,0,6
18183,30,148000,RENT,0,0,0,1,0,1,0,0,0,0,D,25000,15.95,1,0.17,0,8
18185,30,170000,RENT,14,0,0,1,0,1,0,0,0,0,D,25000,15.2,0,0.15,0,8
18194,30,148000,RENT,2,0,0,1,0,1,0,0,0,0,E,22200,19.42,1,0.15,0,8
18198,27,223000,RENT,2,0,0,1,0,1,0,0,0,0,F,25000,18.3,1,0.11,0,9
18232,28,58000,RENT,12,0,0,1,0,1,0,0,0,0,B,24000,10.75,1,0.41,0,10
18242,29,72000,RENT,4,0,0,1,0,1,0,0,0,0,A,24000,7.66,1,0.33,0,6
18255,28,103832,RENT,12,0,0,1,0,1,0,0,0,0,E,24000,16.69,0,0.23,0,5
18272,28,75000,RENT,3,0,0,1,0,1,0,0,0,0,B,23000,10.51,1,0.31,0,9
18273,30,72000,RENT,2,0,0,1,0,1,0,0,0,0,B,23000,12.18,1,0.32,0,6
18283,32,73000,RENT,0,0,0,1,0,1,0,0,0,0,B,22400,12.69,1,0.31,0,5
18290,28,92000,RENT,6,0,0,1,0,1,0,0,0,0,B,22000,12.69,0,0.24,0,9
18296,33,80001,RENT,6,0,0,1,0,1,0,0,0,0,E,21600,18.64,1,0.27,0,10
18312,29,93000,RENT,13,0,0,1,0,1,0,0,0,0,B,21000,12.42,1,0.23,0,10
18318,35,40934,RENT,5,0,0,1,0,1,0,0,0,0,B,20500,12.53,1,0.5,0,6
18353,29,58000,RENT,0,0,0,1,0,1,0,0,0,0,B,20000,9.91,1,0.34,0,10
18358,27,60000,RENT,1,0,0,1,0,1,0,0,0,0,B,20000,10.99,1,0.33,0,6
18364,28,56000,RENT,7,0,0,1,0,1,0,0,0,0,F,20000,18.25,1,0.36,0,6
18380,34,67000,RENT,7,0,0,1,0,1,0,0,0,0,B,20000,11.71,0,0.3,0,9
18387,27,70000,RENT,4,0,0,1,0,1,0,0,0,0,B,20000,11.48,0,0.29,0,9
18395,30,72000,RENT,5,0,0,1,0,1,0,0,0,0,C,20000,13.79,0,0.28,0,7
18439,34,93600,RENT,15,0,0,1,0,1,0,0,0,0,D,20000,15.31,0,0.21,0,5
18448,33,98000,RENT,2,0,0,1,0,1,0,0,0,0,A,20000,6.91,0,0.2,0,5
18475,29,115500,RENT,1,0,0,1,0,1,0,0,0,0,B,20000,10.46,0,0.17,0,9
18480,28,120000,RENT,4,0,0,1,0,1,0,0,0,0,C,20000,14.26,0,0.17,0,7
18484,33,130000,RENT,1,0,0,1,0,1,0,0,0,0,A,20000,6.62,0,0.15,0,10
18490,27,140000,RENT,4,0,0,1,0,1,0,0,0,0,A,20000,7.9,0,0.14,0,6
18494,30,156000,RENT,0,0,0,1,0,1,0,0,0,0,A,20000,6.54,0,0.13,0,8
18498,30,180000,RENT,1,0,0,1,0,1,0,0,0,0,C,20000,14.22,0,0.11,0,10
18502,30,49110,RENT,2,0,0,1,0,1,0,0,0,0,B,19775,12.42,1,0.4,0,10
18509,33,12000,RENT,,0,0,1,0,1,0,0,0,0,A,1000,7.88,1,0.08,0,7
18511,29,12480,RENT,,0,0,1,0,1,0,0,0,0,A,1000,8.9,0,0.08,0,9
18539,33,62004,RENT,3,0,0,1,0,1,0,0,0,0,C,18500,12.87,0,0.3,0,9
18562,29,54000,RENT,0,0,0,1,0,1,0,0,0,0,B,18000,10.99,1,0.33,0,6
18579,33,70000,RENT,18,0,0,1,0,1,0,0,0,0,B,18000,11.89,0,0.26,0,9
18584,34,78000,RENT,5,0,0,1,0,1,0,0,0,0,A,18000,8.9,0,0.23,0,9
18595,31,90000,RENT,12,0,0,1,0,1,0,0,0,0,B,18000,12.42,0,0.2,0,8
18611,30,175000,RENT,1,0,0,1,0,1,0,0,0,0,A,18000,5.79,0,0.1,0,10
18615,34,65000,RENT,0,0,0,1,0,1,0,0,0,0,A,17900,7.9,0,0.28,0,8
18626,28,44000,RENT,3,0,0,1,0,1,0,0,0,0,E,17500,,1,0.4,0,10
18645,33,33852,RENT,4,0,0,1,0,1,0,0,0,0,B,17000,11.48,1,0.5,0,9
18650,27,55000,RENT,1,0,0,1,0,1,0,0,0,0,A,17000,7.88,1,0.31,0,5
18651,30,55000,RENT,6,0,0,1,0,1,0,0,0,0,B,17000,,1,0.31,0,9
18675,34,39672,RENT,18,0,0,1,0,1,0,0,0,0,C,16750,13.98,1,0.42,0,9
18688,33,71000,RENT,0,0,0,1,0,1,0,0,0,0,C,16500,14.72,0,0.23,0,6
18701,27,36000,RENT,7,0,0,1,0,1,0,0,0,0,D,16000,15.7,1,0.44,0,9
18744,30,68000,RENT,5,0,0,1,0,1,0,0,0,0,D,16000,14.09,0,0.24,0,5
18749,30,75000,RENT,0,0,0,1,0,1,0,0,0,0,A,16000,8.9,0,0.21,0,10
18763,35,29311,RENT,,0,0,1,0,1,0,0,0,0,A,1000,7.49,0,0.03,0,9
18764,27,30000,RENT,1,0,0,1,0,1,0,0,0,0,A,1000,5.79,0,0.03,0,10
18772,29,38000,RENT,5,0,0,1,0,1,0,0,0,0,A,1000,7.88,0,0.03,0,9
18797,28,15600,RENT,0,0,0,1,0,1,0,0,0,0,B,1200,12.53,0,0.08,0,8
18819,31,14400,RENT,0,0,0,1,0,1,0,0,0,0,C,1250,,1,0.09,0,8
18831,35,24960,RENT,6,0,0,1,0,1,0,0,0,0,A,1400,8.49,0,0.06,0,10
18841,29,17000,RENT,0,0,0,1,0,1,0,0,0,0,C,1450,,0,0.09,0,6
18845,27,27000,RENT,11,0,0,1,0,1,0,0,0,0,B,1500,10.36,0,0.06,0,5
18852,27,30000,RENT,0,0,0,1,0,1,0,0,0,0,C,1500,,0,0.05,0,6
18866,28,39600,RENT,11,0,0,1,0,1,0,0,0,0,B,1500,12.69,0,0.04,0,5
18871,32,43625,RENT,2,0,0,1,0,1,0,0,0,0,B,1500,,0,0.03,0,6
18883,28,55000,RENT,7,0,0,1,0,1,0,0,0,0,A,1500,7.37,0,0.03,0,8
18885,29,60000,RENT,3,0,0,1,0,1,0,0,0,0,C,1500,12.87,0,0.03,0,9
18921,31,15204,RENT,,0,0,1,0,1,0,0,0,0,A,1875,8.49,1,0.12,0,7
18956,28,30000,RENT,12,0,0,1,0,1,0,0,0,0,A,2000,5.42,0,0.07,0,5
18982,32,101000,RENT,0,0,0,1,0,1,0,0,0,0,D,15000,17.58,1,0.15,0,8
18984,29,120000,RENT,3,0,0,1,0,1,0,0,0,0,A,15000,6.91,0,0.13,0,7
18993,29,128000,RENT,0,0,0,1,0,1,0,0,0,0,A,15000,9.63,1,0.12,0,9
18997,34,147000,RENT,1,0,0,1,0,1,0,0,0,0,A,15000,8.94,0,0.1,0,5
19011,28,68000,RENT,2,0,0,1,0,1,0,0,0,0,B,14800,9.99,0,0.22,0,9
19016,27,30000,RENT,2,0,0,1,0,1,0,0,0,0,B,2000,11.49,0,0.07,0,8
19034,28,60000,RENT,3,0,0,1,0,1,0,0,0,0,B,2000,,0,0.03,0,6
19043,30,69996,RENT,0,0,0,1,0,1,0,0,0,0,B,2000,10.65,0,0.03,0,9
19045,35,70000,RENT,2,0,0,1,0,1,0,0,0,0,C,2000,13.72,0,0.03,0,7
19057,33,132444,RENT,4,0,0,1,0,1,0,0,0,0,B,2000,11.36,0,0.02,0,9
19113,28,37152,RENT,12,0,0,1,0,1,0,0,0,0,D,2300,13.17,0,0.06,0,7
19119,31,12000,RENT,2,0,0,1,0,1,0,0,0,0,B,2400,11.71,1,0.2,0,10
19123,30,18000,RENT,,0,0,1,0,1,0,0,0,0,B,2400,11.49,0,0.13,0,10
19177,29,69996,RENT,0,0,0,1,0,1,0,0,0,0,B,2400,11.11,0,0.03,0,6
19189,27,75800,RENT,0,0,0,1,0,1,0,0,0,0,A,2475,6.54,0,0.03,0,8
19190,35,10800,RENT,,0,0,1,0,1,0,0,0,0,D,2500,14.84,1,0.23,0,5
19206,30,32040,RENT,,0,0,1,0,1,0,0,0,0,C,13275,,1,0.41,0,5
19209,28,35000,RENT,4,0,0,1,0,1,0,0,0,0,B,13250,10.65,1,0.38,0,7
19225,34,90000,RENT,0,0,0,1,0,1,0,0,0,0,B,13200,10.74,0,0.15,0,5
19241,27,37000,RENT,1,0,0,1,0,1,0,0,0,0,B,13000,9.91,1,0.35,0,10
19286,27,40000,RENT,4,0,0,1,0,1,0,0,0,0,A,2500,6.99,0,0.06,0,5
19290,28,42000,RENT,9,0,0,1,0,1,0,0,0,0,A,2500,8.49,0,0.06,0,8
19301,28,48000,RENT,1,0,0,1,0,1,0,0,0,0,A,2500,8.49,0,0.05,0,5
19324,34,87000,RENT,0,0,0,1,0,1,0,0,0,0,A,2500,7.14,0,0.03,0,5
19346,28,10000,RENT,12,0,0,1,0,1,0,0,0,0,B,3000,,1,0.3,0,8
19352,27,15000,RENT,2,0,0,1,0,1,0,0,0,0,C,3000,13.23,1,0.2,0,7
19371,28,19992,RENT,12,0,0,1,0,1,0,0,0,0,A,3000,7.14,1,0.15,0,9
19412,35,36000,RENT,1,0,0,1,0,1,0,0,0,0,A,3000,5.42,0,0.08,0,5
19427,28,39000,RENT,0,0,0,1,0,1,0,0,0,0,A,3000,7.9,0,0.08,0,7
19443,30,43500,RENT,0,0,0,1,0,1,0,0,0,0,B,3000,12.42,0,0.07,0,10
19454,29,45996,RENT,6,0,0,1,0,1,0,0,0,0,B,3000,9.76,0,0.07,0,7
19459,33,41277,RENT,3,0,0,1,0,1,0,0,0,0,B,3000,10,1,0.07,0,8
19467,30,48996,RENT,2,0,0,1,0,1,0,0,0,0,B,3000,10.36,0,0.06,0,10
19477,35,50000,RENT,1,0,0,1,0,1,0,0,0,0,A,3000,7.88,0,0.06,0,8
19505,29,52000,RENT,2,0,0,1,0,1,0,0,0,0,A,12000,7.9,0,0.23,0,7
19508,32,52000,RENT,3,0,0,1,0,1,0,0,0,0,A,12000,7.29,0,0.23,0,6
19509,28,52000,RENT,12,0,0,1,0,1,0,0,0,0,B,12000,,0,0.23,0,8
19542,27,57000,RENT,2,0,0,1,0,1,0,0,0,0,B,12000,11.49,0,0.21,0,9
19556,27,49000,RENT,3,0,0,1,0,1,0,0,0,0,B,3000,11.71,1,0.06,0,8
19564,27,56400,RENT,9,0,0,1,0,1,0,0,0,0,B,3000,11.83,0,0.05,0,9
19595,27,70000,RENT,3,0,0,1,0,1,0,0,0,0,A,3000,7.68,0,0.04,0,10
19611,33,74400,RENT,7,0,0,1,0,1,0,0,0,0,B,3000,11.83,1,0.04,0,5
19624,34,106000,RENT,3,0,0,1,0,1,0,0,0,0,B,3000,11.12,0,0.03,0,7
19641,30,31200,RENT,0,0,0,1,0,1,0,0,0,0,C,3100,13.35,0,0.1,0,10
19642,35,32000,RENT,1,0,0,1,0,1,0,0,0,0,A,3125,7.14,0,0.1,0,9
19653,28,35000,RENT,12,0,0,1,0,1,0,0,0,0,D,3200,15.21,0,0.09,0,6
19656,27,35496,RENT,2,0,0,1,0,1,0,0,0,0,A,3200,7.88,0,0.09,0,6
19659,27,38000,RENT,11,0,0,1,0,1,0,0,0,0,B,3200,12.42,0,0.08,0,5
19672,34,53500,RENT,0,0,0,1,0,1,0,0,0,0,A,3200,6.76,0,0.06,0,5
19681,33,63996,RENT,4,0,0,1,0,1,0,0,0,0,B,3200,10.74,0,0.05,0,9
19690,31,10000,RENT,2,0,0,1,0,1,0,0,0,0,A,3250,7.88,1,0.33,0,10
19701,33,18000,RENT,3,0,0,1,0,1,0,0,0,0,C,3300,11.97,1,0.18,0,8
19703,29,37500,RENT,7,0,0,1,0,1,0,0,0,0,B,3300,10.37,0,0.09,0,8
19704,30,44760,RENT,1,0,0,1,0,1,0,0,0,0,B,3300,11.71,0,0.07,0,8
19706,35,75000,RENT,1,0,0,1,0,1,0,0,0,0,B,3300,11.71,0,0.04,0,9
19732,35,22608,RENT,1,0,0,1,0,1,0,0,0,0,C,3500,14.22,0,0.15,0,9
19762,29,46344,RENT,0,0,0,1,0,1,0,0,0,0,B,3500,11.36,0,0.08,0,5
19788,27,65000,RENT,9,0,0,1,0,1,0,0,0,0,C,3500,13.49,0,0.05,0,9
19789,32,59000,RENT,6,0,0,1,0,1,0,0,0,0,B,3500,,1,0.06,0,9
19803,28,14400,RENT,0,0,0,1,0,1,0,0,0,0,A,3600,7.9,1,0.25,0,6
19805,29,18000,RENT,2,0,0,1,0,1,0,0,0,0,C,3600,15.27,1,0.2,0,6
19825,29,35000,RENT,2,0,0,1,0,1,0,0,0,0,A,3600,8.94,0,0.1,0,10
19833,28,37000,RENT,7,0,0,1,0,1,0,0,0,0,D,3600,14.11,0,0.1,0,7
19841,29,40000,RENT,1,0,0,1,0,1,0,0,0,0,A,3600,8.59,0,0.09,0,8
19847,29,38400,RENT,14,0,0,1,0,1,0,0,0,0,A,11000,7.49,0,0.29,0,7
19852,30,42000,RENT,2,0,0,1,0,1,0,0,0,0,B,11000,12.53,0,0.26,0,9
19881,30,62304,RENT,3,0,0,1,0,1,0,0,0,0,D,11000,,0,0.18,0,9
19897,27,85500,RENT,1,0,0,1,0,1,0,0,0,0,D,11000,15.99,1,0.13,0,6
19904,28,33288,RENT,2,0,0,1,0,1,0,0,0,0,C,10800,12.09,1,0.32,0,6
19917,35,55596,RENT,2,0,0,1,0,1,0,0,0,0,B,10800,9.91,0,0.19,0,8
19926,31,24996,RENT,0,0,0,1,0,1,0,0,0,0,C,10750,12.53,1,0.43,0,8
19929,33,55000,RENT,1,0,0,1,0,1,0,0,0,0,C,10725,13.16,0,0.2,0,6
19959,28,40000,RENT,6,0,0,1,0,1,0,0,0,0,C,10500,14.27,0,0.26,0,10
19965,34,62100,RENT,1,0,0,1,0,1,0,0,0,0,B,10500,11.26,0,0.17,0,5
19975,28,39000,RENT,2,0,0,1,0,1,0,0,0,0,B,10400,10.37,0,0.27,0,10
19983,27,80400,RENT,11,0,0,1,0,1,0,0,0,0,B,10400,11.86,0,0.13,0,6
19999,33,50000,RENT,5,0,0,1,0,1,0,0,0,0,C,3600,13.8,0,0.07,0,5
20005,31,55000,RENT,2,0,0,1,0,1,0,0,0,0,A,3600,7.51,0,0.07,0,7
20007,28,60000,RENT,3,0,0,1,0,1,0,0,0,0,B,3600,9.63,0,0.06,0,5
20021,30,90000,RENT,14,0,0,1,0,1,0,0,0,0,D,3600,14.91,0,0.04,0,6
20024,27,106000,RENT,11,0,0,1,0,1,0,0,0,0,C,3600,14.27,0,0.03,0,5
20028,33,20000,RENT,5,0,0,1,0,1,0,0,0,0,A,3625,6.99,0,0.18,0,9
20029,27,54000,RENT,2,0,0,1,0,1,0,0,0,0,A,3625,7.9,0,0.07,0,6
20034,28,25200,RENT,2,0,0,1,0,1,0,0,0,0,B,3700,9.62,0,0.15,0,8
20039,35,62217,RENT,15,0,0,1,0,1,0,0,0,0,A,3700,,0,0.06,0,8
20042,28,94000,RENT,3,0,0,1,0,1,0,0,0,0,A,3700,7.9,0,0.04,0,9
20055,28,29950,RENT,4,0,0,1,0,1,0,0,0,0,C,3825,14.27,0,0.13,0,8
20063,31,37584,RENT,0,0,0,1,0,1,0,0,0,0,B,3900,,0,0.1,0,8
20082,32,18000,RENT,0,0,0,1,0,1,0,0,0,0,D,4000,15.2,1,0.22,0,10
20084,31,18000,RENT,6,0,0,1,0,1,0,0,0,0,C,4000,12.84,1,0.22,0,5
20106,27,22000,RENT,1,0,0,1,0,1,0,0,0,0,A,4000,6.39,0,0.18,0,10
20110,31,24000,RENT,0,0,0,1,0,1,0,0,0,0,A,4000,6.76,0,0.17,0,9
20120,29,26004,RENT,5,0,0,1,0,1,0,0,0,0,B,4000,10,1,0.15,0,7
20134,27,29120,RENT,2,0,0,1,0,1,0,0,0,0,B,4000,10.75,0,0.14,0,5
20136,27,30000,RENT,6,0,0,1,0,1,0,0,0,0,B,4000,12.69,1,0.13,0,7
20154,27,33000,RENT,7,0,0,1,0,1,0,0,0,0,A,4000,6.76,0,0.12,0,9
20170,28,35004,RENT,2,0,0,1,0,1,0,0,0,0,B,4000,12.53,0,0.11,0,5
20173,28,35600,RENT,3,0,0,1,0,1,0,0,0,0,A,4000,7.49,0,0.11,0,6
20189,34,33456,RENT,2,0,0,1,0,1,0,0,0,0,E,4000,16.45,1,0.12,0,5
20193,29,33996,RENT,11,0,0,1,0,1,0,0,0,0,C,4000,13.47,1,0.12,0,7
20196,32,40000,RENT,2,0,0,1,0,1,0,0,0,0,B,4000,9.99,0,0.1,0,7
20214,27,37200,RENT,4,0,0,1,0,1,0,0,0,0,D,4000,17.27,1,0.11,0,9
20235,34,48000,RENT,0,0,0,1,0,1,0,0,0,0,A,4000,8,0,0.08,0,9
20254,27,48000,RENT,2,0,0,1,0,1,0,0,0,0,A,4000,6.03,1,0.08,0,6
20255,27,54000,RENT,3,0,0,1,0,1,0,0,0,0,B,4000,10.74,0,0.07,0,5
20259,27,55200,RENT,0,0,0,1,0,1,0,0,0,0,A,4000,6.76,0,0.07,0,10
20265,27,58000,RENT,2,0,0,1,0,1,0,0,0,0,B,4000,9.67,0,0.07,0,9
20283,33,68000,RENT,3,0,0,1,0,1,0,0,0,0,B,4000,10.99,0,0.06,0,10
20288,31,72000,RENT,15,0,0,1,0,1,0,0,0,0,B,4000,9.99,0,0.06,0,5
20301,33,84996,RENT,2,0,0,1,0,1,0,0,0,0,A,4000,8.59,0,0.05,0,6
20306,31,91000,RENT,12,0,0,1,0,1,0,0,0,0,A,4000,7.66,0,0.04,0,6
20315,28,98000,RENT,6,0,0,1,0,1,0,0,0,0,A,4000,7.51,1,0.04,0,7
20317,32,115000,RENT,2,0,0,1,0,1,0,0,0,0,B,4000,12.69,0,0.03,0,10
20349,28,43680,RENT,3,0,0,1,0,1,0,0,0,0,C,4475,15.27,0,0.1,0,8
20350,29,12000,RENT,1,0,0,1,0,1,0,0,0,0,D,4500,15.05,1,0.38,0,9
20367,30,30000,RENT,3,0,0,1,0,1,0,0,0,0,C,4500,13.92,0,0.15,0,8
20375,31,36000,RENT,7,0,0,1,0,1,0,0,0,0,B,4500,9.99,0,0.13,0,10
20385,29,41700,RENT,0,0,0,1,0,1,0,0,0,0,A,4500,,0,0.11,0,6
20388,28,39000,RENT,8,0,0,1,0,1,0,0,0,0,C,4500,13.49,1,0.12,0,9
20397,34,44400,RENT,0,0,0,1,0,1,0,0,0,0,D,4500,16.02,1,0.1,0,9
20423,27,58000,RENT,0,0,0,1,0,1,0,0,0,0,C,4600,13.99,0,0.08,0,8
20429,33,65000,RENT,1,0,0,1,0,1,0,0,0,0,B,4700,9.45,0,0.07,0,7
20444,33,14076,RENT,,0,0,1,0,1,0,0,0,0,A,4800,6.76,1,0.34,0,8
20455,31,22000,RENT,6,0,0,1,0,1,0,0,0,0,B,4800,10.65,0,0.22,0,10
20472,28,30000,RENT,1,0,0,1,0,1,0,0,0,0,C,4800,13.47,0,0.16,0,8
20476,29,33600,RENT,3,0,0,1,0,1,0,0,0,0,A,4800,5.79,0,0.14,0,9
20492,30,40000,RENT,3,0,0,1,0,1,0,0,0,0,C,4800,12.68,0,0.12,0,5
20514,34,50000,RENT,8,0,0,1,0,1,0,0,0,0,B,4800,,0,0.1,0,10
20531,29,64744,RENT,13,0,0,1,0,1,0,0,0,0,B,4800,,0,0.07,0,6
20566,28,100000,RENT,1,0,0,1,0,1,0,0,0,0,A,10000,7.51,0,0.1,0,7
20588,27,117000,RENT,2,0,0,1,0,1,0,0,0,0,A,10000,8,0,0.09,0,10
20593,28,125000,RENT,5,0,0,1,0,1,0,0,0,0,B,10000,9.99,0,0.08,0,9
20597,35,126000,RENT,19,0,0,1,0,1,0,0,0,0,D,10000,16.29,0,0.08,0,5
20599,27,130000,RENT,6,0,0,1,0,1,0,0,0,0,A,10000,7.74,0,0.08,0,5
20600,29,130000,RENT,1,0,0,1,0,1,0,0,0,0,C,10000,14.26,0,0.08,0,5
20629,27,48000,RENT,7,0,0,1,0,1,0,0,0,0,A,9800,8.59,0,0.2,0,5
20685,32,32496,RENT,4,0,0,1,0,1,0,0,0,0,D,5000,,0,0.15,0,6
20718,27,36000,RENT,5,0,0,1,0,1,0,0,0,0,B,5000,9.63,0,0.14,0,8
20730,32,37000,RENT,3,0,0,1,0,1,0,0,0,0,B,5000,9.62,0,0.14,0,7
20751,28,38400,RENT,3,0,0,1,0,1,0,0,0,0,C,5000,,0,0.13,0,5
20756,28,39516,RENT,0,0,0,1,0,1,0,0,0,0,C,5000,12.87,0,0.13,0,10
20761,27,40000,RENT,3,0,0,1,0,1,0,0,0,0,A,5000,7.29,0,0.13,0,5
20762,35,34000,RENT,7,0,0,1,0,1,0,0,0,0,D,5000,16.32,1,0.15,0,6
20802,35,44908,RENT,6,0,0,1,0,1,0,0,0,0,A,5000,6.92,0,0.11,0,7
20816,27,45500,RENT,2,0,0,1,0,1,0,0,0,0,B,5000,11.71,0,0.11,0,5
20822,31,41000,RENT,1,0,0,1,0,1,0,0,0,0,D,5000,16.07,1,0.12,0,9
20825,34,47000,RENT,7,0,0,1,0,1,0,0,0,0,C,5000,12.73,0,0.11,0,6
20830,31,42000,RENT,2,0,0,1,0,1,0,0,0,0,A,5000,8.49,1,0.12,0,10
20834,28,48000,RENT,4,0,0,1,0,1,0,0,0,0,A,5000,7.29,0,0.1,0,8
20865,29,60000,RENT,7,0,0,1,0,1,0,0,0,0,C,9000,13.61,0,0.15,0,9
20870,29,62000,RENT,13,0,0,1,0,1,0,0,0,0,C,9000,,0,0.15,0,9
20879,30,65000,RENT,3,0,0,1,0,1,0,0,0,0,B,9000,12.42,0,0.14,0,5
20914,27,73004,RENT,5,0,0,1,0,1,0,0,0,0,A,9000,9.63,1,0.12,0,7
20956,29,46296,RENT,14,0,0,1,0,1,0,0,0,0,D,8800,14.42,0,0.19,0,7
20960,27,65000,RENT,8,0,0,1,0,1,0,0,0,0,A,8800,6.03,0,0.14,0,9
20964,31,100000,RENT,3,0,0,1,0,1,0,0,0,0,B,8800,10,0,0.09,0,8
20967,29,50000,RENT,11,0,0,1,0,1,0,0,0,0,B,5000,10.37,0,0.1,0,5
20986,27,45200,RENT,11,0,0,1,0,1,0,0,0,0,D,5000,16,1,0.11,0,10
20988,28,51200,RENT,0,0,0,1,0,1,0,0,0,0,B,5000,11.14,0,0.1,0,10
21020,27,38000,RENT,5,0,0,1,0,1,0,0,0,0,A,8500,6.99,0,0.22,0,10
21028,30,44000,RENT,1,0,0,1,0,1,0,0,0,0,B,8500,11.36,0,0.19,0,7
21032,28,47500,RENT,2,0,0,1,0,1,0,0,0,0,A,8500,7.88,0,0.18,0,10
21064,28,54590,RENT,3,0,0,1,0,1,0,0,0,0,A,5000,6.03,0,0.09,0,6
21067,27,54792,RENT,4,0,0,1,0,1,0,0,0,0,C,5000,13.48,0,0.09,0,5
21076,30,49000,RENT,13,0,0,1,0,1,0,0,0,0,B,5000,10.74,1,0.1,0,10
21077,29,55000,RENT,2,0,0,1,0,1,0,0,0,0,A,5000,7.14,0,0.09,0,5
21119,34,63500,RENT,5,0,0,1,0,1,0,0,0,0,A,5000,9.63,0,0.08,0,7
21132,33,66000,RENT,17,0,0,1,0,1,0,0,0,0,A,5000,7.29,0,0.08,0,8
21140,28,66924,RENT,1,0,0,1,0,1,0,0,0,0,B,5000,11.86,0,0.07,0,10
21142,33,68004,RENT,17,0,0,1,0,1,0,0,0,0,C,5000,13.49,0,0.07,0,8
21151,29,70000,RENT,4,0,0,1,0,1,0,0,0,0,E,5000,,0,0.07,0,6
21185,33,85000,RENT,11,0,0,1,0,1,0,0,0,0,A,5000,7.9,0,0.06,0,8
21222,29,100000,RENT,0,0,0,1,0,1,0,0,0,0,C,5000,12.23,0,0.05,0,8
21253,31,50000,RENT,0,0,0,1,0,1,0,0,0,0,C,5275,12.53,0,0.11,0,6
21275,32,40000,RENT,2,0,0,1,0,1,0,0,0,0,B,5400,11.11,0,0.14,0,5
21301,35,20000,RENT,1,0,0,1,0,1,0,0,0,0,B,5500,12.69,0,0.28,0,7
21302,27,20000,RENT,0,0,0,1,0,1,0,0,0,0,B,5500,12.69,0,0.28,0,5
21336,30,42312,RENT,1,0,0,1,0,1,0,0,0,0,A,5500,8.59,0,0.13,0,6
21350,31,70000,RENT,4,0,0,1,0,1,0,0,0,0,A,5500,7.68,0,0.08,0,10
21354,28,39996,RENT,10,0,0,1,0,1,0,0,0,0,D,5525,14.54,0,0.14,0,10
21364,27,25000,RENT,1,0,0,1,0,1,0,0,0,0,A,5600,7.9,0,0.22,0,8
21381,32,45000,RENT,0,0,0,1,0,1,0,0,0,0,B,5600,11.36,0,0.12,0,10
21400,34,63000,RENT,3,0,0,1,0,1,0,0,0,0,B,5600,11.58,0,0.09,0,5
21475,35,20000,RENT,4,0,0,1,0,1,0,0,0,0,D,6000,15.99,0,0.3,0,5
21476,30,20000,RENT,1,0,0,1,0,1,0,0,0,0,B,6000,,0,0.3,0,9
21478,28,20400,RENT,12,0,0,1,0,1,0,0,0,0,A,6000,6.03,0,0.29,0,8
21481,29,21000,RENT,7,0,0,1,0,1,0,0,0,0,B,6000,12.42,0,0.29,0,6
21489,29,22500,RENT,1,0,0,1,0,1,0,0,0,0,B,6000,11.83,0,0.27,0,9
21521,29,29004,RENT,8,0,0,1,0,1,0,0,0,0,C,6000,12.87,0,0.21,0,5
21530,31,30000,RENT,5,0,0,1,0,1,0,0,0,0,A,6000,8.49,0,0.2,0,7
21551,27,31500,RENT,10,0,0,1,0,1,0,0,0,0,C,6000,12.84,1,0.19,0,9
21553,27,32000,RENT,11,0,0,1,0,1,0,0,0,0,C,6000,14.27,0,0.19,0,8
21557,29,32000,RENT,13,0,0,1,0,1,0,0,0,0,B,6000,12.18,0,0.19,0,10
21563,29,33000,RENT,0,0,0,1,0,1,0,0,0,0,C,6000,15.23,0,0.18,0,6
21564,33,33500,RENT,0,0,0,1,0,1,0,0,0,0,A,6000,,0,0.18,0,9
21569,29,33996,RENT,13,0,0,1,0,1,0,0,0,0,D,6000,14.09,0,0.18,0,7
21584,28,35000,RENT,2,0,0,1,0,1,0,0,0,0,B,6000,11.89,0,0.17,0,10
21596,29,36000,RENT,4,0,0,1,0,1,0,0,0,0,A,6000,5.99,0,0.17,0,6
21632,27,40000,RENT,4,0,0,1,0,1,0,0,0,0,C,6000,12.73,0,0.15,0,10
21637,27,40000,RENT,2,0,0,1,0,1,0,0,0,0,C,6000,11.28,0,0.15,0,7
21648,34,42000,RENT,2,0,0,1,0,1,0,0,0,0,B,6000,10.59,0,0.14,0,7
21656,32,43000,RENT,2,0,0,1,0,1,0,0,0,0,C,6000,13.22,0,0.14,0,6
21672,27,45000,RENT,1,0,0,1,0,1,0,0,0,0,B,6000,10.65,0,0.13,0,8
21677,30,45000,RENT,1,0,0,1,0,1,0,0,0,0,A,6000,7.51,0,0.13,0,5
21695,30,48000,RENT,0,0,0,1,0,1,0,0,0,0,A,6000,7.88,0,0.13,0,10
21730,34,50004,RENT,6,0,0,1,0,1,0,0,0,0,A,6000,7.88,0,0.12,0,5
21739,27,51600,RENT,12,0,0,1,0,1,0,0,0,0,A,6000,8.49,0,0.12,0,6
21741,34,52000,RENT,1,0,0,1,0,1,0,0,0,0,B,6000,12.53,0,0.12,0,9
21744,29,47000,RENT,8,0,0,1,0,1,0,0,0,0,D,6000,17.49,1,0.13,0,7
21759,31,55560,RENT,11,0,0,1,0,1,0,0,0,0,B,6000,11.99,0,0.11,0,6
21771,29,59000,RENT,3,0,0,1,0,1,0,0,0,0,A,6000,7.88,0,0.1,0,9
21796,33,61000,RENT,0,0,0,1,0,1,0,0,0,0,B,6000,10.39,0,0.1,0,7
21799,33,61500,RENT,7,0,0,1,0,1,0,0,0,0,A,6000,5.79,0,0.1,0,10
21836,31,57000,RENT,15,0,0,1,0,1,0,0,0,0,B,6000,,1,0.11,0,8
21844,31,65000,RENT,2,0,0,1,0,1,0,0,0,0,B,6000,11.49,0,0.09,0,6
21853,31,66000,RENT,0,0,0,1,0,1,0,0,0,0,A,6000,,0,0.09,0,5
21859,32,70000,RENT,0,0,0,1,0,1,0,0,0,0,B,6000,9.99,0,0.09,0,8
21867,34,70000,RENT,1,0,0,1,0,1,0,0,0,0,B,6000,11.89,0,0.09,0,5
21891,28,75000,RENT,4,0,0,1,0,1,0,0,0,0,A,6000,6.92,0,0.08,0,6
21934,29,92004,RENT,8,0,0,1,0,1,0,0,0,0,B,6000,10.38,0,0.07,0,10
21970,32,12000,RENT,2,0,0,1,0,1,0,0,0,0,A,6200,6.17,1,0.52,0,9
21990,28,21000,RENT,6,0,0,1,0,1,0,0,0,0,A,6250,7.9,0,0.3,0,7
21998,27,57000,RENT,0,0,0,1,0,1,0,0,0,0,B,7000,11.71,0,0.12,0,8
22034,29,70000,RENT,6,0,0,1,0,1,0,0,0,0,A,7000,7.74,0,0.1,0,6
22044,35,80000,RENT,5,0,0,1,0,1,0,0,0,0,A,7000,7.29,0,0.09,0,8
22053,35,84175,RENT,4,0,0,1,0,1,0,0,0,0,A,7000,7.29,0,0.08,0,8
22085,27,32200,RENT,1,0,0,1,0,1,0,0,0,0,E,6300,16.45,1,0.2,0,6
22087,30,54000,RENT,1,0,0,1,0,1,0,0,0,0,B,6300,10,0,0.12,0,7
22103,33,21600,RENT,2,0,0,1,0,1,0,0,0,0,C,6500,,0,0.3,0,10
22107,29,26004,RENT,0,0,0,1,0,1,0,0,0,0,C,6500,11.91,0,0.25,0,10
22112,27,29000,RENT,0,0,0,1,0,1,0,0,0,0,D,6500,14.11,1,0.22,0,8
22115,30,38000,RENT,2,0,0,1,0,1,0,0,0,0,A,6500,7.14,0,0.17,0,9
22139,33,56000,RENT,1,0,0,1,0,1,0,0,0,0,A,6500,6.76,0,0.12,0,6
22144,27,63360,RENT,1,0,0,1,0,1,0,0,0,0,B,6500,9.99,0,0.1,0,8
22159,29,123000,RENT,0,0,0,1,0,1,0,0,0,0,A,6500,,0,0.05,0,10
22182,35,130000,RENT,11,0,0,1,0,1,0,0,0,0,E,6600,17.93,0,0.05,0,5
22184,31,51000,RENT,4,0,0,1,0,1,0,0,0,0,B,6625,10.38,0,0.13,0,10
22188,33,25700,RENT,3,0,0,1,0,1,0,0,0,0,B,6700,10.99,0,0.26,0,10
22202,31,50000,RENT,4,0,0,1,0,1,0,0,0,0,E,6800,19.29,0,0.14,0,8
22216,35,30000,RENT,0,0,0,1,0,1,0,0,0,0,A,6475,5.42,0,0.22,0,7
22228,29,30000,RENT,2,0,0,1,0,1,0,0,0,0,C,6400,12.87,0,0.21,0,5
22241,30,36000,RENT,2,0,0,1,0,1,0,0,0,0,B,6400,10.59,0,0.18,0,9
22244,34,37000,RENT,2,0,0,1,0,1,0,0,0,0,C,6400,13.61,0,0.17,0,9
22262,32,50000,RENT,0,0,0,1,0,1,0,0,0,0,C,6400,13.35,0,0.13,0,8
22286,30,90000,RENT,2,0,0,1,0,1,0,0,0,0,A,6400,6.62,0,0.07,0,7
22304,30,39500,RENT,3,0,0,1,0,1,0,0,0,0,A,6925,7.88,0,0.18,0,9
22313,29,26280,RENT,0,0,0,1,0,1,0,0,0,0,B,7000,,0,0.27,0,9
22318,27,27720,RENT,1,0,0,1,0,1,0,0,0,0,B,7000,10.95,0,0.25,0,6
22326,31,29736,RENT,4,0,0,1,0,1,0,0,0,0,A,7000,6.92,0,0.24,0,8
22352,31,36000,RENT,14,0,0,1,0,1,0,0,0,0,C,7000,13.72,0,0.19,0,8
22366,35,33000,RENT,4,0,0,1,0,1,0,0,0,0,A,7000,7.9,1,0.21,0,9
22373,31,40000,RENT,2,0,0,1,0,1,0,0,0,0,B,7000,9.62,0,0.17,0,9
22387,29,41779,RENT,5,0,0,1,0,1,0,0,0,0,A,7000,5.79,0,0.17,0,10
22403,33,43000,RENT,2,0,0,1,0,1,0,0,0,0,A,7000,7.88,0,0.16,0,6
22415,27,45000,RENT,1,0,0,1,0,1,0,0,0,0,A,7000,7.49,0,0.16,0,9
22428,29,47000,RENT,2,0,0,1,0,1,0,0,0,0,B,7000,10.36,0,0.15,0,7
22443,28,50000,RENT,0,0,0,1,0,1,0,0,0,0,A,7000,8.32,0,0.14,0,5
22465,29,85000,RENT,3,0,0,1,0,1,0,0,0,0,A,7000,6.92,0,0.08,0,8
22483,34,28800,RENT,0,0,0,1,0,1,0,0,0,0,B,7200,11.99,1,0.25,0,10
22496,29,33000,RENT,2,0,0,1,0,1,0,0,0,0,B,7200,11.71,1,0.22,0,10
22497,35,34200,RENT,3,0,0,1,0,1,0,0,0,0,A,7200,6.99,0,0.21,0,6
22501,32,38000,RENT,0,0,0,1,0,1,0,0,0,0,B,7200,10.08,0,0.19,0,7
22504,31,40000,RENT,4,0,0,1,0,1,0,0,0,0,A,7200,9.63,0,0.18,0,8
22517,30,48000,RENT,1,0,0,1,0,1,0,0,0,0,B,7200,10.39,0,0.15,0,8
22544,30,82060,RENT,1,0,0,1,0,1,0,0,0,0,A,7200,,0,0.09,0,7
22549,33,83000,RENT,5,0,0,1,0,1,0,0,0,0,A,7200,8,0,0.09,0,8
22554,27,84000,RENT,8,0,0,1,0,1,0,0,0,0,C,7200,,0,0.09,0,10
22555,32,85000,RENT,9,0,0,1,0,1,0,0,0,0,B,7200,11.58,0,0.08,0,10
22561,30,90000,RENT,2,0,0,1,0,1,0,0,0,0,B,7200,11.99,0,0.08,0,7
22572,29,28800,RENT,2,0,0,1,0,1,0,0,0,0,A,7225,6.92,0,0.25,0,7
22575,28,39750,RENT,5,0,0,1,0,1,0,0,0,0,A,7250,8.49,0,0.18,0,8
22584,28,44995,RENT,2,0,0,1,0,1,0,0,0,0,A,7350,7.49,0,0.16,0,10
22609,29,27600,RENT,2,0,0,1,0,1,0,0,0,0,A,7500,6.62,0,0.27,0,9
22610,27,30000,RENT,5,0,0,1,0,1,0,0,0,0,D,7500,14.84,0,0.25,0,7
22611,33,30000,RENT,14,0,0,1,0,1,0,0,0,0,B,7500,11.86,1,0.25,0,5
22639,33,38400,RENT,,0,0,1,0,1,0,0,0,0,C,7500,13.49,0,0.2,0,5
22655,32,34000,RENT,0,0,0,1,0,1,0,0,0,0,B,7500,10.01,1,0.22,0,5
22658,32,40000,RENT,2,0,0,1,0,1,0,0,0,0,A,7500,8,0,0.19,0,6
22665,29,44720,RENT,6,0,0,1,0,1,0,0,0,0,B,7500,,0,0.17,0,5
22674,29,45756,RENT,7,0,0,1,0,1,0,0,0,0,B,7500,10,0,0.16,0,7
22678,30,46800,RENT,0,0,0,1,0,1,0,0,0,0,A,7500,7.88,0,0.16,0,10
22706,31,57000,RENT,2,0,0,1,0,1,0,0,0,0,B,7500,12.53,0,0.13,0,9
22709,27,57996,RENT,11,0,0,1,0,1,0,0,0,0,B,7500,12.21,0,0.13,0,10
22724,29,65000,RENT,5,0,0,1,0,1,0,0,0,0,B,7500,12.69,0,0.12,0,10
22739,28,75000,RENT,3,0,0,1,0,1,0,0,0,0,B,7500,,0,0.1,0,6
22741,33,80000,RENT,4,0,0,1,0,1,0,0,0,0,A,7500,5.42,0,0.09,0,10
22761,27,125000,RENT,8,0,0,1,0,1,0,0,0,0,D,7500,,0,0.06,0,5
22768,29,165000,RENT,2,0,0,1,0,1,0,0,0,0,B,7500,10.62,0,0.05,0,7
22802,29,56200,RENT,0,0,0,1,0,1,0,0,0,0,E,7725,13.75,1,0.14,0,6
22815,31,41558,RENT,3,0,0,1,0,1,0,0,0,0,E,7750,16.45,0,0.19,0,7
22840,27,37000,RENT,4,0,0,1,0,1,0,0,0,0,B,7900,11.11,0,0.21,0,7
22849,27,18000,RENT,3,0,0,1,0,1,0,0,0,0,B,8000,10.75,1,0.44,0,10
22861,29,21000,RENT,2,0,0,1,0,1,0,0,0,0,B,8000,11.71,1,0.38,0,7
22868,29,22000,RENT,0,0,0,1,0,1,0,0,0,0,B,8000,,1,0.36,0,7
22881,33,25000,RENT,18,0,0,1,0,1,0,0,0,0,D,8000,,1,0.32,0,8
22893,32,26400,RENT,0,0,0,1,0,1,0,0,0,0,A,8000,7.51,0,0.3,0,10
22908,35,30000,RENT,3,0,0,1,0,1,0,0,0,0,B,8000,,0,0.27,0,6
22932,32,29000,RENT,0,0,0,1,0,1,0,0,0,0,D,8000,18.25,1,0.28,0,6
22983,27,39000,RENT,0,0,0,1,0,1,0,0,0,0,C,8000,11.03,0,0.21,0,9
22989,35,39996,RENT,4,0,0,1,0,1,0,0,0,0,A,8000,5.99,0,0.2,0,5
23004,29,41200,RENT,3,0,0,1,0,1,0,0,0,0,B,8000,11.99,0,0.19,0,7
23006,30,35600,RENT,0,0,0,1,0,1,0,0,0,0,D,8000,14.59,1,0.22,0,9
23025,33,43000,RENT,6,0,0,1,0,1,0,0,0,0,B,8000,10,0,0.19,0,8
23056,31,46875,RENT,1,0,0,1,0,1,0,0,0,0,B,8000,,0,0.17,0,8
23058,32,47000,RENT,2,0,0,1,0,1,0,0,0,0,A,8000,8.59,0,0.17,0,9
23084,27,50000,RENT,1,0,0,1,0,1,0,0,0,0,C,8000,13.98,0,0.16,0,9
23185,31,15000,RENT,,0,0,1,0,1,0,0,0,0,A,5000,,1,0.33,0,10
23206,32,19200,RENT,0,0,0,1,0,1,0,0,0,0,B,5000,9.99,1,0.26,0,9
23227,33,22000,RENT,4,0,0,1,0,1,0,0,0,0,B,5000,12.42,0,0.23,0,6
23242,30,24000,RENT,14,0,0,1,0,1,0,0,0,0,B,5000,11.11,1,0.21,0,9
23252,31,24000,RENT,0,0,0,1,0,1,0,0,0,0,A,5000,7.51,0,0.21,0,8
23261,28,25000,RENT,1,0,0,1,0,1,0,0,0,0,A,5000,7.51,0,0.2,0,7
23309,27,65000,RENT,11,0,0,1,0,1,0,0,0,0,B,8000,10.37,0,0.12,0,6
23324,27,68120,RENT,6,0,0,1,0,1,0,0,0,0,B,8000,10,0,0.12,0,5
23332,31,70000,RENT,4,0,0,1,0,1,0,0,0,0,B,8000,10.99,0,0.11,0,6
23333,29,70000,RENT,13,0,0,1,0,1,0,0,0,0,A,8000,7.49,0,0.11,0,5
23340,35,71000,RENT,3,0,0,1,0,1,0,0,0,0,B,8000,11.49,0,0.11,0,6
23356,28,75000,RENT,6,0,0,1,0,1,0,0,0,0,A,8000,7.9,0,0.11,0,6
23400,28,95000,RENT,5,0,0,1,0,1,0,0,0,0,B,8000,12.42,0,0.08,0,6
23409,28,103000,RENT,0,0,0,1,0,1,0,0,0,0,D,8000,14.61,1,0.08,0,10
23422,28,150000,RENT,1,0,0,1,0,1,0,0,0,0,B,8000,11.71,0,0.05,0,10
23425,27,150000,RENT,2,0,0,1,0,1,0,0,0,0,B,8000,,0,0.05,0,7
23428,27,160000,RENT,4,0,0,1,0,1,0,0,0,0,B,8000,12.42,0,0.05,0,9
23442,29,77000,RENT,0,0,0,1,0,1,0,0,0,0,A,8225,,0,0.11,0,10
23486,32,50400,RENT,11,0,0,1,0,1,0,0,0,0,B,8400,12.42,0,0.17,0,7
23496,27,49600,RENT,2,0,0,1,0,1,0,0,0,0,D,8400,,1,0.17,0,5
23503,27,65000,RENT,4,0,0,1,0,1,0,0,0,0,A,8400,6.99,0,0.13,0,5
23530,27,30000,RENT,2,0,0,1,0,1,0,0,0,0,A,8600,7.51,0,0.29,0,8
23542,29,45000,RENT,4,0,0,1,0,1,0,0,0,0,A,8700,7.88,0,0.19,0,9
23563,34,24000,RENT,0,0,0,1,0,1,0,0,0,0,B,9000,11.14,1,0.38,0,8
23569,33,28200,RENT,2,0,0,1,0,1,0,0,0,0,C,9000,,1,0.32,0,8
23644,31,45000,RENT,2,0,0,1,0,1,0,0,0,0,C,9000,12.84,0,0.2,0,5
23650,27,47000,RENT,3,0,0,1,0,1,0,0,0,0,C,9000,12.98,0,0.19,0,7
23695,34,28500,RENT,0,0,0,1,0,1,0,0,0,0,B,9175,12.69,1,0.32,0,5
23702,29,73000,RENT,2,0,0,1,0,1,0,0,0,0,A,9200,7.88,0,0.13,0,5
23710,33,21996,RENT,0,0,0,1,0,1,0,0,0,0,C,9250,12.87,1,0.42,0,9
23711,30,26000,RENT,3,0,0,1,0,1,0,0,0,0,B,9250,,1,0.36,0,5
23764,29,49000,RENT,3,0,0,1,0,1,0,0,0,0,A,9500,,1,0.19,0,5
23774,32,24696,RENT,1,0,0,1,0,1,0,0,0,0,A,9600,7.14,1,0.39,0,9
23807,33,45000,RENT,2,0,0,1,0,1,0,0,0,0,A,9600,8.49,0,0.21,0,5
23923,27,26400,RENT,9,0,0,1,0,1,0,0,0,0,B,10000,10.25,1,0.38,0,9
23951,29,30000,RENT,3,0,0,1,0,1,0,0,0,0,E,10000,16.82,1,0.33,0,7
23979,27,31200,RENT,3,0,0,1,0,1,0,0,0,0,C,10000,13.99,1,0.32,0,10
23984,29,31500,RENT,11,0,0,1,0,1,0,0,0,0,A,10000,7.29,1,0.32,0,6
23985,27,32000,RENT,6,0,0,1,0,1,0,0,0,0,B,10000,12.42,1,0.31,0,8
23993,27,32890,RENT,5,0,0,1,0,1,0,0,0,0,B,10000,10.95,0,0.3,0,5
24000,28,33900,RENT,6,0,0,1,0,1,0,0,0,0,D,10000,15.58,0,0.29,0,6
24029,34,29004,RENT,9,0,0,1,0,1,0,0,0,0,B,10000,11.83,1,0.34,0,5
24043,27,30000,RENT,4,0,0,1,0,1,0,0,0,0,B,10000,10.74,1,0.33,0,10
24061,30,36996,RENT,5,0,0,1,0,1,0,0,0,0,A,10000,8.9,0,0.27,0,6
24104,28,40000,RENT,0,0,0,1,0,1,0,0,0,0,B,10000,12.42,0,0.25,0,5
24154,27,42000,RENT,1,0,0,1,0,1,0,0,0,0,A,10000,,0,0.24,0,8
24155,28,42000,RENT,12,0,0,1,0,1,0,0,0,0,A,10000,9.32,0,0.24,0,9
24167,27,43200,RENT,4,0,0,1,0,1,0,0,0,0,A,10000,7.49,0,0.23,0,10
24184,31,45000,RENT,4,0,0,1,0,1,0,0,0,0,B,10000,10.65,0,0.22,0,5
24194,27,45000,RENT,1,0,0,1,0,1,0,0,0,0,C,10000,,0,0.22,0,9
24249,28,33600,RENT,12,0,0,1,0,1,0,0,0,0,B,4200,10,0,0.13,0,5
24273,32,52000,RENT,10,0,0,1,0,1,0,0,0,0,A,4200,7.51,0,0.08,0,6
24301,34,70000,RENT,1,0,0,1,0,1,0,0,0,0,D,4200,14.61,1,0.06,0,6
24307,34,59000,RENT,0,0,0,1,0,1,0,0,0,0,D,4100,14.91,1,0.07,0,10
24310,34,55000,RENT,5,0,0,1,0,1,0,0,0,0,A,4050,,0,0.07,0,9
24318,31,47000,RENT,5,0,0,1,0,1,0,0,0,0,B,10000,11.99,0,0.21,0,8
24327,31,42000,RENT,4,0,0,1,0,1,0,0,0,0,B,10000,11.71,1,0.24,0,5
24352,30,48000,RENT,1,0,0,1,0,1,0,0,0,0,B,10000,12.18,0,0.21,0,9
24362,28,48000,RENT,0,0,0,1,0,1,0,0,0,0,B,10000,10.08,0,0.21,0,6
24378,35,50000,RENT,4,0,0,1,0,1,0,0,0,0,B,10000,9.91,0,0.2,0,7
24414,33,44784,RENT,2,0,0,1,0,1,0,0,0,0,D,10000,,1,0.22,0,6
24443,33,53000,RENT,13,0,0,1,0,1,0,0,0,0,C,10000,15.96,0,0.19,0,9
24446,27,53000,RENT,7,0,0,1,0,1,0,0,0,0,B,10000,10.25,0,0.19,0,5
24447,33,53000,RENT,2,0,0,1,0,1,0,0,0,0,A,10000,8.94,0,0.19,0,9
24471,27,55000,RENT,11,0,0,1,0,1,0,0,0,0,C,10000,14.27,0,0.18,0,7
24493,35,56000,RENT,5,0,0,1,0,1,0,0,0,0,B,10000,12.42,0,0.18,0,5
24496,33,56000,RENT,2,0,0,1,0,1,0,0,0,0,A,10000,7.74,0,0.18,0,5
24507,34,57000,RENT,1,0,0,1,0,1,0,0,0,0,B,10000,11.14,0,0.18,0,8
24529,28,60000,RENT,8,0,0,1,0,1,0,0,0,0,A,10000,8.9,0,0.17,0,9
24550,33,60000,RENT,5,0,0,1,0,1,0,0,0,0,A,10000,5.79,0,0.17,0,5
24551,34,60000,RENT,1,0,0,1,0,1,0,0,0,0,B,10000,9.62,0,0.17,0,9
24552,28,60000,RENT,4,0,0,1,0,1,0,0,0,0,A,10000,6.54,0,0.17,0,6
24575,29,60000,RENT,11,0,0,1,0,1,0,0,0,0,C,10000,11.97,0,0.17,0,5
24589,28,45000,RENT,0,0,0,1,0,1,0,0,0,0,A,4000,,0,0.09,0,8
24596,31,45000,RENT,0,0,0,1,0,1,0,0,0,0,C,4000,13.43,0,0.09,0,6
24616,32,64000,RENT,1,0,0,1,0,1,0,0,0,0,B,10000,12.69,0,0.16,0,10
24684,27,70000,RENT,2,0,0,1,0,1,0,0,0,0,B,10000,10.99,0,0.14,0,6
24685,35,70360,RENT,8,0,0,1,0,1,0,0,0,0,A,10000,6.62,0,0.14,0,5
24726,27,75000,RENT,9,0,0,1,0,1,0,0,0,0,B,10000,9.63,0,0.13,0,9
24750,29,80000,RENT,3,0,0,1,0,1,0,0,0,0,D,10000,17.27,0,0.13,0,8
24774,35,80004,RENT,5,0,0,1,0,1,0,0,0,0,A,10000,7.51,0,0.12,0,10
24782,29,83000,RENT,13,0,0,1,0,1,0,0,0,0,B,10000,11.99,0,0.12,0,6
24796,33,84996,RENT,17,0,0,1,0,1,0,0,0,0,A,10000,8,0,0.12,0,10
24813,27,89904,RENT,1,0,0,1,0,1,0,0,0,0,B,10000,10,0,0.11,0,5
24815,31,78000,RENT,15,0,0,1,0,1,0,0,0,0,C,10000,14.27,1,0.13,0,10
24858,29,44000,RENT,0,0,0,1,0,1,0,0,0,0,B,10200,10.2,0,0.23,0,8
24875,33,32400,RENT,8,0,0,1,0,1,0,0,0,0,A,11000,6.99,1,0.34,0,10
24898,30,30809,RENT,1,0,0,1,0,1,0,0,0,0,B,11200,11.99,1,0.36,0,7
24921,31,48000,RENT,5,0,0,1,0,1,0,0,0,0,B,11200,,0,0.23,0,5
24925,33,55259,RENT,15,0,0,1,0,1,0,0,0,0,D,11200,17.49,0,0.2,0,5
24938,33,70000,RENT,0,0,0,1,0,1,0,0,0,0,A,11200,8.94,0,0.16,0,6
24940,30,69000,RENT,3,0,0,1,0,1,0,0,0,0,B,11200,12.42,1,0.16,0,6
24943,34,74000,RENT,3,0,0,1,0,1,0,0,0,0,C,11200,11.66,1,0.15,0,10
24950,29,87500,RENT,2,0,0,1,0,1,0,0,0,0,B,11200,,0,0.13,0,8
24962,29,25000,RENT,4,0,0,1,0,1,0,0,0,0,B,11325,,1,0.45,0,5
24982,28,22188,RENT,9,0,0,1,0,1,0,0,0,0,A,11500,8.49,1,0.52,0,5
25015,33,92259,RENT,2,0,0,1,0,1,0,0,0,0,B,11500,10,0,0.12,0,7
25067,27,30000,RENT,5,0,0,1,0,1,0,0,0,0,B,12000,11.36,1,0.4,0,9
25085,32,33000,RENT,1,0,0,1,0,1,0,0,0,0,A,12000,6.54,1,0.36,0,8
25106,27,35000,RENT,0,0,0,1,0,1,0,0,0,0,A,12000,7.29,1,0.34,0,6
25109,32,35100,RENT,,0,0,1,0,1,0,0,0,0,A,12000,5.99,1,0.34,0,10
25128,30,37500,RENT,5,0,0,1,0,1,0,0,0,0,B,12000,,1,0.32,0,6
25134,32,38000,RENT,2,0,0,1,0,1,0,0,0,0,B,12000,12.42,1,0.32,0,6
25177,30,40000,RENT,13,0,0,1,0,1,0,0,0,0,B,12000,9.2,0,0.3,0,8
25196,31,36000,RENT,4,0,0,1,0,1,0,0,0,0,B,12000,10.36,1,0.33,0,8
25228,28,45000,RENT,12,0,0,1,0,1,0,0,0,0,A,12000,5.42,0,0.27,0,10
25275,30,54000,RENT,1,0,0,1,0,1,0,0,0,0,A,12000,6.62,1,0.22,0,6
25313,30,61000,RENT,4,0,0,1,0,1,0,0,0,0,A,12000,6.92,0,0.2,0,9
25343,27,26208,RENT,0,0,0,1,0,1,0,0,0,0,C,3000,13.98,0,0.11,0,10
25349,27,27500,RENT,0,0,0,1,0,1,0,0,0,0,B,3000,10.99,0,0.11,0,5
25359,27,28800,RENT,0,0,0,1,0,1,0,0,0,0,A,3000,7.88,1,0.1,0,7
25369,32,30000,RENT,7,0,0,1,0,1,0,0,0,0,B,3000,12.42,0,0.1,0,8
25374,28,62000,RENT,2,0,0,1,0,1,0,0,0,0,C,12000,,0,0.19,0,10
25386,28,62496,RENT,4,0,0,1,0,1,0,0,0,0,A,12000,6.91,0,0.19,0,5
25393,35,63600,RENT,3,0,0,1,0,1,0,0,0,0,B,12000,11.49,0,0.19,0,8
25418,28,67000,RENT,,0,0,1,0,1,0,0,0,0,A,12000,,0,0.18,0,7
25447,27,72000,RENT,11,0,0,1,0,1,0,0,0,0,A,12000,6.62,0,0.17,0,8
25470,27,40000,RENT,2,0,0,1,0,1,0,0,0,0,A,3000,7.4,0,0.07,0,9
25491,27,42000,RENT,2,0,0,1,0,1,0,0,0,0,A,3000,8.94,0,0.07,0,5
25501,28,42996,RENT,4,0,0,1,0,1,0,0,0,0,A,3000,7.68,0,0.07,0,6
25504,28,75000,RENT,0,0,0,1,0,1,0,0,0,0,A,12000,6.03,0,0.16,0,6
25516,35,69000,RENT,1,0,0,1,0,1,0,0,0,0,B,12000,11.26,1,0.17,0,5
25524,29,76663,RENT,9,0,0,1,0,1,0,0,0,0,A,12000,,0,0.16,0,9
25531,27,80000,RENT,3,0,0,1,0,1,0,0,0,0,D,12000,17.58,0,0.15,0,7
25589,27,86000,RENT,4,0,0,1,0,1,0,0,0,0,A,12000,7.51,0,0.14,0,8
25595,29,88000,RENT,6,0,0,1,0,1,0,0,0,0,C,12000,12.53,0,0.14,0,5
25597,28,88365,RENT,9,0,0,1,0,1,0,0,0,0,D,12000,16.29,0,0.14,0,6
25636,35,93000,RENT,0,0,0,1,0,1,0,0,0,0,B,12000,9.99,0,0.13,0,5
25643,27,95500,RENT,1,0,0,1,0,1,0,0,0,0,B,12000,11.11,0,0.13,0,6
25646,30,96000,RENT,11,0,0,1,0,1,0,0,0,0,C,12000,13.23,0,0.13,0,10
25682,29,108000,RENT,1,0,0,1,0,1,0,0,0,0,D,12000,,1,0.11,0,9
25698,35,130000,RENT,17,0,0,1,0,1,0,0,0,0,B,12000,10.75,0,0.09,0,6
25714,27,223000,RENT,4,0,0,1,0,1,0,0,0,0,D,12000,14.96,1,0.05,0,6
25723,33,36000,RENT,5,0,0,1,0,1,0,0,0,0,B,12200,9.99,1,0.34,0,6
25757,30,72000,RENT,12,0,0,1,0,1,0,0,0,0,A,12400,,0,0.17,0,5
25760,28,35000,RENT,2,0,0,1,0,1,0,0,0,0,C,12500,,1,0.36,0,10
25763,27,36500,RENT,4,0,0,1,0,1,0,0,0,0,B,12500,10.25,1,0.34,0,8
25777,28,45000,RENT,3,0,0,1,0,1,0,0,0,0,C,2800,,0,0.06,0,8
25817,29,27000,RENT,2,0,0,1,0,1,0,0,0,0,B,2725,9.63,0,0.1,0,6
25819,29,52000,RENT,2,0,0,1,0,1,0,0,0,0,C,2725,11.66,0,0.05,0,8
25821,30,15000,RENT,6,0,0,1,0,1,0,0,0,0,B,2700,12.69,1,0.18,0,5
25837,31,35004,RENT,2,0,0,1,0,1,0,0,0,0,C,2700,13.49,0,0.08,0,5
25838,29,40560,RENT,4,0,0,1,0,1,0,0,0,0,B,2700,10,0,0.07,0,8
25877,30,37000,RENT,2,0,0,1,0,1,0,0,0,0,B,2600,9.25,0,0.07,0,7
25909,27,14400,RENT,3,0,0,1,0,1,0,0,0,0,F,2500,18.3,1,0.17,0,7
25920,32,17040,RENT,,0,0,1,0,1,0,0,0,0,A,2500,7.51,0,0.15,0,10
25923,31,19968,RENT,1,0,0,1,0,1,0,0,0,0,B,2500,9.62,1,0.13,0,6
25935,28,58000,RENT,3,0,0,1,0,1,0,0,0,0,B,12500,11.71,0,0.22,0,7
25948,29,70004,RENT,0,0,0,1,0,1,0,0,0,0,B,12500,8.88,0,0.18,0,7
25959,27,60000,RENT,6,0,0,1,0,1,0,0,0,0,A,12650,,0,0.21,0,9
25967,27,35000,RENT,4,0,0,1,0,1,0,0,0,0,B,12800,10,1,0.37,0,7
25985,29,65000,RENT,1,0,0,1,0,1,0,0,0,0,B,12800,9.45,0,0.2,0,10
26014,28,55000,RENT,10,0,0,1,0,1,0,0,0,0,B,13000,10.99,0,0.24,0,8
26028,29,59000,RENT,6,0,0,1,0,1,0,0,0,0,B,13000,11.49,0,0.22,0,10
26029,28,54000,RENT,2,0,0,1,0,1,0,0,0,0,C,13000,15.23,1,0.24,0,9
26036,32,64000,RENT,1,0,0,1,0,1,0,0,0,0,B,13000,10.99,0,0.2,0,9
26084,31,144000,RENT,0,0,0,1,0,1,0,0,0,0,G,13000,21.21,1,0.09,0,6
26103,27,44000,RENT,5,0,0,1,0,1,0,0,0,0,B,13650,10.65,1,0.31,0,5
26116,31,80000,RENT,5,0,0,1,0,1,0,0,0,0,E,13750,16.7,0,0.17,0,6
26147,28,39000,RENT,6,0,0,1,0,1,0,0,0,0,A,14000,7.9,1,0.36,0,8
26154,27,45000,RENT,1,0,0,1,0,1,0,0,0,0,B,14000,9.76,1,0.31,0,9
26211,29,55000,RENT,3,0,0,1,0,1,0,0,0,0,B,14000,11.48,0,0.25,0,7
26228,27,57600,RENT,3,0,0,1,0,1,0,0,0,0,A,14000,7.29,0,0.24,0,8
26257,32,63000,RENT,11,0,0,1,0,1,0,0,0,0,A,14000,6.91,0,0.22,0,5
26264,30,66996,RENT,0,0,0,1,0,1,0,0,0,0,C,14000,12.84,0,0.21,0,8
26300,31,76500,RENT,1,0,0,1,0,1,0,0,0,0,B,14000,11.49,0,0.18,0,10
26347,33,103560,RENT,5,0,0,1,0,1,0,0,0,0,E,14000,17.56,0,0.14,0,5
26354,35,115000,RENT,2,0,0,1,0,1,0,0,0,0,A,14000,,0,0.12,0,9
26377,32,48000,RENT,3,0,0,1,0,1,0,0,0,0,C,14100,13.49,0,0.29,0,5
26390,30,36500,RENT,5,0,0,1,0,1,0,0,0,0,A,14125,8.9,1,0.39,0,7
26394,27,39000,RENT,5,0,0,1,0,1,0,0,0,0,A,14125,8.49,1,0.36,0,5
26407,32,30000,RENT,5,0,0,1,0,1,0,0,0,0,C,14300,13.49,1,0.48,0,8
26466,27,75000,RENT,1,0,0,1,0,1,0,0,0,0,B,14400,11.36,0,0.19,0,7
26478,30,79820,RENT,4,0,0,1,0,1,0,0,0,0,C,14400,13.49,0,0.18,0,6
26487,28,85000,RENT,1,0,0,1,0,1,0,0,0,0,A,14400,9.07,0,0.17,0,8
26593,28,32568,RENT,3,0,0,1,0,1,0,0,0,0,D,15000,,1,0.46,0,9
26635,27,39000,RENT,4,0,0,1,0,1,0,0,0,0,D,2000,16.07,0,0.05,0,7
26703,32,42000,RENT,0,0,0,1,0,1,0,0,0,0,D,2000,15.62,1,0.05,0,6
26709,28,48000,RENT,9,0,0,1,0,1,0,0,0,0,A,2000,7.68,0,0.04,0,7
26761,27,38004,RENT,5,0,0,1,0,1,0,0,0,0,C,15000,12.73,1,0.39,0,10
26762,33,38016,RENT,10,0,0,1,0,1,0,0,0,0,A,15000,6.17,1,0.39,0,9
26790,27,41000,RENT,6,0,0,1,0,1,0,0,0,0,A,15000,8.49,1,0.37,0,8
26986,28,50000,RENT,1,0,0,1,0,1,0,0,0,0,C,15000,10.28,0,0.3,0,5
27028,33,24000,RENT,3,0,0,1,0,1,0,0,0,0,B,1600,8.88,0,0.07,0,6
27058,29,43200,RENT,4,0,0,1,0,1,0,0,0,0,C,1600,13.49,0,0.04,0,10
27073,29,68000,RENT,4,0,0,1,0,1,0,0,0,0,B,1600,11.48,0,0.02,0,10
27148,28,24840,RENT,2,0,0,1,0,1,0,0,0,0,A,1500,8,1,0.06,0,5
27240,31,60000,RENT,11,0,0,1,0,1,0,0,0,0,B,15000,11.71,0,0.25,0,8
27247,31,60000,RENT,4,0,0,1,0,1,0,0,0,0,A,15000,8.49,0,0.25,0,9
27291,28,62000,RENT,0,0,0,1,0,1,0,0,0,0,A,15000,7.9,0,0.24,0,8
27298,33,62400,RENT,4,0,0,1,0,1,0,0,0,0,B,15000,11.99,0,0.24,0,8
27313,34,64000,RENT,5,0,0,1,0,1,0,0,0,0,B,15000,10.25,0,0.23,0,8
27333,29,65000,RENT,4,0,0,1,0,1,0,0,0,0,D,15000,16,0,0.23,0,8
27343,29,67000,RENT,1,0,0,1,0,1,0,0,0,0,C,15000,13.57,0,0.22,0,9
27355,31,67800,RENT,7,0,0,1,0,1,0,0,0,0,B,15000,11.89,0,0.22,0,8
27375,29,64000,RENT,3,0,0,1,0,1,0,0,0,0,C,15000,15.27,1,0.23,0,6
27413,27,71000,RENT,11,0,0,1,0,1,0,0,0,0,B,15000,9.01,0,0.21,0,6
27452,31,74028,RENT,5,0,0,1,0,1,0,0,0,0,B,15000,10.59,0,0.2,0,9
27515,32,71000,RENT,2,0,0,1,0,1,0,0,0,0,D,15000,15.95,1,0.21,0,9
27519,30,79000,RENT,5,0,0,1,0,1,0,0,0,0,F,15000,,0,0.19,0,7
27640,28,50000,RENT,2,0,0,1,0,1,0,0,0,0,B,15200,10.25,0,0.3,0,10
27719,27,90000,RENT,1,0,0,1,0,1,0,0,0,0,B,16000,12.42,0,0.18,0,9
27756,27,110000,RENT,6,0,0,1,0,1,0,0,0,0,C,16000,15.27,0,0.15,0,8
27766,29,108000,RENT,11,0,0,1,0,1,0,0,0,0,B,16000,,1,0.15,0,7
27788,29,200000,RENT,14,0,0,1,0,1,0,0,0,0,B,16000,12.69,0,0.08,0,7
27803,30,35576,RENT,14,0,0,1,0,1,0,0,0,0,C,19000,13.72,1,0.53,0,7
27834,34,75500,RENT,0,0,0,1,0,1,0,0,0,0,D,19200,16.77,1,0.25,0,10
27894,31,8000,RENT,0,0,0,1,0,1,0,0,0,0,A,4000,,1,0.5,0,7
27908,32,45996,RENT,2,0,0,1,0,1,0,0,0,0,B,1800,11.58,0,0.04,0,8
27912,28,25000,RENT,0,0,0,1,0,1,0,0,0,0,A,7000,6.92,0,0.28,0,7
27918,29,68000,RENT,1,0,0,1,0,1,0,0,0,0,B,10000,10.65,0,0.15,0,5
27952,28,32568,RENT,3,0,0,1,0,1,0,0,0,0,D,15000,,1,0.46,0,10
27969,31,34000,RENT,3,0,0,1,0,1,0,0,0,0,A,5000,5.42,0,0.15,0,7
27971,29,117000,RENT,6,0,0,1,0,1,0,0,0,0,B,21000,10.65,0,0.18,0,5
27977,32,31000,RENT,0,0,0,1,0,1,0,0,0,0,B,5000,11.49,1,0.16,0,8
27983,35,80000,RENT,0,0,0,1,0,1,0,0,0,0,B,7050,8.88,0,0.09,0,10
27984,27,33996,RENT,8,0,0,1,0,1,0,0,0,0,D,6000,15.31,0,0.18,0,10
28012,33,30000,RENT,3,0,0,1,0,1,0,0,0,0,B,11975,9.99,1,0.4,0,5
28016,28,50000,RENT,2,0,0,1,0,1,0,0,0,0,D,2000,16.89,1,0.04,0,5
28021,29,48000,RENT,6,0,0,1,0,1,0,0,0,0,B,6025,10.65,0,0.13,0,6
28029,27,78500,RENT,6,0,0,1,0,1,0,0,0,0,A,8000,8.59,0,0.1,0,8
28046,28,42000,RENT,3,0,0,1,0,1,0,0,0,0,D,9600,14.61,0,0.23,0,9
28054,31,43288,RENT,7,0,0,1,0,1,0,0,0,0,B,10000,10.74,0,0.23,0,5
28055,32,120000,RENT,11,0,0,1,0,1,0,0,0,0,A,12000,7.51,0,0.1,0,9
28062,29,12000,RENT,1,0,0,1,0,1,0,0,0,0,D,4500,15.05,1,0.38,0,9
28088,28,140000,RENT,3,0,0,1,0,1,0,0,0,0,B,12000,9.91,0,0.09,0,10
28104,35,82863,RENT,14,0,0,1,0,1,0,0,0,0,A,11000,,0,0.13,0,9
28108,34,84000,RENT,3,0,0,1,0,1,0,0,0,0,A,9000,5.79,0,0.11,0,10
28130,33,125004,RENT,3,0,0,1,0,1,0,0,0,0,E,12000,15.68,0,0.1,0,8
28135,31,66000,RENT,9,0,0,1,0,1,0,0,0,0,B,2550,11.36,0,0.04,0,9
28155,29,59000,RENT,3,0,0,1,0,1,0,0,0,0,A,6000,7.88,0,0.1,0,8
28157,28,42000,RENT,0,0,0,1,0,1,0,0,0,0,B,12000,11.11,0,0.29,0,9
28160,28,20000,RENT,5,0,0,1,0,1,0,0,0,0,B,4000,10.99,0,0.2,0,10
28170,33,40000,RENT,15,0,0,1,0,1,0,0,0,0,B,15000,9.88,1,0.38,0,9
28223,31,35142,RENT,,0,0,1,0,1,0,0,0,0,B,8000,11.11,0,0.23,0,10
28245,27,80000,RENT,3,0,0,1,0,1,0,0,0,0,A,20000,7.49,0,0.25,0,9
28283,28,70000,RENT,1,0,0,1,0,1,0,0,0,0,A,7800,7.9,0,0.11,0,8
28295,27,50000,RENT,0,0,0,1,0,1,0,0,0,0,A,8000,7.9,0,0.16,0,8
28300,32,105000,RENT,15,0,0,1,0,1,0,0,0,0,B,3000,,0,0.03,0,7
28332,34,69000,RENT,0,0,0,1,0,1,0,0,0,0,D,12800,15.7,1,0.19,0,10
28335,32,47900,RENT,2,0,0,1,0,1,0,0,0,0,A,11000,7.51,0,0.23,0,7
28353,33,62000,RENT,4,0,0,1,0,1,0,0,0,0,B,8000,11.48,0,0.13,0,5
28365,32,31000,RENT,2,0,0,1,0,1,0,0,0,0,D,7400,16.77,1,0.24,0,6
28378,31,65000,RENT,8,0,0,1,0,1,0,0,0,0,B,7500,10.95,0,0.12,0,6
28389,28,50400,RENT,8,0,0,1,0,1,0,0,0,0,D,18500,16.02,1,0.37,0,5
28416,28,24000,RENT,0,0,0,1,0,1,0,0,0,0,B,5000,11.86,0,0.21,0,8
28419,28,85000,RENT,8,0,0,1,0,1,0,0,0,0,B,8000,11.71,0,0.09,0,6
28431,29,38004,RENT,2,0,0,1,0,1,0,0,0,0,C,1500,12.53,1,0.04,0,8
28448,32,78500,RENT,4,0,0,1,0,1,0,0,0,0,B,15000,,1,0.19,0,7
28455,31,60000,RENT,11,0,0,1,0,1,0,0,0,0,B,15000,11.71,0,0.25,0,7
28459,31,78504,RENT,2,0,0,1,0,1,0,0,0,0,C,10000,11.41,0,0.13,0,7
28477,27,120000,RENT,2,0,0,1,0,1,0,0,0,0,B,11050,12.69,0,0.09,0,6
28480,27,69790,RENT,6,0,0,1,0,1,0,0,0,0,B,18000,10.25,0,0.26,0,6
28486,29,56500,RENT,3,0,0,1,0,1,0,0,0,0,B,7000,,1,0.12,0,9
28494,27,258000,RENT,11,0,0,1,0,1,0,0,0,0,E,35000,18.64,1,0.14,0,10
28510,29,46344,RENT,0,0,0,1,0,1,0,0,0,0,B,3500,11.36,0,0.08,0,8
28518,27,75000,RENT,2,0,0,1,0,1,0,0,0,0,A,14000,9.63,0,0.19,0,5
28524,29,50000,RENT,6,0,0,1,0,1,0,0,0,0,A,3000,7.29,0,0.06,0,10
28552,32,70000,RENT,2,0,0,1,0,1,0,0,0,0,A,9850,7.75,0,0.14,0,5
28561,29,70000,RENT,2,0,0,1,0,1,0,0,0,0,A,4350,,0,0.06,0,10
28601,35,29400,RENT,0,0,0,1,0,1,0,0,0,0,B,6150,12.21,0,0.21,0,10
28629,31,54050,RENT,8,0,0,1,0,1,0,0,0,0,B,12000,10.99,0,0.22,0,9
28649,34,40000,RENT,3,0,0,1,0,1,0,0,0,0,B,25000,10.25,1,0.63,0,5
28652,35,54000,RENT,1,0,0,1,0,1,0,0,0,0,D,9000,14.46,1,0.17,0,8
28692,30,42000,RENT,0,0,0,1,0,1,0,0,0,0,B,2250,8.88,0,0.05,0,7
28696,28,30000,RENT,4,0,0,1,0,1,0,0,0,0,B,3900,11.99,0,0.13,0,9
28697,35,17280,RENT,6,0,0,1,0,1,0,0,0,0,D,7200,12.36,1,0.42,0,5
28700,32,83196,RENT,1,0,0,1,0,1,0,0,0,0,B,9350,,0,0.11,0,6
28713,28,40000,RENT,6,0,0,1,0,1,0,0,0,0,C,10500,14.27,0,0.26,0,6
28715,34,35000,RENT,9,0,0,1,0,1,0,0,0,0,A,8000,,0,0.23,0,10
28716,28,25000,RENT,1,0,0,1,0,1,0,0,0,0,B,12000,9.83,1,0.48,0,6
28750,33,123000,RENT,5,0,0,1,0,1,0,0,0,0,B,12000,11.83,0,0.1,0,10
28751,28,24000,RENT,8,0,0,1,0,1,0,0,0,0,B,8875,10.65,1,0.37,0,7
28769,31,60000,RENT,4,0,0,1,0,1,0,0,0,0,A,25000,8.9,1,0.42,0,7
28773,27,60000,RENT,11,0,0,1,0,1,0,0,0,0,B,1800,11.46,0,0.03,0,8
28776,31,24000,RENT,3,0,0,1,0,1,0,0,0,0,A,6000,8.49,0,0.25,0,5
28777,31,78000,RENT,1,0,0,1,0,1,0,0,0,0,A,14000,9.63,0,0.18,0,5
28783,27,28800,RENT,0,0,0,1,0,1,0,0,0,0,A,3000,7.88,1,0.1,0,7
28784,27,35000,RENT,3,0,0,1,0,1,0,0,0,0,B,10000,9.88,0,0.29,0,9
28811,27,44000,RENT,5,0,0,1,0,1,0,0,0,0,B,13650,10.65,1,0.31,0,7
28823,29,44000,RENT,14,0,0,1,0,1,0,0,0,0,B,16000,,1,0.36,0,8
28839,27,42000,RENT,1,0,0,1,0,1,0,0,0,0,A,10000,,0,0.24,0,8
28859,34,40000,RENT,2,0,0,1,0,1,0,0,0,0,B,5000,12.53,0,0.13,0,5
28873,35,48000,RENT,6,0,0,1,0,1,0,0,0,0,A,17000,7.88,1,0.35,0,8
28942,30,45000,RENT,2,0,0,1,0,1,0,0,0,0,A,13250,7.9,0,0.29,0,9
28968,33,45000,RENT,4,0,0,1,0,1,0,0,0,0,A,12000,7.88,0,0.27,0,5
29007,27,48996,RENT,3,0,0,1,0,1,0,0,0,0,B,12000,12.53,0,0.24,0,8
29011,29,28550,RENT,6,0,0,1,0,1,0,0,0,0,B,4000,10.59,0,0.14,0,8
29045,28,50000,RENT,2,0,0,1,0,1,0,0,0,0,B,3000,10.37,0,0.06,0,9
29078,29,57600,RENT,1,0,0,1,0,1,0,0,0,0,B,6000,9.91,0,0.1,0,5
29080,31,39996,RENT,4,0,0,1,0,1,0,0,0,0,B,2400,,0,0.06,0,10
29103,34,80000,RENT,4,0,0,1,0,1,0,0,0,0,A,5000,6.17,0,0.06,0,8
29104,27,36400,RENT,5,0,0,1,0,1,0,0,0,0,A,9000,7.49,0,0.25,0,6
29112,28,43200,RENT,1,0,0,1,0,1,0,0,0,0,A,3000,7.49,0,0.07,0,7
29117,32,30000,RENT,1,0,0,1,0,1,0,0,0,0,B,11450,9.99,1,0.38,0,6
29137,37,408000,RENT,14,0,0,1,0,1,0,0,0,0,C,6000,12.61,0,0.01,0,13
29153,37,220000,RENT,0,0,0,1,0,1,0,0,0,0,B,30000,9.91,0,0.14,0,17
29179,40,201400,RENT,2,0,0,1,0,1,0,0,0,0,C,12450,12.23,0,0.06,0,15
29209,36,84996,RENT,2,0,0,1,0,1,0,0,0,0,B,25000,11.86,0,0.29,0,11
29210,36,180000,RENT,5,0,0,1,0,1,0,0,0,0,B,24000,9.99,0,0.13,0,15
29228,37,110000,RENT,12,0,0,1,0,1,0,0,0,0,B,25000,10.99,0,0.23,0,12
29235,38,124499,RENT,3,0,0,1,0,1,0,0,0,0,C,25000,13.06,0,0.2,0,13
29253,50,118000,RENT,16,0,0,1,0,1,0,0,0,0,C,24250,13.92,1,0.21,0,12
29255,40,45000,RENT,15,0,0,1,0,1,0,0,0,0,B,24000,10.65,1,0.53,0,11
29271,48,130000,RENT,2,0,0,1,0,1,0,0,0,0,B,24000,9.91,0,0.18,0,15
29274,39,64000,RENT,4,0,0,1,0,1,0,0,0,0,C,23500,14.26,1,0.37,0,13
29281,43,72000,RENT,11,0,0,1,0,1,0,0,0,0,B,22000,10.62,1,0.31,0,11
29288,36,42000,RENT,1,0,0,1,0,1,0,0,0,0,A,21000,7.49,1,0.5,0,11
29289,39,58000,RENT,5,0,0,1,0,1,0,0,0,0,B,21000,10.83,1,0.36,0,16
29318,36,65004,RENT,3,0,0,1,0,1,0,0,0,0,D,20000,15.33,1,0.31,0,15
29319,38,66690,RENT,12,0,0,1,0,1,0,0,0,0,D,20000,14.59,0,0.3,0,14
29331,36,84000,RENT,0,0,0,1,0,1,0,0,0,0,B,20000,9.64,1,0.24,0,16
29336,40,110000,RENT,0,0,0,1,0,1,0,0,0,0,B,20000,10.38,0,0.18,0,16
29346,42,889000,RENT,13,0,0,1,0,1,0,0,0,0,A,20000,,0,0.02,0,17
29358,38,40000,RENT,4,0,0,1,0,1,0,0,0,0,B,18225,12.42,1,0.46,0,17
29387,49,70000,RENT,4,0,0,1,0,1,0,0,0,0,B,17000,11.71,0,0.24,0,16
29417,38,25000,RENT,1,0,0,1,0,1,0,0,0,0,A,1000,8,0,0.04,0,16
29419,36,27600,RENT,0,0,0,1,0,1,0,0,0,0,B,1000,11.49,0,0.04,0,12
29420,41,28800,RENT,2,0,0,1,0,1,0,0,0,0,C,1000,,0,0.03,0,13
29425,37,44000,RENT,14,0,0,1,0,1,0,0,0,0,A,1000,5.42,0,0.02,0,13
29445,37,26400,RENT,5,0,0,1,0,1,0,0,0,0,A,1500,6.91,0,0.06,0,17
29466,38,80000,RENT,0,0,0,1,0,1,0,0,0,0,B,1500,11.49,0,0.02,0,16
29471,44,27000,RENT,5,0,0,1,0,1,0,0,0,0,A,1700,6.99,0,0.06,0,15
29485,43,11340,RENT,4,0,0,1,0,1,0,0,0,0,C,1950,,1,0.17,0,11
29491,47,18000,RENT,4,0,0,1,0,1,0,0,0,0,A,2000,7.29,0,0.11,0,11
29492,39,18996,RENT,5,0,0,1,0,1,0,0,0,0,A,2000,7.88,0,0.11,0,12
29514,38,225000,RENT,16,0,0,1,0,1,0,0,0,0,D,15000,15.62,0,0.07,0,17
29519,41,32496,RENT,4,0,0,1,0,1,0,0,0,0,B,2000,10.99,1,0.06,0,12
29531,38,9732,RENT,9,0,0,1,0,1,0,0,0,0,A,2200,9.63,1,0.23,0,17
29543,49,15000,RENT,6,0,0,1,0,1,0,0,0,0,B,2400,9.91,1,0.16,0,17
29549,40,35000,RENT,17,0,0,1,0,1,0,0,0,0,A,2400,,0,0.07,0,16
29553,36,57110,RENT,5,0,0,1,0,1,0,0,0,0,B,2400,10,0,0.04,0,15
29559,44,100000,RENT,5,0,0,1,0,1,0,0,0,0,A,13500,8.9,0,0.14,0,17
29571,36,31000,RENT,2,0,0,1,0,1,0,0,0,0,A,2500,8.9,0,0.08,0,13
29573,36,36000,RENT,3,0,0,1,0,1,0,0,0,0,B,2500,9.76,0,0.07,0,15
29605,38,30132,RENT,,0,0,1,0,1,0,0,0,0,C,3000,13.85,1,0.1,0,14
29618,37,48000,RENT,8,0,0,1,0,1,0,0,0,0,A,3000,6.99,0,0.06,0,14
29629,47,52000,RENT,5,0,0,1,0,1,0,0,0,0,B,12000,11.99,0,0.23,0,14
29647,40,57000,RENT,1,0,0,1,0,1,0,0,0,0,B,3000,10,0,0.05,0,14
29649,40,54000,RENT,5,0,0,1,0,1,0,0,0,0,D,3000,16.89,1,0.06,0,15
29653,36,62000,RENT,13,0,0,1,0,1,0,0,0,0,A,3000,8.9,0,0.05,0,12
29654,40,64200,RENT,2,0,0,1,0,1,0,0,0,0,A,3000,7.74,0,0.05,0,13
29666,39,94000,RENT,1,0,0,1,0,1,0,0,0,0,B,3000,10.99,0,0.03,0,16
29686,43,125000,RENT,4,0,0,1,0,1,0,0,0,0,A,3250,7.49,0,0.03,0,16
29696,36,16107,RENT,1,0,0,1,0,1,0,0,0,0,B,3500,10.36,1,0.22,0,14
29711,36,53000,RENT,1,0,0,1,0,1,0,0,0,0,A,3500,9.32,0,0.07,0,17
29720,36,37200,RENT,5,0,0,1,0,1,0,0,0,0,C,11000,12.73,0,0.3,0,12
29740,37,30000,RENT,0,0,0,1,0,1,0,0,0,0,B,10800,12.21,1,0.36,0,14
29744,41,69350,RENT,5,0,0,1,0,1,0,0,0,0,A,10800,5.42,0,0.16,0,13
29747,39,119000,RENT,2,0,0,1,0,1,0,0,0,0,A,10800,7.49,0,0.09,0,13
29780,37,12360,RENT,3,0,0,1,0,1,0,0,0,0,B,4000,9.99,1,0.32,0,13
29783,50,19200,RENT,2,0,0,1,0,1,0,0,0,0,F,4000,,1,0.21,0,12
29798,36,30000,RENT,7,0,0,1,0,1,0,0,0,0,B,4000,10.74,0,0.13,0,12
29802,44,32004,RENT,4,0,0,1,0,1,0,0,0,0,C,4000,14.35,0,0.12,0,13
29828,48,50004,RENT,8,0,0,1,0,1,0,0,0,0,A,4000,7.68,0,0.08,0,11
29830,38,45000,RENT,1,0,0,1,0,1,0,0,0,0,B,4000,11.49,1,0.09,0,15
29921,37,117000,RENT,10,0,0,1,0,1,0,0,0,0,A,10000,7.66,0,0.09,0,11
29943,37,70000,RENT,3,0,0,1,0,1,0,0,0,0,B,4900,12.18,0,0.07,0,15
29947,47,28500,RENT,2,0,0,1,0,1,0,0,0,0,A,5000,5.42,0,0.18,0,15
29982,45,34000,RENT,1,0,0,1,0,1,0,0,0,0,A,5000,,1,0.15,0,11
29991,39,37200,RENT,1,0,0,1,0,1,0,0,0,0,C,5000,15.62,1,0.13,0,15
29995,38,39000,RENT,1,0,0,1,0,1,0,0,0,0,E,5000,17.74,1,0.13,0,17
30006,45,43800,RENT,0,0,0,1,0,1,0,0,0,0,B,5000,,1,0.11,0,14
30016,47,70000,RENT,2,0,0,1,0,1,0,0,0,0,C,9000,12.87,0,0.13,0,14
30017,38,74000,RENT,9,0,0,1,0,1,0,0,0,0,C,9000,12.84,0,0.12,0,12
30022,43,85000,RENT,14,0,0,1,0,1,0,0,0,0,B,9000,11.89,0,0.11,0,11
30051,43,46000,RENT,3,0,0,1,0,1,0,0,0,0,B,5000,10.38,1,0.11,0,14
30053,39,52273,RENT,3,0,0,1,0,1,0,0,0,0,B,5000,,0,0.1,0,17
30064,40,58500,RENT,3,0,0,1,0,1,0,0,0,0,A,5000,7.49,0,0.09,0,11
30108,39,40000,RENT,2,0,0,1,0,1,0,0,0,0,A,5200,6.62,0,0.13,0,17
30112,38,28584,RENT,4,0,0,1,0,1,0,0,0,0,C,5400,13.47,0,0.19,0,11
30117,36,14400,RENT,0,0,0,1,0,1,0,0,0,0,E,5500,17.56,1,0.38,0,11
30123,37,28800,RENT,0,0,0,1,0,1,0,0,0,0,A,5500,6.03,0,0.19,0,15
30124,36,30000,RENT,0,0,0,1,0,1,0,0,0,0,A,5500,8.9,0,0.18,0,11
30142,37,79600,RENT,5,0,0,1,0,1,0,0,0,0,A,5500,7.88,0,0.07,0,11
30146,38,30000,RENT,0,0,0,1,0,1,0,0,0,0,B,5600,9.99,1,0.19,0,15
30151,42,52800,RENT,3,0,0,1,0,1,0,0,0,0,B,5600,10.99,0,0.11,0,14
30156,45,73000,RENT,0,0,0,1,0,1,0,0,0,0,C,5600,15.27,1,0.08,0,11
30205,45,36000,RENT,2,0,0,1,0,1,0,0,0,0,C,6000,,0,0.17,0,12
30212,36,38160,RENT,3,0,0,1,0,1,0,0,0,0,C,6000,12.61,0,0.16,0,17
30226,38,45000,RENT,6,0,0,1,0,1,0,0,0,0,B,6000,11.71,0,0.13,0,12
30228,37,45000,RENT,0,0,0,1,0,1,0,0,0,0,C,6000,12.61,0,0.13,0,17
30230,37,46000,RENT,4,0,0,1,0,1,0,0,0,0,B,6000,11.49,0,0.13,0,13
30248,36,52000,RENT,0,0,0,1,0,1,0,0,0,0,B,6000,9.99,0,0.12,0,12
30252,39,55000,RENT,2,0,0,1,0,1,0,0,0,0,C,6000,12.99,0,0.11,0,13
30260,43,57000,RENT,3,0,0,1,0,1,0,0,0,0,B,6000,10.75,0,0.11,0,13
30262,48,59000,RENT,2,0,0,1,0,1,0,0,0,0,A,6000,5.99,0,0.1,0,12
30274,46,65000,RENT,1,0,0,1,0,1,0,0,0,0,B,6000,12.69,0,0.09,0,13
30288,40,71599,RENT,0,0,0,1,0,1,0,0,0,0,A,6000,9.63,0,0.08,0,17
30309,46,105000,RENT,4,0,0,1,0,1,0,0,0,0,A,6000,7.14,0,0.06,0,16
30328,45,54000,RENT,3,0,0,1,0,1,0,0,0,0,C,7000,,1,0.13,0,16
30332,38,62000,RENT,5,0,0,1,0,1,0,0,0,0,B,7000,10.62,0,0.11,0,14
30344,42,97600,RENT,0,0,0,1,0,1,0,0,0,0,A,7000,8.9,0,0.07,0,13
30368,36,50000,RENT,5,0,0,1,0,1,0,0,0,0,A,6500,,0,0.13,0,15
30371,39,53000,RENT,15,0,0,1,0,1,0,0,0,0,A,6500,7.29,0,0.12,0,17
30375,40,75000,RENT,3,0,0,1,0,1,0,0,0,0,A,6500,7.9,0,0.09,0,15
30385,39,50760,RENT,4,0,0,1,0,1,0,0,0,0,E,6725,16.45,0,0.13,0,11
30439,36,44000,RENT,4,0,0,1,0,1,0,0,0,0,A,7000,8,0,0.16,0,11
30442,43,45000,RENT,2,0,0,1,0,1,0,0,0,0,C,7000,12.99,0,0.16,0,14
30444,43,45000,RENT,5,0,0,1,0,1,0,0,0,0,A,7000,5.42,0,0.16,0,12
30451,39,50400,RENT,4,0,0,1,0,1,0,0,0,0,D,7000,11.86,0,0.14,0,11
30452,38,52000,RENT,6,0,0,1,0,1,0,0,0,0,A,7000,5.99,0,0.13,0,11
30496,38,36000,RENT,13,0,0,1,0,1,0,0,0,0,B,7500,11.36,0,0.21,0,13
30527,36,80000,RENT,4,0,0,1,0,1,0,0,0,0,B,7500,11.49,0,0.09,0,15
30555,39,102000,RENT,4,0,0,1,0,1,0,0,0,0,B,7800,11.99,0,0.08,0,11
30567,44,28000,RENT,15,0,0,1,0,1,0,0,0,0,A,8000,7.49,0,0.29,0,11
30592,39,39996,RENT,9,0,0,1,0,1,0,0,0,0,A,8000,7.14,0,0.2,0,16
30606,37,45000,RENT,1,0,0,1,0,1,0,0,0,0,B,8000,10.74,0,0.18,0,17
30609,37,45000,RENT,0,0,0,1,0,1,0,0,0,0,A,8000,9.63,0,0.18,0,17
30612,37,47004,RENT,5,0,0,1,0,1,0,0,0,0,B,8000,,0,0.17,0,12
30613,41,48000,RENT,7,0,0,1,0,1,0,0,0,0,A,8000,5.99,0,0.17,0,15
30648,44,68000,RENT,7,0,0,1,0,1,0,0,0,0,A,5150,7.9,0,0.08,0,14
30670,36,24000,RENT,1,0,0,1,0,1,0,0,0,0,B,5000,10.36,0,0.21,0,17
30672,39,24000,RENT,9,0,0,1,0,1,0,0,0,0,B,5000,11.14,0,0.21,0,12
30676,44,26400,RENT,0,0,0,1,0,1,0,0,0,0,B,5000,10,0,0.19,0,11
30706,37,74000,RENT,0,0,0,1,0,1,0,0,0,0,D,8000,16.89,1,0.11,0,15
30713,44,88000,RENT,8,0,0,1,0,1,0,0,0,0,B,8000,10.38,0,0.09,0,12
30716,37,108000,RENT,16,0,0,1,0,1,0,0,0,0,B,8000,10.46,1,0.07,0,14
30728,45,140000,RENT,10,0,0,1,0,1,0,0,0,0,A,8175,5.99,0,0.06,0,17
30743,46,48000,RENT,1,0,0,1,0,1,0,0,0,0,F,8400,18.54,1,0.17,0,16
30748,41,73000,RENT,0,0,0,1,0,1,0,0,0,0,D,8550,14.3,1,0.12,0,16
30752,43,54000,RENT,0,0,0,1,0,1,0,0,0,0,A,8725,7.29,0,0.16,0,14
30758,45,24600,RENT,8,0,0,1,0,1,0,0,0,0,B,9000,10.65,1,0.37,0,14
30761,36,30000,RENT,0,0,0,1,0,1,0,0,0,0,B,9000,12.18,0,0.3,0,17
30778,40,44940,RENT,2,0,0,1,0,1,0,0,0,0,A,9000,8.94,0,0.2,0,13
30782,36,48960,RENT,17,0,0,1,0,1,0,0,0,0,B,9000,10.99,0,0.18,0,12
30809,37,58000,RENT,1,0,0,1,0,1,0,0,0,0,B,9500,9.96,0,0.16,0,15
30810,36,60000,RENT,3,0,0,1,0,1,0,0,0,0,A,9500,7.14,0,0.16,0,12
30812,36,55000,RENT,1,0,0,1,0,1,0,0,0,0,D,9500,15.62,1,0.17,0,12
30814,47,65000,RENT,2,0,0,1,0,1,0,0,0,0,B,9500,11.89,0,0.15,0,14
30815,44,70000,RENT,4,0,0,1,0,1,0,0,0,0,C,9500,14.22,0,0.14,0,14
30844,37,19896,RENT,0,0,0,1,0,1,0,0,0,0,E,10000,17.14,1,0.5,0,11
30846,42,22800,RENT,6,0,0,1,0,1,0,0,0,0,B,10000,10.99,1,0.44,0,17
30869,38,30000,RENT,8,0,0,1,0,1,0,0,0,0,A,10000,7.51,1,0.33,0,14
30873,38,30500,RENT,8,0,0,1,0,1,0,0,0,0,C,10000,14.22,1,0.33,0,12
30875,36,31200,RENT,0,0,0,1,0,1,0,0,0,0,A,10000,6.91,1,0.32,0,15
31048,47,64200,RENT,1,0,0,1,0,1,0,0,0,0,B,10000,,0,0.16,0,14
31051,44,59000,RENT,1,0,0,1,0,1,0,0,0,0,D,10000,15.62,1,0.17,0,13
31055,41,65000,RENT,3,0,0,1,0,1,0,0,0,0,C,10000,,0,0.15,0,15
31057,36,66000,RENT,3,0,0,1,0,1,0,0,0,0,A,10000,6.62,0,0.15,0,12
31074,41,71500,RENT,4,0,0,1,0,1,0,0,0,0,A,10000,7.14,0,0.14,0,14
31101,37,85000,RENT,3,0,0,1,0,1,0,0,0,0,C,10000,14.27,0,0.12,0,14
31124,48,83500,RENT,7,0,0,1,0,1,0,0,0,0,A,10200,5.79,0,0.12,0,14
31133,38,35000,RENT,22,0,0,1,0,1,0,0,0,0,A,11100,6.62,1,0.32,0,14
31149,36,40000,RENT,2,0,0,1,0,1,0,0,0,0,C,11250,14.27,0,0.28,0,12
31156,41,33150,RENT,5,0,0,1,0,1,0,0,0,0,C,11500,12.98,1,0.35,0,15
31191,36,33600,RENT,3,0,0,1,0,1,0,0,0,0,B,12000,11.36,1,0.36,0,13
31201,38,36500,RENT,3,0,0,1,0,1,0,0,0,0,A,12000,7.51,1,0.33,0,11
31270,47,65000,RENT,9,0,0,1,0,1,0,0,0,0,A,12000,5.42,0,0.18,0,17
31272,37,65000,RENT,7,0,0,1,0,1,0,0,0,0,C,12000,13.98,0,0.18,0,15
31319,39,85000,RENT,7,0,0,1,0,1,0,0,0,0,B,12000,10.74,0,0.14,0,13
31328,49,90000,RENT,3,0,0,1,0,1,0,0,0,0,B,12000,,0,0.13,0,16
31349,38,125000,RENT,0,0,0,1,0,1,0,0,0,0,A,12000,7.66,0,0.1,0,14
31387,40,90000,RENT,1,0,0,1,0,1,0,0,0,0,B,2800,11.11,0,0.03,0,13
31421,41,56004,RENT,4,0,0,1,0,1,0,0,0,0,B,12800,11.48,0,0.23,0,15
31441,39,70000,RENT,5,0,0,1,0,1,0,0,0,0,B,13000,11.99,0,0.19,0,17
31491,48,62000,RENT,10,0,0,1,0,1,0,0,0,0,B,14000,12.69,0,0.23,0,12
31494,41,62500,RENT,4,0,0,1,0,1,0,0,0,0,B,14000,10.25,0,0.22,0,16
31515,45,125004,RENT,7,0,0,1,0,1,0,0,0,0,C,14000,12.61,0,0.11,0,12
31518,45,123000,RENT,2,0,0,1,0,1,0,0,0,0,F,14000,,1,0.11,0,17
31543,39,75000,RENT,0,0,0,1,0,1,0,0,0,0,B,14400,12.53,0,0.19,0,11
31552,42,42000,RENT,6,0,0,1,0,1,0,0,0,0,D,14500,15.57,1,0.35,0,14
31560,46,80409,RENT,2,0,0,1,0,1,0,0,0,0,A,14550,8.94,0,0.18,0,11
31751,36,62962,RENT,2,0,0,1,0,1,0,0,0,0,B,15000,11.71,1,0.24,0,13
31775,40,75000,RENT,6,0,0,1,0,1,0,0,0,0,A,15000,7.29,0,0.2,0,11
31824,37,92500,RENT,1,0,0,1,0,1,0,0,0,0,A,15000,7.49,0,0.16,0,14
31852,40,56472,RENT,4,0,0,1,0,1,0,0,0,0,B,15775,10.59,0,0.28,0,14
31860,46,82000,RENT,2,0,0,1,0,1,0,0,0,0,B,16000,10.99,0,0.2,0,16
31902,40,33600,RENT,8,0,0,1,0,1,0,0,0,0,E,19275,14.5,1,0.57,0,11
31936,43,46000,RENT,3,0,0,1,0,1,0,0,0,0,B,5000,10.38,1,0.11,0,15
31938,37,25000,RENT,6,0,0,1,0,1,0,0,0,0,B,7500,10.99,0,0.3,0,15
31941,38,37500,RENT,0,0,0,1,0,1,0,0,0,0,A,1375,6.91,0,0.04,0,15
31947,44,88000,RENT,8,0,0,1,0,1,0,0,0,0,B,8000,10.38,0,0.09,0,11
31952,36,20004,RENT,1,0,0,1,0,1,0,0,0,0,B,4375,10.74,0,0.22,0,11
31965,37,60000,RENT,0,0,0,1,0,1,0,0,0,0,C,3000,12.53,0,0.05,0,15
31985,36,33600,RENT,3,0,0,1,0,1,0,0,0,0,B,12000,11.36,1,0.36,0,16
32005,39,31200,RENT,2,0,0,1,0,1,0,0,0,0,B,6400,11.49,0,0.21,0,16
32010,39,40000,RENT,5,0,0,1,0,1,0,0,0,0,D,6000,14.54,0,0.15,0,11
32036,38,53052,RENT,0,0,0,1,0,1,0,0,0,0,B,8000,,0,0.15,0,15
32040,38,80000,RENT,9,0,0,1,0,1,0,0,0,0,B,2500,10.99,0,0.03,0,13
32086,37,63000,RENT,1,0,0,1,0,1,0,0,0,0,A,14900,9.63,0,0.24,0,17
32094,38,61000,RENT,0,0,0,1,0,1,0,0,0,0,B,1000,9.45,0,0.02,0,12
32122,37,65000,RENT,7,0,0,1,0,1,0,0,0,0,A,9000,6.91,0,0.14,0,14
32171,41,52106,RENT,4,0,0,1,0,1,0,0,0,0,C,5000,12.84,1,0.1,0,13
32175,40,55000,RENT,14,0,0,1,0,1,0,0,0,0,A,18000,7.88,1,0.33,0,14
32224,41,70000,RENT,2,0,0,1,0,1,0,0,0,0,A,10000,7.88,0,0.14,0,17
32225,36,430000,RENT,2,0,0,1,0,1,0,0,0,0,C,25000,13.8,0,0.06,0,11
32230,39,52273,RENT,3,0,0,1,0,1,0,0,0,0,B,5000,,0,0.1,0,12
32245,39,18300,RENT,0,0,0,1,0,1,0,0,0,0,D,1200,14.74,1,0.07,0,17
32272,45,60000,RENT,4,0,0,1,0,1,0,0,0,0,B,25000,9.99,1,0.42,0,14
32280,43,11340,RENT,4,0,0,1,0,1,0,0,0,0,C,1950,,1,0.17,0,11
32300,65,76000,RENT,3,0,0,1,0,1,0,0,0,0,B,35000,10.99,1,0.46,0,27
32339,58,33600,RENT,6,0,0,1,0,1,0,0,0,0,C,1500,14.79,0,0.04,0,28
32359,65,57996,RENT,4,0,0,1,0,1,0,0,0,0,D,3000,,0,0.05,0,27
32367,58,20000,RENT,0,0,0,1,0,1,0,0,0,0,B,4000,9.99,0,0.2,0,30
32374,52,50000,RENT,3,0,0,1,0,1,0,0,0,0,B,4500,11.89,0,0.09,0,25
32375,58,72000,RENT,5,0,0,1,0,1,0,0,0,0,B,4500,,0,0.06,0,18
32392,53,88000,RENT,0,0,0,1,0,1,0,0,0,0,A,5000,8.49,0,0.06,0,25
32397,55,48000,RENT,1,0,0,1,0,1,0,0,0,0,B,5500,10.62,1,0.11,0,22
32405,62,66000,RENT,2,0,0,1,0,1,0,0,0,0,B,6000,,0,0.09,0,23
32496,58,100000,RENT,6,0,0,1,0,1,0,0,0,0,A,12000,8.9,0,0.12,0,30
32497,53,105000,RENT,1,0,0,1,0,1,0,0,0,0,A,12000,6.91,0,0.11,0,23
32498,63,1782000,RENT,13,0,0,1,0,1,0,0,0,0,C,12025,14.27,0,0.01,0,30
32576,52,64500,RENT,0,0,0,1,0,1,0,0,0,0,B,5000,11.26,0,0.08,0,20
66,22,12000,MORTGAGE,7,0,1,0,0,1,0,0,0,0,D,1500,14.84,0,0.13,1,3
140,26,216000,MORTGAGE,10,0,1,0,0,1,0,0,0,0,C,20000,14.22,0,0.09,1,2
160,23,190000,MORTGAGE,5,0,1,0,0,1,0,0,0,0,F,22000,17.58,1,0.12,1,3
392,23,160000,MORTGAGE,2,0,1,0,0,1,0,0,0,0,D,25000,15.65,0,0.16,1,2
409,22,17352,MORTGAGE,,0,1,0,0,1,0,0,0,0,C,2250,15.27,0,0.13,1,3
420,22,17760,MORTGAGE,6,0,1,0,0,1,0,0,0,0,C,4975,,1,0.28,1,3
596,23,20000,MORTGAGE,7,0,1,0,0,1,0,0,0,0,C,3625,,0,0.18,1,3
647,23,20004,MORTGAGE,2,0,1,0,0,1,0,0,0,0,E,2500,16.82,0,0.12,1,2
665,22,20400,MORTGAGE,6,0,1,0,0,1,0,0,0,0,D,6000,15.99,0,0.29,1,4
875,22,23000,MORTGAGE,4,0,1,0,0,1,0,0,0,0,D,7000,14.96,0,0.3,1,3
1079,24,24000,MORTGAGE,3,0,1,0,0,1,0,0,0,0,C,8000,11.34,0,0.33,1,4
1294,25,25568,MORTGAGE,7,0,1,0,0,1,0,0,0,0,C,12000,13.47,1,0.47,1,2
1553,23,27600,MORTGAGE,0,0,1,0,0,1,0,0,0,0,C,1200,13.92,0,0.04,1,3
1601,21,28000,MORTGAGE,2,0,1,0,0,1,0,0,0,0,C,1000,12.99,0,0.04,1,4
2020,21,30000,MORTGAGE,0,0,1,0,0,1,0,0,0,0,D,2000,14.46,0,0.07,1,4
2038,23,30000,MORTGAGE,2,0,1,0,0,1,0,0,0,0,E,12000,16.45,0,0.4,1,3
2309,24,31200,MORTGAGE,2,0,1,0,0,1,0,0,0,0,C,6700,14.26,0,0.21,1,2
2830,23,34992,MORTGAGE,4,0,1,0,0,1,0,0,0,0,F,22550,15.96,0,0.64,1,3
3024,23,35000,MORTGAGE,7,0,1,0,0,1,0,0,0,0,F,15000,18.43,0,0.43,1,2
3033,26,35000,MORTGAGE,1,0,1,0,0,1,0,0,0,0,D,5000,14.42,0,0.14,1,2
3095,22,29280,MORTGAGE,0,0,1,0,0,1,0,0,0,0,C,12000,11.66,1,0.41,1,3
3446,24,36500,MORTGAGE,0,0,1,0,0,1,0,0,0,0,C,7000,13.16,0,0.19,1,4
3567,23,37344,MORTGAGE,0,0,1,0,0,1,0,0,0,0,C,3200,12.68,0,0.09,1,2
3601,23,37700,MORTGAGE,4,0,1,0,0,1,0,0,0,0,D,8000,15.62,0,0.21,1,3
3627,21,38000,MORTGAGE,5,0,1,0,0,1,0,0,0,0,C,7000,13.49,0,0.18,1,3
3928,22,39300,MORTGAGE,5,0,1,0,0,1,0,0,0,0,D,5325,14.59,0,0.14,1,3
3987,24,39996,MORTGAGE,4,0,1,0,0,1,0,0,0,0,C,5000,14.82,0,0.13,1,3
4138,21,40000,MORTGAGE,5,0,1,0,0,1,0,0,0,0,C,2000,12.99,0,0.05,1,4
4311,22,40000,MORTGAGE,0,0,1,0,0,1,0,0,0,0,C,4000,12.73,0,0.1,1,2
4450,22,40800,MORTGAGE,7,0,1,0,0,1,0,0,0,0,C,17050,,0,0.42,1,2
4516,23,35000,MORTGAGE,7,0,1,0,0,1,0,0,0,0,C,5000,12.98,1,0.14,1,3
4586,25,41508,MORTGAGE,9,0,1,0,0,1,0,0,0,0,C,1600,13.11,0,0.04,1,3
4630,22,42000,MORTGAGE,6,0,1,0,0,1,0,0,0,0,C,15000,13.49,0,0.36,1,4
4683,25,42000,MORTGAGE,2,0,1,0,0,1,0,0,0,0,C,7200,14.79,0,0.17,1,2
4686,21,42000,MORTGAGE,5,0,1,0,0,1,0,0,0,0,C,7000,15.23,0,0.17,1,4
4691,22,42000,MORTGAGE,6,0,1,0,0,1,0,0,0,0,C,6000,12.99,0,0.14,1,2
4812,23,42000,MORTGAGE,7,0,1,0,0,1,0,0,0,0,D,10000,14.59,0,0.24,1,2
5054,25,43200,MORTGAGE,6,0,1,0,0,1,0,0,0,0,C,3600,14.79,0,0.08,1,2
5459,26,45000,MORTGAGE,3,0,1,0,0,1,0,0,0,0,C,4000,14.35,0,0.09,1,2
5490,23,45000,MORTGAGE,4,0,1,0,0,1,0,0,0,0,C,14500,13.48,0,0.32,1,2
5555,23,45000,MORTGAGE,3,0,1,0,0,1,0,0,0,0,C,16750,12.53,0,0.37,1,3
5614,23,45300,MORTGAGE,3,0,1,0,0,1,0,0,0,0,D,5550,15.37,0,0.12,1,3
5631,26,45600,MORTGAGE,9,0,1,0,0,1,0,0,0,0,C,10000,15.27,0,0.22,1,3
5708,25,46000,MORTGAGE,4,0,1,0,0,1,0,0,0,0,C,2125,12.99,0,0.05,1,2
5719,22,46000,MORTGAGE,6,0,1,0,0,1,0,0,0,0,C,6000,12.68,0,0.13,1,4
5892,25,41000,MORTGAGE,9,0,1,0,0,1,0,0,0,0,C,5000,11.78,1,0.12,1,3
6059,23,48000,MORTGAGE,5,0,1,0,0,1,0,0,0,0,C,5000,13.99,0,0.1,1,2
6117,23,42000,MORTGAGE,5,0,1,0,0,1,0,0,0,0,D,2000,15.2,1,0.05,1,2
6183,25,48000,MORTGAGE,5,0,1,0,0,1,0,0,0,0,C,16750,,0,0.35,1,4
6250,25,48000,MORTGAGE,9,0,1,0,0,1,0,0,0,0,C,7000,12.09,0,0.15,1,2
6436,25,50000,MORTGAGE,10,0,1,0,0,1,0,0,0,0,C,10000,13.49,0,0.2,1,4
6658,25,50000,MORTGAGE,5,0,1,0,0,1,0,0,0,0,C,4000,13.43,0,0.08,1,3
6708,24,50000,MORTGAGE,2,0,1,0,0,1,0,0,0,0,D,25000,15.58,0,0.5,1,3
6915,23,50004,MORTGAGE,8,0,1,0,0,1,0,0,0,0,C,2000,11.91,0,0.04,1,2
7164,21,45996,MORTGAGE,2,0,1,0,0,1,0,0,0,0,C,17000,13.16,1,0.37,1,4
7222,22,52000,MORTGAGE,0,0,1,0,0,1,0,0,0,0,C,20000,13.99,0,0.38,1,3
7258,24,52000,MORTGAGE,0,0,1,0,0,1,0,0,0,0,C,1200,13.98,0,0.02,1,2
7275,24,52000,MORTGAGE,8,0,1,0,0,1,0,0,0,0,C,12000,13.85,0,0.23,1,4
7326,22,52000,MORTGAGE,0,0,1,0,0,1,0,0,0,0,C,6400,11.34,0,0.12,1,4
7534,21,53684,MORTGAGE,5,0,1,0,0,1,0,0,0,0,D,16000,15.65,0,0.3,1,4
7633,22,54000,MORTGAGE,5,0,1,0,0,1,0,0,0,0,C,12000,12.23,0,0.22,1,3
7693,23,54000,MORTGAGE,1,0,1,0,0,1,0,0,0,0,C,13650,,0,0.25,1,2
7974,24,55000,MORTGAGE,3,0,1,0,0,1,0,0,0,0,D,7500,14.84,0,0.14,1,2
8008,25,55000,MORTGAGE,10,0,1,0,0,1,0,0,0,0,C,15000,,0,0.27,1,3
8055,25,55000,MORTGAGE,2,0,1,0,0,1,0,0,0,0,E,14000,15.68,0,0.25,1,4
8076,23,55004,MORTGAGE,4,0,1,0,0,1,0,0,0,0,D,9600,14.74,0,0.17,1,2
8136,22,56000,MORTGAGE,3,0,1,0,0,1,0,0,0,0,D,10075,16.29,0,0.18,1,4
8230,26,56004,MORTGAGE,10,0,1,0,0,1,0,0,0,0,C,20000,13.57,0,0.36,1,4
8294,26,57000,MORTGAGE,4,0,1,0,0,1,0,0,0,0,C,12000,13.49,0,0.21,1,2
8317,23,57000,MORTGAGE,6,0,1,0,0,1,0,0,0,0,D,17500,14.09,0,0.31,1,3
8365,22,57204,MORTGAGE,6,0,1,0,0,1,0,0,0,0,D,9000,15.58,0,0.16,1,3
8523,22,52000,MORTGAGE,6,0,1,0,0,1,0,0,0,0,D,10000,13.87,1,0.19,1,2
8643,23,53950,MORTGAGE,8,0,1,0,0,1,0,0,0,0,E,15000,16.63,1,0.28,1,2
8788,23,60000,MORTGAGE,6,0,1,0,0,1,0,0,0,0,C,8000,13.49,0,0.13,1,2
8948,22,60000,MORTGAGE,6,0,1,0,0,1,0,0,0,0,C,2000,12.61,0,0.03,1,2
8956,21,60000,MORTGAGE,5,0,1,0,0,1,0,0,0,0,C,8000,12.23,0,0.13,1,3
9165,22,60000,MORTGAGE,6,0,1,0,0,1,0,0,0,0,D,5000,14.61,0,0.08,1,3
9274,23,60500,MORTGAGE,4,0,1,0,0,1,0,0,0,0,C,5000,14.27,0,0.08,1,3
9286,22,60635,MORTGAGE,5,0,1,0,0,1,0,0,0,0,C,6800,13.49,0,0.11,1,2
9413,24,62000,MORTGAGE,8,0,1,0,0,1,0,0,0,0,C,10000,13.99,0,0.16,1,4
9549,22,62400,MORTGAGE,6,0,1,0,0,1,0,0,0,0,D,2400,14.46,0,0.04,1,2
9564,21,62496,MORTGAGE,1,0,1,0,0,1,0,0,0,0,C,5000,12.53,0,0.08,1,3
9692,25,63300,MORTGAGE,0,0,1,0,0,1,0,0,0,0,C,17600,12.53,0,0.28,1,4
9939,23,65000,MORTGAGE,0,0,1,0,0,1,0,0,0,0,C,8500,15.23,0,0.13,1,3
9951,23,65000,MORTGAGE,4,0,1,0,0,1,0,0,0,0,D,13600,15.62,0,0.21,1,2
9997,24,65000,MORTGAGE,2,0,1,0,0,1,0,0,0,0,D,20000,14.09,0,0.31,1,3
10191,21,65592,MORTGAGE,5,0,1,0,0,1,0,0,0,0,D,3600,15.99,0,0.05,1,3
10279,26,60000,MORTGAGE,7,0,1,0,0,1,0,0,0,0,D,15000,14.59,1,0.25,1,4
10296,22,66000,MORTGAGE,6,0,1,0,0,1,0,0,0,0,C,15000,11.72,0,0.23,1,2
10299,25,66125,MORTGAGE,2,0,1,0,0,1,0,0,0,0,C,4000,12.53,0,0.06,1,4
10374,21,67000,MORTGAGE,5,0,1,0,0,1,0,0,0,0,D,25000,15.65,0,0.37,1,2
10383,23,67000,MORTGAGE,1,0,1,0,0,1,0,0,0,0,E,16000,16.32,0,0.24,1,2
10405,22,67320,MORTGAGE,7,0,1,0,0,1,0,0,0,0,C,3900,14.35,0,0.06,1,4
10432,22,67775,MORTGAGE,3,0,1,0,0,1,0,0,0,0,C,9600,14.79,0,0.14,1,4
10443,22,68000,MORTGAGE,6,0,1,0,0,1,0,0,0,0,D,20000,16.77,0,0.29,1,4
10512,26,68000,MORTGAGE,9,0,1,0,0,1,0,0,0,0,C,12000,,0,0.18,1,3
10554,23,68500,MORTGAGE,7,0,1,0,0,1,0,0,0,0,C,4200,11.66,0,0.06,1,4
10606,22,69000,MORTGAGE,4,0,1,0,0,1,0,0,0,0,D,15000,14.42,0,0.22,1,2
10705,23,70000,MORTGAGE,7,0,1,0,0,1,0,0,0,0,C,2000,13.49,0,0.03,1,2
10865,26,70000,MORTGAGE,4,0,1,0,0,1,0,0,0,0,C,4000,13.98,0,0.06,1,4
10878,22,70000,MORTGAGE,6,0,1,0,0,1,0,0,0,0,D,16000,16.32,0,0.23,1,2
10957,22,70000,MORTGAGE,2,0,1,0,0,1,0,0,0,0,E,16000,16.63,0,0.23,1,3
10986,23,70236,MORTGAGE,7,0,1,0,0,1,0,0,0,0,C,8700,13.47,0,0.12,1,4
10989,22,70404,MORTGAGE,5,0,1,0,0,1,0,0,0,0,D,14075,14.74,0,0.2,1,4
11047,25,71328,MORTGAGE,3,0,1,0,0,1,0,0,0,0,D,25000,14.96,0,0.35,1,3
11058,21,71688,MORTGAGE,2,0,1,0,0,1,0,0,0,0,D,7500,13.17,0,0.1,1,4
11093,24,72000,MORTGAGE,2,0,1,0,0,1,0,0,0,0,C,1000,15.23,0,0.01,1,3
11131,24,72000,MORTGAGE,2,0,1,0,0,1,0,0,0,0,E,6000,16.77,0,0.08,1,3
11309,24,73000,MORTGAGE,3,0,1,0,0,1,0,0,0,0,C,8000,13.23,0,0.11,1,2
11318,23,73000,MORTGAGE,7,0,1,0,0,1,0,0,0,0,C,7500,13.22,0,0.1,1,2
11348,23,67700,MORTGAGE,7,0,1,0,0,1,0,0,0,0,D,15000,14.11,1,0.22,1,3
11413,26,68551,MORTGAGE,1,0,1,0,0,1,0,0,0,0,C,4000,14.22,1,0.06,1,2
11475,24,75000,MORTGAGE,7,0,1,0,0,1,0,0,0,0,D,8000,16.29,0,0.11,1,4
11499,25,69000,MORTGAGE,4,0,1,0,0,1,0,0,0,0,C,4500,14.65,1,0.07,1,2
11711,23,75000,MORTGAGE,1,0,1,0,0,1,0,0,0,0,E,4500,,0,0.06,1,4
11714,24,75000,MORTGAGE,5,0,1,0,0,1,0,0,0,0,C,7200,,0,0.1,1,3
11848,26,76596,MORTGAGE,2,0,1,0,0,1,0,0,0,0,C,24000,12.73,0,0.31,1,3
11924,23,77705,MORTGAGE,4,0,1,0,0,1,0,0,0,0,E,4000,16.77,0,0.05,1,4
11928,23,77927,MORTGAGE,7,0,1,0,0,1,0,0,0,0,C,15000,12.99,0,0.19,1,4
11933,24,72000,MORTGAGE,8,0,1,0,0,1,0,0,0,0,C,14000,14.65,1,0.19,1,4
11989,23,72000,MORTGAGE,5,0,1,0,0,1,0,0,0,0,F,19000,,1,0.26,1,2
11995,22,78000,MORTGAGE,6,0,1,0,0,1,0,0,0,0,E,16000,16.45,0,0.21,1,2
12071,23,79000,MORTGAGE,7,0,1,0,0,1,0,0,0,0,C,16000,12.73,0,0.2,1,4
12085,26,79380,MORTGAGE,5,0,1,0,0,1,0,0,0,0,C,10000,12.23,0,0.13,1,3
12093,24,79632,MORTGAGE,8,0,1,0,0,1,0,0,0,0,C,7200,14.17,0,0.09,1,3
12101,23,79996,MORTGAGE,2,0,1,0,0,1,0,0,0,0,E,24000,16.32,0,0.3,1,3
12160,23,80000,MORTGAGE,7,0,1,0,0,1,0,0,0,0,D,7000,16.29,0,0.09,1,3
12220,25,80000,MORTGAGE,3,0,1,0,0,1,0,0,0,0,D,20000,15.62,0,0.25,1,3
12301,23,80000,MORTGAGE,1,0,1,0,0,1,0,0,0,0,C,12000,13.48,0,0.15,1,4
12312,23,80000,MORTGAGE,3,0,1,0,0,1,0,0,0,0,D,25000,,0,0.31,1,4
12464,25,81600,MORTGAGE,9,0,1,0,0,1,0,0,0,0,C,13000,13.23,0,0.16,1,4
12484,26,82000,MORTGAGE,5,0,1,0,0,1,0,0,0,0,C,1000,14.27,0,0.01,1,2
12554,24,82726,MORTGAGE,7,0,1,0,0,1,0,0,0,0,C,20000,,0,0.24,1,4
12596,24,83050,MORTGAGE,5,0,1,0,0,1,0,0,0,0,C,10000,13.49,0,0.12,1,3
12642,26,84000,MORTGAGE,5,0,1,0,0,1,0,0,0,0,C,21000,13.49,0,0.25,1,2
12678,23,84000,MORTGAGE,2,0,1,0,0,1,0,0,0,0,D,20000,12.61,0,0.24,1,2
12720,25,85000,MORTGAGE,7,0,1,0,0,1,0,0,0,0,C,12000,14.65,0,0.14,1,4
12725,22,85000,MORTGAGE,0,0,1,0,0,1,0,0,0,0,C,20000,13.49,0,0.24,1,2
12859,23,85000,MORTGAGE,3,0,1,0,0,1,0,0,0,0,C,20000,,0,0.24,1,4
12895,23,85000,MORTGAGE,7,0,1,0,0,1,0,0,0,0,C,20000,13.22,0,0.24,1,4
12921,23,85000,MORTGAGE,6,0,1,0,0,1,0,0,0,0,D,9000,12.36,0,0.11,1,2
12999,24,86610,MORTGAGE,7,0,1,0,0,1,0,0,0,0,C,8750,12.72,0,0.1,1,2
13031,23,87000,MORTGAGE,0,0,1,0,0,1,0,0,0,0,C,12000,12.73,0,0.14,1,2
13119,25,88140,MORTGAGE,5,0,1,0,0,1,0,0,0,0,C,15000,13.49,0,0.17,1,3
13160,26,89018,MORTGAGE,7,0,1,0,0,1,0,0,0,0,C,5800,11.97,0,0.07,1,2
13273,24,90000,MORTGAGE,8,0,1,0,0,1,0,0,0,0,C,35000,12.68,0,0.39,1,2
13366,24,90000,MORTGAGE,8,0,1,0,0,1,0,0,0,0,C,3000,13.79,0,0.03,1,4
13472,23,92000,MORTGAGE,4,0,1,0,0,1,0,0,0,0,E,15600,16.35,0,0.17,1,3
13474,23,92000,MORTGAGE,7,0,1,0,0,1,0,0,0,0,C,7000,13.47,0,0.08,1,4
13551,25,93200,MORTGAGE,9,0,1,0,0,1,0,0,0,0,D,25000,15.58,0,0.27,1,4
13640,26,95000,MORTGAGE,9,0,1,0,0,1,0,0,0,0,D,25000,16.89,0,0.26,1,2
13657,23,95000,MORTGAGE,6,0,1,0,0,1,0,0,0,0,C,20000,14.17,0,0.21,1,4
13674,22,95000,MORTGAGE,1,0,1,0,0,1,0,0,0,0,C,7200,12.23,0,0.08,1,4
13693,23,95000,MORTGAGE,7,0,1,0,0,1,0,0,0,0,C,15000,12.73,0,0.16,1,4
13742,23,95620,MORTGAGE,7,0,1,0,0,1,0,0,0,0,D,13500,14.96,0,0.14,1,4
13838,22,96000,MORTGAGE,3,0,1,0,0,1,0,0,0,0,C,11400,13.04,0,0.12,1,2
13839,25,84000,MORTGAGE,0,0,1,0,0,1,0,0,0,0,F,2125,15.01,1,0.03,1,4
13880,22,97000,MORTGAGE,0,0,1,0,0,1,0,0,0,0,C,7500,11.34,0,0.08,1,4
13998,23,100000,MORTGAGE,4,0,1,0,0,1,0,0,0,0,D,14000,17.58,0,0.14,1,3
14042,26,88000,MORTGAGE,6,0,1,0,0,1,0,0,0,0,C,7700,14.79,1,0.09,1,4
14052,25,100000,MORTGAGE,2,0,1,0,0,1,0,0,0,0,D,15000,15.99,0,0.15,1,3
14054,24,100000,MORTGAGE,7,0,1,0,0,1,0,0,0,0,D,10300,15.99,0,0.1,1,4
14124,26,100000,MORTGAGE,10,0,1,0,0,1,0,0,0,0,C,14000,13.11,0,0.14,1,2
14142,23,100000,MORTGAGE,7,0,1,0,0,1,0,0,0,0,D,15000,16,0,0.15,1,2
14154,23,100000,MORTGAGE,4,0,1,0,0,1,0,0,0,0,C,10000,12.87,0,0.1,1,3
14201,22,101000,MORTGAGE,7,0,1,0,0,1,0,0,0,0,D,25000,,0,0.25,1,3
14332,24,105000,MORTGAGE,8,0,1,0,0,1,0,0,0,0,C,3000,,0,0.03,1,3
14367,23,105000,MORTGAGE,5,0,1,0,0,1,0,0,0,0,E,15000,16.82,0,0.14,1,4
14430,26,106000,MORTGAGE,9,0,1,0,0,1,0,0,0,0,D,10000,15.33,0,0.09,1,3
14443,22,106982,MORTGAGE,6,0,1,0,0,1,0,0,0,0,D,30000,14.91,0,0.28,1,3
14461,23,107280,MORTGAGE,4,0,1,0,0,1,0,0,0,0,E,25000,16.45,0,0.23,1,4
14494,24,108000,MORTGAGE,5,0,1,0,0,1,0,0,0,0,D,9950,14.96,0,0.09,1,4
14673,22,98656,MORTGAGE,3,0,1,0,0,1,0,0,0,0,C,7500,13.06,1,0.08,1,3
14682,26,111147,MORTGAGE,4,0,1,0,0,1,0,0,0,0,C,15000,13.61,0,0.13,1,2
14716,24,112500,MORTGAGE,3,0,1,0,0,1,0,0,0,0,C,8600,13.11,0,0.08,1,3
14797,25,115000,MORTGAGE,1,0,1,0,0,1,0,0,0,0,D,20000,15.65,0,0.17,1,2
14817,26,115000,MORTGAGE,3,0,1,0,0,1,0,0,0,0,C,20000,13.16,0,0.17,1,2
14832,25,116000,MORTGAGE,0,0,1,0,0,1,0,0,0,0,D,35000,17.58,0,0.3,1,4
14833,23,116000,MORTGAGE,8,0,1,0,0,1,0,0,0,0,D,15825,15.62,0,0.14,1,4
15003,24,120000,MORTGAGE,0,0,1,0,0,1,0,0,0,0,D,25000,15.2,0,0.21,1,3
15014,23,120000,MORTGAGE,7,0,1,0,0,1,0,0,0,0,C,8000,13.61,0,0.07,1,2
15089,22,120456,MORTGAGE,6,0,1,0,0,1,0,0,0,0,D,20000,14.96,0,0.17,1,2
15115,26,122000,MORTGAGE,4,0,1,0,0,1,0,0,0,0,C,4800,,0,0.04,1,3
15152,21,112800,MORTGAGE,2,0,1,0,0,1,0,0,0,0,C,16000,13.48,1,0.14,1,2
15197,26,125000,MORTGAGE,3,0,1,0,0,1,0,0,0,0,D,24000,15.28,0,0.19,1,4
15275,23,128000,MORTGAGE,4,0,1,0,0,1,0,0,0,0,C,4800,12.99,0,0.04,1,2
15312,23,130000,MORTGAGE,1,0,1,0,0,1,0,0,0,0,C,15000,12.87,0,0.12,1,4
15318,22,130000,MORTGAGE,3,0,1,0,0,1,0,0,0,0,C,14500,,0,0.11,1,4
15410,26,134000,MORTGAGE,2,0,1,0,0,1,0,0,0,0,C,30000,13.49,0,0.22,1,3
15543,25,144996,MORTGAGE,2,0,1,0,0,1,0,0,0,0,E,25000,16.35,0,0.17,1,2
15573,26,145992,MORTGAGE,0,0,1,0,0,1,0,0,0,0,D,20000,,0,0.14,1,2
15616,26,150000,MORTGAGE,6,0,1,0,0,1,0,0,0,0,D,6400,15.62,0,0.04,1,2
15759,26,165000,MORTGAGE,10,0,1,0,0,1,0,0,0,0,C,20000,13.22,0,0.12,1,4
15762,22,165500,MORTGAGE,6,0,1,0,0,1,0,0,0,0,C,12000,12.99,0,0.07,1,3
15902,23,300000,MORTGAGE,5,0,1,0,0,1,0,0,0,0,D,10000,15.65,0,0.03,1,2
16033,24,102000,MORTGAGE,5,0,1,0,0,1,0,0,0,0,C,12000,15.27,0,0.12,1,3
16155,24,72400,MORTGAGE,4,0,1,0,0,1,0,0,0,0,E,25000,17.99,0,0.35,1,2
16228,22,55000,MORTGAGE,6,0,1,0,0,1,0,0,0,0,C,1400,13.49,0,0.03,1,3
16256,23,80000,MORTGAGE,1,0,1,0,0,1,0,0,0,0,C,12000,13.48,0,0.15,1,4
16307,26,165000,MORTGAGE,10,0,1,0,0,1,0,0,0,0,C,20000,13.22,0,0.12,1,2
16331,22,50004,MORTGAGE,0,0,1,0,0,1,0,0,0,0,E,11000,15.68,0,0.22,1,3
16332,25,48000,MORTGAGE,9,0,1,0,0,1,0,0,0,0,C,7000,12.09,0,0.15,1,2
16448,23,114000,MORTGAGE,7,0,1,0,0,1,0,0,0,0,C,8000,12.68,0,0.07,1,3
16509,23,95000,MORTGAGE,1,0,1,0,0,1,0,0,0,0,C,19800,13.22,1,0.21,1,4
16551,23,115000,MORTGAGE,7,0,1,0,0,1,0,0,0,0,C,10000,14.27,0,0.09,1,2
16663,24,85000,MORTGAGE,2,0,1,0,0,1,0,0,0,0,C,7500,13.99,0,0.09,1,4
16734,23,47000,MORTGAGE,7,0,1,0,0,1,0,0,0,0,C,13850,12.68,0,0.29,1,2
17037,21,87500,MORTGAGE,5,0,1,0,0,1,0,0,0,0,C,25000,13.98,0,0.29,1,3
17085,26,135000,MORTGAGE,6,0,1,0,0,1,0,0,0,0,D,15000,15.33,0,0.11,1,2
17092,25,59400,MORTGAGE,9,0,1,0,0,1,0,0,0,0,C,18500,12.73,0,0.31,1,3
17525,23,60000,MORTGAGE,6,0,1,0,0,1,0,0,0,0,C,7000,12.99,0,0.12,1,2
17632,22,19200,MORTGAGE,3,0,1,0,0,1,0,0,0,0,D,5000,15.33,1,0.26,1,2
17769,22,45000,MORTGAGE,2,0,1,0,0,1,0,0,0,0,D,8000,16.49,0,0.18,1,4
17802,25,52000,MORTGAGE,8,0,1,0,0,1,0,0,0,0,C,3900,,0,0.07,1,4
17833,22,52000,MORTGAGE,6,0,1,0,0,1,0,0,0,0,C,9750,13.06,0,0.19,1,2
18068,33,186996,MORTGAGE,0,0,1,0,0,1,0,0,0,0,D,25000,14.46,0,0.13,1,8
18094,34,180000,MORTGAGE,9,0,1,0,0,1,0,0,0,0,C,12900,12.99,0,0.07,1,7
18138,29,174996,MORTGAGE,8,0,1,0,0,1,0,0,0,0,D,25000,15.28,0,0.14,1,10
18174,30,165000,MORTGAGE,3,0,1,0,0,1,0,0,0,0,D,5000,15.62,0,0.03,1,10
19133,32,30000,MORTGAGE,2,0,1,0,0,1,0,0,0,0,D,6000,15.31,0,0.2,1,8
19188,30,30000,MORTGAGE,1,0,1,0,0,1,0,0,0,0,C,12000,10.59,0,0.4,1,6
19195,34,30144,MORTGAGE,3,0,1,0,0,1,0,0,0,0,C,18000,12.84,0,0.6,1,10
19215,32,30996,MORTGAGE,1,0,1,0,0,1,0,0,0,0,C,2400,13.8,0,0.08,1,7
19231,34,31000,MORTGAGE,0,0,1,0,0,1,0,0,0,0,C,4200,13.72,0,0.14,1,7
19244,27,31200,MORTGAGE,4,0,1,0,0,1,0,0,0,0,C,15000,14.27,0,0.48,1,10
19521,31,34000,MORTGAGE,3,0,1,0,0,1,0,0,0,0,C,10000,13.85,1,0.29,1,6
19636,29,35000,MORTGAGE,14,0,1,0,0,1,0,0,0,0,C,8000,12.68,0,0.23,1,9
19724,28,35380,MORTGAGE,9,0,1,0,0,1,0,0,0,0,C,2050,15.96,0,0.06,1,8
20010,33,37500,MORTGAGE,3,0,1,0,0,1,0,0,0,0,D,6500,15.33,0,0.17,1,7
20069,29,38000,MORTGAGE,3,0,1,0,0,1,0,0,0,0,D,6000,15.21,0,0.16,1,9
20207,27,33000,MORTGAGE,8,0,1,0,0,1,0,0,0,0,D,9000,12.49,1,0.27,1,8
20285,28,34000,MORTGAGE,12,0,1,0,0,1,0,0,0,0,D,10000,16.77,1,0.29,1,7
20447,29,40000,MORTGAGE,9,0,1,0,0,1,0,0,0,0,C,1400,14.26,0,0.04,1,5
20571,34,35496,MORTGAGE,15,0,1,0,0,1,0,0,0,0,C,2800,14.17,1,0.08,1,7
20699,30,42000,MORTGAGE,13,0,1,0,0,1,0,0,0,0,D,3000,15.33,0,0.07,1,9
20848,30,43500,MORTGAGE,5,0,1,0,0,1,0,0,0,0,C,11250,13.61,0,0.26,1,9
20894,27,44000,MORTGAGE,3,0,1,0,0,1,0,0,0,0,C,5700,13.23,0,0.13,1,9
20897,27,44000,MORTGAGE,3,0,1,0,0,1,0,0,0,0,C,6400,13.85,0,0.15,1,7
20930,28,44447,MORTGAGE,8,0,1,0,0,1,0,0,0,0,C,6000,12.72,0,0.13,1,7
21215,27,45727,MORTGAGE,5,0,1,0,0,1,0,0,0,0,D,1000,16.29,0,0.02,1,9
21233,30,46000,MORTGAGE,1,0,1,0,0,1,0,0,0,0,C,12000,,0,0.26,1,9
21500,29,48000,MORTGAGE,5,0,1,0,0,1,0,0,0,0,C,10000,12.73,0,0.21,1,7
21699,33,44000,MORTGAGE,2,0,1,0,0,1,0,0,0,0,C,7000,12.99,1,0.16,1,8
21702,27,50000,MORTGAGE,4,0,1,0,0,1,0,0,0,0,C,2200,12.99,0,0.04,1,10
21726,28,50000,MORTGAGE,12,0,1,0,0,1,0,0,0,0,C,18000,13.49,0,0.36,1,7
21792,27,44000,MORTGAGE,0,0,1,0,0,1,0,0,0,0,C,6000,13.23,1,0.14,1,8
21863,31,44000,MORTGAGE,0,0,1,0,0,1,0,0,0,0,C,12000,12.53,1,0.27,1,6
21868,35,50000,MORTGAGE,0,0,1,0,0,1,0,0,0,0,C,5600,12.53,0,0.11,1,7
21904,32,50004,MORTGAGE,2,0,1,0,0,1,0,0,0,0,C,6250,12.87,0,0.12,1,6
22062,31,46000,MORTGAGE,5,0,1,0,0,1,0,0,0,0,C,8000,13.49,1,0.17,1,5
22068,30,52000,MORTGAGE,4,0,1,0,0,1,0,0,0,0,C,4200,,0,0.08,1,6
22142,29,46500,MORTGAGE,1,0,1,0,0,1,0,0,0,0,D,11000,12.99,1,0.24,1,6
22154,29,52800,MORTGAGE,7,0,1,0,0,1,0,0,0,0,D,25475,16.29,0,0.48,1,7
22193,27,53000,MORTGAGE,3,0,1,0,0,1,0,0,0,0,C,6400,13.11,0,0.12,1,8
22203,32,53000,MORTGAGE,1,0,1,0,0,1,0,0,0,0,C,6800,12.84,0,0.13,1,7
22215,30,53208,MORTGAGE,5,0,1,0,0,1,0,0,0,0,C,8500,,0,0.16,1,5
22237,29,54000,MORTGAGE,2,0,1,0,0,1,0,0,0,0,C,2500,13.49,0,0.05,1,9
22257,33,54000,MORTGAGE,3,0,1,0,0,1,0,0,0,0,C,10000,15.23,0,0.19,1,8
22397,34,55000,MORTGAGE,4,0,1,0,0,1,0,0,0,0,C,7000,13.49,0,0.13,1,10
22438,34,55000,MORTGAGE,6,0,1,0,0,1,0,0,0,0,C,5000,13.43,0,0.09,1,10
22606,29,56000,MORTGAGE,4,0,1,0,0,1,0,0,0,0,D,18000,14.61,0,0.32,1,9
22738,28,57600,MORTGAGE,9,0,1,0,0,1,0,0,0,0,D,12000,15.58,0,0.21,1,7
22852,27,58800,MORTGAGE,0,0,1,0,0,1,0,0,0,0,C,9800,13.22,0,0.17,1,9
23078,30,54000,MORTGAGE,3,0,1,0,0,1,0,0,0,0,C,5000,12.61,1,0.09,1,10
23142,33,54000,MORTGAGE,3,0,1,0,0,1,0,0,0,0,F,16000,18.67,1,0.3,1,10
23145,27,60000,MORTGAGE,3,0,1,0,0,1,0,0,0,0,C,5000,12.73,0,0.08,1,8
23198,30,60000,MORTGAGE,6,0,1,0,0,1,0,0,0,0,D,15000,15.31,0,0.25,1,9
23204,34,60000,MORTGAGE,5,0,1,0,0,1,0,0,0,0,C,7000,12.53,0,0.12,1,10
23383,30,62000,MORTGAGE,9,0,1,0,0,1,0,0,0,0,C,5000,13.11,0,0.08,1,8
23406,31,62100,MORTGAGE,,0,1,0,0,1,0,0,0,0,C,4800,,0,0.08,1,10
23493,32,63000,MORTGAGE,12,0,1,0,0,1,0,0,0,0,C,7000,13.57,0,0.11,1,7
23499,33,57000,MORTGAGE,3,0,1,0,0,1,0,0,0,0,E,10000,15.68,1,0.18,1,8
23501,28,63000,MORTGAGE,0,0,1,0,0,1,0,0,0,0,D,5000,13.67,0,0.08,1,7
23737,29,65000,MORTGAGE,13,0,1,0,0,1,0,0,0,0,D,10000,15.33,0,0.15,1,6
23826,27,66000,MORTGAGE,12,0,1,0,0,1,0,0,0,0,D,8400,16.49,0,0.13,1,7
24090,34,70000,MORTGAGE,6,0,1,0,0,1,0,0,0,0,E,22000,19.91,0,0.31,1,8
24096,29,70000,MORTGAGE,11,0,1,0,0,1,0,0,0,0,C,6000,14.27,0,0.09,1,7
24267,32,64500,MORTGAGE,3,0,1,0,0,1,0,0,0,0,C,19400,13.11,1,0.3,1,10
24277,28,70900,MORTGAGE,12,0,1,0,0,1,0,0,0,0,D,25000,15.37,0,0.35,1,6
24289,33,71000,MORTGAGE,7,0,1,0,0,1,0,0,0,0,C,8000,12.68,0,0.11,1,10
24371,30,72000,MORTGAGE,14,0,1,0,0,1,0,0,0,0,C,9000,15.23,0,0.13,1,10
24426,28,72000,MORTGAGE,1,0,1,0,0,1,0,0,0,0,D,6000,15.37,0,0.08,1,10
24499,28,73008,MORTGAGE,2,0,1,0,0,1,0,0,0,0,C,14000,12.73,0,0.19,1,6
24519,34,74000,MORTGAGE,10,0,1,0,0,1,0,0,0,0,C,17000,14.27,0,0.23,1,10
24522,27,74000,MORTGAGE,4,0,1,0,0,1,0,0,0,0,D,12100,16.89,0,0.16,1,9
24533,32,68000,MORTGAGE,6,0,1,0,0,1,0,0,0,0,C,1000,14.72,1,0.01,1,9
24597,28,69000,MORTGAGE,4,0,1,0,0,1,0,0,0,0,D,30000,,1,0.43,1,9
24600,31,75000,MORTGAGE,8,0,1,0,0,1,0,0,0,0,D,16500,16.77,0,0.22,1,8
24680,32,75000,MORTGAGE,16,0,1,0,0,1,0,0,0,0,C,5000,12.61,0,0.07,1,10
24724,32,75000,MORTGAGE,2,0,1,0,0,1,0,0,0,0,D,2000,15.65,0,0.03,1,10
24835,27,70800,MORTGAGE,0,0,1,0,0,1,0,0,0,0,G,20000,21.21,1,0.28,1,8
24838,32,77000,MORTGAGE,9,0,1,0,0,1,0,0,0,0,D,10000,16.77,0,0.13,1,8
24884,31,72000,MORTGAGE,4,0,1,0,0,1,0,0,0,0,C,9000,15.96,1,0.13,1,5
24934,35,72000,MORTGAGE,2,0,1,0,0,1,0,0,0,0,E,20000,16.7,1,0.28,1,9
24958,35,78862,MORTGAGE,14,0,1,0,0,1,0,0,0,0,D,25000,12.49,0,0.32,1,9
25281,30,82500,MORTGAGE,7,0,1,0,0,1,0,0,0,0,D,10000,15.65,0,0.12,1,9
25320,28,83135,MORTGAGE,3,0,1,0,0,1,0,0,0,0,C,8000,13.99,0,0.1,1,10
25385,33,84000,MORTGAGE,9,0,1,0,0,1,0,0,0,0,D,20000,14.61,0,0.24,1,5
25512,27,85000,MORTGAGE,7,0,1,0,0,1,0,0,0,0,C,10400,13.16,0,0.12,1,6
25515,30,85000,MORTGAGE,2,0,1,0,0,1,0,0,0,0,C,25000,12.84,0,0.29,1,8
25522,34,85000,MORTGAGE,19,0,1,0,0,1,0,0,0,0,D,8500,14.42,0,0.1,1,8
25526,29,73000,MORTGAGE,6,0,1,0,0,1,0,0,0,0,D,21000,13.36,1,0.29,1,7
25574,28,86400,MORTGAGE,0,0,1,0,0,1,0,0,0,0,D,16000,14.09,0,0.19,1,6
25594,33,87000,MORTGAGE,1,0,1,0,0,1,0,0,0,0,D,5000,14.96,0,0.06,1,9
25665,27,77000,MORTGAGE,0,0,1,0,0,1,0,0,0,0,E,15000,17.74,1,0.19,1,6
25666,27,89000,MORTGAGE,11,0,1,0,0,1,0,0,0,0,D,2800,14.96,0,0.03,1,10
25671,29,89004,MORTGAGE,2,0,1,0,0,1,0,0,0,0,D,4800,14.11,0,0.05,1,8
25678,29,89849,MORTGAGE,13,0,1,0,0,1,0,0,0,0,C,6000,13.98,0,0.07,1,5
25716,32,90000,MORTGAGE,16,0,1,0,0,1,0,0,0,0,C,21400,15.23,0,0.24,1,5
25833,30,90000,MORTGAGE,8,0,1,0,0,1,0,0,0,0,E,20000,14.82,0,0.22,1,8
25848,34,90636,MORTGAGE,4,0,1,0,0,1,0,0,0,0,C,17000,13.85,0,0.19,1,5
25908,28,92000,MORTGAGE,11,0,1,0,0,1,0,0,0,0,F,25000,19.29,0,0.27,1,9
26067,33,95000,MORTGAGE,1,0,1,0,0,1,0,0,0,0,D,24000,12.92,0,0.25,1,5
26216,27,86260,MORTGAGE,11,0,1,0,0,1,0,0,0,0,C,18000,13.72,1,0.21,1,7
26260,30,100000,MORTGAGE,2,0,1,0,0,1,0,0,0,0,D,10000,16.77,0,0.1,1,10
26385,28,100000,MORTGAGE,3,0,1,0,0,1,0,0,0,0,C,10000,12.84,0,0.1,1,5
26440,33,102000,MORTGAGE,6,0,1,0,0,1,0,0,0,0,C,8700,12.99,0,0.09,1,9
26457,28,102058,MORTGAGE,13,0,1,0,0,1,0,0,0,0,C,15000,13.92,0,0.15,1,8
26630,28,108041,MORTGAGE,6,0,1,0,0,1,0,0,0,0,C,5600,13.98,0,0.05,1,7
26810,27,114000,MORTGAGE,7,0,1,0,0,1,0,0,0,0,C,20000,13.06,0,0.18,1,8
26846,29,115000,MORTGAGE,7,0,1,0,0,1,0,0,0,0,D,8100,16.49,0,0.07,1,10
26868,29,115000,MORTGAGE,11,0,1,0,0,1,0,0,0,0,C,20000,13.79,0,0.17,1,6
26869,32,115000,MORTGAGE,3,0,1,0,0,1,0,0,0,0,E,20000,16.95,0,0.17,1,7
27060,27,120000,MORTGAGE,11,0,1,0,0,1,0,0,0,0,E,20000,,0,0.17,1,7
27097,29,109900,MORTGAGE,9,0,1,0,0,1,0,0,0,0,C,15000,13.47,1,0.14,1,10
27273,30,130000,MORTGAGE,3,0,1,0,0,1,0,0,0,0,C,33250,13.06,0,0.26,1,5
27373,35,135000,MORTGAGE,12,0,1,0,0,1,0,0,0,0,C,10000,13.16,0,0.07,1,7
27376,34,135000,MORTGAGE,7,0,1,0,0,1,0,0,0,0,C,15000,13.47,0,0.11,1,7
27386,35,136000,MORTGAGE,0,0,1,0,0,1,0,0,0,0,D,15000,,0,0.11,1,9
27395,29,138000,MORTGAGE,0,0,1,0,0,1,0,0,0,0,C,25000,13.06,0,0.18,1,10
27414,29,140000,MORTGAGE,4,0,1,0,0,1,0,0,0,0,C,16775,14.27,0,0.12,1,10
27490,27,144000,MORTGAGE,11,0,1,0,0,1,0,0,0,0,D,16000,16.77,0,0.11,1,6
27580,27,150000,MORTGAGE,3,0,1,0,0,1,0,0,0,0,E,8000,17.19,0,0.05,1,5
27589,28,150000,MORTGAGE,12,0,1,0,0,1,0,0,0,0,C,10000,,0,0.07,1,6
27642,30,155867,MORTGAGE,15,0,1,0,0,1,0,0,0,0,C,8000,12.84,0,0.05,1,10
27707,28,170000,MORTGAGE,4,0,1,0,0,1,0,0,0,0,D,20000,,0,0.12,1,10
27765,35,200000,MORTGAGE,3,0,1,0,0,1,0,0,0,0,C,25000,,0,0.13,1,7
28066,30,151800,MORTGAGE,14,0,1,0,0,1,0,0,0,0,C,17525,12.72,0,0.12,1,7
28100,32,85000,MORTGAGE,1,0,1,0,0,1,0,0,0,0,C,7500,10.78,0,0.09,1,10
28136,28,225000,MORTGAGE,11,0,1,0,0,1,0,0,0,0,E,9000,16.95,1,0.04,1,8
28182,29,56700,MORTGAGE,9,0,1,0,0,1,0,0,0,0,C,10000,,0,0.18,1,5
28246,34,68000,MORTGAGE,1,0,1,0,0,1,0,0,0,0,C,15000,11.78,0,0.22,1,7
28339,35,45000,MORTGAGE,16,0,1,0,0,1,0,0,0,0,C,6500,13.98,0,0.14,1,10
28392,32,103000,MORTGAGE,0,0,1,0,0,1,0,0,0,0,E,33000,18.64,1,0.32,1,10
28433,31,135000,MORTGAGE,12,0,1,0,0,1,0,0,0,0,C,15000,13.85,0,0.11,1,9
28728,30,138000,MORTGAGE,3,0,1,0,0,1,0,0,0,0,E,23975,17.93,1,0.17,1,6
28730,28,100000,MORTGAGE,3,0,1,0,0,1,0,0,0,0,C,8000,13.98,0,0.08,1,6
28744,33,75000,MORTGAGE,17,0,1,0,0,1,0,0,0,0,C,12000,,0,0.16,1,10
28810,27,44000,MORTGAGE,0,0,1,0,0,1,0,0,0,0,C,6000,13.23,1,0.14,1,6
28910,31,16656,MORTGAGE,,0,1,0,0,1,0,0,0,0,C,2400,14.72,1,0.14,1,5
28912,34,109200,MORTGAGE,18,0,1,0,0,1,0,0,0,0,C,6000,12.23,0,0.05,1,5
29028,30,80000,MORTGAGE,2,0,1,0,0,1,0,0,0,0,C,6000,14.17,0,0.07,1,9
29405,36,25200,MORTGAGE,0,0,1,0,0,1,0,0,0,0,C,8700,12.23,1,0.35,1,14
29854,36,40000,MORTGAGE,16,0,1,0,0,1,0,0,0,0,D,4000,18.07,0,0.1,1,14
30094,36,39600,MORTGAGE,17,0,1,0,0,1,0,0,0,0,D,1800,14.09,1,0.05,1,17
30215,38,49853,MORTGAGE,19,0,1,0,0,1,0,0,0,0,D,12000,13.3,0,0.24,1,11
30253,47,50000,MORTGAGE,3,0,1,0,0,1,0,0,0,0,C,4000,,0,0.08,1,12
30412,36,48000,MORTGAGE,3,0,1,0,0,1,0,0,0,0,C,1500,13.92,1,0.03,1,13
30542,40,58000,MORTGAGE,9,0,1,0,0,1,0,0,0,0,E,8000,18.79,0,0.14,1,12
30550,43,58000,MORTGAGE,4,0,1,0,0,1,0,0,0,0,C,9000,13.22,0,0.16,1,14
30573,39,60000,MORTGAGE,1,0,1,0,0,1,0,0,0,0,C,17000,14.65,0,0.28,1,14
30585,37,54000,MORTGAGE,1,0,1,0,0,1,0,0,0,0,D,3500,16.89,1,0.06,1,13
30615,41,60000,MORTGAGE,18,0,1,0,0,1,0,0,0,0,D,4900,14.09,0,0.08,1,12
30771,36,65000,MORTGAGE,6,0,1,0,0,1,0,0,0,0,C,23325,15.27,0,0.36,1,14
30785,39,65000,MORTGAGE,3,0,1,0,0,1,0,0,0,0,D,6000,15.62,0,0.09,1,14
30940,41,70000,MORTGAGE,2,0,1,0,0,1,0,0,0,0,E,14000,16.7,0,0.2,1,13
30960,40,71000,MORTGAGE,5,0,1,0,0,1,0,0,0,0,E,7000,15.38,0,0.1,1,12
30997,37,72000,MORTGAGE,9,0,1,0,0,1,0,0,0,0,C,1600,13.92,0,0.02,1,16
31032,36,68400,MORTGAGE,5,0,1,0,0,1,0,0,0,0,C,7000,13.48,1,0.1,1,11
31054,41,75000,MORTGAGE,19,0,1,0,0,1,0,0,0,0,C,5500,12.87,0,0.07,1,16
31069,40,75000,MORTGAGE,6,0,1,0,0,1,0,0,0,0,C,7500,12.23,0,0.1,1,16
31119,36,77000,MORTGAGE,2,0,1,0,0,1,0,0,0,0,E,10000,16.35,0,0.13,1,13
31389,36,90000,MORTGAGE,2,0,1,0,0,1,0,0,0,0,D,20000,14.61,0,0.22,1,11
31524,42,100000,MORTGAGE,7,0,1,0,0,1,0,0,0,0,C,5000,14.26,0,0.05,1,15
31534,39,101000,MORTGAGE,17,0,1,0,0,1,0,0,0,0,C,2500,13.47,0,0.02,1,17
31551,42,105000,MORTGAGE,18,0,1,0,0,1,0,0,0,0,C,2400,13.06,0,0.02,1,17
31606,41,110004,MORTGAGE,7,0,1,0,0,1,0,0,0,0,C,25000,12.73,0,0.23,1,14
31661,39,108000,MORTGAGE,6,0,1,0,0,1,0,0,0,0,D,30000,16.49,1,0.28,1,11
31717,42,113000,MORTGAGE,11,0,1,0,0,1,0,0,0,0,D,24000,15.31,1,0.21,1,15
31724,38,126000,MORTGAGE,3,0,1,0,0,1,0,0,0,0,D,2400,,0,0.02,1,14
31735,45,118000,MORTGAGE,11,0,1,0,0,1,0,0,0,0,C,9600,13.99,1,0.08,1,12
31794,37,144000,MORTGAGE,15,0,1,0,0,1,0,0,0,0,C,10000,14.17,0,0.07,1,14
31841,40,160000,MORTGAGE,3,0,1,0,0,1,0,0,0,0,C,12000,14.27,0,0.07,1,17
31849,36,160000,MORTGAGE,5,0,1,0,0,1,0,0,0,0,C,10000,12.73,0,0.06,1,15
31886,47,204000,MORTGAGE,6,0,1,0,0,1,0,0,0,0,C,10000,13.06,0,0.05,1,13
32210,37,60000,MORTGAGE,4,0,1,0,0,1,0,0,0,0,C,12000,12.73,0,0.2,1,17
32223,36,136000,MORTGAGE,0,0,1,0,0,1,0,0,0,0,C,4800,14.72,0,0.04,1,12
44,23,300000,OWN,1,1,0,0,0,1,0,0,0,0,F,24250,19.41,0,0.08,1,2
73,21,12000,OWN,6,1,0,0,0,1,0,0,0,0,C,3000,13.61,1,0.25,1,3
671,21,20400,OWN,2,1,0,0,0,1,0,0,0,0,C,1275,15.23,0,0.06,1,3
1252,23,25100,OWN,7,1,0,0,0,1,0,0,0,0,D,10800,14.59,0,0.43,1,3
1446,22,26886,OWN,6,1,0,0,0,1,0,0,0,0,C,7500,,0,0.28,1,4
1574,23,27996,OWN,1,1,0,0,0,1,0,0,0,0,C,4200,14.72,0,0.15,1,4
1785,23,29004,OWN,1,1,0,0,0,1,0,0,0,0,C,2000,13.16,0,0.07,1,3
2185,22,30288,OWN,0,1,0,0,0,1,0,0,0,0,F,5000,19.47,1,0.17,1,3
2695,23,33800,OWN,4,1,0,0,0,1,0,0,0,0,D,13000,15.31,0,0.38,1,4
2856,21,35000,OWN,3,1,0,0,0,1,0,0,0,0,C,5000,14.27,0,0.14,1,3
3325,22,36000,OWN,6,1,0,0,0,1,0,0,0,0,D,12000,15.21,0,0.33,1,3
4929,25,42642,OWN,8,1,0,0,0,1,0,0,0,0,F,10000,15.76,0,0.23,1,3
5047,26,43200,OWN,1,1,0,0,0,1,0,0,0,0,C,17000,13.49,0,0.39,1,2
5237,21,44500,OWN,6,1,0,0,0,1,0,0,0,0,D,5000,13.87,0,0.11,1,3
5597,25,45000,OWN,0,1,0,0,0,1,0,0,0,0,C,6500,10.28,0,0.14,1,2
5624,23,45500,OWN,5,1,0,0,0,1,0,0,0,0,C,14000,14.72,0,0.31,1,2
6212,23,48000,OWN,8,1,0,0,0,1,0,0,0,0,C,6000,12.87,0,0.13,1,2
7241,26,52000,OWN,10,1,0,0,0,1,0,0,0,0,D,5000,15.65,0,0.1,1,4
7376,22,52800,OWN,5,1,0,0,0,1,0,0,0,0,D,4800,17.49,0,0.09,1,3
7567,25,54000,OWN,9,1,0,0,0,1,0,0,0,0,C,15000,,0,0.28,1,4
7671,24,54000,OWN,8,1,0,0,0,1,0,0,0,0,C,1200,13.11,0,0.02,1,3
8019,25,55000,OWN,9,1,0,0,0,1,0,0,0,0,C,10000,13.57,0,0.18,1,2
8687,23,60000,OWN,5,1,0,0,0,1,0,0,0,0,C,16000,14.27,0,0.27,1,4
9292,25,61000,OWN,2,1,0,0,0,1,0,0,0,0,C,15000,14.65,0,0.25,1,3
9362,23,61300,OWN,1,1,0,0,0,1,0,0,0,0,D,9000,16.49,0,0.15,1,3
9377,22,61547,OWN,1,1,0,0,0,1,0,0,0,0,D,24250,14.96,0,0.39,1,3
9743,22,64000,OWN,6,1,0,0,0,1,0,0,0,0,D,15000,17.49,0,0.23,1,4
10341,22,67000,OWN,5,1,0,0,0,1,0,0,0,0,D,7500,16.29,0,0.11,1,3
11035,23,71004,OWN,1,1,0,0,0,1,0,0,0,0,C,15000,13.47,0,0.21,1,3
11962,22,40000,OWN,6,1,0,0,0,1,0,0,0,0,D,5000,16.29,0,0.13,1,4
12096,24,79768,OWN,2,1,0,0,0,1,0,0,0,0,C,12000,13.49,0,0.15,1,4
12272,25,40000,OWN,5,1,0,0,0,1,0,0,0,0,C,6000,13.47,0,0.15,1,3
12284,25,80000,OWN,3,1,0,0,0,1,0,0,0,0,C,10000,14.72,0,0.13,1,3
12322,23,80000,OWN,2,1,0,0,0,1,0,0,0,0,F,6000,19.13,0,0.07,1,4
12445,21,81000,OWN,0,1,0,0,0,1,0,0,0,0,C,8400,12.53,0,0.1,1,3
12477,24,82000,OWN,8,1,0,0,0,1,0,0,0,0,C,25000,15.27,0,0.3,1,3
12597,24,38004,OWN,3,1,0,0,0,1,0,0,0,0,C,3000,13.35,0,0.08,1,2
13783,21,33000,OWN,2,1,0,0,0,1,0,0,0,0,C,11000,13.11,0,0.33,1,3
13786,21,33000,OWN,4,1,0,0,0,1,0,0,0,0,D,5000,14.61,0,0.15,1,3
13905,23,98000,OWN,6,1,0,0,0,1,0,0,0,0,D,10000,18.07,0,0.1,1,3
14440,25,106870,OWN,9,1,0,0,0,1,0,0,0,0,C,6000,15.27,0,0.06,1,4
14726,21,27600,OWN,3,1,0,0,0,1,0,0,0,0,C,1000,15.27,0,0.04,1,2
14928,24,25920,OWN,4,1,0,0,0,1,0,0,0,0,D,3250,15.99,0,0.13,1,4
15479,23,140000,OWN,6,1,0,0,0,1,0,0,0,0,C,16400,15.96,0,0.12,1,3
15494,26,21000,OWN,4,1,0,0,0,1,0,0,0,0,C,8000,13.79,0,0.38,1,3
15656,26,150000,OWN,6,1,0,0,0,1,0,0,0,0,D,7000,14.96,0,0.05,1,4
15903,25,12000,OWN,9,1,0,0,0,1,0,0,0,0,C,4500,13.16,1,0.38,1,4
16880,22,18000,OWN,1,1,0,0,0,1,0,0,0,0,D,5400,15.31,1,0.3,1,4
17354,21,27600,OWN,3,1,0,0,0,1,0,0,0,0,C,1000,15.27,0,0.04,1,3
17451,22,28800,OWN,2,1,0,0,0,1,0,0,0,0,D,10000,16.49,0,0.35,1,2
17878,34,334000,OWN,18,1,0,0,0,1,0,0,0,0,C,18000,12.68,0,0.05,1,10
17939,27,12000,OWN,0,1,0,0,0,1,0,0,0,0,D,8125,14.42,1,0.68,1,5
18897,32,28672,OWN,5,1,0,0,0,1,0,0,0,0,C,4650,13.22,0,0.16,1,5
20132,31,38400,OWN,,1,0,0,0,1,0,0,0,0,D,11000,,0,0.29,1,8
20143,33,38400,OWN,1,1,0,0,0,1,0,0,0,0,D,8000,15.58,0,0.21,1,7
22481,30,55000,OWN,6,1,0,0,0,1,0,0,0,0,D,21250,15.7,0,0.39,1,6
23243,33,60000,OWN,8,1,0,0,0,1,0,0,0,0,C,8350,11.34,0,0.14,1,7
23982,28,68000,OWN,0,1,0,0,0,1,0,0,0,0,C,12000,12.09,0,0.18,1,9
24053,27,69830,OWN,3,1,0,0,0,1,0,0,0,0,E,15000,16.45,0,0.21,1,5
24442,27,72000,OWN,4,1,0,0,0,1,0,0,0,0,C,8000,11.09,0,0.11,1,9
25276,33,82404,OWN,8,1,0,0,0,1,0,0,0,0,D,14400,16,0,0.17,1,7
25592,28,36000,OWN,0,1,0,0,0,1,0,0,0,0,C,2350,12.99,0,0.07,1,5
26094,35,33000,OWN,0,1,0,0,0,1,0,0,0,0,C,2000,13.98,0,0.06,1,6
26495,27,104000,OWN,4,1,0,0,0,1,0,0,0,0,E,35000,17.99,0,0.34,1,6
26536,27,30000,OWN,6,1,0,0,0,1,0,0,0,0,D,1800,14.84,0,0.06,1,5
26605,32,107800,OWN,3,1,0,0,0,1,0,0,0,0,C,5200,14.65,0,0.05,1,8
26848,29,115000,OWN,12,1,0,0,0,1,0,0,0,0,D,35000,15.28,0,0.3,1,5
27938,34,44000,OWN,2,1,0,0,0,1,0,0,0,0,C,10000,13.43,0,0.23,1,9
28657,33,60000,OWN,,1,0,0,0,1,0,0,0,0,C,10000,13.98,0,0.17,1,6
28803,29,89520,OWN,13,1,0,0,0,1,0,0,0,0,C,8000,13.23,0,0.09,1,5
29237,40,15600,OWN,2,1,0,0,0,1,0,0,0,0,D,4000,15.7,1,0.26,1,13
29286,48,19200,OWN,1,1,0,0,0,1,0,0,0,0,C,7000,,1,0.36,1,12
29327,38,21600,OWN,1,1,0,0,0,1,0,0,0,0,C,4750,15.23,0,0.22,1,16
29382,44,24000,OWN,5,1,0,0,0,1,0,0,0,0,D,5000,14.74,0,0.21,1,15
30588,46,60000,OWN,18,1,0,0,0,1,0,0,0,0,C,4100,13.49,0,0.07,1,11
31295,37,85000,OWN,3,1,0,0,0,1,0,0,0,0,F,10000,18.43,0,0.12,1,16
31345,40,36000,OWN,4,1,0,0,0,1,0,0,0,0,C,2000,13.57,0,0.06,1,12
31391,38,35000,OWN,5,1,0,0,0,1,0,0,0,0,D,1800,16.49,0,0.05,1,12
31471,36,32000,OWN,4,1,0,0,0,1,0,0,0,0,C,3600,13.49,0,0.11,1,11
31573,48,30000,OWN,0,1,0,0,0,1,0,0,0,0,C,10000,,0,0.33,1,12
31702,41,24000,OWN,3,1,0,0,0,1,0,0,0,0,C,4500,12.99,0,0.19,1,14
32020,41,21600,OWN,1,1,0,0,0,1,0,0,0,0,C,3500,13.61,0,0.16,1,13
32037,40,42996,OWN,15,1,0,0,0,1,0,0,0,0,D,15000,16,0,0.35,1,17
32090,42,48000,OWN,0,1,0,0,0,1,0,0,0,0,C,3500,14.35,0,0.07,1,17
32282,41,24000,OWN,3,1,0,0,0,1,0,0,0,0,C,4500,12.99,0,0.19,1,12
81,24,250000,RENT,2,0,0,1,0,1,0,0,0,0,C,18000,12.98,0,0.07,1,3
90,22,70000,RENT,4,0,0,1,0,1,0,0,0,0,C,27500,13.06,1,0.39,1,3
108,21,42500,RENT,3,0,0,1,0,1,0,0,0,0,C,25000,12.73,1,0.59,1,3
122,25,42360,RENT,1,0,0,1,0,1,0,0,0,0,E,25000,16.35,1,0.59,1,3
145,22,53000,RENT,5,0,0,1,0,1,0,0,0,0,C,25000,13.43,1,0.47,1,4
156,23,55000,RENT,4,0,0,1,0,1,0,0,0,0,D,25000,15.65,1,0.45,1,3
182,22,66000,RENT,6,0,0,1,0,1,0,0,0,0,C,25000,13.06,1,0.38,1,3
216,22,71000,RENT,1,0,0,1,0,1,0,0,0,0,D,25000,15.95,1,0.35,1,4
248,24,180000,RENT,8,0,0,1,0,1,0,0,0,0,E,18000,18.64,0,0.1,1,4
329,23,130000,RENT,4,0,0,1,0,1,0,0,0,0,D,25000,16.02,0,0.19,1,2
407,21,44964,RENT,2,0,0,1,0,1,0,0,0,0,D,24000,16.29,1,0.53,1,2
491,26,69846,RENT,2,0,0,1,0,1,0,0,0,0,F,22500,18.99,1,0.32,1,2
534,24,116000,RENT,5,0,0,1,0,1,0,0,0,0,D,21500,15.33,0,0.19,1,3
543,24,65000,RENT,4,0,0,1,0,1,0,0,0,0,D,21250,15.95,1,0.33,1,4
563,26,81000,RENT,10,0,0,1,0,1,0,0,0,0,E,21000,16.95,1,0.26,1,3
565,26,97000,RENT,3,0,0,1,0,1,0,0,0,0,C,21000,,0,0.22,1,3
570,25,125000,RENT,9,0,0,1,0,1,0,0,0,0,C,21000,12.99,0,0.17,1,3
574,23,70000,RENT,2,0,0,1,0,1,0,0,0,0,C,20500,13.16,0,0.29,1,3
627,24,52000,RENT,8,0,0,1,0,1,0,0,0,0,D,20000,15.65,1,0.38,1,2
682,24,56000,RENT,3,0,0,1,0,1,0,0,0,0,D,20000,14.61,1,0.36,1,4
754,23,79000,RENT,5,0,0,1,0,1,0,0,0,0,D,20000,16.89,0,0.25,1,4
761,22,80000,RENT,3,0,0,1,0,1,0,0,0,0,C,20000,13.98,0,0.25,1,4
770,22,82000,RENT,6,0,0,1,0,1,0,0,0,0,C,20000,,0,0.24,1,2
772,22,76654,RENT,2,0,0,1,0,1,0,0,0,0,C,20000,13.79,1,0.26,1,4
855,24,133000,RENT,3,0,0,1,0,1,0,0,0,0,D,20000,12.36,0,0.15,1,2
899,22,16800,RENT,2,0,0,1,0,1,0,0,0,0,C,1000,13.48,0,0.06,1,4
937,26,145000,RENT,3,0,0,1,0,1,0,0,0,0,C,18500,12.87,0,0.13,1,3
967,21,30720,RENT,5,0,0,1,0,1,0,0,0,0,C,18000,13.48,1,0.59,1,4
976,22,44000,RENT,7,0,0,1,0,1,0,0,0,0,C,18000,13.57,1,0.41,1,4
1009,25,61500,RENT,1,0,0,1,0,1,0,0,0,0,C,18000,13.23,0,0.29,1,2
1016,23,63000,RENT,2,0,0,1,0,1,0,0,0,0,C,18000,13.57,0,0.29,1,3
1035,23,75000,RENT,7,0,0,1,0,1,0,0,0,0,C,18000,12.73,0,0.24,1,4
1061,24,102000,RENT,8,0,0,1,0,1,0,0,0,0,C,18000,12.53,0,0.18,1,3
1103,24,58000,RENT,5,0,0,1,0,1,0,0,0,0,C,17500,13.49,0,0.3,1,4
1132,24,45000,RENT,,0,0,1,0,1,0,0,0,0,D,17000,14.96,1,0.38,1,2
1153,23,85500,RENT,1,0,0,1,0,1,0,0,0,0,C,17000,13.11,0,0.2,1,2
1228,23,40000,RENT,3,0,0,1,0,1,0,0,0,0,C,16000,12.99,1,0.4,1,2
1391,25,33600,RENT,0,0,0,1,0,1,0,0,0,0,D,1000,15.57,1,0.03,1,2
1408,23,45000,RENT,0,0,0,1,0,1,0,0,0,0,C,1000,14.26,0,0.02,1,2
1507,25,24000,RENT,0,0,0,1,0,1,0,0,0,0,C,1325,13.49,1,0.06,1,2
1560,25,30000,RENT,0,0,0,1,0,1,0,0,0,0,E,1500,16.82,1,0.05,1,3
1570,24,32000,RENT,1,0,0,1,0,1,0,0,0,0,C,1500,13.92,0,0.05,1,4
1592,22,38000,RENT,2,0,0,1,0,1,0,0,0,0,C,1500,13.22,0,0.04,1,2
1611,22,36000,RENT,0,0,0,1,0,1,0,0,0,0,C,1500,13.16,1,0.04,1,4
1692,23,45000,RENT,0,0,0,1,0,1,0,0,0,0,C,1775,12.72,0,0.04,1,2
1739,24,14400,RENT,1,0,0,1,0,1,0,0,0,0,C,1875,13.49,0,0.13,1,2
1767,25,15996,RENT,1,0,0,1,0,1,0,0,0,0,C,2000,13.48,0,0.13,1,4
1784,22,21000,RENT,0,0,0,1,0,1,0,0,0,0,C,2000,14.22,0,0.1,1,3
1798,23,24000,RENT,0,0,0,1,0,1,0,0,0,0,C,2000,12.61,0,0.08,1,3
1801,23,24000,RENT,0,0,0,1,0,1,0,0,0,0,C,2000,14.35,0,0.08,1,2
1802,22,24000,RENT,1,0,0,1,0,1,0,0,0,0,C,2000,13.11,0,0.08,1,4
1811,22,24702,RENT,,0,0,1,0,1,0,0,0,0,C,2000,13.23,0,0.08,1,4
1884,22,33996,RENT,1,0,0,1,0,1,0,0,0,0,D,14900,15.37,1,0.44,1,2
1938,26,70000,RENT,3,0,0,1,0,1,0,0,0,0,C,2000,12.84,0,0.03,1,2
1956,21,99996,RENT,5,0,0,1,0,1,0,0,0,0,C,2000,13.57,0,0.02,1,3
1968,24,15000,RENT,0,0,0,1,0,1,0,0,0,0,C,2100,13.11,0,0.14,1,4
1971,25,23000,RENT,0,0,0,1,0,1,0,0,0,0,C,2100,13.48,0,0.09,1,4
2017,22,40000,RENT,6,0,0,1,0,1,0,0,0,0,C,14000,13.11,1,0.35,1,3
2028,21,15000,RENT,4,0,0,1,0,1,0,0,0,0,D,2200,,0,0.15,1,4
2032,23,24000,RENT,3,0,0,1,0,1,0,0,0,0,C,2200,15.23,0,0.09,1,4
2061,23,78000,RENT,5,0,0,1,0,1,0,0,0,0,D,2300,17.58,0,0.03,1,2
2065,25,44400,RENT,6,0,0,1,0,1,0,0,0,0,C,2350,13.98,0,0.05,1,3
2099,21,26400,RENT,0,0,0,1,0,1,0,0,0,0,C,2400,14.79,0,0.09,1,2
2114,22,35000,RENT,1,0,0,1,0,1,0,0,0,0,C,2400,,0,0.07,1,2
2122,22,40000,RENT,1,0,0,1,0,1,0,0,0,0,C,2400,12.73,0,0.06,1,2
2126,22,41600,RENT,0,0,0,1,0,1,0,0,0,0,C,2400,12.22,0,0.06,1,2
2137,23,44004,RENT,3,0,0,1,0,1,0,0,0,0,D,2400,14.09,0,0.05,1,4
2162,26,70000,RENT,0,0,0,1,0,1,0,0,0,0,C,2400,,0,0.03,1,3
2251,21,31200,RENT,0,0,0,1,0,1,0,0,0,0,C,13000,13.11,1,0.42,1,2
2277,22,43000,RENT,6,0,0,1,0,1,0,0,0,0,C,13000,12.87,0,0.3,1,4
2332,24,31000,RENT,1,0,0,1,0,1,0,0,0,0,D,2500,14.54,1,0.08,1,3
2338,23,33448,RENT,2,0,0,1,0,1,0,0,0,0,C,2500,11.66,0,0.07,1,2
2339,23,33500,RENT,2,0,0,1,0,1,0,0,0,0,E,2500,15.68,1,0.07,1,4
2348,22,30000,RENT,0,0,0,1,0,1,0,0,0,0,C,2500,13.16,1,0.08,1,4
2392,23,54000,RENT,7,0,0,1,0,1,0,0,0,0,D,2500,16.32,0,0.05,1,2
2399,24,57600,RENT,8,0,0,1,0,1,0,0,0,0,C,2500,14.72,0,0.04,1,3
2430,26,15000,RENT,1,0,0,1,0,1,0,0,0,0,D,2800,15.31,1,0.19,1,4
2551,21,30000,RENT,4,0,0,1,0,1,0,0,0,0,D,3000,16.32,0,0.1,1,3
2594,24,36000,RENT,0,0,0,1,0,1,0,0,0,0,C,3000,13.92,0,0.08,1,3
2626,22,43200,RENT,4,0,0,1,0,1,0,0,0,0,C,3000,13.72,0,0.07,1,3
2642,26,39000,RENT,11,0,0,1,0,1,0,0,0,0,C,3000,,1,0.08,1,2
2648,24,39996,RENT,2,0,0,1,0,1,0,0,0,0,C,3000,,1,0.08,1,3
2664,25,48000,RENT,0,0,0,1,0,1,0,0,0,0,C,3000,13.47,0,0.06,1,4
2677,23,50000,RENT,6,0,0,1,0,1,0,0,0,0,C,3000,,0,0.06,1,2
2716,23,50000,RENT,1,0,0,1,0,1,0,0,0,0,C,12000,12.87,0,0.24,1,2
2735,22,52000,RENT,1,0,0,1,0,1,0,0,0,0,C,12000,13.61,0,0.23,1,3
2841,25,60000,RENT,5,0,0,1,0,1,0,0,0,0,D,3000,17.58,0,0.05,1,2
2977,22,18996,RENT,3,0,0,1,0,1,0,0,0,0,D,3200,15.28,1,0.17,1,3
2996,23,31200,RENT,0,0,0,1,0,1,0,0,0,0,C,3200,13.49,0,0.1,1,4
3005,22,37440,RENT,1,0,0,1,0,1,0,0,0,0,C,3200,13.04,0,0.09,1,2
3010,26,43200,RENT,5,0,0,1,0,1,0,0,0,0,C,3200,14.35,0,0.07,1,4
3022,25,48000,RENT,0,0,0,1,0,1,0,0,0,0,F,3200,,1,0.07,1,4
3107,22,12000,RENT,1,0,0,1,0,1,0,0,0,0,D,3500,15.65,1,0.29,1,2
3113,22,17280,RENT,0,0,0,1,0,1,0,0,0,0,D,3500,,1,0.2,1,4
3190,26,42500,RENT,2,0,0,1,0,1,0,0,0,0,C,3500,12.61,0,0.08,1,4
3215,23,52692,RENT,4,0,0,1,0,1,0,0,0,0,C,3500,12.23,0,0.07,1,4
3223,22,57000,RENT,1,0,0,1,0,1,0,0,0,0,C,3500,12.61,0,0.06,1,2
3246,23,74000,RENT,1,0,0,1,0,1,0,0,0,0,C,3500,12.87,0,0.05,1,3
3260,21,110000,RENT,0,0,0,1,0,1,0,0,0,0,C,3500,13.99,0,0.03,1,3
3361,21,41808,RENT,5,0,0,1,0,1,0,0,0,0,E,11000,17.19,0,0.26,1,3
3387,22,50000,RENT,6,0,0,1,0,1,0,0,0,0,C,11000,13.49,0,0.22,1,4
3501,24,33048,RENT,6,0,0,1,0,1,0,0,0,0,C,10600,11.97,1,0.32,1,3
3542,22,57460,RENT,1,0,0,1,0,1,0,0,0,0,C,10400,13.49,0,0.18,1,3
3548,23,64000,RENT,7,0,0,1,0,1,0,0,0,0,D,10325,12.92,1,0.16,1,2
3576,23,54804,RENT,4,0,0,1,0,1,0,0,0,0,D,3600,16.77,0,0.07,1,4
3585,22,60000,RENT,,0,0,1,0,1,0,0,0,0,C,3600,15.27,0,0.06,1,2
3644,23,69000,RENT,4,0,0,1,0,1,0,0,0,0,D,3800,15.28,1,0.06,1,3
3655,24,32000,RENT,2,0,0,1,0,1,0,0,0,0,C,3850,12.68,0,0.12,1,4
3661,24,40000,RENT,1,0,0,1,0,1,0,0,0,0,C,3900,12.23,0,0.1,1,3
3689,22,15996,RENT,3,0,0,1,0,1,0,0,0,0,C,4000,13.35,1,0.25,1,2
3697,24,18000,RENT,2,0,0,1,0,1,0,0,0,0,C,4000,12.87,1,0.22,1,4
3699,22,18000,RENT,1,0,0,1,0,1,0,0,0,0,C,4000,10.91,1,0.22,1,4
3701,21,19000,RENT,3,0,0,1,0,1,0,0,0,0,C,4000,14.35,1,0.21,1,3
3702,25,19200,RENT,6,0,0,1,0,1,0,0,0,0,E,4000,19.03,1,0.21,1,4
3787,25,30000,RENT,6,0,0,1,0,1,0,0,0,0,D,4000,16.49,0,0.13,1,3
3789,25,30000,RENT,4,0,0,1,0,1,0,0,0,0,C,4000,13.49,0,0.13,1,4
3859,22,29000,RENT,5,0,0,1,0,1,0,0,0,0,D,4000,15.33,1,0.14,1,4
3869,22,30000,RENT,1,0,0,1,0,1,0,0,0,0,D,4000,14.96,1,0.13,1,2
3887,23,38850,RENT,0,0,0,1,0,1,0,0,0,0,C,4000,12.72,0,0.1,1,2
3897,23,40000,RENT,3,0,0,1,0,1,0,0,0,0,C,4000,13.8,0,0.1,1,3
3944,23,47004,RENT,3,0,0,1,0,1,0,0,0,0,C,4000,12.53,0,0.09,1,4
3971,23,50000,RENT,3,0,0,1,0,1,0,0,0,0,C,4000,12.61,0,0.08,1,2
3984,23,50952,RENT,0,0,0,1,0,1,0,0,0,0,C,4000,11.54,0,0.08,1,4
4024,23,60000,RENT,7,0,0,1,0,1,0,0,0,0,D,4000,15.33,0,0.07,1,2
4029,26,62000,RENT,1,0,0,1,0,1,0,0,0,0,C,4000,13.06,0,0.06,1,2
4032,24,56400,RENT,0,0,0,1,0,1,0,0,0,0,E,4000,14.75,1,0.07,1,2
4076,23,80000,RENT,3,0,0,1,0,1,0,0,0,0,D,4000,14.46,0,0.05,1,4
4148,22,60000,RENT,0,0,0,1,0,1,0,0,0,0,C,4400,15.23,0,0.07,1,3
4150,24,80000,RENT,7,0,0,1,0,1,0,0,0,0,E,4400,19.03,0,0.06,1,2
4184,25,21000,RENT,2,0,0,1,0,1,0,0,0,0,E,4500,16.45,1,0.21,1,4
4286,23,20664,RENT,4,0,0,1,0,1,0,0,0,0,C,4550,13.72,0,0.22,1,3
4291,21,24000,RENT,0,0,0,1,0,1,0,0,0,0,C,4600,13.99,0,0.19,1,2
4300,23,46500,RENT,3,0,0,1,0,1,0,0,0,0,D,4600,,0,0.1,1,4
4347,24,28800,RENT,0,0,0,1,0,1,0,0,0,0,C,4750,,0,0.16,1,4
4377,24,26085,RENT,2,0,0,1,0,1,0,0,0,0,C,4800,13.35,0,0.18,1,3
4432,22,38790,RENT,0,0,0,1,0,1,0,0,0,0,C,4800,13.8,0,0.12,1,3
4453,23,45000,RENT,2,0,0,1,0,1,0,0,0,0,C,4800,13.22,0,0.11,1,4
4467,24,42000,RENT,2,0,0,1,0,1,0,0,0,0,C,4800,15.23,1,0.11,1,2
4550,25,21600,RENT,0,0,0,1,0,1,0,0,0,0,C,4900,13.72,0,0.23,1,2
4575,25,88000,RENT,9,0,0,1,0,1,0,0,0,0,E,10000,17.88,1,0.11,1,4
4579,21,102000,RENT,5,0,0,1,0,1,0,0,0,0,D,10000,,0,0.1,1,3
4585,26,96000,RENT,2,0,0,1,0,1,0,0,0,0,D,10000,15.28,1,0.1,1,2
4689,23,42000,RENT,2,0,0,1,0,1,0,0,0,0,C,4900,14.72,0,0.12,1,4
4738,22,30000,RENT,2,0,0,1,0,1,0,0,0,0,C,5000,,0,0.17,1,2
4762,26,31000,RENT,4,0,0,1,0,1,0,0,0,0,D,5000,14.96,0,0.16,1,3
4883,21,38000,RENT,0,0,0,1,0,1,0,0,0,0,C,5000,,0,0.13,1,4
4886,25,32000,RENT,1,0,0,1,0,1,0,0,0,0,D,5000,15.37,1,0.16,1,3
4996,24,43200,RENT,3,0,0,1,0,1,0,0,0,0,C,5000,14.17,0,0.12,1,4
5066,24,48000,RENT,6,0,0,1,0,1,0,0,0,0,C,5000,13.11,0,0.1,1,4
5179,23,69000,RENT,1,0,0,1,0,1,0,0,0,0,D,9000,14.09,1,0.13,1,3
5187,26,80000,RENT,0,0,0,1,0,1,0,0,0,0,C,9000,10.91,0,0.11,1,3
5232,23,33000,RENT,1,0,0,1,0,1,0,0,0,0,C,8950,13.22,1,0.27,1,3
5244,21,26124,RENT,3,0,0,1,0,1,0,0,0,0,D,8875,15.62,1,0.34,1,3
5254,23,46744,RENT,4,0,0,1,0,1,0,0,0,0,D,8800,14.96,0,0.19,1,3
5261,22,73700,RENT,3,0,0,1,0,1,0,0,0,0,F,8800,18.21,0,0.12,1,3
5283,24,50000,RENT,2,0,0,1,0,1,0,0,0,0,C,5000,11.03,0,0.1,1,2
5327,23,29520,RENT,7,0,0,1,0,1,0,0,0,0,D,8500,15.37,0,0.29,1,2
5332,25,30000,RENT,3,0,0,1,0,1,0,0,0,0,C,8500,13.98,0,0.28,1,4
5395,22,100000,RENT,2,0,0,1,0,1,0,0,0,0,C,8450,12.99,0,0.08,1,2
5423,22,54996,RENT,0,0,0,1,0,1,0,0,0,0,C,5000,12.54,0,0.09,1,3
5425,22,49000,RENT,1,0,0,1,0,1,0,0,0,0,D,5000,15.62,1,0.1,1,4
5430,22,55000,RENT,3,0,0,1,0,1,0,0,0,0,C,5000,,0,0.09,1,3
5493,22,54000,RENT,4,0,0,1,0,1,0,0,0,0,E,5000,16.35,1,0.09,1,3
5494,23,54000,RENT,7,0,0,1,0,1,0,0,0,0,C,5000,12.84,1,0.09,1,2
5506,23,63000,RENT,7,0,0,1,0,1,0,0,0,0,C,5000,13.23,0,0.08,1,4
5511,25,64000,RENT,9,0,0,1,0,1,0,0,0,0,D,5000,15.33,0,0.08,1,4
5536,23,65000,RENT,3,0,0,1,0,1,0,0,0,0,C,5000,13.47,0,0.08,1,2
5623,26,73000,RENT,0,0,0,1,0,1,0,0,0,0,D,5000,15.31,1,0.07,1,2
5645,22,90000,RENT,4,0,0,1,0,1,0,0,0,0,D,5000,14.96,0,0.06,1,4
5707,25,25000,RENT,1,0,0,1,0,1,0,0,0,0,C,5200,12.53,0,0.21,1,3
5733,22,30000,RENT,2,0,0,1,0,1,0,0,0,0,E,5300,17.99,1,0.18,1,4
5793,23,19136,RENT,4,0,0,1,0,1,0,0,0,0,E,5500,17.93,1,0.29,1,3
5817,22,26400,RENT,0,0,0,1,0,1,0,0,0,0,C,5500,13.72,0,0.21,1,2
5842,23,33996,RENT,1,0,0,1,0,1,0,0,0,0,C,5500,13.47,0,0.16,1,2
5848,23,36000,RENT,5,0,0,1,0,1,0,0,0,0,E,5500,17.14,0,0.15,1,3
5933,21,30000,RENT,3,0,0,1,0,1,0,0,0,0,C,5600,13.61,0,0.19,1,2
6025,26,36000,RENT,0,0,0,1,0,1,0,0,0,0,C,5650,,0,0.16,1,3
6100,24,46000,RENT,0,0,0,1,0,1,0,0,0,0,D,5975,14.46,1,0.13,1,2
6136,25,21812,RENT,7,0,0,1,0,1,0,0,0,0,C,6000,14.72,0,0.28,1,2
6216,22,28000,RENT,3,0,0,1,0,1,0,0,0,0,C,6000,12.98,0,0.21,1,2
6223,21,28800,RENT,3,0,0,1,0,1,0,0,0,0,C,6000,13.8,0,0.21,1,4
6255,23,30000,RENT,0,0,0,1,0,1,0,0,0,0,C,6000,13.49,0,0.2,1,3
6297,23,33276,RENT,4,0,0,1,0,1,0,0,0,0,C,6000,11.03,0,0.18,1,4
6369,25,30000,RENT,9,0,0,1,0,1,0,0,0,0,D,6000,14.74,1,0.2,1,4
6370,21,30000,RENT,1,0,0,1,0,1,0,0,0,0,C,6000,13.16,1,0.2,1,4
6380,22,36250,RENT,6,0,0,1,0,1,0,0,0,0,C,6000,14.22,0,0.17,1,3
6398,22,38000,RENT,2,0,0,1,0,1,0,0,0,0,C,6000,13.57,0,0.16,1,4
6444,22,40000,RENT,0,0,0,1,0,1,0,0,0,0,C,6000,12.87,0,0.15,1,3
6478,23,42996,RENT,2,0,0,1,0,1,0,0,0,0,C,6000,12.84,0,0.14,1,2
6547,25,47000,RENT,1,0,0,1,0,1,0,0,0,0,C,6000,12.87,0,0.13,1,3
6585,25,49000,RENT,8,0,0,1,0,1,0,0,0,0,C,6000,,0,0.12,1,2
6589,24,49500,RENT,9,0,0,1,0,1,0,0,0,0,D,6000,16.07,0,0.12,1,4
6654,23,54000,RENT,0,0,0,1,0,1,0,0,0,0,C,6000,12.53,0,0.11,1,4
6664,22,55000,RENT,6,0,0,1,0,1,0,0,0,0,C,6000,14.27,0,0.11,1,2
6775,21,21600,RENT,6,0,0,1,0,1,0,0,0,0,C,7000,13.98,1,0.32,1,3
6809,26,65000,RENT,7,0,0,1,0,1,0,0,0,0,D,6000,16.49,0,0.09,1,2
6814,25,65000,RENT,8,0,0,1,0,1,0,0,0,0,C,6000,13.06,0,0.09,1,3
6829,22,68250,RENT,4,0,0,1,0,1,0,0,0,0,F,6000,19.13,0,0.09,1,3
6859,23,65074,RENT,0,0,0,1,0,1,0,0,0,0,D,6000,14.42,1,0.09,1,3
6965,22,100000,RENT,3,0,0,1,0,1,0,0,0,0,C,6000,12.98,0,0.06,1,2
7004,22,30000,RENT,3,0,0,1,0,1,0,0,0,0,D,6200,,0,0.21,1,3
7039,25,19200,RENT,4,0,0,1,0,1,0,0,0,0,D,6250,15.31,1,0.33,1,2
7043,22,20000,RENT,3,0,0,1,0,1,0,0,0,0,D,6250,,1,0.31,1,3
7117,22,65000,RENT,4,0,0,1,0,1,0,0,0,0,C,7000,14.27,0,0.11,1,4
7161,23,72000,RENT,7,0,0,1,0,1,0,0,0,0,C,7000,13.11,0,0.1,1,4
7257,22,50724,RENT,7,0,0,1,0,1,0,0,0,0,C,6300,15.96,0,0.12,1,4
7300,22,30000,RENT,4,0,0,1,0,1,0,0,0,0,C,6500,13.85,0,0.22,1,3
7367,25,75000,RENT,2,0,0,1,0,1,0,0,0,0,C,6500,13.57,0,0.09,1,2
7388,24,21600,RENT,0,0,0,1,0,1,0,0,0,0,C,6600,12.68,1,0.31,1,4
7444,23,24996,RENT,0,0,0,1,0,1,0,0,0,0,C,6700,13.8,0,0.27,1,3
7471,24,30500,RENT,2,0,0,1,0,1,0,0,0,0,F,6800,21.74,1,0.22,1,3
7521,22,24000,RENT,3,0,0,1,0,1,0,0,0,0,C,6400,,0,0.27,1,3
7526,22,29000,RENT,0,0,0,1,0,1,0,0,0,0,C,6400,,0,0.22,1,4
7613,22,71500,RENT,2,0,0,1,0,1,0,0,0,0,C,6400,13.11,0,0.09,1,2
7617,26,69000,RENT,6,0,0,1,0,1,0,0,0,0,E,6400,16.4,1,0.09,1,4
7777,25,30000,RENT,0,0,0,1,0,1,0,0,0,0,E,7000,,1,0.23,1,2
7798,21,39600,RENT,3,0,0,1,0,1,0,0,0,0,D,7000,14.96,0,0.18,1,2
7817,24,40000,RENT,2,0,0,1,0,1,0,0,0,0,C,7000,11.34,0,0.17,1,2
7961,22,54000,RENT,1,0,0,1,0,1,0,0,0,0,C,7000,13.47,0,0.13,1,2
8033,22,40000,RENT,6,0,0,1,0,1,0,0,0,0,D,7200,17.58,0,0.18,1,2
8091,22,60000,RENT,0,0,0,1,0,1,0,0,0,0,C,7200,12.87,0,0.12,1,3
8182,24,72000,RENT,5,0,0,1,0,1,0,0,0,0,D,7400,15.65,0,0.1,1,3
8198,25,24996,RENT,3,0,0,1,0,1,0,0,0,0,C,7500,12.98,0,0.3,1,3
8208,25,28128,RENT,2,0,0,1,0,1,0,0,0,0,D,7500,15.33,1,0.27,1,3
8291,23,45000,RENT,5,0,0,1,0,1,0,0,0,0,D,7500,15.37,0,0.17,1,4
8376,22,60000,RENT,6,0,0,1,0,1,0,0,0,0,C,7500,11.34,0,0.13,1,4
8410,23,75000,RENT,8,0,0,1,0,1,0,0,0,0,C,7500,13.48,0,0.1,1,3
8483,24,96408,RENT,1,0,0,1,0,1,0,0,0,0,C,7700,12.53,0,0.08,1,4
8484,22,19680,RENT,2,0,0,1,0,1,0,0,0,0,D,7750,14.83,1,0.39,1,3
8485,22,23000,RENT,2,0,0,1,0,1,0,0,0,0,C,7750,,1,0.34,1,4
8492,21,26000,RENT,4,0,0,1,0,1,0,0,0,0,C,7750,13.16,0,0.3,1,3
8497,24,30000,RENT,6,0,0,1,0,1,0,0,0,0,E,7750,,0,0.26,1,2
8575,22,21000,RENT,7,0,0,1,0,1,0,0,0,0,D,8000,16.77,1,0.38,1,2
8645,26,28800,RENT,5,0,0,1,0,1,0,0,0,0,D,8000,,0,0.28,1,3
8660,26,30000,RENT,3,0,0,1,0,1,0,0,0,0,C,8000,12.61,0,0.27,1,4
8691,23,33000,RENT,4,0,0,1,0,1,0,0,0,0,C,8000,,0,0.24,1,4
8890,21,45000,RENT,5,0,0,1,0,1,0,0,0,0,D,8000,,0,0.18,1,2
8903,24,46700,RENT,5,0,0,1,0,1,0,0,0,0,D,8000,15.65,0,0.17,1,3
8946,23,44000,RENT,5,0,0,1,0,1,0,0,0,0,C,8000,13.49,1,0.18,1,2
9053,24,52000,RENT,8,0,0,1,0,1,0,0,0,0,C,8000,13.99,1,0.15,1,2
9076,22,54000,RENT,4,0,0,1,0,1,0,0,0,0,C,8000,13.48,1,0.15,1,3
9104,22,52000,RENT,3,0,0,1,0,1,0,0,0,0,C,5200,,0,0.1,1,4
9177,24,16800,RENT,1,0,0,1,0,1,0,0,0,0,C,5000,14.22,1,0.3,1,4
9186,21,18492,RENT,0,0,0,1,0,1,0,0,0,0,D,5000,12.92,1,0.27,1,3
9231,22,22800,RENT,4,0,0,1,0,1,0,0,0,0,C,5000,13.85,0,0.22,1,2
9291,21,26400,RENT,2,0,0,1,0,1,0,0,0,0,C,5000,13.49,0,0.19,1,2
9312,22,27264,RENT,4,0,0,1,0,1,0,0,0,0,C,5000,13.11,0,0.18,1,3
9327,22,62000,RENT,2,0,0,1,0,1,0,0,0,0,C,8000,12.68,0,0.13,1,4
9371,21,65500,RENT,6,0,0,1,0,1,0,0,0,0,C,8000,12.84,0,0.12,1,2
9387,26,70000,RENT,8,0,0,1,0,1,0,0,0,0,C,8000,15.96,0,0.11,1,3
9396,24,70000,RENT,2,0,0,1,0,1,0,0,0,0,C,8000,14.72,0,0.11,1,3
9418,24,74000,RENT,7,0,0,1,0,1,0,0,0,0,D,8000,15.62,0,0.11,1,2
9468,22,86004,RENT,6,0,0,1,0,1,0,0,0,0,C,8000,13.92,0,0.09,1,2
9499,22,95004,RENT,0,0,0,1,0,1,0,0,0,0,C,8000,12.61,0,0.08,1,4
9534,23,120000,RENT,4,0,0,1,0,1,0,0,0,0,D,8000,14.61,0,0.07,1,4
9587,25,70000,RENT,6,0,0,1,0,1,0,0,0,0,C,8250,13.61,1,0.12,1,4
9682,22,62004,RENT,5,0,0,1,0,1,0,0,0,0,D,8400,15.62,0,0.14,1,4
9736,25,42000,RENT,7,0,0,1,0,1,0,0,0,0,D,8675,15.99,0,0.21,1,2
9824,22,36000,RENT,3,0,0,1,0,1,0,0,0,0,C,9000,,0,0.25,1,2
9849,24,33996,RENT,1,0,0,1,0,1,0,0,0,0,E,9000,16,1,0.26,1,2
9855,23,40000,RENT,1,0,0,1,0,1,0,0,0,0,C,9000,12.61,0,0.23,1,2
9880,22,43200,RENT,4,0,0,1,0,1,0,0,0,0,D,9000,14.54,0,0.21,1,4
9893,22,45000,RENT,0,0,0,1,0,1,0,0,0,0,C,9000,14.26,0,0.2,1,3
10106,24,52500,RENT,1,0,0,1,0,1,0,0,0,0,C,9500,14.79,0,0.18,1,3
10181,22,36000,RENT,3,0,0,1,0,1,0,0,0,0,D,9600,17.27,1,0.27,1,4
10185,22,42500,RENT,1,0,0,1,0,1,0,0,0,0,C,9600,11.22,0,0.23,1,2
10202,26,48000,RENT,0,0,0,1,0,1,0,0,0,0,C,9600,12.73,0,0.2,1,3
10232,26,58000,RENT,10,0,0,1,0,1,0,0,0,0,C,9600,13.99,0,0.17,1,4
10233,23,60000,RENT,0,0,0,1,0,1,0,0,0,0,C,9600,14.65,0,0.16,1,2
10246,25,63000,RENT,5,0,0,1,0,1,0,0,0,0,D,9600,14.46,0,0.15,1,4
10339,22,21000,RENT,4,0,0,1,0,1,0,0,0,0,C,10000,13.72,1,0.48,1,2
10406,24,26000,RENT,8,0,0,1,0,1,0,0,0,0,E,10000,16.63,1,0.38,1,2
10423,22,27048,RENT,0,0,0,1,0,1,0,0,0,0,C,10000,12.61,1,0.37,1,4
10530,22,32376,RENT,1,0,0,1,0,1,0,0,0,0,C,10000,13.61,1,0.31,1,4
10565,21,34000,RENT,0,0,0,1,0,1,0,0,0,0,C,10000,13.61,0,0.29,1,4
10578,23,29000,RENT,0,0,0,1,0,1,0,0,0,0,E,10000,17.93,1,0.34,1,3
10630,22,36000,RENT,4,0,0,1,0,1,0,0,0,0,C,10000,13.48,0,0.28,1,4
10666,26,37500,RENT,3,0,0,1,0,1,0,0,0,0,D,10000,14.91,0,0.27,1,3
10733,22,40000,RENT,4,0,0,1,0,1,0,0,0,0,C,10000,14.27,0,0.25,1,3
10785,22,34000,RENT,2,0,0,1,0,1,0,0,0,0,D,10000,,1,0.29,1,3
10804,22,42000,RENT,1,0,0,1,0,1,0,0,0,0,C,10000,13.49,0,0.24,1,4
10806,25,42000,RENT,5,0,0,1,0,1,0,0,0,0,C,10000,12.99,0,0.24,1,2
10826,25,42910,RENT,3,0,0,1,0,1,0,0,0,0,D,10000,18.25,0,0.23,1,3
10854,23,44160,RENT,4,0,0,1,0,1,0,0,0,0,C,10000,14.27,0,0.23,1,3
10910,22,39000,RENT,3,0,0,1,0,1,0,0,0,0,D,10000,,1,0.26,1,3
10982,23,41000,RENT,5,0,0,1,0,1,0,0,0,0,D,4200,14.54,0,0.1,1,3
11032,25,22812,RENT,5,0,0,1,0,1,0,0,0,0,D,4125,14.54,0,0.18,1,2
11034,22,30000,RENT,3,0,0,1,0,1,0,0,0,0,C,4100,14.26,0,0.14,1,3
11110,23,42720,RENT,1,0,0,1,0,1,0,0,0,0,D,10000,16.89,1,0.23,1,4
11182,25,50000,RENT,4,0,0,1,0,1,0,0,0,0,E,10000,16.82,0,0.2,1,2
11185,22,50000,RENT,6,0,0,1,0,1,0,0,0,0,C,10000,13.57,0,0.2,1,3
11357,23,59000,RENT,7,0,0,1,0,1,0,0,0,0,C,10000,,0,0.17,1,3
11382,24,60000,RENT,4,0,0,1,0,1,0,0,0,0,D,10000,16.89,0,0.17,1,4
11400,23,54000,RENT,4,0,0,1,0,1,0,0,0,0,E,10000,17.93,1,0.19,1,4
11434,23,54000,RENT,1,0,0,1,0,1,0,0,0,0,D,10000,13.67,1,0.19,1,3
11466,22,45000,RENT,0,0,0,1,0,1,0,0,0,0,C,4000,12.98,0,0.09,1,3
11547,25,65000,RENT,2,0,0,1,0,1,0,0,0,0,C,10000,13.79,0,0.15,1,3
11623,22,70800,RENT,6,0,0,1,0,1,0,0,0,0,C,10000,12.61,0,0.14,1,2
11630,26,65600,RENT,5,0,0,1,0,1,0,0,0,0,D,10000,13.55,1,0.15,1,2
11698,26,75000,RENT,10,0,0,1,0,1,0,0,0,0,D,10000,15.58,0,0.13,1,2
11729,24,80000,RENT,0,0,0,1,0,1,0,0,0,0,C,10000,,0,0.13,1,4
11935,24,29000,RENT,0,0,0,1,0,1,0,0,0,0,D,11000,15.05,1,0.38,1,4
11992,23,54000,RENT,4,0,0,1,0,1,0,0,0,0,C,11200,13.99,0,0.21,1,2
12025,26,100016,RENT,10,0,0,1,0,1,0,0,0,0,C,11200,13.98,0,0.11,1,2
12046,22,45000,RENT,6,0,0,1,0,1,0,0,0,0,C,11300,13.48,0,0.25,1,2
12059,22,50000,RENT,6,0,0,1,0,1,0,0,0,0,D,11400,17.58,0,0.23,1,4
12187,23,28000,RENT,2,0,0,1,0,1,0,0,0,0,C,12000,14.27,1,0.43,1,4
12265,22,34500,RENT,3,0,0,1,0,1,0,0,0,0,D,12000,14.84,1,0.35,1,2
12278,26,35000,RENT,0,0,0,1,0,1,0,0,0,0,C,12000,10.91,1,0.34,1,2
12487,24,45996,RENT,3,0,0,1,0,1,0,0,0,0,E,12000,15.68,0,0.26,1,3
12529,25,48074,RENT,4,0,0,1,0,1,0,0,0,0,C,12000,13.85,0,0.25,1,4
12574,22,60000,RENT,0,0,0,1,0,1,0,0,0,0,C,12000,13.47,0,0.2,1,3
12590,23,23500,RENT,4,0,0,1,0,1,0,0,0,0,C,3000,13.23,0,0.13,1,2
12714,23,66000,RENT,7,0,0,1,0,1,0,0,0,0,C,12000,14.65,0,0.18,1,2
12751,22,64000,RENT,7,0,0,1,0,1,0,0,0,0,C,12000,12.87,1,0.19,1,2
12759,25,70000,RENT,9,0,0,1,0,1,0,0,0,0,D,12000,13.55,0,0.17,1,3
12850,23,42000,RENT,5,0,0,1,0,1,0,0,0,0,E,3000,17.93,0,0.07,1,2
12874,25,68500,RENT,4,0,0,1,0,1,0,0,0,0,C,12000,13.16,1,0.18,1,2
12879,23,75000,RENT,3,0,0,1,0,1,0,0,0,0,C,12000,14.27,0,0.16,1,2
13018,22,85000,RENT,1,0,0,1,0,1,0,0,0,0,C,12000,12.84,0,0.14,1,4
13162,26,112000,RENT,1,0,0,1,0,1,0,0,0,0,C,12000,13.49,0,0.11,1,4
13195,26,130000,RENT,5,0,0,1,0,1,0,0,0,0,C,12000,14.22,0,0.09,1,2
13236,23,24000,RENT,4,0,0,1,0,1,0,0,0,0,C,12250,13.16,1,0.51,1,4
13268,23,32004,RENT,3,0,0,1,0,1,0,0,0,0,C,12300,,1,0.38,1,3
13301,22,33250,RENT,0,0,0,1,0,1,0,0,0,0,D,2800,15.62,1,0.08,1,3
13357,23,60000,RENT,7,0,0,1,0,1,0,0,0,0,C,2750,15.23,0,0.05,1,4
13420,24,21600,RENT,0,0,0,1,0,1,0,0,0,0,E,2600,19.29,1,0.12,1,4
13569,23,23000,RENT,3,0,0,1,0,1,0,0,0,0,C,12700,14.27,1,0.55,1,4
13583,23,40000,RENT,5,0,0,1,0,1,0,0,0,0,D,12800,16,1,0.32,1,3
13589,23,46000,RENT,2,0,0,1,0,1,0,0,0,0,F,12800,19.41,1,0.28,1,3
13608,23,64000,RENT,6,0,0,1,0,1,0,0,0,0,C,12800,14.35,0,0.2,1,4
13632,23,44000,RENT,1,0,0,1,0,1,0,0,0,0,E,13000,18.39,1,0.3,1,3
13677,22,64000,RENT,7,0,0,1,0,1,0,0,0,0,D,13000,14.11,0,0.2,1,3
13680,24,65000,RENT,6,0,0,1,0,1,0,0,0,0,C,13000,13.49,0,0.2,1,2
13682,22,65000,RENT,3,0,0,1,0,1,0,0,0,0,E,13000,,0,0.2,1,4
13944,22,56000,RENT,5,0,0,1,0,1,0,0,0,0,C,14000,14.35,0,0.25,1,4
13960,23,60000,RENT,4,0,0,1,0,1,0,0,0,0,D,14000,14.84,0,0.23,1,3
14028,21,72500,RENT,3,0,0,1,0,1,0,0,0,0,C,14000,13.49,0,0.19,1,2
14094,23,83000,RENT,0,0,0,1,0,1,0,0,0,0,E,14000,17.51,1,0.17,1,4
14254,24,70000,RENT,4,0,0,1,0,1,0,0,0,0,C,14400,12.68,0,0.21,1,4
14355,25,37200,RENT,3,0,0,1,0,1,0,0,0,0,C,14500,13.85,1,0.39,1,3
14642,23,50252,RENT,6,0,0,1,0,1,0,0,0,0,C,2000,13.92,0,0.04,1,3
14692,22,38000,RENT,0,0,0,1,0,1,0,0,0,0,C,15000,,1,0.39,1,4
14719,24,40000,RENT,1,0,0,1,0,1,0,0,0,0,C,15000,12.87,1,0.38,1,3
14926,24,50000,RENT,0,0,0,1,0,1,0,0,0,0,C,15000,13.49,0,0.3,1,4
15020,24,23000,RENT,2,0,0,1,0,1,0,0,0,0,C,1600,,0,0.07,1,2
15167,22,24000,RENT,0,0,0,1,0,1,0,0,0,0,E,1500,18.79,1,0.06,1,3
15171,26,24000,RENT,0,0,0,1,0,1,0,0,0,0,D,1500,14.54,1,0.06,1,4
15176,21,24000,RENT,2,0,0,1,0,1,0,0,0,0,C,1500,13.85,0,0.06,1,4
15187,25,53000,RENT,5,0,0,1,0,1,0,0,0,0,C,15000,14.27,0,0.28,1,2
15320,22,54225,RENT,0,0,0,1,0,1,0,0,0,0,E,15000,16.7,1,0.28,1,4
15377,24,59000,RENT,5,0,0,1,0,1,0,0,0,0,C,15000,14.79,1,0.25,1,3
15451,21,70000,RENT,5,0,0,1,0,1,0,0,0,0,C,15000,,0,0.21,1,3
15506,23,74424,RENT,4,0,0,1,0,1,0,0,0,0,C,15000,13.47,0,0.2,1,3
15617,24,85100,RENT,3,0,0,1,0,1,0,0,0,0,C,15000,,0,0.18,1,2
15788,25,86000,RENT,9,0,0,1,0,1,0,0,0,0,D,16000,16.29,0,0.19,1,2
15801,23,91000,RENT,2,0,0,1,0,1,0,0,0,0,C,16000,14.22,0,0.18,1,3
15802,24,79200,RENT,3,0,0,1,0,1,0,0,0,0,D,16000,12.67,1,0.2,1,2
15942,24,8400,RENT,,0,0,1,0,1,0,0,0,0,C,1500,13.99,1,0.18,1,2
16001,26,42000,RENT,2,0,0,1,0,1,0,0,0,0,C,4800,14.27,1,0.11,1,2
16057,26,55000,RENT,1,0,0,1,0,1,0,0,0,0,C,3000,,0,0.05,1,2
16108,23,30000,RENT,1,0,0,1,0,1,0,0,0,0,D,1450,15.58,1,0.05,1,3
16159,25,18000,RENT,3,0,0,1,0,1,0,0,0,0,C,8500,10.28,1,0.47,1,4
16174,22,72204,RENT,2,0,0,1,0,1,0,0,0,0,C,6700,13.47,0,0.09,1,4
16186,23,89000,RENT,7,0,0,1,0,1,0,0,0,0,C,7000,,0,0.08,1,3
16201,24,48720,RENT,,0,0,1,0,1,0,0,0,0,C,10000,13.85,0,0.21,1,3
16302,24,31000,RENT,2,0,0,1,0,1,0,0,0,0,C,10000,14.65,1,0.32,1,3
16310,24,33996,RENT,2,0,0,1,0,1,0,0,0,0,D,5000,14.96,1,0.15,1,4
16347,22,35100,RENT,0,0,0,1,0,1,0,0,0,0,C,1000,13.98,0,0.03,1,3
16397,25,61959,RENT,9,0,0,1,0,1,0,0,0,0,C,25000,12.73,1,0.4,1,4
16447,22,32000,RENT,1,0,0,1,0,1,0,0,0,0,D,5400,16.29,1,0.17,1,2
16518,22,45000,RENT,0,0,0,1,0,1,0,0,0,0,C,4000,,0,0.09,1,3
16558,23,20664,RENT,4,0,0,1,0,1,0,0,0,0,C,4550,13.72,0,0.22,1,3
16584,23,52000,RENT,5,0,0,1,0,1,0,0,0,0,C,8000,13.22,0,0.15,1,4
16641,25,68000,RENT,1,0,0,1,0,1,0,0,0,0,C,10000,14.26,0,0.15,1,2
16710,22,35000,RENT,1,0,0,1,0,1,0,0,0,0,C,2400,,0,0.07,1,4
16741,24,45000,RENT,0,0,0,1,0,1,0,0,0,0,D,4000,15.99,1,0.09,1,3
16823,22,54996,RENT,6,0,0,1,0,1,0,0,0,0,C,2500,14.35,0,0.05,1,4
16849,21,31200,RENT,1,0,0,1,0,1,0,0,0,0,D,6000,16.89,1,0.19,1,4
16861,22,30000,RENT,0,0,0,1,0,1,0,0,0,0,C,6300,13.22,0,0.21,1,3
16917,24,24000,RENT,2,0,0,1,0,1,0,0,0,0,D,3500,15.65,1,0.15,1,4
16949,23,62000,RENT,0,0,0,1,0,1,0,0,0,0,C,10000,14.27,0,0.16,1,2
17011,22,35000,RENT,1,0,0,1,0,1,0,0,0,0,C,5700,12.99,0,0.16,1,2
17162,21,30000,RENT,0,0,0,1,0,1,0,0,0,0,C,1500,13.92,0,0.05,1,3
17232,22,60500,RENT,3,0,0,1,0,1,0,0,0,0,C,7000,12.84,0,0.12,1,3
17245,23,16080,RENT,,0,0,1,0,1,0,0,0,0,D,3000,16.29,1,0.19,1,2
17249,23,100000,RENT,1,0,0,1,0,1,0,0,0,0,C,12000,13.57,0,0.12,1,2
17323,23,115275,RENT,7,0,0,1,0,1,0,0,0,0,C,7500,11.28,0,0.07,1,4
17372,24,43995,RENT,,0,0,1,0,1,0,0,0,0,C,7400,13.99,1,0.17,1,3
17398,22,38000,RENT,5,0,0,1,0,1,0,0,0,0,C,10000,13.49,0,0.26,1,2
17403,22,57175,RENT,6,0,0,1,0,1,0,0,0,0,F,16000,17.15,1,0.28,1,2
17448,24,45000,RENT,0,0,0,1,0,1,0,0,0,0,E,6000,17.19,1,0.13,1,3
17457,24,45996,RENT,3,0,0,1,0,1,0,0,0,0,C,2000,12.98,0,0.04,1,4
17479,23,27000,RENT,6,0,0,1,0,1,0,0,0,0,C,6000,11.66,0,0.22,1,3
17587,21,13806,RENT,6,0,0,1,0,1,0,0,0,0,C,4750,12.73,1,0.34,1,2
17636,25,34000,RENT,0,0,0,1,0,1,0,0,0,0,C,10000,13.79,1,0.29,1,2
17767,23,33204,RENT,7,0,0,1,0,1,0,0,0,0,C,2000,14.72,0,0.06,1,2
17789,21,72500,RENT,3,0,0,1,0,1,0,0,0,0,C,14000,13.49,0,0.19,1,3
17843,31,73000,RENT,8,0,0,1,0,1,0,0,0,0,E,35000,19.29,1,0.48,1,10
17865,30,170000,RENT,4,0,0,1,0,1,0,0,0,0,C,35000,13.06,0,0.21,1,9
17913,27,258000,RENT,11,0,0,1,0,1,0,0,0,0,E,35000,18.64,1,0.14,1,7
17952,31,122000,RENT,2,0,0,1,0,1,0,0,0,0,C,25600,15.96,0,0.21,1,7
18030,30,69000,RENT,6,0,0,1,0,1,0,0,0,0,D,25000,14.09,1,0.36,1,5
18080,27,183000,RENT,12,0,0,1,0,1,0,0,0,0,E,15000,19.03,0,0.08,1,6
18157,28,108000,RENT,0,0,0,1,0,1,0,0,0,0,D,25000,14.61,1,0.23,1,6
18196,28,178000,RENT,5,0,0,1,0,1,0,0,0,0,D,25000,14.46,1,0.14,1,7
18264,28,206000,RENT,2,0,0,1,0,1,0,0,0,0,C,24000,,0,0.12,1,5
18280,28,46500,RENT,2,0,0,1,0,1,0,0,0,0,D,22500,14.96,1,0.48,1,9
18282,35,68231,RENT,3,0,0,1,0,1,0,0,0,0,C,22400,12.99,1,0.33,1,7
18319,28,58200,RENT,11,0,0,1,0,1,0,0,0,0,E,20500,16.82,1,0.35,1,5
18512,29,14400,RENT,3,0,0,1,0,1,0,0,0,0,D,1000,16.32,1,0.07,1,8
18517,30,36432,RENT,1,0,0,1,0,1,0,0,0,0,D,19000,15.21,1,0.52,1,5
18519,31,51500,RENT,6,0,0,1,0,1,0,0,0,0,D,19000,14.83,1,0.37,1,10
18560,27,51200,RENT,11,0,0,1,0,1,0,0,0,0,D,18000,14.96,1,0.35,1,8
18580,34,72000,RENT,7,0,0,1,0,1,0,0,0,0,D,18000,15.95,0,0.25,1,8
18723,34,44000,RENT,0,0,0,1,0,1,0,0,0,0,D,16000,13.24,1,0.36,1,6
18729,28,51000,RENT,2,0,0,1,0,1,0,0,0,0,E,16000,16.32,1,0.31,1,9
18730,30,54000,RENT,1,0,0,1,0,1,0,0,0,0,E,16000,17.99,1,0.3,1,10
18809,31,42000,RENT,6,0,0,1,0,1,0,0,0,0,D,1200,16.29,0,0.03,1,5
18882,27,54600,RENT,2,0,0,1,0,1,0,0,0,0,C,1500,13.23,0,0.03,1,8
18943,33,24000,RENT,0,0,0,1,0,1,0,0,0,0,C,2000,14.35,0,0.08,1,7
18945,31,24600,RENT,5,0,0,1,0,1,0,0,0,0,C,2000,13.61,0,0.08,1,5
18980,33,110000,RENT,3,0,0,1,0,1,0,0,0,0,D,15000,14.42,0,0.14,1,9
19079,28,33600,RENT,9,0,0,1,0,1,0,0,0,0,C,14000,,1,0.42,1,5
19095,31,38400,RENT,3,0,0,1,0,1,0,0,0,0,C,2200,13.06,0,0.06,1,10
19170,34,50000,RENT,1,0,0,1,0,1,0,0,0,0,C,2400,13.49,0,0.05,1,9
19234,28,29000,RENT,6,0,0,1,0,1,0,0,0,0,C,13000,14.26,1,0.45,1,8
19249,27,46000,RENT,5,0,0,1,0,1,0,0,0,0,D,13000,14.59,0,0.28,1,10
19253,35,21600,RENT,1,0,0,1,0,1,0,0,0,0,C,2500,14.35,0,0.12,1,8
19265,27,25800,RENT,11,0,0,1,0,1,0,0,0,0,C,2500,,0,0.1,1,5
19316,29,68004,RENT,2,0,0,1,0,1,0,0,0,0,C,2500,12.99,0,0.04,1,9
19322,29,76320,RENT,8,0,0,1,0,1,0,0,0,0,C,2500,12.61,0,0.03,1,10
19356,31,16000,RENT,1,0,0,1,0,1,0,0,0,0,C,3000,13.85,1,0.19,1,6
19375,31,21000,RENT,13,0,0,1,0,1,0,0,0,0,D,3000,15.28,0,0.14,1,8
19382,27,23004,RENT,6,0,0,1,0,1,0,0,0,0,F,3000,17.8,0,0.13,1,10
19388,35,30000,RENT,2,0,0,1,0,1,0,0,0,0,C,3000,12.53,0,0.1,1,5
19426,28,38688,RENT,2,0,0,1,0,1,0,0,0,0,C,3000,12.73,0,0.08,1,8
19629,30,125000,RENT,2,0,0,1,0,1,0,0,0,0,C,3000,14.65,0,0.02,1,10
19668,28,47515,RENT,5,0,0,1,0,1,0,0,0,0,D,3200,15.7,0,0.07,1,7
19678,29,51500,RENT,2,0,0,1,0,1,0,0,0,0,D,3200,14.96,1,0.06,1,7
19716,34,44000,RENT,0,0,0,1,0,1,0,0,0,0,C,3400,13.49,0,0.08,1,8
19799,31,79500,RENT,4,0,0,1,0,1,0,0,0,0,C,3500,13.49,0,0.04,1,6
19804,29,14500,RENT,1,0,0,1,0,1,0,0,0,0,C,3600,13.61,1,0.25,1,7
19857,34,44000,RENT,1,0,0,1,0,1,0,0,0,0,C,11000,13.79,0,0.25,1,6
19919,27,69996,RENT,3,0,0,1,0,1,0,0,0,0,D,10800,14.91,0,0.15,1,10
19980,27,62000,RENT,9,0,0,1,0,1,0,0,0,0,C,10400,13.49,0,0.17,1,10
19989,28,50000,RENT,4,0,0,1,0,1,0,0,0,0,C,10225,,0,0.2,1,7
20164,29,35000,RENT,6,0,0,1,0,1,0,0,0,0,C,4000,15.23,0,0.11,1,9
20211,27,43000,RENT,11,0,0,1,0,1,0,0,0,0,D,4000,16.29,0,0.09,1,9
20236,33,42804,RENT,17,0,0,1,0,1,0,0,0,0,C,4000,12.73,1,0.09,1,7
20246,29,44000,RENT,1,0,0,1,0,1,0,0,0,0,D,4000,12.36,1,0.09,1,8
20363,32,27000,RENT,5,0,0,1,0,1,0,0,0,0,C,4500,13.11,0,0.17,1,5
20365,28,29496,RENT,8,0,0,1,0,1,0,0,0,0,D,4500,14.11,0,0.15,1,7
20405,27,58000,RENT,0,0,0,1,0,1,0,0,0,0,C,4500,14.72,0,0.08,1,5
20408,28,54000,RENT,0,0,0,1,0,1,0,0,0,0,C,4500,,1,0.08,1,8
20487,32,36400,RENT,3,0,0,1,0,1,0,0,0,0,D,4800,14.11,0,0.13,1,6
20512,30,49000,RENT,1,0,0,1,0,1,0,0,0,0,C,4800,13.79,0,0.1,1,9
20610,27,160000,RENT,3,0,0,1,0,1,0,0,0,0,E,10000,16.32,0,0.06,1,9
20616,32,25404,RENT,16,0,0,1,0,1,0,0,0,0,C,9950,12.68,1,0.39,1,7
20622,30,93500,RENT,3,0,0,1,0,1,0,0,0,0,C,9925,12.09,0,0.11,1,7
20639,33,38000,RENT,10,0,0,1,0,1,0,0,0,0,C,4900,10.28,1,0.13,1,6
20652,27,28800,RENT,6,0,0,1,0,1,0,0,0,0,D,5000,14.96,0,0.17,1,5
20670,30,30240,RENT,1,0,0,1,0,1,0,0,0,0,C,5000,14.72,0,0.17,1,10
20692,27,33000,RENT,4,0,0,1,0,1,0,0,0,0,C,5000,14.22,0,0.15,1,10
20873,31,56004,RENT,3,0,0,1,0,1,0,0,0,0,D,9000,14.46,1,0.16,1,5
20903,27,83200,RENT,11,0,0,1,0,1,0,0,0,0,D,9000,15.31,0,0.11,1,5
20983,35,51000,RENT,5,0,0,1,0,1,0,0,0,0,C,5000,12.98,0,0.1,1,10
20995,35,20000,RENT,0,0,0,1,0,1,0,0,0,0,D,8500,15.05,1,0.42,1,10
21023,30,40556,RENT,12,0,0,1,0,1,0,0,0,0,C,8500,12.87,0,0.21,1,7
21232,30,144000,RENT,12,0,0,1,0,1,0,0,0,0,E,5000,16.32,0,0.03,1,7
21279,28,56461,RENT,5,0,0,1,0,1,0,0,0,0,E,5400,15.68,0,0.1,1,6
21370,29,34444,RENT,5,0,0,1,0,1,0,0,0,0,C,5600,13.49,0,0.16,1,7
21754,33,55000,RENT,3,0,0,1,0,1,0,0,0,0,C,6000,13.35,0,0.11,1,5
21777,32,59500,RENT,3,0,0,1,0,1,0,0,0,0,D,6000,13.36,0,0.1,1,8
21779,29,60000,RENT,0,0,0,1,0,1,0,0,0,0,C,6000,15.96,0,0.1,1,7
21827,27,23400,RENT,5,0,0,1,0,1,0,0,0,0,D,7000,15.7,1,0.3,1,5
21852,27,65600,RENT,3,0,0,1,0,1,0,0,0,0,D,6000,15.62,0,0.09,1,9
21954,29,145000,RENT,0,0,0,1,0,1,0,0,0,0,C,6000,13.8,0,0.04,1,10
21964,27,40000,RENT,4,0,0,1,0,1,0,0,0,0,C,6125,13.23,0,0.15,1,5
22077,30,108000,RENT,0,0,0,1,0,1,0,0,0,0,D,7000,14.42,1,0.06,1,8
22170,31,30000,RENT,0,0,0,1,0,1,0,0,0,0,D,6600,16.49,1,0.22,1,8
22200,32,39270,RENT,5,0,0,1,0,1,0,0,0,0,C,6800,12.99,0,0.17,1,7
22204,33,45000,RENT,13,0,0,1,0,1,0,0,0,0,C,6800,11.22,1,0.15,1,6
22232,29,31836,RENT,2,0,0,1,0,1,0,0,0,0,D,6400,14.96,1,0.2,1,5
22362,29,32000,RENT,2,0,0,1,0,1,0,0,0,0,C,7000,14.65,1,0.22,1,10
22371,28,34000,RENT,2,0,0,1,0,1,0,0,0,0,C,7000,13.49,1,0.21,1,5
22382,35,41000,RENT,2,0,0,1,0,1,0,0,0,0,C,7000,13.49,0,0.17,1,7
22471,32,40100,RENT,3,0,0,1,0,1,0,0,0,0,C,7175,12.99,0,0.18,1,7
22605,29,25400,RENT,1,0,0,1,0,1,0,0,0,0,D,7500,14.59,1,0.3,1,5
22628,35,35300,RENT,0,0,0,1,0,1,0,0,0,0,C,7500,12.29,0,0.21,1,7
22632,35,30000,RENT,1,0,0,1,0,1,0,0,0,0,C,7500,,1,0.25,1,6
22660,29,42000,RENT,0,0,0,1,0,1,0,0,0,0,C,7500,12.87,0,0.18,1,8
22687,33,44000,RENT,1,0,0,1,0,1,0,0,0,0,D,7500,12.92,1,0.17,1,6
22722,27,62000,RENT,4,0,0,1,0,1,0,0,0,0,C,7500,13.04,0,0.12,1,6
22754,31,101000,RENT,2,0,0,1,0,1,0,0,0,0,C,7500,13.22,0,0.07,1,5
22870,27,24000,RENT,,0,0,1,0,1,0,0,0,0,C,8000,12.99,1,0.33,1,6
22922,34,32000,RENT,6,0,0,1,0,1,0,0,0,0,D,8000,17.27,0,0.25,1,10
22961,27,37000,RENT,3,0,0,1,0,1,0,0,0,0,C,8000,13.49,0,0.22,1,10
23201,29,17676,RENT,3,0,0,1,0,1,0,0,0,0,C,5000,13.11,1,0.28,1,10
23221,30,21000,RENT,0,0,0,1,0,1,0,0,0,0,C,5000,13.49,0,0.24,1,7
23320,27,66000,RENT,2,0,0,1,0,1,0,0,0,0,C,8000,14.79,0,0.12,1,7
23358,27,75000,RENT,2,0,0,1,0,1,0,0,0,0,C,8000,13.49,0,0.11,1,5
23369,31,80000,RENT,1,0,0,1,0,1,0,0,0,0,C,8000,12.61,0,0.1,1,7
23414,35,125000,RENT,11,0,0,1,0,1,0,0,0,0,D,8000,,0,0.06,1,7
23507,27,71000,RENT,11,0,0,1,0,1,0,0,0,0,C,8400,12.61,0,0.12,1,10
23513,34,102000,RENT,4,0,0,1,0,1,0,0,0,0,E,8400,17.19,0,0.08,1,10
23611,28,32200,RENT,2,0,0,1,0,1,0,0,0,0,D,9000,13.99,1,0.28,1,7
23617,30,40000,RENT,9,0,0,1,0,1,0,0,0,0,D,9000,16.77,0,0.23,1,5
23693,33,43000,RENT,1,0,0,1,0,1,0,0,0,0,C,9150,13.16,0,0.21,1,10
23724,27,36000,RENT,2,0,0,1,0,1,0,0,0,0,D,9300,,1,0.26,1,9
23768,29,77040,RENT,1,0,0,1,0,1,0,0,0,0,C,9500,12.84,0,0.12,1,9
23822,28,60000,RENT,7,0,0,1,0,1,0,0,0,0,C,9600,13.57,0,0.16,1,8
23839,27,78000,RENT,5,0,0,1,0,1,0,0,0,0,E,9600,17.14,0,0.12,1,7
23858,34,113000,RENT,6,0,0,1,0,1,0,0,0,0,C,9600,,0,0.08,1,9
24141,34,41300,RENT,18,0,0,1,0,1,0,0,0,0,C,10000,13.48,0,0.24,1,6
24245,35,30996,RENT,18,0,0,1,0,1,0,0,0,0,C,4200,14.79,0,0.14,1,6
24251,30,36000,RENT,2,0,0,1,0,1,0,0,0,0,C,4200,14.27,0,0.12,1,5
24274,32,52000,RENT,3,0,0,1,0,1,0,0,0,0,C,4200,13.23,0,0.08,1,10
24299,32,64000,RENT,1,0,0,1,0,1,0,0,0,0,D,4200,,1,0.07,1,5
24415,33,50800,RENT,16,0,0,1,0,1,0,0,0,0,E,10000,16.4,0,0.2,1,7
24501,29,57000,RENT,5,0,0,1,0,1,0,0,0,0,E,10000,18.64,0,0.18,1,6
24520,27,59004,RENT,3,0,0,1,0,1,0,0,0,0,D,10000,16.32,0,0.17,1,6
24542,28,54000,RENT,2,0,0,1,0,1,0,0,0,0,D,10000,16.49,1,0.19,1,7
24634,30,65000,RENT,3,0,0,1,0,1,0,0,0,0,C,10000,14.27,0,0.15,1,7
24699,30,66000,RENT,5,0,0,1,0,1,0,0,0,0,D,10000,14.83,1,0.15,1,9
24745,31,78504,RENT,2,0,0,1,0,1,0,0,0,0,C,10000,11.41,0,0.13,1,8
24830,30,90000,RENT,4,0,0,1,0,1,0,0,0,0,E,10000,14.18,0,0.11,1,10
24924,30,46800,RENT,7,0,0,1,0,1,0,0,0,0,C,11200,13.98,1,0.24,1,7
24933,28,63000,RENT,1,0,0,1,0,1,0,0,0,0,C,11200,12.99,0,0.18,1,7
24997,30,36000,RENT,5,0,0,1,0,1,0,0,0,0,C,11500,15.27,1,0.32,1,8
25024,27,44004,RENT,1,0,0,1,0,1,0,0,0,0,D,11750,15.31,1,0.27,1,8
25027,27,98000,RENT,3,0,0,1,0,1,0,0,0,0,C,11750,13.47,0,0.12,1,6
25173,28,34000,RENT,0,0,0,1,0,1,0,0,0,0,D,12000,14.61,1,0.35,1,8
25310,34,60000,RENT,0,0,0,1,0,1,0,0,0,0,C,12000,12.22,0,0.2,1,7
25334,28,25000,RENT,2,0,0,1,0,1,0,0,0,0,C,3000,13.22,0,0.12,1,8
25696,27,130000,RENT,11,0,0,1,0,1,0,0,0,0,C,12000,15.23,0,0.09,1,10
25885,35,38420,RENT,0,0,0,1,0,1,0,0,0,0,C,2575,15.96,1,0.07,1,7
25926,31,20000,RENT,7,0,0,1,0,1,0,0,0,0,C,2500,12.53,0,0.13,1,10
26303,34,80000,RENT,6,0,0,1,0,1,0,0,0,0,C,14000,14.27,0,0.17,1,7
26499,32,100000,RENT,7,0,0,1,0,1,0,0,0,0,C,14400,13.35,0,0.14,1,7
26563,28,28800,RENT,1,0,0,1,0,1,0,0,0,0,C,15000,14.65,1,0.52,1,8
26748,28,30144,RENT,,0,0,1,0,1,0,0,0,0,D,15000,15.95,1,0.5,1,7
26780,27,34000,RENT,0,0,0,1,0,1,0,0,0,0,E,15000,16.35,1,0.44,1,10
27082,32,86000,RENT,4,0,0,1,0,1,0,0,0,0,C,1600,13.23,0,0.02,1,9
27335,27,65000,RENT,5,0,0,1,0,1,0,0,0,0,C,15000,12.84,0,0.23,1,5
27714,31,85000,RENT,5,0,0,1,0,1,0,0,0,0,C,16000,11.34,0,0.19,1,8
27946,32,50004,RENT,5,0,0,1,0,1,0,0,0,0,D,2200,15.65,0,0.04,1,9
28060,33,53004,RENT,0,0,0,1,0,1,0,0,0,0,C,20000,13.04,1,0.38,1,9
28176,33,103000,RENT,0,0,0,1,0,1,0,0,0,0,C,9000,14.65,1,0.09,1,9
28284,30,37600,RENT,2,0,0,1,0,1,0,0,0,0,C,15000,13.06,1,0.4,1,10
28527,29,33000,RENT,2,0,0,1,0,1,0,0,0,0,C,1700,15.23,0,0.05,1,5
28559,32,27000,RENT,2,0,0,1,0,1,0,0,0,0,C,6000,12.73,0,0.22,1,5
28567,32,78000,RENT,0,0,0,1,0,1,0,0,0,0,C,13000,12.87,0,0.17,1,10
28572,27,58000,RENT,0,0,0,1,0,1,0,0,0,0,C,4600,13.99,0,0.08,1,10
28607,33,29000,RENT,0,0,0,1,0,1,0,0,0,0,C,10000,13.06,1,0.34,1,7
28632,27,20000,RENT,1,0,0,1,0,1,0,0,0,0,C,6000,13.11,0,0.3,1,5
28691,31,95000,RENT,2,0,0,1,0,1,0,0,0,0,C,2500,13.72,0,0.03,1,10
28729,33,40000,RENT,17,0,0,1,0,1,0,0,0,0,D,11175,14.96,0,0.28,1,5
28737,34,75500,RENT,0,0,0,1,0,1,0,0,0,0,D,19200,16.77,1,0.25,1,7
28799,27,34152,RENT,5,0,0,1,0,1,0,0,0,0,C,5000,13.79,0,0.15,1,9
28802,29,74000,RENT,3,0,0,1,0,1,0,0,0,0,C,16000,13.11,1,0.22,1,6
28962,27,48000,RENT,2,0,0,1,0,1,0,0,0,0,C,25000,10.59,1,0.52,1,5
28973,32,45000,RENT,3,0,0,1,0,1,0,0,0,0,C,3000,12.61,0,0.07,1,8
29029,29,27840,RENT,0,0,0,1,0,1,0,0,0,0,E,8575,19.42,1,0.31,1,10
29062,27,104371,RENT,4,0,0,1,0,1,0,0,0,0,D,15000,16.77,0,0.14,1,6
29092,31,77500,RENT,4,0,0,1,0,1,0,0,0,0,D,10000,16.49,0,0.13,1,7
29093,33,97000,RENT,4,0,0,1,0,1,0,0,0,0,C,7000,12.98,0,0.07,1,8
29094,27,56888,RENT,8,0,0,1,0,1,0,0,0,0,D,8000,16.29,0,0.14,1,5
29135,40,133000,RENT,2,0,0,1,0,1,0,0,0,0,D,35000,14.54,1,0.26,1,17
29192,41,66504,RENT,5,0,0,1,0,1,0,0,0,0,E,25000,17.56,1,0.38,1,15
29208,36,84000,RENT,6,0,0,1,0,1,0,0,0,0,C,25000,12.87,0,0.3,1,11
29214,45,82800,RENT,4,0,0,1,0,1,0,0,0,0,C,25000,12.87,1,0.3,1,14
29273,37,38400,RENT,6,0,0,1,0,1,0,0,0,0,D,23500,,1,0.61,1,16
29340,36,130000,RENT,11,0,0,1,0,1,0,0,0,0,E,20000,,0,0.15,1,14
29369,39,73500,RENT,1,0,0,1,0,1,0,0,0,0,C,18000,,0,0.24,1,15
29424,40,39960,RENT,0,0,0,1,0,1,0,0,0,0,C,1000,15.23,0,0.03,1,14
29468,40,90000,RENT,1,0,0,1,0,1,0,0,0,0,C,1500,14.27,0,0.02,1,14
29470,42,14000,RENT,0,0,0,1,0,1,0,0,0,0,C,1700,13.16,0,0.12,1,13
29503,37,26500,RENT,11,0,0,1,0,1,0,0,0,0,C,2000,13.16,0,0.08,1,16
29541,36,13440,RENT,2,0,0,1,0,1,0,0,0,0,D,2400,17.49,1,0.18,1,11
29594,38,18000,RENT,4,0,0,1,0,1,0,0,0,0,C,3000,13.23,1,0.17,1,14
29677,37,33888,RENT,7,0,0,1,0,1,0,0,0,0,D,3200,12.86,0,0.09,1,16
29702,39,38400,RENT,5,0,0,1,0,1,0,0,0,0,C,3500,12.99,0,0.09,1,15
29768,36,74000,RENT,10,0,0,1,0,1,0,0,0,0,D,3600,15.62,1,0.05,1,12
29904,37,59000,RENT,2,0,0,1,0,1,0,0,0,0,D,4800,14.54,1,0.08,1,14
29914,39,83400,RENT,2,0,0,1,0,1,0,0,0,0,E,10000,16.4,1,0.12,1,14
29918,37,103000,RENT,1,0,0,1,0,1,0,0,0,0,D,10000,15.62,1,0.1,1,12
29940,39,67000,RENT,4,0,0,1,0,1,0,0,0,0,D,9800,16.29,0,0.15,1,14
30065,38,60000,RENT,3,0,0,1,0,1,0,0,0,0,C,5000,14.79,0,0.08,1,17
30069,40,60000,RENT,3,0,0,1,0,1,0,0,0,0,D,5000,15.31,0,0.08,1,16
30076,39,68000,RENT,1,0,0,1,0,1,0,0,0,0,C,5000,13.49,0,0.07,1,11
30187,36,28800,RENT,2,0,0,1,0,1,0,0,0,0,C,6000,15.96,0,0.21,1,12
30254,48,49000,RENT,2,0,0,1,0,1,0,0,0,0,D,6000,14.09,1,0.12,1,11
30372,38,55000,RENT,0,0,0,1,0,1,0,0,0,0,C,6500,11.03,0,0.12,1,12
30434,43,42000,RENT,4,0,0,1,0,1,0,0,0,0,D,7000,14.96,0,0.17,1,16
30533,48,128000,RENT,0,0,0,1,0,1,0,0,0,0,D,7500,17.49,1,0.06,1,11
30546,40,63000,RENT,4,0,0,1,0,1,0,0,0,0,C,7700,15.23,0,0.12,1,11
30580,39,35000,RENT,8,0,0,1,0,1,0,0,0,0,C,8000,13.22,0,0.23,1,14
30741,42,44000,RENT,0,0,0,1,0,1,0,0,0,0,C,8400,13.57,1,0.19,1,13
30847,38,23000,RENT,4,0,0,1,0,1,0,0,0,0,C,10000,13.48,1,0.43,1,16
31011,42,55000,RENT,1,0,0,1,0,1,0,0,0,0,C,10000,13.79,0,0.18,1,13
31039,37,39000,RENT,11,0,0,1,0,1,0,0,0,0,C,4000,14.65,1,0.1,1,15
31059,43,60000,RENT,2,0,0,1,0,1,0,0,0,0,D,10000,13.24,1,0.17,1,15
31068,36,64000,RENT,0,0,0,1,0,1,0,0,0,0,D,10000,15.28,1,0.16,1,12
31123,37,78000,RENT,14,0,0,1,0,1,0,0,0,0,C,10200,13.06,0,0.13,1,13
31304,42,75744,RENT,2,0,0,1,0,1,0,0,0,0,D,12000,14.91,1,0.16,1,12
31394,45,29676,RENT,5,0,0,1,0,1,0,0,0,0,C,2700,12.84,0,0.09,1,17
31436,37,65000,RENT,2,0,0,1,0,1,0,0,0,0,C,13000,12.99,0,0.2,1,12
31720,40,52000,RENT,2,0,0,1,0,1,0,0,0,0,F,15000,18.62,1,0.29,1,17
31750,41,68000,RENT,0,0,0,1,0,1,0,0,0,0,C,15000,13.47,0,0.22,1,12
31835,42,37000,RENT,0,0,0,1,0,1,0,0,0,0,C,15200,14.26,1,0.41,1,16
31878,37,108996,RENT,15,0,0,1,0,1,0,0,0,0,C,16000,13.11,0,0.15,1,13
31982,36,52000,RENT,2,0,0,1,0,1,0,0,0,0,C,7000,13.85,1,0.13,1,14
31984,36,38568,RENT,7,0,0,1,0,1,0,0,0,0,E,2400,18.39,0,0.06,1,13
32072,37,88000,RENT,4,0,0,1,0,1,0,0,0,0,G,25000,19.66,1,0.28,1,15
32214,40,132000,RENT,18,0,0,1,0,1,0,0,0,0,C,11200,12.68,0,0.08,1,11
32215,40,86000,RENT,0,0,0,1,0,1,0,0,0,0,D,20000,14.54,1,0.23,1,13
32297,40,52000,RENT,2,0,0,1,0,1,0,0,0,0,F,15000,18.62,1,0.29,1,16
32326,62,76500,RENT,0,0,0,1,0,1,0,0,0,0,D,20000,16.77,1,0.26,1,29
32342,58,43500,RENT,4,0,0,1,0,1,0,0,0,0,D,1800,14.96,0,0.04,1,21
32427,66,40000,RENT,2,0,0,1,0,1,0,0,0,0,E,7000,15.68,1,0.17,1,29
32444,53,24000,RENT,0,0,0,1,0,1,0,0,0,0,D,5000,14.42,1,0.21,1,27
32553,65,45900,RENT,2,0,0,1,0,1,0,0,0,0,C,10000,,0,0.22,1,19
32564,52,71520,RENT,0,0,0,1,0,1,0,0,0,0,E,7000,16.82,1,0.1,1,24
47,25,300000,MORTGAGE,9,0,1,0,0,0,1,0,0,0,E,18000,16.45,0,0.06,0,3
101,26,234000,MORTGAGE,10,0,1,0,0,0,1,0,0,0,B,21600,12.18,0,0.09,0,3
111,24,12960,MORTGAGE,1,0,1,0,0,0,1,0,0,0,B,3650,9.91,1,0.28,0,3
112,26,226000,MORTGAGE,4,0,1,0,0,0,1,0,0,0,B,20000,11.49,0,0.09,0,4
167,24,200000,MORTGAGE,8,0,1,0,0,0,1,0,0,0,C,12000,13.49,0,0.06,0,2
282,25,175000,MORTGAGE,10,0,1,0,0,0,1,0,0,0,A,8000,7.9,0,0.05,0,2
350,25,165000,MORTGAGE,0,0,1,0,0,0,1,0,0,0,F,25000,19.74,0,0.15,0,4
530,24,19200,MORTGAGE,,0,1,0,0,0,1,0,0,0,A,7000,5.99,1,0.36,0,4
648,26,20004,MORTGAGE,4,0,1,0,0,0,1,0,0,0,B,3600,,0,0.18,0,2
656,26,20280,MORTGAGE,5,0,1,0,0,0,1,0,0,0,A,7000,8,0,0.35,0,2
764,26,21600,MORTGAGE,0,0,1,0,0,0,1,0,0,0,B,1000,10.36,0,0.05,0,3
842,22,22800,MORTGAGE,0,0,1,0,0,0,1,0,0,0,B,7125,11.71,1,0.31,0,3
869,25,23000,MORTGAGE,,0,1,0,0,0,1,0,0,0,A,4400,6.76,0,0.19,0,2
1051,26,24000,MORTGAGE,1,0,1,0,0,0,1,0,0,0,B,6000,10.99,0,0.25,0,4
1173,22,25000,MORTGAGE,0,0,1,0,0,0,1,0,0,0,B,3000,9.99,1,0.12,0,3
1292,26,25500,MORTGAGE,8,0,1,0,0,0,1,0,0,0,C,5600,11.91,0,0.22,0,4
1319,26,26000,MORTGAGE,7,0,1,0,0,0,1,0,0,0,B,7000,10.99,0,0.27,0,4
1320,26,26000,MORTGAGE,4,0,1,0,0,0,1,0,0,0,B,12000,,0,0.46,0,3
1361,26,26004,MORTGAGE,5,0,1,0,0,0,1,0,0,0,B,6000,11.99,0,0.23,0,2
1367,26,26004,MORTGAGE,2,0,1,0,0,0,1,0,0,0,B,10000,11.14,0,0.38,0,3
1382,25,26400,MORTGAGE,1,0,1,0,0,0,1,0,0,0,A,7500,8.9,0,0.28,0,3
1389,22,26400,MORTGAGE,,0,1,0,0,0,1,0,0,0,A,1550,,1,0.06,0,2
1405,25,26400,MORTGAGE,1,0,1,0,0,0,1,0,0,0,B,4000,10.74,0,0.15,0,3
1535,25,27600,MORTGAGE,1,0,1,0,0,0,1,0,0,0,A,11500,6.03,1,0.42,0,4
1618,23,28000,MORTGAGE,4,0,1,0,0,0,1,0,0,0,D,5225,14.84,1,0.19,0,2
1693,24,28800,MORTGAGE,8,0,1,0,0,0,1,0,0,0,A,1400,8.9,1,0.05,0,3
1736,25,28800,MORTGAGE,9,0,1,0,0,0,1,0,0,0,B,6250,10.25,0,0.22,0,2
1762,26,29000,MORTGAGE,10,0,1,0,0,0,1,0,0,0,A,7200,8.49,0,0.25,0,4
1774,24,29000,MORTGAGE,1,0,1,0,0,0,1,0,0,0,B,20000,10.62,0,0.69,0,3
1875,22,30000,MORTGAGE,3,0,1,0,0,0,1,0,0,0,C,10000,13.49,1,0.33,0,2
1948,26,30000,MORTGAGE,5,0,1,0,0,0,1,0,0,0,B,2000,11.99,1,0.07,0,2
1976,25,30000,MORTGAGE,,0,1,0,0,0,1,0,0,0,A,8000,6.92,0,0.27,0,3
2008,24,30000,MORTGAGE,,0,1,0,0,0,1,0,0,0,A,8000,6.17,0,0.27,0,2
2075,26,30000,MORTGAGE,3,0,1,0,0,0,1,0,0,0,B,15000,10.62,0,0.5,0,2
2181,25,30200,MORTGAGE,9,0,1,0,0,0,1,0,0,0,B,15000,10.2,0,0.5,0,2
2226,26,31000,MORTGAGE,9,0,1,0,0,0,1,0,0,0,A,15000,7.9,1,0.48,0,4
2238,25,31000,MORTGAGE,,0,1,0,0,0,1,0,0,0,A,5200,5.42,0,0.17,0,4
2239,25,31000,MORTGAGE,7,0,1,0,0,0,1,0,0,0,A,6000,7.66,0,0.19,0,2
2242,24,31000,MORTGAGE,8,0,1,0,0,0,1,0,0,0,A,8000,5.42,0,0.26,0,4
2293,26,31200,MORTGAGE,4,0,1,0,0,0,1,0,0,0,A,8400,7.51,0,0.27,0,3
2376,24,32000,MORTGAGE,5,0,1,0,0,0,1,0,0,0,A,6000,5.42,0,0.19,0,4
2442,25,32000,MORTGAGE,1,0,1,0,0,0,1,0,0,0,A,2500,7.68,1,0.08,0,3
2520,26,32500,MORTGAGE,0,0,1,0,0,0,1,0,0,0,A,3500,8.59,0,0.11,0,2
2557,21,33000,MORTGAGE,5,0,1,0,0,0,1,0,0,0,C,2000,14.27,1,0.06,0,4
2573,24,33000,MORTGAGE,8,0,1,0,0,0,1,0,0,0,C,2050,13.49,1,0.06,0,2
2636,24,33360,MORTGAGE,7,0,1,0,0,0,1,0,0,0,A,2500,7.14,0,0.07,0,3
2638,24,33390,MORTGAGE,4,0,1,0,0,0,1,0,0,0,A,10000,,0,0.3,0,4
2704,21,33996,MORTGAGE,2,0,1,0,0,0,1,0,0,0,A,2500,7.88,1,0.07,0,3
2725,25,34000,MORTGAGE,1,0,1,0,0,0,1,0,0,0,A,2500,6.03,0,0.07,0,2
2761,24,34000,MORTGAGE,2,0,1,0,0,0,1,0,0,0,D,6000,14.11,0,0.18,0,4
2809,23,34662,MORTGAGE,1,0,1,0,0,0,1,0,0,0,B,3000,10.75,1,0.09,0,4
2832,24,35000,MORTGAGE,9,0,1,0,0,0,1,0,0,0,B,8000,11.71,0,0.23,0,2
2862,24,35000,MORTGAGE,2,0,1,0,0,0,1,0,0,0,A,7500,7.9,0,0.21,0,3
2923,25,35000,MORTGAGE,5,0,1,0,0,0,1,0,0,0,B,10000,11.99,0,0.29,0,4
2956,26,35000,MORTGAGE,0,0,1,0,0,0,1,0,0,0,A,3800,6.54,0,0.11,0,3
2958,26,35000,MORTGAGE,10,0,1,0,0,0,1,0,0,0,B,2500,9.25,0,0.07,0,3
3016,26,29000,MORTGAGE,1,0,1,0,0,0,1,0,0,0,B,11200,11.14,1,0.39,0,4
3058,25,35000,MORTGAGE,1,0,1,0,0,0,1,0,0,0,D,5400,12.17,0,0.15,0,4
3187,24,36000,MORTGAGE,,0,1,0,0,0,1,0,0,0,A,14775,6.62,0,0.41,0,4
3197,25,30000,MORTGAGE,3,0,1,0,0,0,1,0,0,0,A,12000,5.99,1,0.4,0,4
3219,21,30000,MORTGAGE,5,0,1,0,0,0,1,0,0,0,C,13250,13.99,1,0.44,0,3
3240,23,30000,MORTGAGE,6,0,1,0,0,0,1,0,0,0,A,6725,6.99,1,0.22,0,3
3271,23,30000,MORTGAGE,7,0,1,0,0,0,1,0,0,0,A,2200,,1,0.07,0,3
3334,26,36000,MORTGAGE,3,0,1,0,0,0,1,0,0,0,A,5400,7.51,0,0.15,0,4
3400,23,30000,MORTGAGE,0,0,1,0,0,0,1,0,0,0,A,1000,9.32,1,0.03,0,4
3405,24,36000,MORTGAGE,3,0,1,0,0,0,1,0,0,0,A,6400,9.38,0,0.18,0,4
3609,26,37820,MORTGAGE,3,0,1,0,0,0,1,0,0,0,A,6300,,0,0.17,0,4
3615,26,38000,MORTGAGE,1,0,1,0,0,0,1,0,0,0,A,8875,7.51,0,0.23,0,2
3631,25,38000,MORTGAGE,9,0,1,0,0,0,1,0,0,0,A,5400,8.9,0,0.14,0,2
3636,26,38000,MORTGAGE,1,0,1,0,0,0,1,0,0,0,A,4000,,0,0.11,0,3
3643,26,38000,MORTGAGE,5,0,1,0,0,0,1,0,0,0,B,5000,,0,0.13,0,2
3653,25,38000,MORTGAGE,9,0,1,0,0,0,1,0,0,0,A,9000,6.99,0,0.24,0,4
3678,24,38000,MORTGAGE,4,0,1,0,0,0,1,0,0,0,A,8000,7.14,0,0.21,0,3
3693,24,38000,MORTGAGE,3,0,1,0,0,0,1,0,0,0,B,16000,10.99,0,0.42,0,3
3730,25,38014,MORTGAGE,4,0,1,0,0,0,1,0,0,0,A,10000,8.49,0,0.26,0,3
3786,24,38400,MORTGAGE,8,0,1,0,0,0,1,0,0,0,B,10000,10.99,0,0.26,0,2
3836,22,32484,MORTGAGE,6,0,1,0,0,0,1,0,0,0,A,6250,7.51,1,0.19,0,4
3861,26,38904,MORTGAGE,1,0,1,0,0,0,1,0,0,0,B,10000,12.21,0,0.26,0,2
3890,24,39000,MORTGAGE,3,0,1,0,0,0,1,0,0,0,A,5600,5.42,0,0.14,0,4
3894,26,33000,MORTGAGE,0,0,1,0,0,0,1,0,0,0,C,9000,13.72,1,0.27,0,2
3902,21,33000,MORTGAGE,2,0,1,0,0,0,1,0,0,0,A,3250,7.14,1,0.1,0,3
3951,25,39600,MORTGAGE,5,0,1,0,0,0,1,0,0,0,B,4800,12.42,0,0.12,0,4
4042,26,40000,MORTGAGE,10,0,1,0,0,0,1,0,0,0,C,12000,13.49,0,0.3,0,2
4112,25,40000,MORTGAGE,9,0,1,0,0,0,1,0,0,0,B,8000,,0,0.2,0,4
4128,26,40000,MORTGAGE,6,0,1,0,0,0,1,0,0,0,B,6000,11.99,0,0.15,0,2
4168,24,40000,MORTGAGE,5,0,1,0,0,0,1,0,0,0,A,15000,7.49,0,0.38,0,2
4173,24,40000,MORTGAGE,2,0,1,0,0,0,1,0,0,0,B,2500,9.99,0,0.06,0,2
4195,25,40000,MORTGAGE,1,0,1,0,0,0,1,0,0,0,A,4000,7.29,0,0.1,0,2
4237,26,40000,MORTGAGE,10,0,1,0,0,0,1,0,0,0,A,5300,5.42,0,0.13,0,2
4385,25,34000,MORTGAGE,8,0,1,0,0,0,1,0,0,0,B,3000,10.51,1,0.09,0,3
4421,24,40113,MORTGAGE,6,0,1,0,0,0,1,0,0,0,A,5000,7.14,0,0.12,0,2
4437,25,40500,MORTGAGE,5,0,1,0,0,0,1,0,0,0,B,6500,9.63,0,0.16,0,4
4447,26,40610,MORTGAGE,7,0,1,0,0,0,1,0,0,0,A,3500,7.14,0,0.09,0,4
4470,25,40800,MORTGAGE,,0,1,0,0,0,1,0,0,0,A,8000,5.79,0,0.2,0,2
4594,24,41600,MORTGAGE,0,0,1,0,0,0,1,0,0,0,A,10000,8.94,0,0.24,0,2
4598,25,41664,MORTGAGE,6,0,1,0,0,0,1,0,0,0,A,4000,5.99,0,0.1,0,2
4603,21,35760,MORTGAGE,5,0,1,0,0,0,1,0,0,0,E,2400,,1,0.07,0,3
4611,23,35941,MORTGAGE,7,0,1,0,0,0,1,0,0,0,C,3500,13.35,1,0.1,0,2
4626,25,42000,MORTGAGE,9,0,1,0,0,0,1,0,0,0,B,12000,9.91,0,0.29,0,2
4671,24,42000,MORTGAGE,4,0,1,0,0,0,1,0,0,0,A,12000,6.99,0,0.29,0,3
4685,23,36000,MORTGAGE,7,0,1,0,0,0,1,0,0,0,B,6725,11.49,1,0.19,0,2
4693,26,36000,MORTGAGE,1,0,1,0,0,0,1,0,0,0,B,4500,10.59,1,0.13,0,2
4717,24,42000,MORTGAGE,8,0,1,0,0,0,1,0,0,0,D,2500,15.28,0,0.06,0,2
4737,23,36000,MORTGAGE,7,0,1,0,0,0,1,0,0,0,A,10750,,1,0.3,0,3
4750,25,42000,MORTGAGE,9,0,1,0,0,0,1,0,0,0,B,3250,10,0,0.08,0,3
4758,25,42000,MORTGAGE,3,0,1,0,0,0,1,0,0,0,A,10000,5.42,0,0.24,0,2
4786,24,36000,MORTGAGE,8,0,1,0,0,0,1,0,0,0,A,6000,7.14,1,0.17,0,4
4790,26,36000,MORTGAGE,2,0,1,0,0,0,1,0,0,0,B,6000,11.49,1,0.17,0,2
4838,24,42000,MORTGAGE,2,0,1,0,0,0,1,0,0,0,A,7000,8.59,0,0.17,0,2
4942,25,42996,MORTGAGE,4,0,1,0,0,0,1,0,0,0,A,12000,6.17,0,0.28,0,4
4979,24,37000,MORTGAGE,8,0,1,0,0,0,1,0,0,0,B,10000,,1,0.27,0,2
5058,23,37200,MORTGAGE,7,0,1,0,0,0,1,0,0,0,B,7000,10.59,1,0.19,0,2
5082,26,43200,MORTGAGE,10,0,1,0,0,0,1,0,0,0,B,2500,9.88,0,0.06,0,4
5102,25,43500,MORTGAGE,2,0,1,0,0,0,1,0,0,0,A,9000,9.63,0,0.21,0,4
5117,26,37800,MORTGAGE,10,0,1,0,0,0,1,0,0,0,D,7000,14.96,1,0.19,0,4
5135,25,44000,MORTGAGE,6,0,1,0,0,0,1,0,0,0,A,7000,6.03,0,0.16,0,3
5161,26,44000,MORTGAGE,0,0,1,0,0,0,1,0,0,0,A,8475,6.91,0,0.19,0,4
5176,25,44000,MORTGAGE,7,0,1,0,0,0,1,0,0,0,A,5000,7.4,0,0.11,0,3
5203,25,44196,MORTGAGE,8,0,1,0,0,0,1,0,0,0,A,4000,7.51,0,0.09,0,3
5316,25,45000,MORTGAGE,9,0,1,0,0,0,1,0,0,0,A,6800,6.03,0,0.15,0,2
5318,26,45000,MORTGAGE,10,0,1,0,0,0,1,0,0,0,A,8000,6.99,0,0.18,0,2
5338,22,39000,MORTGAGE,,0,1,0,0,0,1,0,0,0,A,5500,5.99,1,0.14,0,4
5341,24,45000,MORTGAGE,6,0,1,0,0,0,1,0,0,0,A,4075,5.42,0,0.09,0,3
5347,25,45000,MORTGAGE,6,0,1,0,0,0,1,0,0,0,B,10000,9.99,0,0.22,0,4
5349,24,39000,MORTGAGE,8,0,1,0,0,0,1,0,0,0,C,5000,,1,0.13,0,3
5409,25,45000,MORTGAGE,9,0,1,0,0,0,1,0,0,0,B,3000,9.99,0,0.07,0,4
5477,24,45000,MORTGAGE,8,0,1,0,0,0,1,0,0,0,A,4200,7.14,0,0.09,0,2
5489,24,39000,MORTGAGE,2,0,1,0,0,0,1,0,0,0,C,16000,14.22,1,0.41,0,4
5498,24,45000,MORTGAGE,2,0,1,0,0,0,1,0,0,0,B,13000,10.62,0,0.29,0,2
5515,26,45000,MORTGAGE,0,0,1,0,0,0,1,0,0,0,C,4000,13.92,0,0.09,0,2
5643,25,45600,MORTGAGE,6,0,1,0,0,0,1,0,0,0,A,15000,5.79,0,0.33,0,2
5704,26,46000,MORTGAGE,3,0,1,0,0,0,1,0,0,0,B,11000,12.69,0,0.24,0,2
5739,25,40000,MORTGAGE,5,0,1,0,0,0,1,0,0,0,B,15000,11.36,1,0.38,0,2
5747,25,46000,MORTGAGE,1,0,1,0,0,0,1,0,0,0,C,8600,,0,0.19,0,2
5796,26,46800,MORTGAGE,3,0,1,0,0,0,1,0,0,0,B,12725,12.42,0,0.27,0,2
5801,26,46800,MORTGAGE,,0,1,0,0,0,1,0,0,0,D,6000,14.91,0,0.13,0,2
5867,24,47000,MORTGAGE,4,0,1,0,0,0,1,0,0,0,A,6000,7.66,0,0.13,0,3
5891,24,47000,MORTGAGE,3,0,1,0,0,0,1,0,0,0,B,12000,12.21,0,0.26,0,4
5937,24,47500,MORTGAGE,8,0,1,0,0,0,1,0,0,0,A,7000,7.74,0,0.15,0,3
5946,25,47700,MORTGAGE,1,0,1,0,0,0,1,0,0,0,A,12375,7.9,0,0.26,0,4
6001,24,48000,MORTGAGE,,0,1,0,0,0,1,0,0,0,B,2000,12.69,0,0.04,0,4
6062,26,48000,MORTGAGE,10,0,1,0,0,0,1,0,0,0,A,4000,5.42,0,0.08,0,2
6098,25,48000,MORTGAGE,,0,1,0,0,0,1,0,0,0,A,4500,5.42,0,0.09,0,2
6128,24,48000,MORTGAGE,5,0,1,0,0,0,1,0,0,0,A,17000,6.91,0,0.35,0,4
6194,25,48000,MORTGAGE,5,0,1,0,0,0,1,0,0,0,A,7800,8.94,0,0.16,0,2
6254,24,48000,MORTGAGE,2,0,1,0,0,0,1,0,0,0,A,5000,7.68,0,0.1,0,4
6279,26,48500,MORTGAGE,9,0,1,0,0,0,1,0,0,0,A,13000,7.29,0,0.27,0,3
6314,22,42996,MORTGAGE,7,0,1,0,0,0,1,0,0,0,C,12000,13.79,1,0.28,0,4
6335,24,49000,MORTGAGE,5,0,1,0,0,0,1,0,0,0,A,2700,6.92,0,0.06,0,4
6338,25,49000,MORTGAGE,2,0,1,0,0,0,1,0,0,0,B,18225,10,0,0.37,0,4
6407,24,49600,MORTGAGE,8,0,1,0,0,0,1,0,0,0,A,2500,7.4,0,0.05,0,2
6460,24,44000,MORTGAGE,4,0,1,0,0,0,1,0,0,0,A,2200,8.9,1,0.05,0,4
6563,26,50000,MORTGAGE,5,0,1,0,0,0,1,0,0,0,B,12375,10.99,0,0.25,0,3
6635,25,50000,MORTGAGE,9,0,1,0,0,0,1,0,0,0,B,8000,10,0,0.16,0,2
6652,26,50000,MORTGAGE,10,0,1,0,0,0,1,0,0,0,B,6000,,0,0.12,0,3
6724,24,50000,MORTGAGE,8,0,1,0,0,0,1,0,0,0,A,9000,7.14,0,0.18,0,2
6812,24,50000,MORTGAGE,3,0,1,0,0,0,1,0,0,0,B,12000,,0,0.24,0,3
6846,26,50000,MORTGAGE,10,0,1,0,0,0,1,0,0,0,E,15000,16,0,0.3,0,3
6849,24,50000,MORTGAGE,4,0,1,0,0,0,1,0,0,0,A,6000,9.63,0,0.12,0,3
6884,24,50000,MORTGAGE,0,0,1,0,0,0,1,0,0,0,B,5500,,0,0.11,0,3
6929,25,50280,MORTGAGE,0,0,1,0,0,0,1,0,0,0,A,10000,9.63,0,0.2,0,2
6935,26,50400,MORTGAGE,3,0,1,0,0,0,1,0,0,0,B,24000,9.91,0,0.48,0,3
6951,25,50400,MORTGAGE,5,0,1,0,0,0,1,0,0,0,B,12000,9.62,0,0.24,0,4
6953,25,50400,MORTGAGE,,0,1,0,0,0,1,0,0,0,A,6000,7.14,0,0.12,0,4
6998,26,51000,MORTGAGE,11,0,1,0,0,0,1,0,0,0,B,9000,9.99,0,0.18,0,3
7055,24,51000,MORTGAGE,5,0,1,0,0,0,1,0,0,0,A,3600,7.14,0,0.07,0,2
7059,26,51000,MORTGAGE,3,0,1,0,0,0,1,0,0,0,A,10000,7.74,0,0.2,0,3
7063,24,51000,MORTGAGE,4,0,1,0,0,0,1,0,0,0,A,8500,8.94,0,0.17,0,3
7126,25,51669,MORTGAGE,2,0,1,0,0,0,1,0,0,0,B,12000,10.37,0,0.23,0,4
7147,25,45996,MORTGAGE,9,0,1,0,0,0,1,0,0,0,C,11000,12.68,1,0.24,0,2
7188,25,52000,MORTGAGE,8,0,1,0,0,0,1,0,0,0,B,14500,10.65,0,0.28,0,4
7211,26,46000,MORTGAGE,8,0,1,0,0,0,1,0,0,0,B,7000,9.99,1,0.15,0,3
7235,24,52000,MORTGAGE,8,0,1,0,0,0,1,0,0,0,B,15000,10,0,0.29,0,2
7246,25,52000,MORTGAGE,9,0,1,0,0,0,1,0,0,0,A,24500,6.17,0,0.47,0,3
7249,26,52000,MORTGAGE,10,0,1,0,0,0,1,0,0,0,B,10750,9.62,0,0.21,0,2
7260,25,52000,MORTGAGE,5,0,1,0,0,0,1,0,0,0,A,12000,7.88,0,0.23,0,3
7280,26,52000,MORTGAGE,2,0,1,0,0,0,1,0,0,0,B,10000,9.88,0,0.19,0,4
7283,26,52000,MORTGAGE,3,0,1,0,0,0,1,0,0,0,D,2500,14.59,0,0.05,0,4
7333,25,52160,MORTGAGE,5,0,1,0,0,0,1,0,0,0,B,1750,11.89,0,0.03,0,2
7351,25,52500,MORTGAGE,9,0,1,0,0,0,1,0,0,0,A,7000,5.79,0,0.13,0,4
7365,24,52739,MORTGAGE,8,0,1,0,0,0,1,0,0,0,A,8000,9.38,0,0.15,0,2
7399,25,53000,MORTGAGE,4,0,1,0,0,0,1,0,0,0,A,6000,6.62,0,0.11,0,3
7407,24,53000,MORTGAGE,8,0,1,0,0,0,1,0,0,0,A,8000,6.03,0,0.15,0,2
7417,26,53000,MORTGAGE,3,0,1,0,0,0,1,0,0,0,A,2800,6.03,0,0.05,0,4
7436,24,53000,MORTGAGE,8,0,1,0,0,0,1,0,0,0,D,10000,14.91,0,0.19,0,4
7478,24,53000,MORTGAGE,0,0,1,0,0,0,1,0,0,0,D,7200,14.42,0,0.14,0,3
7537,25,53742,MORTGAGE,9,0,1,0,0,0,1,0,0,0,A,10750,5.79,0,0.2,0,2
7592,24,54000,MORTGAGE,8,0,1,0,0,0,1,0,0,0,B,8500,10.99,0,0.16,0,3
7612,25,54000,MORTGAGE,2,0,1,0,0,0,1,0,0,0,A,13000,6.92,0,0.24,0,4
7618,26,54000,MORTGAGE,10,0,1,0,0,0,1,0,0,0,A,7200,5.42,0,0.13,0,2
7636,24,54000,MORTGAGE,8,0,1,0,0,0,1,0,0,0,B,4000,9.99,0,0.07,0,4
7660,26,54000,MORTGAGE,6,0,1,0,0,0,1,0,0,0,A,10000,7.51,0,0.19,0,3
7711,26,54200,MORTGAGE,3,0,1,0,0,0,1,0,0,0,A,7000,7.49,0,0.13,0,3
7725,24,54400,MORTGAGE,8,0,1,0,0,0,1,0,0,0,A,3300,7.66,0,0.06,0,2
7727,25,54499,MORTGAGE,2,0,1,0,0,0,1,0,0,0,A,12000,9.63,0,0.22,0,4
7733,26,54528,MORTGAGE,9,0,1,0,0,0,1,0,0,0,A,10000,8.94,0,0.18,0,3
7755,25,54900,MORTGAGE,2,0,1,0,0,0,1,0,0,0,B,3000,10.99,0,0.05,0,2
7858,25,55000,MORTGAGE,6,0,1,0,0,0,1,0,0,0,B,6500,10.99,0,0.12,0,2
7931,25,55000,MORTGAGE,9,0,1,0,0,0,1,0,0,0,B,8500,,0,0.15,0,2
7944,24,55000,MORTGAGE,8,0,1,0,0,0,1,0,0,0,A,6000,5.42,0,0.11,0,3
7972,26,55000,MORTGAGE,10,0,1,0,0,0,1,0,0,0,A,9800,7.88,0,0.18,0,3
8044,24,55000,MORTGAGE,2,0,1,0,0,0,1,0,0,0,A,8000,8,0,0.15,0,2
8047,26,55000,MORTGAGE,2,0,1,0,0,0,1,0,0,0,B,8500,12.21,0,0.15,0,2
8074,24,55000,MORTGAGE,1,0,1,0,0,0,1,0,0,0,A,5275,8.07,0,0.1,0,4
8112,24,55530,MORTGAGE,8,0,1,0,0,0,1,0,0,0,A,8000,5.99,0,0.14,0,4
8139,26,56000,MORTGAGE,9,0,1,0,0,0,1,0,0,0,B,10000,12.42,0,0.18,0,2
8199,26,56000,MORTGAGE,0,0,1,0,0,0,1,0,0,0,B,8000,11.14,0,0.14,0,4
8257,24,56533,MORTGAGE,,0,1,0,0,0,1,0,0,0,B,20000,11.11,0,0.35,0,2
8290,24,57000,MORTGAGE,8,0,1,0,0,0,1,0,0,0,B,19725,9.99,0,0.35,0,2
8322,22,51000,MORTGAGE,3,0,1,0,0,0,1,0,0,0,B,12000,11.86,1,0.24,0,3
8391,24,57600,MORTGAGE,8,0,1,0,0,0,1,0,0,0,A,10500,6.62,0,0.18,0,3
8397,24,57600,MORTGAGE,,0,1,0,0,0,1,0,0,0,A,3300,5.42,0,0.06,0,4
8421,25,57700,MORTGAGE,9,0,1,0,0,0,1,0,0,0,A,9000,,0,0.16,0,3
8441,24,57996,MORTGAGE,5,0,1,0,0,0,1,0,0,0,B,2400,11.89,0,0.04,0,4
8467,24,58000,MORTGAGE,3,0,1,0,0,0,1,0,0,0,A,6000,5.42,0,0.1,0,4
8509,24,58000,MORTGAGE,0,0,1,0,0,0,1,0,0,0,A,3500,7.68,0,0.06,0,2
8522,25,58000,MORTGAGE,5,0,1,0,0,0,1,0,0,0,D,10000,13.24,0,0.17,0,4
8552,26,52704,MORTGAGE,8,0,1,0,0,0,1,0,0,0,B,3000,10.95,1,0.06,0,4
8573,25,59000,MORTGAGE,5,0,1,0,0,0,1,0,0,0,A,6000,6.99,0,0.1,0,3
8608,26,59000,MORTGAGE,7,0,1,0,0,0,1,0,0,0,B,500,9.76,0,0.01,0,2
8634,26,59760,MORTGAGE,,0,1,0,0,0,1,0,0,0,B,6000,9.99,0,0.1,0,2
8637,25,59796,MORTGAGE,4,0,1,0,0,0,1,0,0,0,B,7000,9.63,0,0.12,0,2
8652,26,54000,MORTGAGE,10,0,1,0,0,0,1,0,0,0,B,3600,12.69,1,0.07,0,4
8686,26,60000,MORTGAGE,8,0,1,0,0,0,1,0,0,0,B,12000,10.65,0,0.2,0,2
8721,25,60000,MORTGAGE,6,0,1,0,0,0,1,0,0,0,B,4000,12.69,0,0.07,0,2
8737,24,60000,MORTGAGE,9,0,1,0,0,0,1,0,0,0,B,1500,12.42,0,0.03,0,2
8776,26,60000,MORTGAGE,3,0,1,0,0,0,1,0,0,0,A,2000,,0,0.03,0,4
8797,26,60000,MORTGAGE,6,0,1,0,0,0,1,0,0,0,B,5000,9.99,0,0.08,0,2
8894,25,60000,MORTGAGE,9,0,1,0,0,0,1,0,0,0,A,6500,5.79,0,0.11,0,4
8929,25,60000,MORTGAGE,9,0,1,0,0,0,1,0,0,0,B,5500,10.74,0,0.09,0,2
9041,22,54000,MORTGAGE,0,0,1,0,0,0,1,0,0,0,A,16000,7.51,1,0.3,0,2
9043,24,60000,MORTGAGE,3,0,1,0,0,0,1,0,0,0,B,4000,11.86,0,0.07,0,2
9109,22,54000,MORTGAGE,6,0,1,0,0,0,1,0,0,0,C,12000,13.48,1,0.22,0,2
9174,24,60000,MORTGAGE,6,0,1,0,0,0,1,0,0,0,A,14000,8.94,0,0.23,0,2
9230,25,60000,MORTGAGE,9,0,1,0,0,0,1,0,0,0,B,10000,10.83,0,0.17,0,4
9329,25,61000,MORTGAGE,9,0,1,0,0,0,1,0,0,0,B,15000,9.88,0,0.25,0,2
9330,24,55000,MORTGAGE,,0,1,0,0,0,1,0,0,0,A,7000,7.14,1,0.13,0,3
9357,22,55200,MORTGAGE,6,0,1,0,0,0,1,0,0,0,A,7200,,1,0.13,0,4
9367,21,55400,MORTGAGE,5,0,1,0,0,0,1,0,0,0,C,5000,14.27,1,0.09,0,4
9379,24,61650,MORTGAGE,4,0,1,0,0,0,1,0,0,0,A,6500,6.03,0,0.11,0,4
9425,25,62000,MORTGAGE,9,0,1,0,0,0,1,0,0,0,C,3000,12.99,0,0.05,0,2
9441,24,62000,MORTGAGE,6,0,1,0,0,0,1,0,0,0,B,10000,10.74,0,0.16,0,2
9456,25,56000,MORTGAGE,7,0,1,0,0,0,1,0,0,0,B,2000,11.49,1,0.04,0,3
9492,24,62000,MORTGAGE,2,0,1,0,0,0,1,0,0,0,B,8000,10.08,0,0.13,0,3
9512,25,62004,MORTGAGE,10,0,1,0,0,0,1,0,0,0,C,15000,13.47,0,0.24,0,4
9552,25,62400,MORTGAGE,4,0,1,0,0,0,1,0,0,0,B,2000,10.99,0,0.03,0,4
9562,25,62496,MORTGAGE,1,0,1,0,0,0,1,0,0,0,A,8000,7.51,0,0.13,0,2
9615,25,63000,MORTGAGE,2,0,1,0,0,0,1,0,0,0,B,20000,9.99,0,0.32,0,2
9634,26,63000,MORTGAGE,10,0,1,0,0,0,1,0,0,0,B,10000,9.25,0,0.16,0,3
9671,26,63000,MORTGAGE,6,0,1,0,0,0,1,0,0,0,B,24000,11.46,0,0.38,0,4
9678,26,63096,MORTGAGE,1,0,1,0,0,0,1,0,0,0,A,4200,5.99,0,0.07,0,3
9713,25,63720,MORTGAGE,8,0,1,0,0,0,1,0,0,0,A,12500,7.51,0,0.2,0,3
9726,26,64000,MORTGAGE,7,0,1,0,0,0,1,0,0,0,A,5000,6.62,0,0.08,0,2
9740,25,64000,MORTGAGE,9,0,1,0,0,0,1,0,0,0,A,9000,5.99,0,0.14,0,2
9756,26,64000,MORTGAGE,10,0,1,0,0,0,1,0,0,0,B,15000,10.38,0,0.23,0,3
9838,26,65000,MORTGAGE,2,0,1,0,0,0,1,0,0,0,A,10000,6.62,0,0.15,0,3
9850,26,65000,MORTGAGE,1,0,1,0,0,0,1,0,0,0,B,17000,9.91,0,0.26,0,2
9926,26,65000,MORTGAGE,10,0,1,0,0,0,1,0,0,0,A,8000,6.99,0,0.12,0,3
9934,25,65000,MORTGAGE,3,0,1,0,0,0,1,0,0,0,B,1200,10.99,0,0.02,0,2
9942,26,65000,MORTGAGE,3,0,1,0,0,0,1,0,0,0,B,12000,10.99,0,0.18,0,4
9948,26,65000,MORTGAGE,7,0,1,0,0,0,1,0,0,0,B,14400,9.99,0,0.22,0,3
9964,26,65000,MORTGAGE,8,0,1,0,0,0,1,0,0,0,A,11500,7.49,0,0.18,0,4
9966,24,65000,MORTGAGE,8,0,1,0,0,0,1,0,0,0,A,2000,5.42,0,0.03,0,3
9971,21,59000,MORTGAGE,5,0,1,0,0,0,1,0,0,0,B,5000,9.99,1,0.08,0,2
9972,24,65000,MORTGAGE,9,0,1,0,0,0,1,0,0,0,A,5500,5.79,0,0.08,0,3
9987,24,65000,MORTGAGE,8,0,1,0,0,0,1,0,0,0,A,10000,7.66,0,0.15,0,4
10003,25,59000,MORTGAGE,4,0,1,0,0,0,1,0,0,0,C,3600,12.98,1,0.06,0,3
10041,26,65000,MORTGAGE,11,0,1,0,0,0,1,0,0,0,A,10950,7.88,0,0.17,0,2
10099,25,65000,MORTGAGE,0,0,1,0,0,0,1,0,0,0,B,15000,11.48,0,0.23,0,4
10151,26,65004,MORTGAGE,7,0,1,0,0,0,1,0,0,0,B,20000,10.36,0,0.31,0,3
10166,26,65004,MORTGAGE,10,0,1,0,0,0,1,0,0,0,B,5000,11.58,0,0.08,0,3
10221,25,60000,MORTGAGE,5,0,1,0,0,0,1,0,0,0,C,8000,14.27,1,0.13,0,3
10264,25,66000,MORTGAGE,4,0,1,0,0,0,1,0,0,0,C,15000,14.35,0,0.23,0,4
10292,25,66000,MORTGAGE,0,0,1,0,0,0,1,0,0,0,B,18500,12.21,0,0.28,0,2
10313,24,66500,MORTGAGE,0,0,1,0,0,0,1,0,0,0,A,8800,8.59,0,0.13,0,4
10320,24,66766,MORTGAGE,,0,1,0,0,0,1,0,0,0,A,9000,6.99,0,0.13,0,2
10364,24,67000,MORTGAGE,2,0,1,0,0,0,1,0,0,0,B,12150,10.37,0,0.18,0,3
10392,25,67200,MORTGAGE,9,0,1,0,0,0,1,0,0,0,C,15000,,0,0.22,0,4
10400,25,67200,MORTGAGE,6,0,1,0,0,0,1,0,0,0,B,3250,11.49,0,0.05,0,2
10402,26,67260,MORTGAGE,9,0,1,0,0,0,1,0,0,0,A,6500,7.14,0,0.1,0,2
10502,24,68000,MORTGAGE,8,0,1,0,0,0,1,0,0,0,A,3600,7.74,0,0.05,0,4
10508,25,62000,MORTGAGE,2,0,1,0,0,0,1,0,0,0,E,20000,17.04,1,0.32,0,3
10517,23,62000,MORTGAGE,8,0,1,0,0,0,1,0,0,0,C,9000,11.03,1,0.15,0,2
10518,24,68004,MORTGAGE,5,0,1,0,0,0,1,0,0,0,A,4200,5.42,0,0.06,0,4
10560,22,62654,MORTGAGE,4,0,1,0,0,0,1,0,0,0,D,6000,14.74,1,0.1,0,4
10567,24,68900,MORTGAGE,2,0,1,0,0,0,1,0,0,0,B,19500,11.83,0,0.28,0,2
10582,25,69000,MORTGAGE,7,0,1,0,0,0,1,0,0,0,A,9600,7.49,0,0.14,0,3
10601,24,69000,MORTGAGE,7,0,1,0,0,0,1,0,0,0,E,5200,17.19,0,0.08,0,2
10612,26,69063,MORTGAGE,,0,1,0,0,0,1,0,0,0,A,6625,7.66,0,0.1,0,4
10624,24,63508,MORTGAGE,8,0,1,0,0,0,1,0,0,0,B,2500,11.14,1,0.04,0,4
10626,24,63582,MORTGAGE,3,0,1,0,0,0,1,0,0,0,C,14000,13.85,1,0.22,0,3
10684,24,69996,MORTGAGE,6,0,1,0,0,0,1,0,0,0,B,5000,10.2,0,0.07,0,2
10699,24,64000,MORTGAGE,7,0,1,0,0,0,1,0,0,0,C,16000,14.65,1,0.25,0,2
10766,26,70000,MORTGAGE,6,0,1,0,0,0,1,0,0,0,A,4000,8.49,0,0.06,0,2
10815,24,70000,MORTGAGE,6,0,1,0,0,0,1,0,0,0,C,25000,,0,0.36,0,3
10895,26,70000,MORTGAGE,6,0,1,0,0,0,1,0,0,0,D,10000,,0,0.14,0,4
10904,24,70000,MORTGAGE,8,0,1,0,0,0,1,0,0,0,B,4800,11.36,0,0.07,0,2
10930,25,70000,MORTGAGE,9,0,1,0,0,0,1,0,0,0,B,16000,12.18,0,0.23,0,4
10936,26,70000,MORTGAGE,10,0,1,0,0,0,1,0,0,0,A,12000,8.94,0,0.17,0,2
10948,26,70000,MORTGAGE,6,0,1,0,0,0,1,0,0,0,B,12000,11.26,0,0.17,0,4
11012,26,71000,MORTGAGE,10,0,1,0,0,0,1,0,0,0,D,6000,15.62,0,0.08,0,3
11053,26,71500,MORTGAGE,10,0,1,0,0,0,1,0,0,0,B,7500,10.99,0,0.1,0,3
11072,24,72000,MORTGAGE,8,0,1,0,0,0,1,0,0,0,A,5000,6.03,0,0.07,0,3
11129,25,72000,MORTGAGE,1,0,1,0,0,0,1,0,0,0,A,2100,7.66,0,0.03,0,3
11141,25,72000,MORTGAGE,,0,1,0,0,0,1,0,0,0,A,2000,7.66,0,0.03,0,4
11181,26,72000,MORTGAGE,3,0,1,0,0,0,1,0,0,0,A,10000,,0,0.14,0,3
11193,25,72000,MORTGAGE,9,0,1,0,0,0,1,0,0,0,D,10000,14.96,0,0.14,0,3
11206,24,72000,MORTGAGE,8,0,1,0,0,0,1,0,0,0,A,8200,7.88,0,0.11,0,4
11207,26,72000,MORTGAGE,5,0,1,0,0,0,1,0,0,0,A,6600,,0,0.09,0,2
11215,26,66000,MORTGAGE,2,0,1,0,0,0,1,0,0,0,D,12000,,1,0.18,0,3
11255,24,72400,MORTGAGE,4,0,1,0,0,0,1,0,0,0,C,35000,13.99,0,0.48,0,4
11258,24,72400,MORTGAGE,0,0,1,0,0,0,1,0,0,0,B,15000,,0,0.21,0,3
11259,24,72444,MORTGAGE,7,0,1,0,0,0,1,0,0,0,B,25000,10.74,0,0.35,0,4
11275,24,72800,MORTGAGE,0,0,1,0,0,0,1,0,0,0,B,2300,10.62,0,0.03,0,4
11346,24,73600,MORTGAGE,7,0,1,0,0,0,1,0,0,0,B,24000,11.36,0,0.33,0,2
11358,26,74000,MORTGAGE,5,0,1,0,0,0,1,0,0,0,A,10000,6.62,0,0.14,0,4
11463,25,75000,MORTGAGE,9,0,1,0,0,0,1,0,0,0,A,7200,,0,0.1,0,4
11481,25,75000,MORTGAGE,4,0,1,0,0,0,1,0,0,0,C,12000,13.49,0,0.16,0,4
11483,24,75000,MORTGAGE,4,0,1,0,0,0,1,0,0,0,A,15000,6.03,0,0.2,0,2
11516,26,75000,MORTGAGE,5,0,1,0,0,0,1,0,0,0,A,12500,5.99,0,0.17,0,2
11519,26,69000,MORTGAGE,10,0,1,0,0,0,1,0,0,0,D,6200,15.99,1,0.09,0,2
11524,26,75000,MORTGAGE,4,0,1,0,0,0,1,0,0,0,A,7000,6.99,0,0.09,0,2
11553,24,75000,MORTGAGE,5,0,1,0,0,0,1,0,0,0,A,12000,5.99,0,0.16,0,2
11558,26,75000,MORTGAGE,4,0,1,0,0,0,1,0,0,0,A,12000,6.92,0,0.16,0,3
11564,24,75000,MORTGAGE,0,0,1,0,0,0,1,0,0,0,A,12000,6.92,0,0.16,0,4
11565,24,75000,MORTGAGE,3,0,1,0,0,0,1,0,0,0,B,3000,11.11,0,0.04,0,3
11568,24,75000,MORTGAGE,,0,1,0,0,0,1,0,0,0,A,7000,7.66,0,0.09,0,4
11573,25,75000,MORTGAGE,7,0,1,0,0,0,1,0,0,0,A,12000,7.29,0,0.16,0,3
11600,24,75000,MORTGAGE,9,0,1,0,0,0,1,0,0,0,A,11500,5.42,0,0.15,0,2
11624,25,75000,MORTGAGE,5,0,1,0,0,0,1,0,0,0,A,3000,7.51,0,0.04,0,4
11629,24,75000,MORTGAGE,6,0,1,0,0,0,1,0,0,0,B,12000,11.86,0,0.16,0,3
11660,23,69000,MORTGAGE,0,0,1,0,0,0,1,0,0,0,D,15000,14.96,1,0.22,0,2
11695,24,75000,MORTGAGE,8,0,1,0,0,0,1,0,0,0,B,25000,11.83,0,0.33,0,2
11708,26,75000,MORTGAGE,10,0,1,0,0,0,1,0,0,0,C,8000,13.92,0,0.11,0,4
11723,26,75000,MORTGAGE,1,0,1,0,0,0,1,0,0,0,A,3000,9.63,0,0.04,0,3
11754,26,69000,MORTGAGE,4,0,1,0,0,0,1,0,0,0,B,25000,,1,0.36,0,3
11787,25,75912,MORTGAGE,9,0,1,0,0,0,1,0,0,0,B,22400,9.99,0,0.3,0,4
11802,26,76000,MORTGAGE,10,0,1,0,0,0,1,0,0,0,A,5425,8.49,0,0.07,0,3
11811,25,76000,MORTGAGE,4,0,1,0,0,0,1,0,0,0,A,14000,7.66,0,0.18,0,3
11836,25,76300,MORTGAGE,9,0,1,0,0,0,1,0,0,0,B,3000,11.86,0,0.04,0,2
11841,26,76486,MORTGAGE,4,0,1,0,0,0,1,0,0,0,A,6000,7.9,0,0.08,0,4
11868,25,77000,MORTGAGE,8,0,1,0,0,0,1,0,0,0,A,9000,6.03,0,0.12,0,3
11873,24,77000,MORTGAGE,1,0,1,0,0,0,1,0,0,0,B,4000,11.99,0,0.05,0,2
11943,24,78000,MORTGAGE,0,0,1,0,0,0,1,0,0,0,A,5000,6.62,0,0.06,0,4
11952,26,78000,MORTGAGE,7,0,1,0,0,0,1,0,0,0,B,3000,11.49,0,0.04,0,2
11986,24,78000,MORTGAGE,8,0,1,0,0,0,1,0,0,0,B,9800,10.99,0,0.13,0,3
12003,25,78000,MORTGAGE,9,0,1,0,0,0,1,0,0,0,B,14200,11.48,0,0.18,0,3
12015,25,78000,MORTGAGE,0,0,1,0,0,0,1,0,0,0,B,25000,9.64,0,0.32,0,4
12027,26,78420,MORTGAGE,2,0,1,0,0,0,1,0,0,0,B,8000,11.49,0,0.1,0,4
12062,25,79000,MORTGAGE,3,0,1,0,0,0,1,0,0,0,A,20000,6.91,0,0.25,0,3
12086,24,79400,MORTGAGE,8,0,1,0,0,0,1,0,0,0,B,12000,9.88,0,0.15,0,4
12095,25,79700,MORTGAGE,6,0,1,0,0,0,1,0,0,0,A,10000,,0,0.13,0,4
12108,25,80000,MORTGAGE,7,0,1,0,0,0,1,0,0,0,A,6000,7.9,0,0.07,0,3
12120,24,80000,MORTGAGE,8,0,1,0,0,0,1,0,0,0,A,18000,7.9,0,0.23,0,2
12138,26,80000,MORTGAGE,2,0,1,0,0,0,1,0,0,0,C,4200,14.27,0,0.05,0,4
12144,24,80000,MORTGAGE,6,0,1,0,0,0,1,0,0,0,C,7000,14.65,0,0.09,0,4
12147,26,80000,MORTGAGE,10,0,1,0,0,0,1,0,0,0,A,7000,6.03,0,0.09,0,4
12177,24,80000,MORTGAGE,2,0,1,0,0,0,1,0,0,0,A,5000,6.99,0,0.06,0,4
12184,24,80000,MORTGAGE,8,0,1,0,0,0,1,0,0,0,A,5550,8.49,0,0.07,0,2
12241,25,80000,MORTGAGE,9,0,1,0,0,0,1,0,0,0,B,12000,10,0,0.15,0,4
12343,23,74000,MORTGAGE,4,0,1,0,0,0,1,0,0,0,B,25000,12.18,1,0.34,0,2
12376,24,80004,MORTGAGE,8,0,1,0,0,0,1,0,0,0,A,6000,6.17,0,0.07,0,3
12386,26,80004,MORTGAGE,0,0,1,0,0,0,1,0,0,0,A,6000,8,0,0.07,0,4
12396,25,80208,MORTGAGE,1,0,1,0,0,0,1,0,0,0,A,4000,5.42,0,0.05,0,4
12411,26,80500,MORTGAGE,9,0,1,0,0,0,1,0,0,0,B,11000,12.53,0,0.14,0,3
12413,26,80600,MORTGAGE,10,0,1,0,0,0,1,0,0,0,B,9600,,0,0.12,0,3
12417,26,80730,MORTGAGE,7,0,1,0,0,0,1,0,0,0,A,9600,7.29,0,0.12,0,2
12434,24,81000,MORTGAGE,8,0,1,0,0,0,1,0,0,0,B,20000,11.49,0,0.25,0,4
12452,26,81360,MORTGAGE,4,0,1,0,0,0,1,0,0,0,A,6000,7.9,0,0.07,0,4
12467,25,81600,MORTGAGE,10,0,1,0,0,0,1,0,0,0,B,20000,12.18,0,0.25,0,2
12497,25,82000,MORTGAGE,3,0,1,0,0,0,1,0,0,0,B,15000,10.37,0,0.18,0,2
12517,26,82000,MORTGAGE,1,0,1,0,0,0,1,0,0,0,C,20000,13.57,0,0.24,0,2
12526,25,82000,MORTGAGE,2,0,1,0,0,0,1,0,0,0,E,10000,14.93,0,0.12,0,3
12569,25,83000,MORTGAGE,9,0,1,0,0,0,1,0,0,0,B,13000,10.99,0,0.16,0,2
12570,24,83000,MORTGAGE,6,0,1,0,0,0,1,0,0,0,A,10400,5.79,0,0.13,0,3
12610,26,83600,MORTGAGE,2,0,1,0,0,0,1,0,0,0,A,13600,7.66,0,0.16,0,3
12652,24,84000,MORTGAGE,8,0,1,0,0,0,1,0,0,0,A,8000,7.51,0,0.1,0,2
12673,26,84000,MORTGAGE,6,0,1,0,0,0,1,0,0,0,C,2150,13.47,0,0.03,0,2
12781,26,85000,MORTGAGE,10,0,1,0,0,0,1,0,0,0,B,11000,11.99,0,0.13,0,4
12822,25,85000,MORTGAGE,6,0,1,0,0,0,1,0,0,0,A,4000,6.54,0,0.05,0,3
12837,25,85000,MORTGAGE,4,0,1,0,0,0,1,0,0,0,A,5000,6.17,0,0.06,0,2
12854,24,85000,MORTGAGE,3,0,1,0,0,0,1,0,0,0,A,12000,7.51,0,0.14,0,4
12861,24,85000,MORTGAGE,2,0,1,0,0,0,1,0,0,0,B,7500,,0,0.09,0,2
12893,24,85000,MORTGAGE,5,0,1,0,0,0,1,0,0,0,B,12000,11.14,0,0.14,0,3
12910,24,73000,MORTGAGE,8,0,1,0,0,0,1,0,0,0,C,9325,12.53,1,0.13,0,2
12928,26,85200,MORTGAGE,10,0,1,0,0,0,1,0,0,0,A,8000,6.03,0,0.09,0,4
12930,25,73248,MORTGAGE,5,0,1,0,0,0,1,0,0,0,B,12000,11.11,1,0.16,0,4
12939,24,85500,MORTGAGE,3,0,1,0,0,0,1,0,0,0,B,12000,11.49,0,0.14,0,4
12966,24,86000,MORTGAGE,8,0,1,0,0,0,1,0,0,0,B,16000,11.12,0,0.19,0,3
12993,23,74400,MORTGAGE,3,0,1,0,0,0,1,0,0,0,A,9000,7.66,1,0.12,0,2
12998,26,86604,MORTGAGE,5,0,1,0,0,0,1,0,0,0,A,4300,7.66,0,0.05,0,2
13027,25,87000,MORTGAGE,10,0,1,0,0,0,1,0,0,0,A,7000,7.51,0,0.08,0,4
13036,24,87000,MORTGAGE,7,0,1,0,0,0,1,0,0,0,B,25000,10.99,0,0.29,0,2
13037,24,87000,MORTGAGE,0,0,1,0,0,0,1,0,0,0,A,12000,8.59,0,0.14,0,3
13076,24,87663,MORTGAGE,5,0,1,0,0,0,1,0,0,0,B,14400,,0,0.16,0,2
13077,24,87700,MORTGAGE,8,0,1,0,0,0,1,0,0,0,B,25000,10.25,0,0.29,0,4
13100,24,88000,MORTGAGE,8,0,1,0,0,0,1,0,0,0,D,25000,14.54,0,0.28,0,2
13101,26,88000,MORTGAGE,10,0,1,0,0,0,1,0,0,0,A,3800,6.54,0,0.04,0,2
13120,26,88200,MORTGAGE,9,0,1,0,0,0,1,0,0,0,B,3000,10.59,0,0.03,0,4
13150,26,89000,MORTGAGE,10,0,1,0,0,0,1,0,0,0,B,8000,10.99,0,0.09,0,2
13196,25,90000,MORTGAGE,9,0,1,0,0,0,1,0,0,0,B,18000,9.91,0,0.2,0,2
13198,22,78000,MORTGAGE,6,0,1,0,0,0,1,0,0,0,D,25000,16.77,1,0.32,0,2
13220,24,90000,MORTGAGE,8,0,1,0,0,0,1,0,0,0,A,4300,7.9,0,0.05,0,4
13266,26,90000,MORTGAGE,10,0,1,0,0,0,1,0,0,0,B,5175,11.99,0,0.06,0,2
13332,24,90000,MORTGAGE,8,0,1,0,0,0,1,0,0,0,E,24000,17.56,0,0.27,0,3
13373,24,90000,MORTGAGE,4,0,1,0,0,0,1,0,0,0,A,5000,8,0,0.06,0,4
13391,24,90730,MORTGAGE,6,0,1,0,0,0,1,0,0,0,B,8000,,0,0.09,0,2
13404,24,91000,MORTGAGE,8,0,1,0,0,0,1,0,0,0,B,10000,10.99,0,0.11,0,4
13412,24,79000,MORTGAGE,4,0,1,0,0,0,1,0,0,0,D,5000,15.33,1,0.06,0,2
13421,24,91000,MORTGAGE,0,0,1,0,0,0,1,0,0,0,A,1000,7.68,0,0.01,0,3
13490,24,92259,MORTGAGE,4,0,1,0,0,0,1,0,0,0,A,6000,,0,0.07,0,4
13554,26,93450,MORTGAGE,1,0,1,0,0,0,1,0,0,0,B,12000,11.26,0,0.13,0,2
13557,25,93500,MORTGAGE,1,0,1,0,0,0,1,0,0,0,C,14000,12.23,0,0.15,0,4
13574,25,94000,MORTGAGE,9,0,1,0,0,0,1,0,0,0,B,30000,10.65,0,0.32,0,4
13597,25,94500,MORTGAGE,5,0,1,0,0,0,1,0,0,0,B,13500,10,0,0.14,0,2
13604,23,82800,MORTGAGE,1,0,1,0,0,0,1,0,0,0,B,12000,9.76,1,0.14,0,2
13621,24,95000,MORTGAGE,7,0,1,0,0,0,1,0,0,0,B,10000,10.65,0,0.11,0,4
13685,24,95000,MORTGAGE,3,0,1,0,0,0,1,0,0,0,A,18000,7.88,0,0.19,0,2
13726,26,95004,MORTGAGE,10,0,1,0,0,0,1,0,0,0,B,24250,8.88,0,0.26,0,3
13748,25,96000,MORTGAGE,6,0,1,0,0,0,1,0,0,0,C,21000,14.65,0,0.22,0,3
13749,24,96000,MORTGAGE,8,0,1,0,0,0,1,0,0,0,A,35000,7.9,0,0.36,0,4
13759,26,96000,MORTGAGE,10,0,1,0,0,0,1,0,0,0,E,24000,19.42,0,0.25,0,4
13765,24,96000,MORTGAGE,1,0,1,0,0,0,1,0,0,0,B,4800,11.99,0,0.05,0,3
13772,24,96000,MORTGAGE,8,0,1,0,0,0,1,0,0,0,A,11000,5.99,0,0.11,0,2
13799,26,96000,MORTGAGE,0,0,1,0,0,0,1,0,0,0,A,16000,5.79,0,0.17,0,2
13825,26,96000,MORTGAGE,1,0,1,0,0,0,1,0,0,0,B,10000,10.99,0,0.1,0,4
13830,26,96000,MORTGAGE,4,0,1,0,0,0,1,0,0,0,E,20000,16.7,0,0.21,0,4
13873,25,97000,MORTGAGE,9,0,1,0,0,0,1,0,0,0,D,25000,14.59,0,0.26,0,2
13881,24,97000,MORTGAGE,2,0,1,0,0,0,1,0,0,0,C,12000,10.28,0,0.12,0,2
13898,24,98000,MORTGAGE,5,0,1,0,0,0,1,0,0,0,B,10000,11.71,0,0.1,0,3
13909,25,86000,MORTGAGE,9,0,1,0,0,0,1,0,0,0,B,5000,10.36,1,0.06,0,2
13927,25,98000,MORTGAGE,3,0,1,0,0,0,1,0,0,0,B,1000,11.14,0,0.01,0,4
13948,26,98700,MORTGAGE,6,0,1,0,0,0,1,0,0,0,C,9600,13.06,0,0.1,0,3
13972,25,99600,MORTGAGE,1,0,1,0,0,0,1,0,0,0,B,12800,12.42,0,0.13,0,4
13977,24,99750,MORTGAGE,8,0,1,0,0,0,1,0,0,0,B,12000,9.62,0,0.12,0,3
13985,25,99996,MORTGAGE,5,0,1,0,0,0,1,0,0,0,B,12000,10.38,0,0.12,0,4
14011,25,100000,MORTGAGE,9,0,1,0,0,0,1,0,0,0,B,4800,10.65,0,0.05,0,3
14012,25,100000,MORTGAGE,9,0,1,0,0,0,1,0,0,0,A,11650,6.62,0,0.12,0,3
14013,23,88000,MORTGAGE,4,0,1,0,0,0,1,0,0,0,C,8400,14.65,1,0.1,0,4
14046,25,100000,MORTGAGE,9,0,1,0,0,0,1,0,0,0,B,17600,10.59,0,0.18,0,2
14073,24,100000,MORTGAGE,8,0,1,0,0,0,1,0,0,0,A,12000,6.92,0,0.12,0,2
14089,24,100000,MORTGAGE,8,0,1,0,0,0,1,0,0,0,A,10000,6.54,0,0.1,0,3
14090,26,100000,MORTGAGE,11,0,1,0,0,0,1,0,0,0,A,2000,5.42,0,0.02,0,2
14137,24,100000,MORTGAGE,8,0,1,0,0,0,1,0,0,0,D,12000,15.33,0,0.12,0,4
14143,25,100000,MORTGAGE,9,0,1,0,0,0,1,0,0,0,B,25000,11.48,0,0.25,0,3
14192,24,100860,MORTGAGE,8,0,1,0,0,0,1,0,0,0,A,6000,5.99,0,0.06,0,4
14275,24,103000,MORTGAGE,8,0,1,0,0,0,1,0,0,0,B,6400,10.37,0,0.06,0,3
14300,25,104000,MORTGAGE,9,0,1,0,0,0,1,0,0,0,B,14000,10.99,0,0.13,0,3
14331,26,105000,MORTGAGE,2,0,1,0,0,0,1,0,0,0,B,7200,10.65,0,0.07,0,4
14348,24,105000,MORTGAGE,8,0,1,0,0,0,1,0,0,0,C,5600,15.23,0,0.05,0,4
14373,24,105000,MORTGAGE,8,0,1,0,0,0,1,0,0,0,A,10000,7.51,0,0.1,0,3
14449,25,107000,MORTGAGE,10,0,1,0,0,0,1,0,0,0,A,3000,,0,0.03,0,2
14457,23,95000,MORTGAGE,3,0,1,0,0,0,1,0,0,0,F,15000,17.03,1,0.16,0,2
14476,25,108000,MORTGAGE,0,0,1,0,0,0,1,0,0,0,B,21000,11.71,0,0.19,0,4
14483,26,108000,MORTGAGE,9,0,1,0,0,0,1,0,0,0,B,18300,,0,0.17,0,3
14484,26,108000,MORTGAGE,,0,1,0,0,0,1,0,0,0,A,8000,5.42,0,0.07,0,4
14487,26,108000,MORTGAGE,4,0,1,0,0,0,1,0,0,0,B,7200,9.62,0,0.07,0,2
14491,25,108000,MORTGAGE,10,0,1,0,0,0,1,0,0,0,B,24250,10.75,0,0.22,0,2
14501,26,108000,MORTGAGE,7,0,1,0,0,0,1,0,0,0,C,10000,13.57,0,0.09,0,4
14592,26,110000,MORTGAGE,2,0,1,0,0,0,1,0,0,0,B,12000,10.74,0,0.11,0,4
14617,25,110000,MORTGAGE,2,0,1,0,0,0,1,0,0,0,A,15000,7.88,0,0.14,0,2
14622,25,98000,MORTGAGE,9,0,1,0,0,0,1,0,0,0,E,25000,16.45,1,0.26,0,4
14654,22,98000,MORTGAGE,1,0,1,0,0,0,1,0,0,0,A,9000,9.63,1,0.09,0,2
14659,24,98004,MORTGAGE,5,0,1,0,0,0,1,0,0,0,A,2500,8.49,1,0.03,0,3
14660,25,110004,MORTGAGE,9,0,1,0,0,0,1,0,0,0,A,15000,7.66,0,0.14,0,4
14699,25,112000,MORTGAGE,0,0,1,0,0,0,1,0,0,0,A,16000,6.99,0,0.14,0,4
14801,24,115000,MORTGAGE,7,0,1,0,0,0,1,0,0,0,A,1500,6.76,0,0.01,0,4
14826,24,115500,MORTGAGE,8,0,1,0,0,0,1,0,0,0,A,10000,7.75,0,0.09,0,4
14829,25,115731,MORTGAGE,3,0,1,0,0,0,1,0,0,0,A,7200,7.14,0,0.06,0,4
14859,26,117000,MORTGAGE,8,0,1,0,0,0,1,0,0,0,A,6000,7.51,0,0.05,0,4
14873,24,118000,MORTGAGE,8,0,1,0,0,0,1,0,0,0,A,5000,5.42,0,0.04,0,2
14876,25,118000,MORTGAGE,8,0,1,0,0,0,1,0,0,0,A,15000,7.88,0,0.13,0,4
14877,25,118000,MORTGAGE,8,0,1,0,0,0,1,0,0,0,B,25000,11.12,0,0.21,0,2
14920,25,120000,MORTGAGE,5,0,1,0,0,0,1,0,0,0,A,21000,7.9,0,0.17,0,2
14933,24,120000,MORTGAGE,3,0,1,0,0,0,1,0,0,0,D,7000,15.62,0,0.06,0,2
14944,26,108000,MORTGAGE,8,0,1,0,0,0,1,0,0,0,B,15000,11.49,1,0.14,0,3
14974,24,120000,MORTGAGE,8,0,1,0,0,0,1,0,0,0,B,14000,10.74,0,0.12,0,3
14977,25,120000,MORTGAGE,9,0,1,0,0,0,1,0,0,0,B,28000,10.74,0,0.23,0,3
15030,25,120000,MORTGAGE,4,0,1,0,0,0,1,0,0,0,A,6000,6.76,0,0.05,0,3
15055,25,120000,MORTGAGE,0,0,1,0,0,0,1,0,0,0,E,20000,,0,0.17,0,2
15068,23,108000,MORTGAGE,7,0,1,0,0,0,1,0,0,0,B,18000,11.26,1,0.17,0,2
15077,25,120000,MORTGAGE,9,0,1,0,0,0,1,0,0,0,B,20000,11.14,0,0.17,0,4
15079,26,120000,MORTGAGE,7,0,1,0,0,0,1,0,0,0,F,25000,15.76,0,0.21,0,4
15104,25,121680,MORTGAGE,3,0,1,0,0,0,1,0,0,0,B,15000,10.37,0,0.12,0,3
15217,26,125000,MORTGAGE,5,0,1,0,0,0,1,0,0,0,B,7400,12.53,0,0.06,0,2
15222,26,125000,MORTGAGE,6,0,1,0,0,0,1,0,0,0,A,16000,8.94,0,0.13,0,4
15229,25,125000,MORTGAGE,1,0,1,0,0,0,1,0,0,0,D,14000,14.42,0,0.11,0,4
15239,25,125004,MORTGAGE,0,0,1,0,0,0,1,0,0,0,A,15000,7.88,0,0.12,0,3
15246,26,114000,MORTGAGE,4,0,1,0,0,0,1,0,0,0,B,6000,10,1,0.05,0,2
15253,26,126000,MORTGAGE,4,0,1,0,0,0,1,0,0,0,C,7500,13.92,0,0.06,0,3
15265,26,127500,MORTGAGE,7,0,1,0,0,0,1,0,0,0,A,10000,7.51,0,0.08,0,3
15301,25,130000,MORTGAGE,9,0,1,0,0,0,1,0,0,0,B,35000,,0,0.27,0,3
15310,25,130000,MORTGAGE,3,0,1,0,0,0,1,0,0,0,C,8000,13.49,0,0.06,0,4
15315,25,130000,MORTGAGE,5,0,1,0,0,0,1,0,0,0,A,3000,5.42,0,0.02,0,2
15325,24,130000,MORTGAGE,4,0,1,0,0,0,1,0,0,0,B,25000,10.74,0,0.19,0,3
15326,25,130000,MORTGAGE,0,0,1,0,0,0,1,0,0,0,A,6325,6.54,0,0.05,0,3
15331,24,130000,MORTGAGE,8,0,1,0,0,0,1,0,0,0,A,15000,7.88,0,0.12,0,4
15338,25,130000,MORTGAGE,3,0,1,0,0,0,1,0,0,0,B,25000,11.36,0,0.19,0,3
15390,25,120000,MORTGAGE,4,0,1,0,0,0,1,0,0,0,B,25000,10.99,1,0.21,0,2
15397,26,132500,MORTGAGE,1,0,1,0,0,0,1,0,0,0,B,12000,12.69,0,0.09,0,3
15401,26,132750,MORTGAGE,8,0,1,0,0,0,1,0,0,0,B,12000,11.49,0,0.09,0,4
15403,24,133000,MORTGAGE,8,0,1,0,0,0,1,0,0,0,B,3000,11.99,0,0.02,0,4
15414,25,134748,MORTGAGE,4,0,1,0,0,0,1,0,0,0,B,25000,10.75,0,0.19,0,3
15419,24,135000,MORTGAGE,5,0,1,0,0,0,1,0,0,0,A,8800,6.03,0,0.07,0,2
15429,24,135000,MORTGAGE,4,0,1,0,0,0,1,0,0,0,B,10000,,0,0.07,0,3
15501,24,140000,MORTGAGE,5,0,1,0,0,0,1,0,0,0,B,25000,10.74,0,0.18,0,4
15502,24,140000,MORTGAGE,7,0,1,0,0,0,1,0,0,0,A,20000,6.54,0,0.14,0,4
15504,24,140000,MORTGAGE,8,0,1,0,0,0,1,0,0,0,B,25000,10.36,0,0.18,0,2
15517,25,128000,MORTGAGE,4,0,1,0,0,0,1,0,0,0,B,10000,11.58,1,0.08,0,2
15537,24,144000,MORTGAGE,4,0,1,0,0,0,1,0,0,0,A,14700,7.66,0,0.1,0,3
15546,24,145000,MORTGAGE,0,0,1,0,0,0,1,0,0,0,B,7000,10.99,0,0.05,0,3
15550,25,145000,MORTGAGE,9,0,1,0,0,0,1,0,0,0,A,8000,8.49,0,0.06,0,3
15579,26,147000,MORTGAGE,3,0,1,0,0,0,1,0,0,0,A,4100,6.92,0,0.03,0,3
15590,25,136112,MORTGAGE,9,0,1,0,0,0,1,0,0,0,E,15600,19.42,1,0.11,0,2
15633,25,150000,MORTGAGE,3,0,1,0,0,0,1,0,0,0,A,15000,6.54,0,0.1,0,2
15647,25,150000,MORTGAGE,7,0,1,0,0,0,1,0,0,0,B,22000,10.38,0,0.15,0,4
15701,25,155004,MORTGAGE,9,0,1,0,0,0,1,0,0,0,A,10500,7.49,0,0.07,0,2
15707,26,156000,MORTGAGE,2,0,1,0,0,0,1,0,0,0,B,35000,10.65,0,0.22,0,4
15721,26,145000,MORTGAGE,9,0,1,0,0,0,1,0,0,0,B,20000,10.25,1,0.14,0,2
15727,26,159960,MORTGAGE,11,0,1,0,0,0,1,0,0,0,A,18325,7.49,0,0.11,0,3
15752,26,151900,MORTGAGE,10,0,1,0,0,0,1,0,0,0,B,20000,11.26,1,0.13,0,3
15774,26,170000,MORTGAGE,0,0,1,0,0,0,1,0,0,0,B,20000,10.37,0,0.12,0,3
15811,25,180000,MORTGAGE,9,0,1,0,0,0,1,0,0,0,B,6000,12.42,0,0.03,0,4
15814,25,180000,MORTGAGE,9,0,1,0,0,0,1,0,0,0,B,14400,,0,0.08,0,2
15822,25,180488,MORTGAGE,9,0,1,0,0,0,1,0,0,0,C,24000,12.87,0,0.13,0,2
15823,23,168952,MORTGAGE,5,0,1,0,0,0,1,0,0,0,A,12500,8.94,1,0.07,0,2
15829,26,185000,MORTGAGE,10,0,1,0,0,0,1,0,0,0,B,6000,11.12,0,0.03,0,4
15833,25,190000,MORTGAGE,6,0,1,0,0,0,1,0,0,0,A,24000,7.49,0,0.13,0,3
15840,25,195054,MORTGAGE,9,0,1,0,0,0,1,0,0,0,B,10000,10.59,0,0.05,0,2
15846,26,200000,MORTGAGE,10,0,1,0,0,0,1,0,0,0,B,12000,11.71,0,0.06,0,2
15872,25,210000,MORTGAGE,9,0,1,0,0,0,1,0,0,0,B,8000,9.91,0,0.04,0,4
15877,25,225000,MORTGAGE,9,0,1,0,0,0,1,0,0,0,B,21000,11.11,0,0.09,0,3
15891,26,250000,MORTGAGE,11,0,1,0,0,0,1,0,0,0,B,9000,9.99,0,0.04,0,2
15896,25,253000,MORTGAGE,5,0,1,0,0,0,1,0,0,0,F,25000,17.26,1,0.1,0,4
15952,26,7904,MORTGAGE,0,0,1,0,0,0,1,0,0,0,B,500,10.71,0,0.06,0,3
16007,25,216000,MORTGAGE,2,0,1,0,0,0,1,0,0,0,D,25000,16.07,0,0.12,0,2
16067,24,49000,MORTGAGE,0,0,1,0,0,0,1,0,0,0,B,5000,12.18,1,0.1,0,3
16153,24,75000,MORTGAGE,5,0,1,0,0,0,1,0,0,0,A,12000,5.99,0,0.16,0,4
16156,24,74900,MORTGAGE,8,0,1,0,0,0,1,0,0,0,A,3500,6.39,0,0.05,0,3
16157,23,72000,MORTGAGE,6,0,1,0,0,0,1,0,0,0,C,12000,13.61,1,0.17,0,4
16161,24,70000,MORTGAGE,1,0,1,0,0,0,1,0,0,0,B,9000,11.83,0,0.13,0,3
16216,24,82726,MORTGAGE,7,0,1,0,0,0,1,0,0,0,C,20000,,0,0.24,0,4
16235,26,159960,MORTGAGE,11,0,1,0,0,0,1,0,0,0,A,18325,7.49,0,0.11,0,2
16240,24,23500,MORTGAGE,2,0,1,0,0,0,1,0,0,0,B,7000,10.38,0,0.3,0,4
16282,25,150000,MORTGAGE,9,0,1,0,0,0,1,0,0,0,B,20000,8.88,0,0.13,0,4
16306,24,55000,MORTGAGE,8,0,1,0,0,0,1,0,0,0,A,5500,8.59,0,0.1,0,4
16365,24,45000,MORTGAGE,2,0,1,0,0,0,1,0,0,0,B,9200,11.89,0,0.2,0,4
16395,25,36000,MORTGAGE,3,0,1,0,0,0,1,0,0,0,C,7000,12.73,0,0.19,0,4
16414,25,150000,MORTGAGE,9,0,1,0,0,0,1,0,0,0,B,25000,10.37,0,0.17,0,2
16423,26,67000,MORTGAGE,10,0,1,0,0,0,1,0,0,0,B,10000,12.21,0,0.15,0,3
16516,25,38496,MORTGAGE,7,0,1,0,0,0,1,0,0,0,A,8000,6.03,0,0.21,0,3
16555,22,41000,MORTGAGE,6,0,1,0,0,0,1,0,0,0,A,7000,7.9,1,0.17,0,2
16651,26,53826,MORTGAGE,10,0,1,0,0,0,1,0,0,0,C,8500,14.79,1,0.16,0,2
16773,25,54000,MORTGAGE,5,0,1,0,0,0,1,0,0,0,B,5100,9.62,0,0.09,0,4
16787,24,73440,MORTGAGE,7,0,1,0,0,0,1,0,0,0,A,7000,6.99,0,0.1,0,4
16794,24,57000,MORTGAGE,5,0,1,0,0,0,1,0,0,0,A,8000,5.42,0,0.14,0,4
16797,26,89000,MORTGAGE,10,0,1,0,0,0,1,0,0,0,B,8000,10.99,0,0.09,0,3
16830,26,60000,MORTGAGE,8,0,1,0,0,0,1,0,0,0,B,12000,10.65,0,0.2,0,2
16846,26,70000,MORTGAGE,0,0,1,0,0,0,1,0,0,0,D,8000,14.84,0,0.11,0,3
16853,26,63000,MORTGAGE,10,0,1,0,0,0,1,0,0,0,A,3500,7.68,0,0.06,0,4
16872,25,57500,MORTGAGE,5,0,1,0,0,0,1,0,0,0,C,12275,,0,0.21,0,3
16908,25,78000,MORTGAGE,0,0,1,0,0,0,1,0,0,0,B,25000,9.64,0,0.32,0,4
16952,26,32450,MORTGAGE,5,0,1,0,0,0,1,0,0,0,A,3250,6.99,0,0.1,0,2
16977,25,30000,MORTGAGE,3,0,1,0,0,0,1,0,0,0,A,12000,5.99,1,0.4,0,4
16981,25,54996,MORTGAGE,0,0,1,0,0,0,1,0,0,0,A,10000,8.94,0,0.18,0,4
16987,26,20004,MORTGAGE,4,0,1,0,0,0,1,0,0,0,B,3600,,0,0.18,0,4
17043,24,50000,MORTGAGE,2,0,1,0,0,0,1,0,0,0,A,7000,5.42,0,0.14,0,3
17055,26,155142,MORTGAGE,6,0,1,0,0,0,1,0,0,0,D,23000,18.25,0,0.15,0,2
17087,26,44000,MORTGAGE,0,0,1,0,0,0,1,0,0,0,A,8475,6.91,0,0.19,0,4
17091,26,95000,MORTGAGE,10,0,1,0,0,0,1,0,0,0,C,15000,15.96,0,0.16,0,3
17095,25,63000,MORTGAGE,9,0,1,0,0,0,1,0,0,0,A,20000,8.49,0,0.32,0,2
17115,26,80000,MORTGAGE,5,0,1,0,0,0,1,0,0,0,A,3000,8,0,0.04,0,3
17127,25,90000,MORTGAGE,9,0,1,0,0,0,1,0,0,0,A,10000,5.42,0,0.11,0,4
17152,24,62400,MORTGAGE,8,0,1,0,0,0,1,0,0,0,A,4000,8.9,0,0.06,0,4
17160,26,95000,MORTGAGE,0,0,1,0,0,0,1,0,0,0,D,20000,14.96,0,0.21,0,4
17219,24,72000,MORTGAGE,2,0,1,0,0,0,1,0,0,0,A,6000,7.49,0,0.08,0,2
17277,25,80000,MORTGAGE,4,0,1,0,0,0,1,0,0,0,C,15000,12.61,0,0.19,0,2
17327,24,72000,MORTGAGE,5,0,1,0,0,0,1,0,0,0,B,8000,12.21,0,0.11,0,3
17386,26,38000,MORTGAGE,10,0,1,0,0,0,1,0,0,0,D,15000,15.33,0,0.39,0,3
17511,24,70000,MORTGAGE,2,0,1,0,0,0,1,0,0,0,A,17000,7.51,0,0.24,0,4
17574,25,70000,MORTGAGE,6,0,1,0,0,0,1,0,0,0,B,12000,10.37,0,0.17,0,4
17580,24,55000,MORTGAGE,8,0,1,0,0,0,1,0,0,0,A,10000,5.79,0,0.18,0,2
17732,24,42000,MORTGAGE,2,0,1,0,0,0,1,0,0,0,A,7000,8.59,0,0.17,0,3
17742,24,67000,MORTGAGE,2,0,1,0,0,0,1,0,0,0,B,12150,10.37,0,0.18,0,3
17779,23,69000,MORTGAGE,0,0,1,0,0,0,1,0,0,0,D,15000,14.96,1,0.22,0,4
17859,31,400000,MORTGAGE,5,0,1,0,0,0,1,0,0,0,A,28000,7.49,0,0.07,0,6
17876,30,340000,MORTGAGE,2,0,1,0,0,0,1,0,0,0,F,25000,18.3,0,0.07,0,8
17906,35,280000,MORTGAGE,19,0,1,0,0,0,1,0,0,0,C,21600,12.99,0,0.08,0,8
17908,28,280000,MORTGAGE,3,0,1,0,0,0,1,0,0,0,B,20000,11.36,0,0.07,0,5
17914,30,270000,MORTGAGE,7,0,1,0,0,0,1,0,0,0,E,35000,19.69,0,0.13,0,8
17916,30,267000,MORTGAGE,7,0,1,0,0,0,1,0,0,0,B,25000,10.36,0,0.09,0,9
17922,29,260000,MORTGAGE,0,0,1,0,0,0,1,0,0,0,B,20000,10.37,0,0.08,0,9
18009,35,200000,MORTGAGE,0,0,1,0,0,0,1,0,0,0,B,18000,10.99,0,0.09,0,10
18027,30,200000,MORTGAGE,0,0,1,0,0,0,1,0,0,0,A,10000,8.59,0,0.05,0,7
18044,35,192000,MORTGAGE,11,0,1,0,0,0,1,0,0,0,B,10000,11.99,0,0.05,0,9
18049,28,190000,MORTGAGE,1,0,1,0,0,0,1,0,0,0,D,35000,17.49,0,0.18,0,6
18061,33,190000,MORTGAGE,10,0,1,0,0,0,1,0,0,0,D,20000,14.11,0,0.11,0,10
18072,27,186000,MORTGAGE,0,0,1,0,0,0,1,0,0,0,B,3700,10.99,0,0.02,0,5
18129,28,15000,MORTGAGE,0,0,1,0,0,0,1,0,0,0,D,4000,15.37,1,0.27,0,10
18137,30,175000,MORTGAGE,2,0,1,0,0,0,1,0,0,0,A,6000,7.68,0,0.03,0,7
18175,27,165000,MORTGAGE,6,0,1,0,0,0,1,0,0,0,C,35000,12.99,0,0.21,0,9
18176,31,165000,MORTGAGE,3,0,1,0,0,0,1,0,0,0,C,15000,12.61,0,0.09,0,7
18206,27,160000,MORTGAGE,11,0,1,0,0,0,1,0,0,0,A,16000,8.49,0,0.1,0,5
18340,28,20000,MORTGAGE,0,0,1,0,0,0,1,0,0,0,A,5000,8.59,0,0.25,0,7
18367,31,20500,MORTGAGE,4,0,1,0,0,0,1,0,0,0,A,1000,6.76,0,0.05,0,6
18405,27,21403,MORTGAGE,2,0,1,0,0,0,1,0,0,0,B,2100,11.12,0,0.1,0,7
18552,28,24000,MORTGAGE,2,0,1,0,0,0,1,0,0,0,B,9600,11.99,0,0.4,0,8
18607,30,24000,MORTGAGE,7,0,1,0,0,0,1,0,0,0,A,6000,8.94,0,0.25,0,7
18685,28,25000,MORTGAGE,5,0,1,0,0,0,1,0,0,0,C,6000,14.72,0,0.24,0,10
18711,30,25056,MORTGAGE,3,0,1,0,0,0,1,0,0,0,B,2000,12.42,0,0.08,0,7
18746,31,26000,MORTGAGE,1,0,1,0,0,0,1,0,0,0,C,2400,14.27,0,0.09,0,9
18769,31,26010,MORTGAGE,2,0,1,0,0,0,1,0,0,0,B,6500,9.99,0,0.25,0,9
18865,32,28000,MORTGAGE,5,0,1,0,0,0,1,0,0,0,B,7500,10.99,0,0.27,0,6
18905,28,28800,MORTGAGE,2,0,1,0,0,0,1,0,0,0,B,2000,10.59,0,0.07,0,7
18954,31,29766,MORTGAGE,15,0,1,0,0,0,1,0,0,0,A,13900,8.94,0,0.47,0,8
19058,35,30000,MORTGAGE,3,0,1,0,0,0,1,0,0,0,C,10000,13.43,1,0.33,0,7
19072,33,30000,MORTGAGE,17,0,1,0,0,0,1,0,0,0,A,10000,5.79,0,0.33,0,6
19107,29,30000,MORTGAGE,,0,1,0,0,0,1,0,0,0,A,5000,7.51,0,0.17,0,8
19159,29,30000,MORTGAGE,2,0,1,0,0,0,1,0,0,0,C,8000,12.84,0,0.27,0,8
19205,31,30792,MORTGAGE,15,0,1,0,0,0,1,0,0,0,A,5000,8.32,0,0.16,0,9
19223,30,31000,MORTGAGE,14,0,1,0,0,0,1,0,0,0,B,2400,10.65,1,0.08,0,5
19263,27,31200,MORTGAGE,1,0,1,0,0,0,1,0,0,0,A,7500,7.74,0,0.24,0,8
19281,28,32000,MORTGAGE,,0,1,0,0,0,1,0,0,0,D,8575,17.58,1,0.27,0,7
19303,29,32000,MORTGAGE,13,0,1,0,0,0,1,0,0,0,A,8000,5.99,0,0.25,0,7
19305,30,32000,MORTGAGE,4,0,1,0,0,0,1,0,0,0,C,6625,14.79,0,0.21,0,10
19311,34,32000,MORTGAGE,12,0,1,0,0,0,1,0,0,0,A,2275,6.17,0,0.07,0,6
19334,27,32000,MORTGAGE,2,0,1,0,0,0,1,0,0,0,B,14000,11.89,0,0.44,0,7
19351,31,32400,MORTGAGE,14,0,1,0,0,0,1,0,0,0,A,3000,7.49,0,0.09,0,10
19385,33,33000,MORTGAGE,6,0,1,0,0,0,1,0,0,0,A,6000,6.03,0,0.18,0,5
19438,27,33267,MORTGAGE,5,0,1,0,0,0,1,0,0,0,B,3200,12.18,0,0.1,0,6
19442,32,33280,MORTGAGE,6,0,1,0,0,0,1,0,0,0,B,2400,10.59,0,0.07,0,10
19446,28,33400,MORTGAGE,12,0,1,0,0,0,1,0,0,0,A,16700,7.66,0,0.5,0,9
19470,29,33600,MORTGAGE,0,0,1,0,0,0,1,0,0,0,B,6000,11.12,0,0.18,0,7
19473,27,33600,MORTGAGE,,0,1,0,0,0,1,0,0,0,A,6400,7.14,0,0.19,0,10
19476,30,33600,MORTGAGE,12,0,1,0,0,0,1,0,0,0,C,3000,13.48,0,0.09,0,9
19479,31,33600,MORTGAGE,1,0,1,0,0,0,1,0,0,0,B,15250,12.53,0,0.45,0,6
19550,27,34560,MORTGAGE,8,0,1,0,0,0,1,0,0,0,E,10625,16.4,0,0.31,0,7
19598,33,35000,MORTGAGE,3,0,1,0,0,0,1,0,0,0,B,10000,10.99,0,0.29,0,5
19638,27,35000,MORTGAGE,6,0,1,0,0,0,1,0,0,0,C,5000,12.68,0,0.14,0,5
19645,34,35000,MORTGAGE,12,0,1,0,0,0,1,0,0,0,C,5000,13.35,0,0.14,0,9
19654,30,35000,MORTGAGE,2,0,1,0,0,0,1,0,0,0,B,5200,9.88,0,0.15,0,6
19696,30,35004,MORTGAGE,3,0,1,0,0,0,1,0,0,0,B,9500,11.99,0,0.27,0,8
19743,30,36000,MORTGAGE,14,0,1,0,0,0,1,0,0,0,B,7000,10.65,0,0.19,0,5
19744,30,36000,MORTGAGE,3,0,1,0,0,0,1,0,0,0,B,2400,10.65,0,0.07,0,10
19754,30,36000,MORTGAGE,11,0,1,0,0,0,1,0,0,0,B,6000,,0,0.17,0,6
19757,31,36000,MORTGAGE,2,0,1,0,0,0,1,0,0,0,A,4800,7.51,0,0.13,0,5
19765,30,30000,MORTGAGE,3,0,1,0,0,0,1,0,0,0,B,4400,11.99,1,0.15,0,5
19770,32,36000,MORTGAGE,7,0,1,0,0,0,1,0,0,0,A,2600,7.49,0,0.07,0,8
19808,27,36000,MORTGAGE,6,0,1,0,0,0,1,0,0,0,B,13500,10,0,0.38,0,7
19820,27,36000,MORTGAGE,5,0,1,0,0,0,1,0,0,0,B,5500,10.36,0,0.15,0,5
19838,27,36000,MORTGAGE,3,0,1,0,0,0,1,0,0,0,A,10000,7.88,0,0.28,0,6
19873,27,36000,MORTGAGE,3,0,1,0,0,0,1,0,0,0,A,2500,9.63,0,0.07,0,7
19905,33,36500,MORTGAGE,4,0,1,0,0,0,1,0,0,0,A,8500,,0,0.23,0,6
19907,33,36500,MORTGAGE,17,0,1,0,0,0,1,0,0,0,A,3200,7.37,0,0.09,0,6
19909,33,30500,MORTGAGE,1,0,1,0,0,0,1,0,0,0,B,10000,9.33,1,0.33,0,6
19920,31,36900,MORTGAGE,15,0,1,0,0,0,1,0,0,0,B,1600,9.62,0,0.04,0,8
19952,29,37000,MORTGAGE,5,0,1,0,0,0,1,0,0,0,B,4800,10.36,0,0.13,0,7
19955,32,37000,MORTGAGE,11,0,1,0,0,0,1,0,0,0,B,12000,11.86,0,0.32,0,9
20047,35,38000,MORTGAGE,5,0,1,0,0,0,1,0,0,0,A,5000,6.62,0,0.13,0,7
20068,27,32000,MORTGAGE,3,0,1,0,0,0,1,0,0,0,B,4500,9.99,1,0.14,0,8
20119,27,32304,MORTGAGE,6,0,1,0,0,0,1,0,0,0,A,1200,6.76,1,0.04,0,9
20182,35,39000,MORTGAGE,5,0,1,0,0,0,1,0,0,0,B,15000,10.99,0,0.38,0,9
20229,32,39600,MORTGAGE,0,0,1,0,0,0,1,0,0,0,D,1500,15.99,0,0.04,0,8
20244,30,39750,MORTGAGE,3,0,1,0,0,0,1,0,0,0,B,1425,10.37,0,0.04,0,5
20289,27,40000,MORTGAGE,7,0,1,0,0,0,1,0,0,0,B,14675,12.69,0,0.37,0,10
20293,30,40000,MORTGAGE,8,0,1,0,0,0,1,0,0,0,B,8600,10.65,0,0.21,0,6
20303,27,34000,MORTGAGE,6,0,1,0,0,0,1,0,0,0,B,8875,10.65,1,0.26,0,9
20310,31,40000,MORTGAGE,5,0,1,0,0,0,1,0,0,0,A,14000,6.03,0,0.35,0,7
20336,28,40000,MORTGAGE,12,0,1,0,0,0,1,0,0,0,A,15000,5.99,0,0.38,0,9
20338,30,40000,MORTGAGE,5,0,1,0,0,0,1,0,0,0,A,9600,8.49,0,0.24,0,10
20344,28,40000,MORTGAGE,12,0,1,0,0,0,1,0,0,0,A,11200,5.42,0,0.28,0,9
20351,27,40000,MORTGAGE,6,0,1,0,0,0,1,0,0,0,A,4200,5.99,0,0.1,0,5
20353,32,34000,MORTGAGE,4,0,1,0,0,0,1,0,0,0,A,7500,5.99,1,0.22,0,7
20378,31,40000,MORTGAGE,5,0,1,0,0,0,1,0,0,0,B,11000,9.99,0,0.28,0,8
20379,28,34000,MORTGAGE,12,0,1,0,0,0,1,0,0,0,A,3700,6.91,1,0.11,0,8
20401,27,40000,MORTGAGE,4,0,1,0,0,0,1,0,0,0,C,8000,14.72,0,0.2,0,9
20459,33,34000,MORTGAGE,8,0,1,0,0,0,1,0,0,0,D,6000,14.11,1,0.18,0,9
20484,27,40250,MORTGAGE,5,0,1,0,0,0,1,0,0,0,B,5600,,0,0.14,0,7
20500,32,40704,MORTGAGE,9,0,1,0,0,0,1,0,0,0,B,10000,9.63,0,0.25,0,7
20501,31,40740,MORTGAGE,16,0,1,0,0,0,1,0,0,0,A,6400,8.49,0,0.16,0,6
20504,27,40800,MORTGAGE,6,0,1,0,0,0,1,0,0,0,B,8000,12.69,0,0.2,0,6
20511,29,40800,MORTGAGE,0,0,1,0,0,0,1,0,0,0,A,2000,7.74,0,0.05,0,8
20551,30,41000,MORTGAGE,14,0,1,0,0,0,1,0,0,0,B,18000,9.01,0,0.44,0,7
20554,34,41004,MORTGAGE,5,0,1,0,0,0,1,0,0,0,C,16000,11.78,0,0.39,0,5
20595,28,42000,MORTGAGE,5,0,1,0,0,0,1,0,0,0,B,5375,10.65,0,0.13,0,7
20612,27,36000,MORTGAGE,8,0,1,0,0,0,1,0,0,0,A,12500,6.03,1,0.35,0,7
20633,28,42000,MORTGAGE,5,0,1,0,0,0,1,0,0,0,A,6000,5.42,0,0.14,0,9
20648,34,42000,MORTGAGE,18,0,1,0,0,0,1,0,0,0,A,2000,5.79,0,0.05,0,8
20695,27,42000,MORTGAGE,0,0,1,0,0,0,1,0,0,0,A,4200,6.76,0,0.1,0,7
20715,29,42000,MORTGAGE,9,0,1,0,0,0,1,0,0,0,A,2500,7.74,0,0.06,0,7
20806,28,43000,MORTGAGE,12,0,1,0,0,0,1,0,0,0,C,12000,13.48,0,0.28,0,6
20814,28,43000,MORTGAGE,12,0,1,0,0,0,1,0,0,0,A,8000,9.32,0,0.19,0,10
20818,28,37000,MORTGAGE,3,0,1,0,0,0,1,0,0,0,C,6000,12.53,1,0.16,0,9
20829,32,43200,MORTGAGE,7,0,1,0,0,0,1,0,0,0,A,15000,7.91,0,0.35,0,7
20902,30,44000,MORTGAGE,14,0,1,0,0,0,1,0,0,0,A,11000,8,0,0.25,0,5
20922,28,44300,MORTGAGE,12,0,1,0,0,0,1,0,0,0,A,4325,7.49,0,0.1,0,5
20929,29,44400,MORTGAGE,13,0,1,0,0,0,1,0,0,0,B,21000,10.99,0,0.47,0,8
21001,30,45000,MORTGAGE,6,0,1,0,0,0,1,0,0,0,A,7500,7.9,0,0.17,0,5
21004,28,45000,MORTGAGE,12,0,1,0,0,0,1,0,0,0,A,8000,7.49,0,0.18,0,8
21009,27,39000,MORTGAGE,11,0,1,0,0,0,1,0,0,0,E,5000,18.79,1,0.13,0,6
21092,29,45000,MORTGAGE,5,0,1,0,0,0,1,0,0,0,D,8000,15.58,0,0.18,0,9
21095,27,45000,MORTGAGE,0,0,1,0,0,0,1,0,0,0,B,3900,11.36,0,0.09,0,6
21123,27,45000,MORTGAGE,4,0,1,0,0,0,1,0,0,0,A,12000,8.94,0,0.27,0,6
21161,31,39000,MORTGAGE,0,0,1,0,0,0,1,0,0,0,D,12000,13.3,1,0.31,0,7
21182,29,45500,MORTGAGE,6,0,1,0,0,0,1,0,0,0,B,10000,10.65,0,0.22,0,10
21199,27,45600,MORTGAGE,3,0,1,0,0,0,1,0,0,0,A,1450,8.49,0,0.03,0,8
21202,30,45600,MORTGAGE,5,0,1,0,0,0,1,0,0,0,A,5000,7.29,0,0.11,0,8
21290,30,40525,MORTGAGE,8,0,1,0,0,0,1,0,0,0,C,4800,14.65,1,0.12,0,10
21297,32,46700,MORTGAGE,16,0,1,0,0,0,1,0,0,0,A,11325,7.51,0,0.24,0,10
21303,27,46800,MORTGAGE,5,0,1,0,0,0,1,0,0,0,B,6000,9.99,0,0.13,0,7
21306,34,46800,MORTGAGE,1,0,1,0,0,0,1,0,0,0,B,5525,11.11,0,0.12,0,6
21316,28,47000,MORTGAGE,5,0,1,0,0,0,1,0,0,0,B,9000,12.42,0,0.19,0,8
21339,31,47000,MORTGAGE,5,0,1,0,0,0,1,0,0,0,B,5000,10.38,0,0.11,0,6
21362,27,47400,MORTGAGE,,0,1,0,0,0,1,0,0,0,A,13500,6.17,0,0.28,0,9
21394,30,48000,MORTGAGE,3,0,1,0,0,0,1,0,0,0,B,9000,12.42,0,0.19,0,7
21423,29,48000,MORTGAGE,4,0,1,0,0,0,1,0,0,0,A,5000,5.99,0,0.1,0,8
21432,27,48000,MORTGAGE,0,0,1,0,0,0,1,0,0,0,B,8000,10.59,0,0.17,0,9
21472,32,48000,MORTGAGE,8,0,1,0,0,0,1,0,0,0,A,5200,5.42,0,0.11,0,5
21474,29,42000,MORTGAGE,2,0,1,0,0,0,1,0,0,0,C,1200,12.98,1,0.03,0,10
21497,29,48000,MORTGAGE,13,0,1,0,0,0,1,0,0,0,B,20000,11.36,0,0.42,0,10
21526,35,48000,MORTGAGE,8,0,1,0,0,0,1,0,0,0,C,2000,11.97,0,0.04,0,9
21527,33,48000,MORTGAGE,2,0,1,0,0,0,1,0,0,0,A,7500,8,0,0.16,0,10
21538,33,48000,MORTGAGE,4,0,1,0,0,0,1,0,0,0,B,5000,,0,0.1,0,10
21578,27,48996,MORTGAGE,0,0,1,0,0,0,1,0,0,0,B,5000,11.83,0,0.1,0,10
21603,30,49200,MORTGAGE,13,0,1,0,0,0,1,0,0,0,A,9250,,0,0.19,0,8
21607,32,49200,MORTGAGE,5,0,1,0,0,0,1,0,0,0,A,5000,7.74,0,0.1,0,10
21630,35,50000,MORTGAGE,5,0,1,0,0,0,1,0,0,0,C,6000,13.49,0,0.12,0,6
21660,35,50000,MORTGAGE,7,0,1,0,0,0,1,0,0,0,A,12000,6.62,0,0.24,0,6
21671,31,50000,MORTGAGE,7,0,1,0,0,0,1,0,0,0,A,4800,6.03,0,0.1,0,5
21707,28,50000,MORTGAGE,13,0,1,0,0,0,1,0,0,0,B,8450,,0,0.17,0,9
21724,30,50000,MORTGAGE,2,0,1,0,0,0,1,0,0,0,B,3000,10.59,0,0.06,0,5
21798,34,50000,MORTGAGE,7,0,1,0,0,0,1,0,0,0,D,5000,,0,0.1,0,10
21818,27,50000,MORTGAGE,2,0,1,0,0,0,1,0,0,0,C,10750,13.48,0,0.21,0,5
21864,30,50000,MORTGAGE,3,0,1,0,0,0,1,0,0,0,B,5000,10.95,0,0.1,0,9
21884,29,50000,MORTGAGE,11,0,1,0,0,0,1,0,0,0,C,4000,10.78,0,0.08,0,5
21969,33,45000,MORTGAGE,17,0,1,0,0,0,1,0,0,0,A,10800,7.51,1,0.24,0,8
21981,30,51000,MORTGAGE,6,0,1,0,0,0,1,0,0,0,A,6600,6.92,0,0.13,0,9
22046,32,52000,MORTGAGE,5,0,1,0,0,0,1,0,0,0,C,20000,,0,0.38,0,9
22052,33,52000,MORTGAGE,4,0,1,0,0,0,1,0,0,0,A,1800,7.51,0,0.03,0,5
22056,27,52000,MORTGAGE,4,0,1,0,0,0,1,0,0,0,A,8000,6.99,0,0.15,0,8
22065,27,52000,MORTGAGE,11,0,1,0,0,0,1,0,0,0,A,6000,7.49,0,0.12,0,8
22067,28,52000,MORTGAGE,5,0,1,0,0,0,1,0,0,0,B,2800,10.99,0,0.05,0,8
22090,29,46000,MORTGAGE,13,0,1,0,0,0,1,0,0,0,B,4800,11.86,1,0.1,0,9
22094,31,52000,MORTGAGE,8,0,1,0,0,0,1,0,0,0,A,6400,7.88,0,0.12,0,10
22125,27,52000,MORTGAGE,2,0,1,0,0,0,1,0,0,0,B,7000,11.89,0,0.13,0,8
22138,32,52500,MORTGAGE,9,0,1,0,0,0,1,0,0,0,C,7000,12.99,0,0.13,0,9
22152,28,52692,MORTGAGE,0,0,1,0,0,0,1,0,0,0,B,4500,11.89,0,0.09,0,8
22155,32,52800,MORTGAGE,2,0,1,0,0,0,1,0,0,0,A,24000,7.51,0,0.45,0,10
22171,28,53000,MORTGAGE,12,0,1,0,0,0,1,0,0,0,B,17050,12.42,0,0.32,0,7
22179,30,53000,MORTGAGE,3,0,1,0,0,0,1,0,0,0,A,12500,6.03,0,0.24,0,7
22180,31,53000,MORTGAGE,15,0,1,0,0,0,1,0,0,0,A,15875,7.9,0,0.3,0,5
22186,28,47000,MORTGAGE,5,0,1,0,0,0,1,0,0,0,B,6000,8.88,1,0.13,0,6
22207,28,53004,MORTGAGE,2,0,1,0,0,0,1,0,0,0,C,10000,12.98,0,0.19,0,10
22210,29,53004,MORTGAGE,2,0,1,0,0,0,1,0,0,0,A,15000,9.63,0,0.28,0,10
22217,31,53329,MORTGAGE,6,0,1,0,0,0,1,0,0,0,A,8250,5.99,0,0.15,0,9
22227,29,53590,MORTGAGE,2,0,1,0,0,0,1,0,0,0,B,11225,11.14,0,0.21,0,7
22229,28,53796,MORTGAGE,12,0,1,0,0,0,1,0,0,0,B,7000,9.91,0,0.13,0,8
22234,27,54000,MORTGAGE,1,0,1,0,0,0,1,0,0,0,B,27575,,0,0.51,0,10
22247,34,54000,MORTGAGE,5,0,1,0,0,0,1,0,0,0,A,27000,7.9,0,0.5,0,5
22254,30,54000,MORTGAGE,1,0,1,0,0,0,1,0,0,0,A,4000,6.03,0,0.07,0,5
22299,28,54000,MORTGAGE,11,0,1,0,0,0,1,0,0,0,A,1200,7.51,0,0.02,0,7
22300,34,54000,MORTGAGE,18,0,1,0,0,0,1,0,0,0,A,4000,6.39,0,0.07,0,5
22331,28,54080,MORTGAGE,7,0,1,0,0,0,1,0,0,0,B,13750,11.14,0,0.25,0,7
22372,33,55000,MORTGAGE,7,0,1,0,0,0,1,0,0,0,B,3500,10.65,0,0.06,0,5
22374,30,55000,MORTGAGE,9,0,1,0,0,0,1,0,0,0,B,16000,,0,0.29,0,6
22380,28,55000,MORTGAGE,4,0,1,0,0,0,1,0,0,0,A,20000,6.62,0,0.36,0,10
22381,29,55000,MORTGAGE,9,0,1,0,0,0,1,0,0,0,A,5000,,0,0.09,0,8
22396,34,55000,MORTGAGE,6,0,1,0,0,0,1,0,0,0,C,2500,13.49,0,0.05,0,7
22420,31,55000,MORTGAGE,7,0,1,0,0,0,1,0,0,0,A,12000,7.49,0,0.22,0,5
22469,32,55000,MORTGAGE,4,0,1,0,0,0,1,0,0,0,C,6500,13.98,0,0.12,0,10
22478,31,55000,MORTGAGE,0,0,1,0,0,0,1,0,0,0,B,15000,11.36,0,0.27,0,5
22506,33,55000,MORTGAGE,4,0,1,0,0,0,1,0,0,0,B,8000,11.14,0,0.15,0,9
22612,35,56000,MORTGAGE,1,0,1,0,0,0,1,0,0,0,B,15000,11.26,0,0.27,0,10
22616,30,56004,MORTGAGE,9,0,1,0,0,0,1,0,0,0,A,9600,5.99,0,0.17,0,6
22622,27,56004,MORTGAGE,5,0,1,0,0,0,1,0,0,0,A,5000,7.74,0,0.09,0,7
22630,27,56244,MORTGAGE,11,0,1,0,0,0,1,0,0,0,C,12000,14.22,0,0.21,0,8
22645,30,56628,MORTGAGE,2,0,1,0,0,0,1,0,0,0,A,12000,8.94,0,0.21,0,10
22675,27,51000,MORTGAGE,1,0,1,0,0,0,1,0,0,0,A,10000,6.99,1,0.2,0,5
22697,28,57000,MORTGAGE,12,0,1,0,0,0,1,0,0,0,A,13000,9.63,0,0.23,0,5
22699,29,57000,MORTGAGE,13,0,1,0,0,0,1,0,0,0,A,6000,9.32,0,0.11,0,5
22727,30,57600,MORTGAGE,0,0,1,0,0,0,1,0,0,0,C,6000,14.65,0,0.1,0,8
22732,33,57600,MORTGAGE,3,0,1,0,0,0,1,0,0,0,A,17000,7.66,0,0.3,0,8
22778,34,58000,MORTGAGE,18,0,1,0,0,0,1,0,0,0,A,4000,5.42,0,0.07,0,8
22784,30,58000,MORTGAGE,9,0,1,0,0,0,1,0,0,0,A,3000,5.42,0,0.05,0,9
22799,30,58000,MORTGAGE,2,0,1,0,0,0,1,0,0,0,C,9000,13.23,0,0.16,0,6
22800,27,58000,MORTGAGE,3,0,1,0,0,0,1,0,0,0,A,12000,7.51,0,0.21,0,8
22803,30,58000,MORTGAGE,0,0,1,0,0,0,1,0,0,0,B,4000,11.12,0,0.07,0,6
22814,29,58000,MORTGAGE,13,0,1,0,0,0,1,0,0,0,A,14000,7.51,0,0.24,0,7
22823,31,58000,MORTGAGE,15,0,1,0,0,0,1,0,0,0,A,6000,9.32,0,0.1,0,5
22835,35,58570,MORTGAGE,8,0,1,0,0,0,1,0,0,0,A,11000,7.88,0,0.19,0,9
22858,33,59000,MORTGAGE,6,0,1,0,0,0,1,0,0,0,B,5500,9.91,0,0.09,0,9
22871,29,59000,MORTGAGE,6,0,1,0,0,0,1,0,0,0,A,10000,6.91,0,0.17,0,5
22873,27,59000,MORTGAGE,11,0,1,0,0,0,1,0,0,0,C,16000,13.98,0,0.27,0,10
22896,30,59500,MORTGAGE,15,0,1,0,0,0,1,0,0,0,A,15000,6.54,0,0.25,0,8
22900,28,59700,MORTGAGE,12,0,1,0,0,0,1,0,0,0,B,6000,10.99,0,0.1,0,5
22915,30,60000,MORTGAGE,7,0,1,0,0,0,1,0,0,0,A,4200,,0,0.07,0,5
22929,29,60000,MORTGAGE,,0,1,0,0,0,1,0,0,0,C,14125,13.49,0,0.24,0,6
22933,29,60000,MORTGAGE,2,0,1,0,0,0,1,0,0,0,A,1500,6.03,0,0.03,0,9
22939,31,60000,MORTGAGE,2,0,1,0,0,0,1,0,0,0,B,9000,12.69,0,0.15,0,8
22958,35,60000,MORTGAGE,5,0,1,0,0,0,1,0,0,0,B,9000,12.42,0,0.15,0,7
22963,28,60000,MORTGAGE,12,0,1,0,0,0,1,0,0,0,A,20000,7.9,0,0.33,0,7
22967,30,60000,MORTGAGE,5,0,1,0,0,0,1,0,0,0,A,7000,7.49,0,0.12,0,8
22985,28,60000,MORTGAGE,5,0,1,0,0,0,1,0,0,0,A,2500,,0,0.04,0,7
23003,28,60000,MORTGAGE,12,0,1,0,0,0,1,0,0,0,D,3000,17.49,0,0.05,0,8
23028,31,60000,MORTGAGE,5,0,1,0,0,0,1,0,0,0,B,6500,10.99,0,0.11,0,5
23062,29,60000,MORTGAGE,1,0,1,0,0,0,1,0,0,0,A,10000,5.79,0,0.17,0,6
23094,28,60000,MORTGAGE,0,0,1,0,0,0,1,0,0,0,A,7500,5.79,0,0.13,0,8
23098,28,60000,MORTGAGE,4,0,1,0,0,0,1,0,0,0,B,4800,,0,0.08,0,9
23122,27,60000,MORTGAGE,2,0,1,0,0,0,1,0,0,0,B,15000,11.86,0,0.25,0,8
23169,27,60000,MORTGAGE,3,0,1,0,0,0,1,0,0,0,B,10000,12.53,0,0.17,0,10
23176,30,60000,MORTGAGE,0,0,1,0,0,0,1,0,0,0,A,6000,8.94,0,0.1,0,8
23181,29,60000,MORTGAGE,0,0,1,0,0,0,1,0,0,0,B,20000,12.53,0,0.33,0,7
23231,30,54000,MORTGAGE,8,0,1,0,0,0,1,0,0,0,G,24000,18.72,1,0.44,0,8
23239,31,60000,MORTGAGE,4,0,1,0,0,0,1,0,0,0,B,9600,10.08,0,0.16,0,8
23263,28,60589,MORTGAGE,1,0,1,0,0,0,1,0,0,0,B,2650,9.88,0,0.04,0,10
23283,32,55000,MORTGAGE,14,0,1,0,0,0,1,0,0,0,B,16000,10.59,1,0.29,0,7
23299,28,61104,MORTGAGE,2,0,1,0,0,0,1,0,0,0,A,4400,8.9,0,0.07,0,8
23301,31,61104,MORTGAGE,3,0,1,0,0,0,1,0,0,0,B,15000,9.25,0,0.25,0,10
23304,29,61200,MORTGAGE,,0,1,0,0,0,1,0,0,0,A,17000,6.03,0,0.28,0,10
23307,32,61200,MORTGAGE,,0,1,0,0,0,1,0,0,0,A,15000,6.99,0,0.25,0,10
23310,27,61200,MORTGAGE,,0,1,0,0,0,1,0,0,0,B,5700,11.12,0,0.09,0,6
23317,35,61440,MORTGAGE,7,0,1,0,0,0,1,0,0,0,A,3500,7.9,0,0.06,0,9
23319,34,61476,MORTGAGE,12,0,1,0,0,0,1,0,0,0,A,9200,7.74,0,0.15,0,7
23323,27,61500,MORTGAGE,3,0,1,0,0,0,1,0,0,0,B,6000,10.99,0,0.1,0,7
23345,29,62000,MORTGAGE,9,0,1,0,0,0,1,0,0,0,A,9000,6.62,0,0.15,0,7
23349,34,62000,MORTGAGE,18,0,1,0,0,0,1,0,0,0,B,28000,11.71,0,0.45,0,10
23352,27,62000,MORTGAGE,2,0,1,0,0,0,1,0,0,0,A,5000,5.42,0,0.08,0,5
23370,27,56000,MORTGAGE,2,0,1,0,0,0,1,0,0,0,A,10000,6.91,1,0.18,0,8
23378,31,62000,MORTGAGE,4,0,1,0,0,0,1,0,0,0,B,17000,,0,0.27,0,10
23402,27,62000,MORTGAGE,1,0,1,0,0,0,1,0,0,0,B,3275,9.33,0,0.05,0,8
23415,30,62400,MORTGAGE,2,0,1,0,0,0,1,0,0,0,A,6000,6.03,0,0.1,0,10
23465,34,57000,MORTGAGE,6,0,1,0,0,0,1,0,0,0,A,2600,5.99,1,0.05,0,7
23468,28,63000,MORTGAGE,7,0,1,0,0,0,1,0,0,0,C,6400,14.79,0,0.1,0,9
23475,28,63000,MORTGAGE,1,0,1,0,0,0,1,0,0,0,B,11500,9.99,0,0.18,0,8
23488,28,63000,MORTGAGE,1,0,1,0,0,0,1,0,0,0,C,8000,12.73,0,0.13,0,9
23489,29,63000,MORTGAGE,5,0,1,0,0,0,1,0,0,0,B,5000,11.14,0,0.08,0,9
23492,29,63000,MORTGAGE,6,0,1,0,0,0,1,0,0,0,B,25000,11.48,0,0.4,0,8
23506,27,63344,MORTGAGE,3,0,1,0,0,0,1,0,0,0,B,8000,11.36,0,0.13,0,10
23510,34,63500,MORTGAGE,18,0,1,0,0,0,1,0,0,0,A,5125,8.49,0,0.08,0,5
23515,28,63550,MORTGAGE,12,0,1,0,0,0,1,0,0,0,A,12500,,0,0.2,0,10
23523,30,63830,MORTGAGE,2,0,1,0,0,0,1,0,0,0,E,15000,17.99,0,0.23,0,5
23533,30,64000,MORTGAGE,3,0,1,0,0,0,1,0,0,0,A,10200,6.62,0,0.16,0,8
23557,34,64000,MORTGAGE,2,0,1,0,0,0,1,0,0,0,A,8000,6.91,0,0.13,0,6
23564,32,64000,MORTGAGE,3,0,1,0,0,0,1,0,0,0,A,13000,7.88,0,0.2,0,7
23592,34,58800,MORTGAGE,3,0,1,0,0,0,1,0,0,0,E,17000,17.74,1,0.29,0,10
23608,31,65000,MORTGAGE,15,0,1,0,0,0,1,0,0,0,A,5000,6.03,0,0.08,0,9
23663,29,65000,MORTGAGE,4,0,1,0,0,0,1,0,0,0,A,10000,6.99,0,0.15,0,9
23671,29,65000,MORTGAGE,11,0,1,0,0,0,1,0,0,0,A,7000,,0,0.11,0,10
23673,28,65000,MORTGAGE,4,0,1,0,0,0,1,0,0,0,A,2000,7.49,0,0.03,0,6
23698,29,65000,MORTGAGE,1,0,1,0,0,0,1,0,0,0,A,9600,5.79,0,0.15,0,5
23719,30,65000,MORTGAGE,2,0,1,0,0,0,1,0,0,0,D,4000,15.21,0,0.06,0,7
23732,27,65000,MORTGAGE,7,0,1,0,0,0,1,0,0,0,B,12000,11.36,0,0.18,0,8
23742,29,65000,MORTGAGE,9,0,1,0,0,0,1,0,0,0,A,11500,7.51,0,0.18,0,10
23747,27,65000,MORTGAGE,7,0,1,0,0,0,1,0,0,0,C,4500,13.92,0,0.07,0,7
23754,29,65000,MORTGAGE,0,0,1,0,0,0,1,0,0,0,A,10000,8.94,0,0.15,0,9
23772,33,65000,MORTGAGE,4,0,1,0,0,0,1,0,0,0,B,16800,9.76,0,0.26,0,6
23800,27,65304,MORTGAGE,6,0,1,0,0,0,1,0,0,0,A,5300,7.51,0,0.08,0,10
23805,28,65500,MORTGAGE,11,0,1,0,0,0,1,0,0,0,A,11000,6.03,0,0.17,0,8
23834,28,60000,MORTGAGE,2,0,1,0,0,0,1,0,0,0,A,6500,5.79,1,0.11,0,6
23841,27,60000,MORTGAGE,,0,1,0,0,0,1,0,0,0,C,8400,12.73,1,0.14,0,9
23856,29,66352,MORTGAGE,5,0,1,0,0,0,1,0,0,0,A,7000,7.88,0,0.11,0,5
23857,31,66360,MORTGAGE,8,0,1,0,0,0,1,0,0,0,B,7000,11.86,0,0.11,0,6
23865,27,66500,MORTGAGE,3,0,1,0,0,0,1,0,0,0,B,16000,10.99,0,0.24,0,5
23892,30,67000,MORTGAGE,6,0,1,0,0,0,1,0,0,0,A,10000,6.99,0,0.15,0,6
23900,29,61000,MORTGAGE,9,0,1,0,0,0,1,0,0,0,B,15000,9.88,1,0.25,0,9
23904,29,67000,MORTGAGE,13,0,1,0,0,0,1,0,0,0,A,10000,7.14,0,0.15,0,6
23917,27,67200,MORTGAGE,2,0,1,0,0,0,1,0,0,0,A,10750,6.91,0,0.16,0,6
23921,28,67386,MORTGAGE,11,0,1,0,0,0,1,0,0,0,A,1500,6.91,0,0.02,0,6
23932,29,67992,MORTGAGE,0,0,1,0,0,0,1,0,0,0,A,2000,7.43,0,0.03,0,7
23947,27,68000,MORTGAGE,4,0,1,0,0,0,1,0,0,0,D,30000,15.99,0,0.44,0,7
23960,35,62000,MORTGAGE,9,0,1,0,0,0,1,0,0,0,B,13000,9.25,1,0.21,0,10
23990,34,68340,MORTGAGE,9,0,1,0,0,0,1,0,0,0,B,25000,10.99,0,0.37,0,10
24015,33,69000,MORTGAGE,7,0,1,0,0,0,1,0,0,0,A,4000,5.99,0,0.06,0,7
24026,29,69000,MORTGAGE,5,0,1,0,0,0,1,0,0,0,A,14000,7.51,0,0.2,0,5
24044,34,69500,MORTGAGE,4,0,1,0,0,0,1,0,0,0,B,15000,,0,0.22,0,6
24065,27,69996,MORTGAGE,0,0,1,0,0,0,1,0,0,0,B,6000,10.75,0,0.09,0,10
24068,28,69996,MORTGAGE,1,0,1,0,0,0,1,0,0,0,B,7200,11.83,0,0.1,0,10
24077,30,70000,MORTGAGE,6,0,1,0,0,0,1,0,0,0,B,18000,,0,0.26,0,7
24093,27,70000,MORTGAGE,3,0,1,0,0,0,1,0,0,0,A,5200,7.51,0,0.07,0,10
24102,30,70000,MORTGAGE,6,0,1,0,0,0,1,0,0,0,B,12800,,0,0.18,0,7
24117,35,70000,MORTGAGE,14,0,1,0,0,0,1,0,0,0,B,20000,11.49,0,0.29,0,10
24140,28,70000,MORTGAGE,13,0,1,0,0,0,1,0,0,0,A,5000,6.99,0,0.07,0,7
24143,29,70000,MORTGAGE,12,0,1,0,0,0,1,0,0,0,A,7000,7.66,0,0.1,0,10
24168,27,70000,MORTGAGE,4,0,1,0,0,0,1,0,0,0,D,8000,14.46,0,0.11,0,7
24173,30,70000,MORTGAGE,6,0,1,0,0,0,1,0,0,0,A,10200,6.91,0,0.15,0,8
24180,32,70000,MORTGAGE,16,0,1,0,0,0,1,0,0,0,A,9000,7.14,0,0.13,0,10
24228,28,70000,MORTGAGE,4,0,1,0,0,0,1,0,0,0,B,20000,12.18,0,0.29,0,6
24260,27,70200,MORTGAGE,9,0,1,0,0,0,1,0,0,0,A,6000,7.29,0,0.09,0,5
24285,32,71000,MORTGAGE,10,0,1,0,0,0,1,0,0,0,A,14000,6.99,0,0.2,0,8
24288,33,71000,MORTGAGE,10,0,1,0,0,0,1,0,0,0,A,10000,5.79,0,0.14,0,9
24313,28,71500,MORTGAGE,13,0,1,0,0,0,1,0,0,0,B,15000,11.49,0,0.21,0,7
24314,35,71500,MORTGAGE,1,0,1,0,0,0,1,0,0,0,B,19200,10.99,0,0.27,0,6
24316,27,71700,MORTGAGE,11,0,1,0,0,0,1,0,0,0,C,9000,13.8,0,0.13,0,5
24322,31,66000,MORTGAGE,11,0,1,0,0,0,1,0,0,0,B,2400,9.91,1,0.04,0,5
24331,30,66000,MORTGAGE,2,0,1,0,0,0,1,0,0,0,B,12000,11.71,1,0.18,0,6
24344,31,72000,MORTGAGE,6,0,1,0,0,0,1,0,0,0,A,9800,6.62,0,0.14,0,8
24345,35,72000,MORTGAGE,3,0,1,0,0,0,1,0,0,0,A,12800,6.62,0,0.18,0,5
24360,30,72000,MORTGAGE,14,0,1,0,0,0,1,0,0,0,B,3000,9.99,0,0.04,0,9
24384,28,72000,MORTGAGE,5,0,1,0,0,0,1,0,0,0,A,12000,6.92,0,0.17,0,7
24403,34,72000,MORTGAGE,10,0,1,0,0,0,1,0,0,0,A,4000,7.14,0,0.06,0,9
24412,28,72000,MORTGAGE,3,0,1,0,0,0,1,0,0,0,B,4000,10.99,0,0.06,0,6
24430,28,72000,MORTGAGE,3,0,1,0,0,0,1,0,0,0,B,10000,10.95,0,0.14,0,7
24438,29,72000,MORTGAGE,9,0,1,0,0,0,1,0,0,0,A,1000,7.68,0,0.01,0,6
24453,31,72500,MORTGAGE,12,0,1,0,0,0,1,0,0,0,B,8875,11.99,0,0.12,0,7
24455,32,72500,MORTGAGE,4,0,1,0,0,0,1,0,0,0,A,4000,5.42,0,0.06,0,10
24462,27,72800,MORTGAGE,7,0,1,0,0,0,1,0,0,0,B,7000,,0,0.1,0,10
24473,31,73000,MORTGAGE,3,0,1,0,0,0,1,0,0,0,B,15000,,0,0.21,0,8
24478,34,73000,MORTGAGE,7,0,1,0,0,0,1,0,0,0,A,20675,,0,0.28,0,7
24479,32,73000,MORTGAGE,5,0,1,0,0,0,1,0,0,0,D,6000,15.62,0,0.08,0,8
24480,32,73000,MORTGAGE,3,0,1,0,0,0,1,0,0,0,A,8500,7.29,0,0.12,0,10
24483,29,73000,MORTGAGE,7,0,1,0,0,0,1,0,0,0,A,12000,7.29,0,0.16,0,10
24513,34,73600,MORTGAGE,10,0,1,0,0,0,1,0,0,0,B,15000,12.42,0,0.2,0,7
24523,32,74000,MORTGAGE,1,0,1,0,0,0,1,0,0,0,A,1200,7.49,0,0.02,0,9
24532,29,74000,MORTGAGE,0,0,1,0,0,0,1,0,0,0,A,9000,7.51,0,0.12,0,10
24553,34,74256,MORTGAGE,1,0,1,0,0,0,1,0,0,0,B,11000,9.25,0,0.15,0,9
24581,28,75000,MORTGAGE,3,0,1,0,0,0,1,0,0,0,A,15000,8.9,0,0.2,0,9
24586,32,75000,MORTGAGE,12,0,1,0,0,0,1,0,0,0,B,12000,10.65,0,0.16,0,5
24607,32,75000,MORTGAGE,4,0,1,0,0,0,1,0,0,0,B,12000,11.71,0,0.16,0,6
24653,27,75000,MORTGAGE,11,0,1,0,0,0,1,0,0,0,A,10000,,0,0.13,0,7
24660,34,75000,MORTGAGE,0,0,1,0,0,0,1,0,0,0,C,20000,13.06,0,0.27,0,8
24670,30,75000,MORTGAGE,0,0,1,0,0,0,1,0,0,0,C,15000,12.98,0,0.2,0,8
24683,28,75000,MORTGAGE,12,0,1,0,0,0,1,0,0,0,A,16000,6.17,0,0.21,0,6
24702,28,75000,MORTGAGE,6,0,1,0,0,0,1,0,0,0,A,10500,,0,0.14,0,9
24707,29,75000,MORTGAGE,11,0,1,0,0,0,1,0,0,0,B,4200,10.99,0,0.06,0,6
24720,27,75000,MORTGAGE,5,0,1,0,0,0,1,0,0,0,E,8500,17.19,0,0.11,0,5
24728,27,75000,MORTGAGE,0,0,1,0,0,0,1,0,0,0,D,23200,,0,0.31,0,9
24734,28,75000,MORTGAGE,3,0,1,0,0,0,1,0,0,0,B,6000,11.48,0,0.08,0,8
24751,30,69000,MORTGAGE,3,0,1,0,0,0,1,0,0,0,C,8500,,1,0.12,0,5
24759,33,75000,MORTGAGE,3,0,1,0,0,0,1,0,0,0,B,15000,12.21,0,0.2,0,10
24762,27,75000,MORTGAGE,1,0,1,0,0,0,1,0,0,0,B,3900,10.51,0,0.05,0,8
24781,35,75573,MORTGAGE,9,0,1,0,0,0,1,0,0,0,B,22000,9.88,0,0.29,0,8
24787,30,75689,MORTGAGE,13,0,1,0,0,0,1,0,0,0,C,10000,13.48,0,0.13,0,8
24807,30,76000,MORTGAGE,5,0,1,0,0,0,1,0,0,0,A,6250,7.88,0,0.08,0,10
24817,30,76080,MORTGAGE,8,0,1,0,0,0,1,0,0,0,B,12000,11.14,0,0.16,0,5
24819,30,76200,MORTGAGE,3,0,1,0,0,0,1,0,0,0,A,3200,8.49,0,0.04,0,7
24829,29,76596,MORTGAGE,14,0,1,0,0,0,1,0,0,0,C,17600,13.16,0,0.23,0,7
24840,31,77000,MORTGAGE,15,0,1,0,0,0,1,0,0,0,B,6000,12.69,0,0.08,0,8
24857,35,77040,MORTGAGE,8,0,1,0,0,0,1,0,0,0,A,5900,5.99,0,0.08,0,7
24865,30,77270,MORTGAGE,9,0,1,0,0,0,1,0,0,0,A,3000,7.74,0,0.04,0,5
24881,28,78000,MORTGAGE,0,0,1,0,0,0,1,0,0,0,A,19700,7.9,0,0.25,0,9
24882,28,78000,MORTGAGE,7,0,1,0,0,0,1,0,0,0,B,10000,9.91,0,0.13,0,5
24892,35,78000,MORTGAGE,9,0,1,0,0,0,1,0,0,0,B,9450,10.99,0,0.12,0,8
24906,27,78000,MORTGAGE,0,0,1,0,0,0,1,0,0,0,A,5000,5.42,0,0.06,0,7
24908,31,78000,MORTGAGE,9,0,1,0,0,0,1,0,0,0,A,5000,5.79,0,0.06,0,10
24910,28,78000,MORTGAGE,12,0,1,0,0,0,1,0,0,0,B,13000,,0,0.17,0,9
24939,30,72000,MORTGAGE,5,0,1,0,0,0,1,0,0,0,B,7500,9.76,1,0.1,0,9
24967,32,79000,MORTGAGE,0,0,1,0,0,0,1,0,0,0,A,7800,,0,0.1,0,8
24974,27,73000,MORTGAGE,0,0,1,0,0,0,1,0,0,0,B,10500,11.83,1,0.14,0,6
24978,30,79000,MORTGAGE,3,0,1,0,0,0,1,0,0,0,A,6000,9.63,0,0.08,0,8
25012,28,80000,MORTGAGE,5,0,1,0,0,0,1,0,0,0,B,9000,12.69,0,0.11,0,6
25039,29,80000,MORTGAGE,14,0,1,0,0,0,1,0,0,0,A,25000,7.49,0,0.31,0,7
25040,34,80000,MORTGAGE,4,0,1,0,0,0,1,0,0,0,B,11000,10.99,0,0.14,0,6
25045,30,80000,MORTGAGE,0,0,1,0,0,0,1,0,0,0,A,11000,,0,0.14,0,6
25051,28,80000,MORTGAGE,6,0,1,0,0,0,1,0,0,0,B,4400,,0,0.06,0,5
25077,31,80000,MORTGAGE,4,0,1,0,0,0,1,0,0,0,C,16000,13.8,0,0.2,0,9
25086,28,80000,MORTGAGE,5,0,1,0,0,0,1,0,0,0,C,15000,14.17,0,0.19,0,8
25087,28,80000,MORTGAGE,0,0,1,0,0,0,1,0,0,0,B,6500,11.11,0,0.08,0,7
25094,33,80000,MORTGAGE,5,0,1,0,0,0,1,0,0,0,D,24000,14.46,0,0.3,0,6
25095,31,80000,MORTGAGE,4,0,1,0,0,0,1,0,0,0,B,12400,9.99,0,0.15,0,6
25103,29,80000,MORTGAGE,14,0,1,0,0,0,1,0,0,0,D,5000,15.21,0,0.06,0,6
25105,29,80000,MORTGAGE,2,0,1,0,0,0,1,0,0,0,A,4500,6.76,0,0.06,0,10
25110,35,80000,MORTGAGE,8,0,1,0,0,0,1,0,0,0,B,15000,,0,0.19,0,9
25114,27,80000,MORTGAGE,3,0,1,0,0,0,1,0,0,0,B,14500,10.75,0,0.18,0,6
25125,30,80000,MORTGAGE,6,0,1,0,0,0,1,0,0,0,B,12000,,0,0.15,0,8
25126,33,80000,MORTGAGE,1,0,1,0,0,0,1,0,0,0,A,6000,7.88,0,0.07,0,10
25154,34,80000,MORTGAGE,4,0,1,0,0,0,1,0,0,0,E,12000,,0,0.15,0,10
25163,28,80000,MORTGAGE,1,0,1,0,0,0,1,0,0,0,D,20000,13.24,0,0.25,0,8
25184,28,74400,MORTGAGE,3,0,1,0,0,0,1,0,0,0,B,20000,,1,0.27,0,8
25190,29,80496,MORTGAGE,2,0,1,0,0,0,1,0,0,0,C,10000,13.72,0,0.12,0,10
25210,28,81000,MORTGAGE,11,0,1,0,0,0,1,0,0,0,A,6000,6.17,0,0.07,0,10
25214,31,81000,MORTGAGE,15,0,1,0,0,0,1,0,0,0,A,7200,9.63,0,0.09,0,8
25222,28,81120,MORTGAGE,5,0,1,0,0,0,1,0,0,0,B,5200,11.49,0,0.06,0,7
25229,31,81600,MORTGAGE,0,0,1,0,0,0,1,0,0,0,C,4000,13.57,0,0.05,0,7
25240,28,82000,MORTGAGE,3,0,1,0,0,0,1,0,0,0,D,25000,16.29,0,0.3,0,5
25259,31,82000,MORTGAGE,15,0,1,0,0,0,1,0,0,0,A,9000,5.42,0,0.11,0,9
25271,35,82008,MORTGAGE,7,0,1,0,0,0,1,0,0,0,A,7200,6.62,0,0.09,0,7
25297,29,83000,MORTGAGE,13,0,1,0,0,0,1,0,0,0,A,7500,8.9,0,0.09,0,6
25311,35,83000,MORTGAGE,17,0,1,0,0,0,1,0,0,0,D,15000,,0,0.18,0,6
25315,35,83004,MORTGAGE,6,0,1,0,0,0,1,0,0,0,A,15000,,0,0.18,0,7
25325,33,83200,MORTGAGE,18,0,1,0,0,0,1,0,0,0,A,13000,6.99,0,0.16,0,7
25355,31,84000,MORTGAGE,12,0,1,0,0,0,1,0,0,0,A,10000,5.99,0,0.12,0,8
25360,29,84000,MORTGAGE,9,0,1,0,0,0,1,0,0,0,A,5900,7.66,0,0.07,0,9
25362,30,84000,MORTGAGE,13,0,1,0,0,0,1,0,0,0,B,12000,11.11,0,0.14,0,9
25384,29,84000,MORTGAGE,1,0,1,0,0,0,1,0,0,0,B,20000,11.83,0,0.24,0,5
25396,28,84500,MORTGAGE,13,0,1,0,0,0,1,0,0,0,C,9600,15.27,0,0.11,0,5
25450,34,85000,MORTGAGE,6,0,1,0,0,0,1,0,0,0,B,24000,11.49,0,0.28,0,7
25466,34,85000,MORTGAGE,,0,1,0,0,0,1,0,0,0,B,6500,9.63,0,0.08,0,7
25473,30,85000,MORTGAGE,0,0,1,0,0,0,1,0,0,0,C,18000,13.06,0,0.21,0,5
25495,33,85000,MORTGAGE,12,0,1,0,0,0,1,0,0,0,A,8000,7.14,0,0.09,0,8
25497,27,85000,MORTGAGE,6,0,1,0,0,0,1,0,0,0,B,5500,11.36,0,0.06,0,9
25500,29,85000,MORTGAGE,2,0,1,0,0,0,1,0,0,0,A,10000,7.88,0,0.12,0,10
25529,32,85000,MORTGAGE,1,0,1,0,0,0,1,0,0,0,C,7500,10.78,0,0.09,0,10
25550,27,86000,MORTGAGE,6,0,1,0,0,0,1,0,0,0,B,4500,10.37,0,0.05,0,6
25563,27,86004,MORTGAGE,8,0,1,0,0,0,1,0,0,0,D,16000,14.42,0,0.19,0,6
25564,29,86028,MORTGAGE,4,0,1,0,0,0,1,0,0,0,E,25000,16.82,0,0.29,0,9
25579,27,86625,MORTGAGE,3,0,1,0,0,0,1,0,0,0,A,14825,,0,0.17,0,9
25580,27,74700,MORTGAGE,7,0,1,0,0,0,1,0,0,0,B,5000,11.49,1,0.07,0,6
25582,32,86800,MORTGAGE,6,0,1,0,0,0,1,0,0,0,A,2800,7.88,0,0.03,0,9
25588,29,87000,MORTGAGE,4,0,1,0,0,0,1,0,0,0,B,15000,10.99,0,0.17,0,5
25608,30,75000,MORTGAGE,9,0,1,0,0,0,1,0,0,0,C,14000,13.79,1,0.19,0,8
25613,27,87360,MORTGAGE,,0,1,0,0,0,1,0,0,0,B,7000,10.36,0,0.08,0,6
25641,28,76000,MORTGAGE,12,0,1,0,0,0,1,0,0,0,A,5000,8.94,1,0.07,0,5
25688,27,90000,MORTGAGE,4,0,1,0,0,0,1,0,0,0,B,20000,12.42,0,0.22,0,10
25689,28,90000,MORTGAGE,13,0,1,0,0,0,1,0,0,0,A,1800,7.51,0,0.02,0,5
25701,30,90000,MORTGAGE,2,0,1,0,0,0,1,0,0,0,B,7000,11.71,0,0.08,0,10
25740,27,90000,MORTGAGE,5,0,1,0,0,0,1,0,0,0,A,15000,7.49,0,0.17,0,5
25745,29,90000,MORTGAGE,14,0,1,0,0,0,1,0,0,0,B,15000,11.11,0,0.17,0,9
25748,34,90000,MORTGAGE,7,0,1,0,0,0,1,0,0,0,A,7000,5.79,0,0.08,0,8
25753,31,90000,MORTGAGE,8,0,1,0,0,0,1,0,0,0,B,18000,11.11,0,0.2,0,10
25771,31,90000,MORTGAGE,13,0,1,0,0,0,1,0,0,0,B,12000,11.49,0,0.13,0,7
25789,28,78000,MORTGAGE,4,0,1,0,0,0,1,0,0,0,B,24000,10.25,1,0.31,0,8
25792,31,90000,MORTGAGE,3,0,1,0,0,0,1,0,0,0,C,12000,13.48,0,0.13,0,10
25801,33,90000,MORTGAGE,0,0,1,0,0,0,1,0,0,0,B,8000,12.53,0,0.09,0,7
25806,28,90000,MORTGAGE,12,0,1,0,0,0,1,0,0,0,C,12000,13.92,0,0.13,0,6
25809,28,78000,MORTGAGE,12,0,1,0,0,0,1,0,0,0,B,24000,11.83,1,0.31,0,7
25822,32,90000,MORTGAGE,8,0,1,0,0,0,1,0,0,0,B,25000,11.58,0,0.28,0,6
25826,35,90000,MORTGAGE,9,0,1,0,0,0,1,0,0,0,C,20000,12.53,0,0.22,0,5
25831,29,78000,MORTGAGE,7,0,1,0,0,0,1,0,0,0,A,18000,9.38,1,0.23,0,6
25842,27,78300,MORTGAGE,11,0,1,0,0,0,1,0,0,0,B,9000,,1,0.11,0,5
25849,28,90700,MORTGAGE,11,0,1,0,0,0,1,0,0,0,A,20000,6.91,0,0.22,0,8
25850,28,90722,MORTGAGE,7,0,1,0,0,0,1,0,0,0,B,18000,10.99,0,0.2,0,5
25858,27,91000,MORTGAGE,2,0,1,0,0,0,1,0,0,0,A,3000,5.99,0,0.03,0,8
25869,29,91080,MORTGAGE,4,0,1,0,0,0,1,0,0,0,D,15600,15.7,0,0.17,0,9
25874,33,79200,MORTGAGE,3,0,1,0,0,0,1,0,0,0,D,25000,15.58,1,0.32,0,5
25889,29,92000,MORTGAGE,4,0,1,0,0,0,1,0,0,0,A,14000,6.03,0,0.15,0,8
25898,29,92000,MORTGAGE,8,0,1,0,0,0,1,0,0,0,A,12000,6.62,0,0.13,0,6
25902,31,92000,MORTGAGE,2,0,1,0,0,0,1,0,0,0,A,3500,5.79,0,0.04,0,6
25903,29,92000,MORTGAGE,3,0,1,0,0,0,1,0,0,0,A,11200,,0,0.12,0,5
25905,34,92000,MORTGAGE,14,0,1,0,0,0,1,0,0,0,B,16000,11.11,0,0.17,0,7
25925,29,92052,MORTGAGE,6,0,1,0,0,0,1,0,0,0,A,6500,,0,0.07,0,9
25936,27,93000,MORTGAGE,11,0,1,0,0,0,1,0,0,0,A,7000,5.42,0,0.08,0,8
25937,30,93000,MORTGAGE,11,0,1,0,0,0,1,0,0,0,C,18000,15.23,0,0.19,0,9
25955,30,93132,MORTGAGE,10,0,1,0,0,0,1,0,0,0,A,2500,5.99,0,0.03,0,6
25960,27,93600,MORTGAGE,0,0,1,0,0,0,1,0,0,0,B,16000,11.58,0,0.17,0,5
25966,35,94000,MORTGAGE,2,0,1,0,0,0,1,0,0,0,A,10000,7.49,0,0.11,0,9
25983,33,94896,MORTGAGE,2,0,1,0,0,0,1,0,0,0,B,3500,11.89,0,0.04,0,7
25993,28,95000,MORTGAGE,12,0,1,0,0,0,1,0,0,0,A,3500,6.03,0,0.04,0,7
25995,31,95000,MORTGAGE,,0,1,0,0,0,1,0,0,0,A,5000,6.03,0,0.05,0,5
26003,30,95000,MORTGAGE,6,0,1,0,0,0,1,0,0,0,B,21000,11.99,0,0.22,0,5
26006,27,95000,MORTGAGE,9,0,1,0,0,0,1,0,0,0,B,25000,10.99,0,0.26,0,5
26022,33,95000,MORTGAGE,4,0,1,0,0,0,1,0,0,0,A,11200,7.29,0,0.12,0,8
26043,35,95000,MORTGAGE,17,0,1,0,0,0,1,0,0,0,B,15000,11.49,0,0.16,0,10
26044,28,95000,MORTGAGE,0,0,1,0,0,0,1,0,0,0,A,5000,7.51,0,0.05,0,5
26047,32,95000,MORTGAGE,13,0,1,0,0,0,1,0,0,0,D,8000,14.84,0,0.08,0,9
26053,32,95000,MORTGAGE,16,0,1,0,0,0,1,0,0,0,A,9000,7.88,0,0.09,0,9
26059,31,95000,MORTGAGE,5,0,1,0,0,0,1,0,0,0,B,15000,11.14,0,0.16,0,5
26061,30,95000,MORTGAGE,6,0,1,0,0,0,1,0,0,0,A,12000,8.94,0,0.13,0,5
26082,28,96000,MORTGAGE,5,0,1,0,0,0,1,0,0,0,D,11250,17.58,0,0.12,0,5
26126,29,96000,MORTGAGE,2,0,1,0,0,0,1,0,0,0,A,10000,,0,0.1,0,5
26128,29,96000,MORTGAGE,5,0,1,0,0,0,1,0,0,0,B,12000,9.88,0,0.13,0,5
26171,33,97000,MORTGAGE,0,0,1,0,0,0,1,0,0,0,D,25000,16,0,0.26,0,6
26172,32,97000,MORTGAGE,6,0,1,0,0,0,1,0,0,0,B,5500,12.18,0,0.06,0,9
26177,27,97200,MORTGAGE,2,0,1,0,0,0,1,0,0,0,A,5500,,0,0.06,0,8
26181,28,97296,MORTGAGE,12,0,1,0,0,0,1,0,0,0,B,6500,12.42,0,0.07,0,8
26197,27,86000,MORTGAGE,4,0,1,0,0,0,1,0,0,0,C,20000,13.43,1,0.23,0,5
26203,29,98000,MORTGAGE,13,0,1,0,0,0,1,0,0,0,B,14000,10.25,0,0.14,0,5
26204,30,98000,MORTGAGE,2,0,1,0,0,0,1,0,0,0,A,5000,7.14,0,0.05,0,5
26237,29,99000,MORTGAGE,1,0,1,0,0,0,1,0,0,0,B,6000,10.25,0,0.06,0,5
26245,29,99780,MORTGAGE,14,0,1,0,0,0,1,0,0,0,B,6000,11.14,0,0.06,0,8
26251,32,99996,MORTGAGE,16,0,1,0,0,0,1,0,0,0,A,7000,7.14,0,0.07,0,9
26258,27,88000,MORTGAGE,11,0,1,0,0,0,1,0,0,0,A,5000,8.9,1,0.06,0,9
26270,27,100000,MORTGAGE,1,0,1,0,0,0,1,0,0,0,A,12000,6.03,0,0.12,0,6
26285,31,100000,MORTGAGE,11,0,1,0,0,0,1,0,0,0,A,8000,6.99,0,0.08,0,7
26298,31,100000,MORTGAGE,5,0,1,0,0,0,1,0,0,0,B,15000,10.59,0,0.15,0,10
26333,31,100000,MORTGAGE,6,0,1,0,0,0,1,0,0,0,C,13000,12.61,0,0.13,0,7
26338,27,100000,MORTGAGE,1,0,1,0,0,0,1,0,0,0,A,20000,6.17,0,0.2,0,7
26339,34,100000,MORTGAGE,8,0,1,0,0,0,1,0,0,0,A,15000,6.17,0,0.15,0,10
26341,30,100000,MORTGAGE,0,0,1,0,0,0,1,0,0,0,A,3600,,0,0.04,0,10
26348,30,100000,MORTGAGE,4,0,1,0,0,0,1,0,0,0,A,2000,,0,0.02,0,5
26363,28,100000,MORTGAGE,13,0,1,0,0,0,1,0,0,0,A,12000,7.88,0,0.12,0,8
26364,29,100000,MORTGAGE,8,0,1,0,0,0,1,0,0,0,B,7000,9.88,0,0.07,0,10
26386,31,100000,MORTGAGE,0,0,1,0,0,0,1,0,0,0,A,15000,9.63,0,0.15,0,7
26399,33,100000,MORTGAGE,1,0,1,0,0,0,1,0,0,0,B,25000,10.39,0,0.25,0,8
26405,27,100000,MORTGAGE,0,0,1,0,0,0,1,0,0,0,A,5000,8.07,0,0.05,0,10
26419,33,101000,MORTGAGE,8,0,1,0,0,0,1,0,0,0,A,5000,7.49,0,0.05,0,7
26434,35,101400,MORTGAGE,11,0,1,0,0,0,1,0,0,0,A,4500,9.32,0,0.04,0,5
26449,31,102000,MORTGAGE,1,0,1,0,0,0,1,0,0,0,C,14400,,0,0.14,0,6
26454,27,102000,MORTGAGE,1,0,1,0,0,0,1,0,0,0,C,15000,12.84,0,0.15,0,7
26458,33,102368,MORTGAGE,6,0,1,0,0,0,1,0,0,0,B,11000,11.14,0,0.11,0,8
26462,27,102500,MORTGAGE,3,0,1,0,0,0,1,0,0,0,B,8000,10.59,0,0.08,0,6
26465,30,102540,MORTGAGE,6,0,1,0,0,0,1,0,0,0,A,1500,7.9,0,0.01,0,5
26496,29,104000,MORTGAGE,6,0,1,0,0,0,1,0,0,0,A,18000,7.66,0,0.17,0,7
26506,27,104525,MORTGAGE,11,0,1,0,0,0,1,0,0,0,A,6000,7.4,0,0.06,0,8
26512,33,105000,MORTGAGE,4,0,1,0,0,0,1,0,0,0,B,26375,9.91,0,0.25,0,9
26519,29,105000,MORTGAGE,,0,1,0,0,0,1,0,0,0,A,3000,5.99,0,0.03,0,6
26528,34,105000,MORTGAGE,2,0,1,0,0,0,1,0,0,0,A,5000,5.42,0,0.05,0,7
26541,29,105000,MORTGAGE,13,0,1,0,0,0,1,0,0,0,A,12000,7.88,0,0.11,0,7
26547,30,105000,MORTGAGE,14,0,1,0,0,0,1,0,0,0,B,13000,10.25,0,0.12,0,9
26551,33,105000,MORTGAGE,12,0,1,0,0,0,1,0,0,0,A,7000,7.74,0,0.07,0,10
26565,27,106000,MORTGAGE,11,0,1,0,0,0,1,0,0,0,B,4000,11.71,0,0.04,0,6
26568,34,106000,MORTGAGE,6,0,1,0,0,0,1,0,0,0,A,7200,7.29,0,0.07,0,8
26569,32,106000,MORTGAGE,12,0,1,0,0,0,1,0,0,0,A,12000,5.79,0,0.11,0,8
26570,31,106000,MORTGAGE,15,0,1,0,0,0,1,0,0,0,B,2400,9.63,0,0.02,0,6
26571,27,106000,MORTGAGE,5,0,1,0,0,0,1,0,0,0,C,24000,13.8,0,0.23,0,10
26602,29,107220,MORTGAGE,9,0,1,0,0,0,1,0,0,0,B,10000,,0,0.09,0,10
26603,28,107364,MORTGAGE,12,0,1,0,0,0,1,0,0,0,A,8000,6.76,0,0.07,0,9
26612,30,108000,MORTGAGE,14,0,1,0,0,0,1,0,0,0,B,5000,10.99,0,0.05,0,5
26613,33,108000,MORTGAGE,17,0,1,0,0,0,1,0,0,0,B,11500,9.99,0,0.11,0,7
26617,27,108000,MORTGAGE,3,0,1,0,0,0,1,0,0,0,A,13750,5.79,0,0.13,0,5
26626,29,108000,MORTGAGE,9,0,1,0,0,0,1,0,0,0,A,11400,9.32,0,0.11,0,5
26644,32,109488,MORTGAGE,16,0,1,0,0,0,1,0,0,0,C,12000,12.09,0,0.11,0,8
26648,27,110000,MORTGAGE,11,0,1,0,0,0,1,0,0,0,A,3600,6.03,0,0.03,0,5
26655,28,110000,MORTGAGE,0,0,1,0,0,0,1,0,0,0,B,6000,10.65,0,0.05,0,8
26669,30,98000,MORTGAGE,6,0,1,0,0,0,1,0,0,0,B,35000,10.59,1,0.36,0,8
26673,29,98000,MORTGAGE,2,0,1,0,0,0,1,0,0,0,B,7925,10.59,1,0.08,0,9
26683,32,110000,MORTGAGE,16,0,1,0,0,0,1,0,0,0,A,6700,6.92,0,0.06,0,7
26693,28,110000,MORTGAGE,8,0,1,0,0,0,1,0,0,0,A,15000,6.54,0,0.14,0,6
26701,28,110000,MORTGAGE,12,0,1,0,0,0,1,0,0,0,B,3500,11.49,0,0.03,0,10
26705,28,110000,MORTGAGE,7,0,1,0,0,0,1,0,0,0,B,10750,11.86,0,0.1,0,9
26720,35,110000,MORTGAGE,3,0,1,0,0,0,1,0,0,0,A,10000,8.59,0,0.09,0,6
26721,31,110000,MORTGAGE,0,0,1,0,0,0,1,0,0,0,C,5000,14.26,0,0.05,0,10
26743,28,110004,MORTGAGE,2,0,1,0,0,0,1,0,0,0,B,15000,,0,0.14,0,6
26747,28,110244,MORTGAGE,3,0,1,0,0,0,1,0,0,0,D,18000,12.17,0,0.16,0,10
26753,31,111000,MORTGAGE,3,0,1,0,0,0,1,0,0,0,A,5150,6.62,0,0.05,0,6
26769,28,112000,MORTGAGE,9,0,1,0,0,0,1,0,0,0,B,15000,11.12,0,0.13,0,7
26783,27,112921,MORTGAGE,11,0,1,0,0,0,1,0,0,0,E,19000,16.35,0,0.17,0,10
26802,34,102000,MORTGAGE,0,0,1,0,0,0,1,0,0,0,C,7200,13.49,1,0.07,0,5
26806,28,114000,MORTGAGE,13,0,1,0,0,0,1,0,0,0,A,26000,8.49,0,0.23,0,5
26833,28,115000,MORTGAGE,11,0,1,0,0,0,1,0,0,0,A,5000,7.51,0,0.04,0,8
26836,32,115000,MORTGAGE,0,0,1,0,0,0,1,0,0,0,A,7200,7.9,0,0.06,0,10
26844,28,115000,MORTGAGE,3,0,1,0,0,0,1,0,0,0,A,25000,7.49,0,0.22,0,6
26854,27,115000,MORTGAGE,3,0,1,0,0,0,1,0,0,0,A,24000,,0,0.21,0,7
26870,28,115000,MORTGAGE,6,0,1,0,0,0,1,0,0,0,A,10000,8,0,0.09,0,8
26893,33,117000,MORTGAGE,17,0,1,0,0,0,1,0,0,0,A,20000,6.17,0,0.17,0,6
26894,31,117000,MORTGAGE,5,0,1,0,0,0,1,0,0,0,A,3600,6.91,0,0.03,0,5
26895,33,117000,MORTGAGE,2,0,1,0,0,0,1,0,0,0,A,18000,,0,0.15,0,8
26903,27,117832,MORTGAGE,4,0,1,0,0,0,1,0,0,0,A,12500,6.17,0,0.11,0,7
26920,34,119000,MORTGAGE,10,0,1,0,0,0,1,0,0,0,A,6000,,0,0.05,0,10
26925,30,119700,MORTGAGE,2,0,1,0,0,0,1,0,0,0,A,9500,8.94,0,0.08,0,10
26948,29,120000,MORTGAGE,2,0,1,0,0,0,1,0,0,0,B,6900,10.65,0,0.06,0,6
26949,27,120000,MORTGAGE,0,0,1,0,0,0,1,0,0,0,A,10000,6.62,0,0.08,0,10
26976,30,120000,MORTGAGE,8,0,1,0,0,0,1,0,0,0,B,3000,11.49,0,0.03,0,8
26980,30,120000,MORTGAGE,3,0,1,0,0,0,1,0,0,0,B,15000,10.99,0,0.13,0,6
26987,32,120000,MORTGAGE,0,0,1,0,0,0,1,0,0,0,A,6600,7.49,0,0.06,0,7
26997,28,120000,MORTGAGE,11,0,1,0,0,0,1,0,0,0,C,5000,13.06,0,0.04,0,5
27001,27,120000,MORTGAGE,11,0,1,0,0,0,1,0,0,0,B,18000,10.74,0,0.15,0,6
27022,32,120000,MORTGAGE,16,0,1,0,0,0,1,0,0,0,B,5600,10.75,0,0.05,0,10
27032,27,120000,MORTGAGE,5,0,1,0,0,0,1,0,0,0,D,25000,15.95,0,0.21,0,9
27043,28,120000,MORTGAGE,12,0,1,0,0,0,1,0,0,0,A,6000,7.74,0,0.05,0,5
27048,29,120000,MORTGAGE,13,0,1,0,0,0,1,0,0,0,A,7000,8.94,0,0.06,0,10
27068,27,120000,MORTGAGE,11,0,1,0,0,0,1,0,0,0,B,10000,11.14,0,0.08,0,6
27076,32,120000,MORTGAGE,16,0,1,0,0,0,1,0,0,0,D,6000,12.17,0,0.05,0,8
27088,27,121000,MORTGAGE,3,0,1,0,0,0,1,0,0,0,A,16800,6.91,0,0.14,0,8
27100,30,122000,MORTGAGE,11,0,1,0,0,0,1,0,0,0,A,11200,5.42,0,0.09,0,9
27103,31,122000,MORTGAGE,3,0,1,0,0,0,1,0,0,0,A,6000,9.38,0,0.05,0,9
27104,32,122004,MORTGAGE,13,0,1,0,0,0,1,0,0,0,A,10000,8.59,0,0.08,0,9
27115,30,111000,MORTGAGE,2,0,1,0,0,0,1,0,0,0,G,12500,19.04,1,0.11,0,8
27121,29,124000,MORTGAGE,11,0,1,0,0,0,1,0,0,0,A,2000,5.42,0,0.02,0,7
27122,34,124000,MORTGAGE,3,0,1,0,0,0,1,0,0,0,A,12000,7.51,0,0.1,0,5
27151,33,125000,MORTGAGE,8,0,1,0,0,0,1,0,0,0,A,10975,6.99,0,0.09,0,9
27156,30,125000,MORTGAGE,14,0,1,0,0,0,1,0,0,0,C,25000,13.8,0,0.2,0,6
27157,29,125000,MORTGAGE,0,0,1,0,0,0,1,0,0,0,A,10000,5.79,0,0.08,0,10
27160,27,125000,MORTGAGE,1,0,1,0,0,0,1,0,0,0,A,24000,6.91,0,0.19,0,8
27194,29,113000,MORTGAGE,5,0,1,0,0,0,1,0,0,0,C,25000,13.16,1,0.22,0,9
27197,30,125000,MORTGAGE,14,0,1,0,0,0,1,0,0,0,A,5750,7.43,0,0.05,0,5
27204,28,126000,MORTGAGE,2,0,1,0,0,0,1,0,0,0,B,12000,11.71,0,0.1,0,7
27209,33,126000,MORTGAGE,17,0,1,0,0,0,1,0,0,0,A,9500,5.42,0,0.08,0,7
27211,29,126000,MORTGAGE,0,0,1,0,0,0,1,0,0,0,A,11000,6.91,0,0.09,0,7
27212,30,114000,MORTGAGE,14,0,1,0,0,0,1,0,0,0,A,15000,6.54,1,0.13,0,6
27216,29,126000,MORTGAGE,11,0,1,0,0,0,1,0,0,0,A,15000,7.88,0,0.12,0,8
27230,33,116000,MORTGAGE,2,0,1,0,0,0,1,0,0,0,C,5000,12.99,1,0.04,0,5
27278,27,130000,MORTGAGE,5,0,1,0,0,0,1,0,0,0,A,15000,5.79,0,0.12,0,7
27286,34,130000,MORTGAGE,5,0,1,0,0,0,1,0,0,0,E,5000,17.56,0,0.04,0,7
27290,27,130000,MORTGAGE,1,0,1,0,0,0,1,0,0,0,B,21000,10.62,0,0.16,0,7
27322,27,120000,MORTGAGE,0,0,1,0,0,0,1,0,0,0,C,10000,12.61,1,0.08,0,6
27327,32,132000,MORTGAGE,16,0,1,0,0,0,1,0,0,0,B,25000,10.99,0,0.19,0,7
27330,35,133000,MORTGAGE,3,0,1,0,0,0,1,0,0,0,D,15000,16.77,0,0.11,0,7
27367,29,135000,MORTGAGE,0,0,1,0,0,0,1,0,0,0,D,18000,14.61,0,0.13,0,8
27382,28,135996,MORTGAGE,12,0,1,0,0,0,1,0,0,0,A,12500,8.59,0,0.09,0,6
27390,28,124886,MORTGAGE,12,0,1,0,0,0,1,0,0,0,B,5000,11.99,1,0.04,0,9
27409,29,139500,MORTGAGE,4,0,1,0,0,0,1,0,0,0,A,15000,,0,0.11,0,5
27410,28,139913,MORTGAGE,7,0,1,0,0,0,1,0,0,0,A,5375,8.94,0,0.04,0,6
27421,28,140000,MORTGAGE,11,0,1,0,0,0,1,0,0,0,B,5000,11.49,0,0.04,0,9
27429,34,128000,MORTGAGE,14,0,1,0,0,0,1,0,0,0,A,12325,8.49,1,0.1,0,5
27431,31,140000,MORTGAGE,2,0,1,0,0,0,1,0,0,0,B,11000,10,0,0.08,0,8
27436,32,140000,MORTGAGE,14,0,1,0,0,0,1,0,0,0,A,12000,,0,0.09,0,8
27440,28,140000,MORTGAGE,4,0,1,0,0,0,1,0,0,0,E,25000,15.95,0,0.18,0,10
27443,32,140000,MORTGAGE,0,0,1,0,0,0,1,0,0,0,A,18000,6.17,0,0.13,0,5
27453,32,140000,MORTGAGE,5,0,1,0,0,0,1,0,0,0,B,20000,11.12,0,0.14,0,9
27456,33,140000,MORTGAGE,2,0,1,0,0,0,1,0,0,0,A,6000,6.76,0,0.04,0,6
27463,27,140000,MORTGAGE,0,0,1,0,0,0,1,0,0,0,C,6000,13.57,0,0.04,0,5
27474,28,141000,MORTGAGE,4,0,1,0,0,0,1,0,0,0,A,9000,7.14,0,0.06,0,8
27484,29,143000,MORTGAGE,2,0,1,0,0,0,1,0,0,0,A,16800,6.17,0,0.12,0,9
27489,30,143500,MORTGAGE,0,0,1,0,0,0,1,0,0,0,B,20000,11.89,0,0.14,0,8
27511,30,145000,MORTGAGE,3,0,1,0,0,0,1,0,0,0,A,9600,7.9,0,0.07,0,6
27535,27,147884,MORTGAGE,4,0,1,0,0,0,1,0,0,0,B,4500,11.49,0,0.03,0,5
27551,35,150000,MORTGAGE,16,0,1,0,0,0,1,0,0,0,A,10000,7.9,0,0.07,0,9
27557,30,138000,MORTGAGE,13,0,1,0,0,0,1,0,0,0,B,10000,10.99,1,0.07,0,10
27587,29,150000,MORTGAGE,9,0,1,0,0,0,1,0,0,0,B,12000,10.62,0,0.08,0,9
27588,29,150000,MORTGAGE,0,0,1,0,0,0,1,0,0,0,C,10700,14.22,0,0.07,0,9
27590,28,150000,MORTGAGE,5,0,1,0,0,0,1,0,0,0,A,15000,7.88,0,0.1,0,6
27605,28,150000,MORTGAGE,12,0,1,0,0,0,1,0,0,0,B,15000,11.89,0,0.1,0,9
27608,28,150000,MORTGAGE,11,0,1,0,0,0,1,0,0,0,A,15000,9.63,0,0.1,0,9
27612,29,150000,MORTGAGE,2,0,1,0,0,0,1,0,0,0,B,16000,11.14,0,0.11,0,7
27629,35,153660,MORTGAGE,3,0,1,0,0,0,1,0,0,0,A,24000,7.9,0,0.16,0,10
27636,31,155000,MORTGAGE,5,0,1,0,0,0,1,0,0,0,A,7000,5.42,0,0.05,0,5
27646,27,156000,MORTGAGE,11,0,1,0,0,0,1,0,0,0,A,5000,6.54,0,0.03,0,8
27655,30,158000,MORTGAGE,6,0,1,0,0,0,1,0,0,0,B,21000,12.42,0,0.13,0,8
27662,27,159600,MORTGAGE,1,0,1,0,0,0,1,0,0,0,B,25000,,0,0.16,0,8
27669,34,160000,MORTGAGE,1,0,1,0,0,0,1,0,0,0,A,23000,6.91,0,0.14,0,10
27675,27,160000,MORTGAGE,4,0,1,0,0,0,1,0,0,0,B,25000,10.99,0,0.16,0,10
27694,27,166000,MORTGAGE,11,0,1,0,0,0,1,0,0,0,E,30000,,0,0.18,0,9
27721,32,175000,MORTGAGE,17,0,1,0,0,0,1,0,0,0,B,24000,,0,0.14,0,7
27724,27,175000,MORTGAGE,11,0,1,0,0,0,1,0,0,0,A,11500,7.51,0,0.07,0,7
27727,29,175000,MORTGAGE,2,0,1,0,0,0,1,0,0,0,A,10000,,0,0.06,0,9
27731,28,176000,MORTGAGE,12,0,1,0,0,0,1,0,0,0,B,25000,10.25,0,0.14,0,6
27736,33,178650,MORTGAGE,5,0,1,0,0,0,1,0,0,0,A,20000,6.99,0,0.11,0,6
27741,27,180000,MORTGAGE,7,0,1,0,0,0,1,0,0,0,A,16000,,0,0.09,0,8
27755,30,189000,MORTGAGE,5,0,1,0,0,0,1,0,0,0,E,16000,16.35,0,0.08,0,8
27762,28,199000,MORTGAGE,12,0,1,0,0,0,1,0,0,0,A,10000,9.32,0,0.05,0,10
27774,33,200000,MORTGAGE,5,0,1,0,0,0,1,0,0,0,B,25000,9.76,0,0.13,0,9
27780,31,201000,MORTGAGE,3,0,1,0,0,0,1,0,0,0,B,15000,11.12,0,0.07,0,9
27792,32,220000,MORTGAGE,13,0,1,0,0,0,1,0,0,0,E,33000,20.3,0,0.15,0,9
27806,27,228000,MORTGAGE,12,0,1,0,0,0,1,0,0,0,A,6000,7.14,0,0.03,0,6
27816,30,223800,MORTGAGE,15,0,1,0,0,0,1,0,0,0,B,25000,11.83,1,0.11,0,9
27818,32,237000,MORTGAGE,14,0,1,0,0,0,1,0,0,0,B,21000,9.2,0,0.09,0,9
27868,31,371000,MORTGAGE,0,0,1,0,0,0,1,0,0,0,A,5875,7.74,0,0.02,0,9
27871,33,410000,MORTGAGE,3,0,1,0,0,0,1,0,0,0,B,35000,10.37,0,0.09,0,5
27878,30,522000,MORTGAGE,11,0,1,0,0,0,1,0,0,0,A,2500,7.43,0,0,0,9
27899,27,150000,MORTGAGE,2,0,1,0,0,0,1,0,0,0,A,18000,,0,0.12,0,7
27924,28,72000,MORTGAGE,9,0,1,0,0,0,1,0,0,0,B,18000,11.89,0,0.25,0,8
27953,29,120000,MORTGAGE,10,0,1,0,0,0,1,0,0,0,A,4700,7.14,0,0.04,0,9
27966,30,58000,MORTGAGE,2,0,1,0,0,0,1,0,0,0,A,13200,,0,0.23,0,5
27975,33,60000,MORTGAGE,1,0,1,0,0,0,1,0,0,0,D,17000,16.07,0,0.28,0,9
27978,29,55000,MORTGAGE,9,0,1,0,0,0,1,0,0,0,A,5000,,0,0.09,0,10
27979,30,72000,MORTGAGE,7,0,1,0,0,0,1,0,0,0,C,9600,14.17,0,0.13,0,9
27989,29,84000,MORTGAGE,1,0,1,0,0,0,1,0,0,0,B,20000,11.83,0,0.24,0,6
28004,29,52000,MORTGAGE,6,0,1,0,0,0,1,0,0,0,B,7800,10.36,0,0.15,0,9
28037,33,140000,MORTGAGE,6,0,1,0,0,0,1,0,0,0,A,13000,7.51,0,0.09,0,9
28041,27,50000,MORTGAGE,3,0,1,0,0,0,1,0,0,0,B,15000,9.88,0,0.3,0,5
28064,27,110000,MORTGAGE,4,0,1,0,0,0,1,0,0,0,A,2500,8.07,0,0.02,0,10
28070,27,49200,MORTGAGE,4,0,1,0,0,0,1,0,0,0,A,2500,5.42,0,0.05,0,10
28081,35,30720,MORTGAGE,4,0,1,0,0,0,1,0,0,0,A,6000,7.49,0,0.2,0,6
28085,30,110000,MORTGAGE,12,0,1,0,0,0,1,0,0,0,B,5000,,0,0.05,0,7
28095,27,92300,MORTGAGE,6,0,1,0,0,0,1,0,0,0,E,17500,17.93,0,0.19,0,5
28120,31,55000,MORTGAGE,9,0,1,0,0,0,1,0,0,0,A,8000,7.49,0,0.15,0,9
28154,29,40000,MORTGAGE,13,0,1,0,0,0,1,0,0,0,B,25000,11.86,0,0.63,0,6
28178,34,47300,MORTGAGE,3,0,1,0,0,0,1,0,0,0,A,12000,7.88,0,0.25,0,10
28184,33,62000,MORTGAGE,3,0,1,0,0,0,1,0,0,0,A,3700,6.39,0,0.06,0,6
28224,28,103992,MORTGAGE,3,0,1,0,0,0,1,0,0,0,B,18000,10.99,0,0.17,0,10
28262,28,30000,MORTGAGE,4,0,1,0,0,0,1,0,0,0,A,3000,6.76,0,0.1,0,9
28319,33,50000,MORTGAGE,7,0,1,0,0,0,1,0,0,0,B,10000,9.99,0,0.2,0,7
28321,30,96000,MORTGAGE,14,0,1,0,0,0,1,0,0,0,A,6000,5.42,0,0.06,0,6
28344,29,95000,MORTGAGE,4,0,1,0,0,0,1,0,0,0,C,2400,13.72,0,0.03,0,8
28366,28,68000,MORTGAGE,7,0,1,0,0,0,1,0,0,0,B,2500,11.71,0,0.04,0,8
28371,34,90000,MORTGAGE,5,0,1,0,0,0,1,0,0,0,B,24250,10.62,0,0.27,0,6
28394,27,40000,MORTGAGE,4,0,1,0,0,0,1,0,0,0,C,8000,14.72,0,0.2,0,7
28407,27,100000,MORTGAGE,1,0,1,0,0,0,1,0,0,0,A,12000,6.03,0,0.12,0,7
28421,34,126000,MORTGAGE,2,0,1,0,0,0,1,0,0,0,B,9600,11.49,0,0.08,0,10
28445,30,57000,MORTGAGE,6,0,1,0,0,0,1,0,0,0,A,4000,8,0,0.07,0,8
28474,28,126000,MORTGAGE,2,0,1,0,0,0,1,0,0,0,B,12000,11.71,0,0.1,0,8
28479,29,260000,MORTGAGE,0,0,1,0,0,0,1,0,0,0,B,20000,10.37,0,0.08,0,6
28489,29,85500,MORTGAGE,3,0,1,0,0,0,1,0,0,0,A,9500,,0,0.11,0,9
28490,27,54000,MORTGAGE,1,0,1,0,0,0,1,0,0,0,B,27575,,0,0.51,0,5
28520,30,55000,MORTGAGE,1,0,1,0,0,0,1,0,0,0,B,6500,10.99,0,0.12,0,7
28548,31,151000,MORTGAGE,1,0,1,0,0,0,1,0,0,0,C,21000,11.97,0,0.14,0,8
28606,27,65000,MORTGAGE,11,0,1,0,0,0,1,0,0,0,A,8000,7.49,0,0.12,0,9
28609,32,140000,MORTGAGE,3,0,1,0,0,0,1,0,0,0,B,5000,10.38,0,0.04,0,10
28624,33,143004,MORTGAGE,17,0,1,0,0,0,1,0,0,0,A,10000,6.99,0,0.07,0,7
28643,28,115000,MORTGAGE,11,0,1,0,0,0,1,0,0,0,A,5000,7.51,0,0.04,0,7
28682,28,90080,MORTGAGE,9,0,1,0,0,0,1,0,0,0,A,5500,7.49,0,0.06,0,6
28702,27,31200,MORTGAGE,1,0,1,0,0,0,1,0,0,0,B,12300,12.53,0,0.39,0,8
28800,29,30000,MORTGAGE,3,0,1,0,0,0,1,0,0,0,A,6000,5.79,0,0.2,0,6
28813,31,54000,MORTGAGE,12,0,1,0,0,0,1,0,0,0,A,15000,8.49,1,0.28,0,5
28827,30,96000,MORTGAGE,8,0,1,0,0,0,1,0,0,0,B,17000,10.62,0,0.18,0,10
28829,29,118374,MORTGAGE,13,0,1,0,0,0,1,0,0,0,C,3500,13.49,0,0.03,0,5
28835,31,58000,MORTGAGE,15,0,1,0,0,0,1,0,0,0,A,8875,,0,0.15,0,5
28864,31,77000,MORTGAGE,4,0,1,0,0,0,1,0,0,0,C,10000,14.65,0,0.13,0,6
28870,35,53500,MORTGAGE,3,0,1,0,0,0,1,0,0,0,B,10000,9.91,0,0.19,0,9
28886,29,92000,MORTGAGE,8,0,1,0,0,0,1,0,0,0,A,12000,6.62,0,0.13,0,8
28897,34,51621,MORTGAGE,5,0,1,0,0,0,1,0,0,0,B,3500,11.49,0,0.07,0,7
28926,32,54000,MORTGAGE,2,0,1,0,0,0,1,0,0,0,B,7125,9.99,1,0.13,0,6
28936,28,30000,MORTGAGE,5,0,1,0,0,0,1,0,0,0,A,15000,,0,0.5,0,8
28939,31,100000,MORTGAGE,0,0,1,0,0,0,1,0,0,0,A,15000,9.63,0,0.15,0,5
28954,31,78000,MORTGAGE,1,0,1,0,0,0,1,0,0,0,C,20000,14.26,1,0.26,0,9
28974,27,62000,MORTGAGE,1,0,1,0,0,0,1,0,0,0,B,3275,9.33,0,0.05,0,8
28997,30,140000,MORTGAGE,2,0,1,0,0,0,1,0,0,0,E,15000,16.35,0,0.11,0,5
29002,34,32000,MORTGAGE,12,0,1,0,0,0,1,0,0,0,A,2275,6.17,0,0.07,0,10
29012,28,42000,MORTGAGE,4,0,1,0,0,0,1,0,0,0,B,10000,10.75,0,0.24,0,6
29015,33,72000,MORTGAGE,0,0,1,0,0,0,1,0,0,0,B,6600,,0,0.09,0,9
29050,28,215662,MORTGAGE,12,0,1,0,0,0,1,0,0,0,B,21000,11.99,0,0.1,0,6
29061,29,50000,MORTGAGE,0,0,1,0,0,0,1,0,0,0,B,3575,11.49,0,0.07,0,6
29069,28,65000,MORTGAGE,3,0,1,0,0,0,1,0,0,0,A,10000,7.49,0,0.15,0,7
29083,27,110000,MORTGAGE,11,0,1,0,0,0,1,0,0,0,A,3600,6.03,0,0.03,0,5
29088,32,110888,MORTGAGE,0,0,1,0,0,0,1,0,0,0,B,10400,9.91,0,0.09,0,7
29119,30,52000,MORTGAGE,4,0,1,0,0,0,1,0,0,0,B,14675,9.63,0,0.28,0,7
29136,36,408000,MORTGAGE,12,0,1,0,0,0,1,0,0,0,A,35000,7.9,0,0.09,0,13
29164,48,228000,MORTGAGE,0,0,1,0,0,0,1,0,0,0,D,25000,15.31,1,0.11,0,13
29170,41,225000,MORTGAGE,13,0,1,0,0,0,1,0,0,0,D,35000,15.62,0,0.16,0,14
29190,37,200000,MORTGAGE,3,0,1,0,0,0,1,0,0,0,B,25000,10.75,0,0.13,0,11
29196,38,192000,MORTGAGE,22,0,1,0,0,0,1,0,0,0,A,5600,7.9,0,0.03,0,14
29206,43,180000,MORTGAGE,5,0,1,0,0,0,1,0,0,0,C,6000,14.27,0,0.03,0,17
29226,41,171194,MORTGAGE,9,0,1,0,0,0,1,0,0,0,B,25000,11.12,0,0.15,0,14
29230,46,170000,MORTGAGE,13,0,1,0,0,0,1,0,0,0,B,7200,9.91,0,0.04,0,12
29240,47,165000,MORTGAGE,2,0,1,0,0,0,1,0,0,0,D,19800,15.65,0,0.12,0,16
29322,40,21408,MORTGAGE,,0,1,0,0,0,1,0,0,0,B,1500,11.12,0,0.07,0,14
29353,38,23868,MORTGAGE,0,0,1,0,0,0,1,0,0,0,B,7750,12.53,1,0.32,0,14
29402,36,25000,MORTGAGE,0,0,1,0,0,0,1,0,0,0,B,3000,8.7,0,0.12,0,12
29442,39,27040,MORTGAGE,0,0,1,0,0,0,1,0,0,0,A,4800,8.59,0,0.18,0,17
29462,48,28000,MORTGAGE,7,0,1,0,0,0,1,0,0,0,A,7500,7.74,0,0.27,0,16
29506,48,30000,MORTGAGE,21,0,1,0,0,0,1,0,0,0,B,2100,12.42,0,0.07,0,14
29526,37,30000,MORTGAGE,15,0,1,0,0,0,1,0,0,0,A,8000,,0,0.27,0,17
29634,43,34000,MORTGAGE,4,0,1,0,0,0,1,0,0,0,A,9800,,0,0.29,0,17
29657,36,35000,MORTGAGE,4,0,1,0,0,0,1,0,0,0,D,7500,16.29,0,0.21,0,16
29676,36,35000,MORTGAGE,2,0,1,0,0,0,1,0,0,0,A,7500,,0,0.21,0,13
29693,36,35256,MORTGAGE,5,0,1,0,0,0,1,0,0,0,A,5000,5.99,0,0.14,0,11
29714,44,36000,MORTGAGE,1,0,1,0,0,0,1,0,0,0,C,12000,13.99,0,0.33,0,12
29732,38,36156,MORTGAGE,1,0,1,0,0,0,1,0,0,0,B,8500,12.21,0,0.24,0,16
29801,44,38400,MORTGAGE,9,0,1,0,0,0,1,0,0,0,A,2500,,0,0.07,0,17
29806,36,38795,MORTGAGE,,0,1,0,0,0,1,0,0,0,B,2000,,0,0.05,0,13
29825,37,39600,MORTGAGE,17,0,1,0,0,0,1,0,0,0,A,6000,,0,0.15,0,17
29832,42,39996,MORTGAGE,2,0,1,0,0,0,1,0,0,0,A,2500,5.42,0,0.06,0,12
29889,38,40246,MORTGAGE,7,0,1,0,0,0,1,0,0,0,A,12000,8.9,0,0.3,0,15
29910,40,41000,MORTGAGE,2,0,1,0,0,0,1,0,0,0,C,6000,12.53,0,0.15,0,11
29930,43,36000,MORTGAGE,,0,1,0,0,0,1,0,0,0,A,4000,6.62,1,0.11,0,16
29962,36,42000,MORTGAGE,16,0,1,0,0,0,1,0,0,0,C,12000,,0,0.29,0,15
29979,48,36655,MORTGAGE,,0,1,0,0,0,1,0,0,0,B,15000,12.69,1,0.41,0,16
29998,39,43000,MORTGAGE,3,0,1,0,0,0,1,0,0,0,A,6250,7.68,0,0.15,0,14
30039,40,45000,MORTGAGE,5,0,1,0,0,0,1,0,0,0,A,3600,6.62,0,0.08,0,13
30040,45,45000,MORTGAGE,14,0,1,0,0,0,1,0,0,0,A,14000,6.62,0,0.31,0,12
30066,36,45000,MORTGAGE,21,0,1,0,0,0,1,0,0,0,B,2000,9.88,0,0.04,0,12
30088,40,45600,MORTGAGE,20,0,1,0,0,0,1,0,0,0,A,7000,6.62,0,0.15,0,17
30104,40,46000,MORTGAGE,5,0,1,0,0,0,1,0,0,0,A,10000,7.9,0,0.22,0,14
30150,37,48000,MORTGAGE,4,0,1,0,0,0,1,0,0,0,A,7000,7.9,0,0.15,0,15
30152,38,48000,MORTGAGE,9,0,1,0,0,0,1,0,0,0,B,7800,10.65,0,0.16,0,12
30155,38,48000,MORTGAGE,3,0,1,0,0,0,1,0,0,0,B,5000,10.65,0,0.1,0,16
30176,40,48000,MORTGAGE,2,0,1,0,0,0,1,0,0,0,D,8000,15.95,0,0.17,0,11
30177,37,48000,MORTGAGE,3,0,1,0,0,0,1,0,0,0,A,3500,7.88,0,0.07,0,15
30186,45,48000,MORTGAGE,8,0,1,0,0,0,1,0,0,0,A,8000,9.63,0,0.17,0,13
30210,44,49510,MORTGAGE,5,0,1,0,0,0,1,0,0,0,B,4000,10.62,0,0.08,0,14
30246,43,50000,MORTGAGE,12,0,1,0,0,0,1,0,0,0,B,5000,10,0,0.1,0,16
30308,36,50400,MORTGAGE,7,0,1,0,0,0,1,0,0,0,A,12700,7.29,0,0.25,0,13
30320,41,51000,MORTGAGE,10,0,1,0,0,0,1,0,0,0,A,14500,8.94,0,0.28,0,11
30325,36,51000,MORTGAGE,4,0,1,0,0,0,1,0,0,0,B,4775,11.14,0,0.09,0,14
30352,36,52000,MORTGAGE,2,0,1,0,0,0,1,0,0,0,A,8000,7.51,0,0.15,0,14
30366,37,52188,MORTGAGE,14,0,1,0,0,0,1,0,0,0,A,10000,5.79,0,0.19,0,17
30369,42,52400,MORTGAGE,14,0,1,0,0,0,1,0,0,0,B,21000,10.38,0,0.4,0,13
30396,39,54000,MORTGAGE,23,0,1,0,0,0,1,0,0,0,B,9000,11.71,0,0.17,0,12
30397,40,54000,MORTGAGE,3,0,1,0,0,0,1,0,0,0,C,6000,13.49,0,0.11,0,11
30399,48,54000,MORTGAGE,1,0,1,0,0,0,1,0,0,0,A,2000,5.99,0,0.04,0,16
30420,37,54996,MORTGAGE,5,0,1,0,0,0,1,0,0,0,A,7000,6.92,0,0.13,0,13
30483,38,55550,MORTGAGE,1,0,1,0,0,0,1,0,0,0,A,22500,7.49,0,0.41,0,12
30493,37,56000,MORTGAGE,2,0,1,0,0,0,1,0,0,0,A,13000,9.63,0,0.23,0,17
30494,39,56004,MORTGAGE,1,0,1,0,0,0,1,0,0,0,B,6000,11.36,0,0.11,0,13
30531,39,57996,MORTGAGE,10,0,1,0,0,0,1,0,0,0,A,8000,7.88,0,0.14,0,16
30541,40,52000,MORTGAGE,6,0,1,0,0,0,1,0,0,0,C,7000,14.65,1,0.13,0,14
30558,36,53000,MORTGAGE,5,0,1,0,0,0,1,0,0,0,C,10000,13.98,1,0.19,0,16
30560,37,59000,MORTGAGE,3,0,1,0,0,0,1,0,0,0,B,9000,10.25,0,0.15,0,13
30568,36,59617,MORTGAGE,14,0,1,0,0,0,1,0,0,0,D,21000,15.62,0,0.35,0,13
30587,40,60000,MORTGAGE,2,0,1,0,0,0,1,0,0,0,A,14400,5.42,0,0.24,0,12
30611,42,60000,MORTGAGE,4,0,1,0,0,0,1,0,0,0,B,8850,10.37,0,0.15,0,16
30641,44,60000,MORTGAGE,4,0,1,0,0,0,1,0,0,0,B,15000,,0,0.25,0,13
30647,43,60000,MORTGAGE,27,0,1,0,0,0,1,0,0,0,B,10000,9.88,0,0.17,0,16
30661,37,60000,MORTGAGE,17,0,1,0,0,0,1,0,0,0,A,6000,9.32,0,0.1,0,16
30707,43,62000,MORTGAGE,11,0,1,0,0,0,1,0,0,0,A,5000,7.88,0,0.08,0,14
30708,38,62000,MORTGAGE,3,0,1,0,0,0,1,0,0,0,A,15000,7.88,0,0.24,0,12
30727,41,62500,MORTGAGE,17,0,1,0,0,0,1,0,0,0,A,5000,8.49,0,0.08,0,15
30737,36,57000,MORTGAGE,11,0,1,0,0,0,1,0,0,0,B,1500,9.62,1,0.03,0,16
30747,36,63599,MORTGAGE,10,0,1,0,0,0,1,0,0,0,A,5200,7.91,0,0.08,0,14
30762,49,64800,MORTGAGE,4,0,1,0,0,0,1,0,0,0,D,6625,18.25,0,0.1,0,16
30793,47,65000,MORTGAGE,21,0,1,0,0,0,1,0,0,0,C,7000,14.35,0,0.11,0,11
30808,41,65000,MORTGAGE,6,0,1,0,0,0,1,0,0,0,B,20000,12.21,0,0.31,0,13
30831,48,66000,MORTGAGE,5,0,1,0,0,0,1,0,0,0,A,12475,6.62,0,0.19,0,11
30845,44,67000,MORTGAGE,28,0,1,0,0,0,1,0,0,0,B,3000,,0,0.04,0,14
30848,39,67000,MORTGAGE,4,0,1,0,0,0,1,0,0,0,B,15000,10.37,0,0.22,0,15
30901,48,70000,MORTGAGE,2,0,1,0,0,0,1,0,0,0,A,21600,7.51,0,0.31,0,11
30915,48,70000,MORTGAGE,31,0,1,0,0,0,1,0,0,0,D,9000,14.54,0,0.13,0,17
30917,40,70000,MORTGAGE,16,0,1,0,0,0,1,0,0,0,A,12000,5.79,0,0.17,0,14
30964,36,72000,MORTGAGE,4,0,1,0,0,0,1,0,0,0,B,13000,,0,0.18,0,13
30967,42,72000,MORTGAGE,20,0,1,0,0,0,1,0,0,0,A,8400,6.62,0,0.12,0,11
30977,39,66000,MORTGAGE,21,0,1,0,0,0,1,0,0,0,E,2000,18.39,1,0.03,0,12
31000,38,72000,MORTGAGE,8,0,1,0,0,0,1,0,0,0,D,5000,12.92,0,0.07,0,16
31020,36,74000,MORTGAGE,9,0,1,0,0,0,1,0,0,0,C,18000,,0,0.24,0,12
31050,38,75000,MORTGAGE,8,0,1,0,0,0,1,0,0,0,B,25000,10.59,0,0.33,0,16
31098,39,76000,MORTGAGE,8,0,1,0,0,0,1,0,0,0,A,5000,6.03,0,0.07,0,14
31102,41,76000,MORTGAGE,17,0,1,0,0,0,1,0,0,0,A,4800,5.42,0,0.06,0,16
31126,39,77256,MORTGAGE,16,0,1,0,0,0,1,0,0,0,B,10000,11.86,0,0.13,0,11
31135,38,78000,MORTGAGE,0,0,1,0,0,0,1,0,0,0,A,3225,5.79,0,0.04,0,13
31153,43,79000,MORTGAGE,3,0,1,0,0,0,1,0,0,0,B,4000,8.88,0,0.05,0,12
31186,46,80000,MORTGAGE,13,0,1,0,0,0,1,0,0,0,D,20000,14.54,0,0.25,0,13
31188,38,80000,MORTGAGE,7,0,1,0,0,0,1,0,0,0,A,10000,7.29,0,0.13,0,16
31194,46,80000,MORTGAGE,3,0,1,0,0,0,1,0,0,0,A,10000,6.17,0,0.13,0,13
31224,36,81000,MORTGAGE,9,0,1,0,0,0,1,0,0,0,C,6000,12.99,0,0.07,0,17
31227,40,81000,MORTGAGE,10,0,1,0,0,0,1,0,0,0,A,20000,6.17,0,0.25,0,14
31229,38,81120,MORTGAGE,5,0,1,0,0,0,1,0,0,0,B,8000,11.12,0,0.1,0,12
31237,41,82000,MORTGAGE,18,0,1,0,0,0,1,0,0,0,A,12000,7.51,0,0.15,0,17
31246,43,83000,MORTGAGE,13,0,1,0,0,0,1,0,0,0,B,3000,9.91,0,0.04,0,17
31247,41,83000,MORTGAGE,6,0,1,0,0,0,1,0,0,0,B,3000,11.83,0,0.04,0,12
31259,38,84000,MORTGAGE,17,0,1,0,0,0,1,0,0,0,A,10800,,0,0.13,0,15
31266,40,84000,MORTGAGE,4,0,1,0,0,0,1,0,0,0,C,17925,14.26,0,0.21,0,16
31274,40,85000,MORTGAGE,4,0,1,0,0,0,1,0,0,0,C,5000,14.27,0,0.06,0,16
31277,37,85000,MORTGAGE,4,0,1,0,0,0,1,0,0,0,B,5500,12.69,0,0.06,0,11
31278,37,85000,MORTGAGE,19,0,1,0,0,0,1,0,0,0,B,10000,9.99,0,0.12,0,16
31279,37,85000,MORTGAGE,17,0,1,0,0,0,1,0,0,0,B,8000,11.99,0,0.09,0,17
31299,47,85000,MORTGAGE,3,0,1,0,0,0,1,0,0,0,A,10000,8.07,0,0.12,0,15
31302,39,86000,MORTGAGE,10,0,1,0,0,0,1,0,0,0,A,8500,6.03,0,0.1,0,11
31307,43,86004,MORTGAGE,2,0,1,0,0,0,1,0,0,0,B,10000,9.99,0,0.12,0,14
31311,43,86044,MORTGAGE,16,0,1,0,0,0,1,0,0,0,A,6500,7.74,0,0.08,0,13
31314,40,86500,MORTGAGE,2,0,1,0,0,0,1,0,0,0,B,10000,10.25,0,0.12,0,16
31331,37,88000,MORTGAGE,20,0,1,0,0,0,1,0,0,0,B,9925,,0,0.11,0,16
31332,41,88000,MORTGAGE,5,0,1,0,0,0,1,0,0,0,A,4000,7.14,0,0.05,0,17
31337,37,88296,MORTGAGE,8,0,1,0,0,0,1,0,0,0,B,15000,10.14,0,0.17,0,14
31357,38,78000,MORTGAGE,6,0,1,0,0,0,1,0,0,0,C,15000,15.27,1,0.19,0,17
31396,40,90996,MORTGAGE,9,0,1,0,0,0,1,0,0,0,A,22000,6.17,0,0.24,0,14
31399,38,91200,MORTGAGE,0,0,1,0,0,0,1,0,0,0,C,9000,12.68,0,0.1,0,16
31400,39,91992,MORTGAGE,0,0,1,0,0,0,1,0,0,0,A,3350,5.42,0,0.04,0,11
31406,41,92000,MORTGAGE,5,0,1,0,0,0,1,0,0,0,B,8000,9.63,0,0.09,0,13
31417,36,94000,MORTGAGE,14,0,1,0,0,0,1,0,0,0,A,4200,5.99,0,0.04,0,12
31433,49,95000,MORTGAGE,2,0,1,0,0,0,1,0,0,0,A,3000,5.42,0,0.03,0,12
31435,37,95000,MORTGAGE,10,0,1,0,0,0,1,0,0,0,C,3250,13.35,0,0.03,0,13
31461,40,96000,MORTGAGE,5,0,1,0,0,0,1,0,0,0,C,3200,,0,0.03,0,17
31477,39,98000,MORTGAGE,0,0,1,0,0,0,1,0,0,0,D,35000,15.99,0,0.36,0,15
31504,37,88000,MORTGAGE,3,0,1,0,0,0,1,0,0,0,B,6000,11.99,1,0.07,0,12
31549,38,104800,MORTGAGE,6,0,1,0,0,0,1,0,0,0,A,14000,6.03,0,0.13,0,11
31562,46,105398,MORTGAGE,9,0,1,0,0,0,1,0,0,0,E,20700,17.43,0,0.2,0,12
31564,36,106000,MORTGAGE,15,0,1,0,0,0,1,0,0,0,A,4025,7.49,0,0.04,0,14
31570,36,107004,MORTGAGE,3,0,1,0,0,0,1,0,0,0,B,13000,11.83,0,0.12,0,15
31575,44,108000,MORTGAGE,12,0,1,0,0,0,1,0,0,0,B,10000,11.11,0,0.09,0,11
31596,49,110000,MORTGAGE,11,0,1,0,0,0,1,0,0,0,A,3000,7.51,0,0.03,0,16
31600,37,110000,MORTGAGE,11,0,1,0,0,0,1,0,0,0,A,12000,7.88,0,0.11,0,16
31603,36,110000,MORTGAGE,9,0,1,0,0,0,1,0,0,0,A,15000,9.63,0,0.14,0,15
31624,44,115000,MORTGAGE,3,0,1,0,0,0,1,0,0,0,B,12000,,0,0.1,0,14
31637,36,117000,MORTGAGE,3,0,1,0,0,0,1,0,0,0,C,20400,13.06,0,0.17,0,11
31638,37,117000,MORTGAGE,15,0,1,0,0,0,1,0,0,0,C,8000,13.06,0,0.07,0,13
31646,45,118000,MORTGAGE,15,0,1,0,0,0,1,0,0,0,B,25000,12.18,0,0.21,0,12
31652,44,120000,MORTGAGE,6,0,1,0,0,0,1,0,0,0,A,4000,,0,0.03,0,14
31658,39,108000,MORTGAGE,3,0,1,0,0,0,1,0,0,0,A,12000,6.99,1,0.11,0,13
31678,36,120000,MORTGAGE,5,0,1,0,0,0,1,0,0,0,B,25000,10.99,0,0.21,0,11
31688,37,120996,MORTGAGE,14,0,1,0,0,0,1,0,0,0,A,4000,7.66,0,0.03,0,15
31698,37,124000,MORTGAGE,4,0,1,0,0,0,1,0,0,0,E,30000,17.99,0,0.24,0,12
31704,45,125000,MORTGAGE,0,0,1,0,0,0,1,0,0,0,A,12000,6.03,0,0.1,0,14
31713,43,125000,MORTGAGE,,0,1,0,0,0,1,0,0,0,A,8800,7.88,0,0.07,0,13
31718,37,125000,MORTGAGE,1,0,1,0,0,0,1,0,0,0,A,8000,9.32,0,0.06,0,15
31726,40,115000,MORTGAGE,16,0,1,0,0,0,1,0,0,0,B,10000,11.11,1,0.09,0,11
31731,38,130000,MORTGAGE,1,0,1,0,0,0,1,0,0,0,B,30000,9.91,0,0.23,0,14
31744,40,132000,MORTGAGE,7,0,1,0,0,0,1,0,0,0,A,7500,7.29,0,0.06,0,15
31752,40,136000,MORTGAGE,5,0,1,0,0,0,1,0,0,0,B,21000,9.99,0,0.15,0,16
31757,43,138000,MORTGAGE,4,0,1,0,0,0,1,0,0,0,A,9900,6.99,0,0.07,0,14
31761,45,140000,MORTGAGE,9,0,1,0,0,0,1,0,0,0,A,7500,6.62,0,0.05,0,15
31762,38,140000,MORTGAGE,13,0,1,0,0,0,1,0,0,0,D,10000,15.62,0,0.07,0,11
31766,45,140000,MORTGAGE,18,0,1,0,0,0,1,0,0,0,A,7000,7.29,0,0.05,0,17
31770,38,140000,MORTGAGE,0,0,1,0,0,0,1,0,0,0,B,25000,9.99,0,0.18,0,12
31772,37,140000,MORTGAGE,15,0,1,0,0,0,1,0,0,0,A,14000,7.51,0,0.1,0,12
31786,36,141600,MORTGAGE,4,0,1,0,0,0,1,0,0,0,B,6000,11.49,0,0.04,0,16
31795,41,144000,MORTGAGE,3,0,1,0,0,0,1,0,0,0,B,25000,10.08,0,0.17,0,11
31802,40,148350,MORTGAGE,11,0,1,0,0,0,1,0,0,0,A,5000,6.03,0,0.03,0,16
31806,42,150000,MORTGAGE,0,0,1,0,0,0,1,0,0,0,A,16000,8.49,0,0.11,0,12
31822,39,138000,MORTGAGE,3,0,1,0,0,0,1,0,0,0,B,20000,11.14,1,0.14,0,12
31834,37,155000,MORTGAGE,11,0,1,0,0,0,1,0,0,0,A,20000,6.54,0,0.13,0,15
31838,37,156000,MORTGAGE,16,0,1,0,0,0,1,0,0,0,A,4000,8.49,0,0.03,0,15
31848,37,160000,MORTGAGE,14,0,1,0,0,0,1,0,0,0,A,10000,7.51,0,0.06,0,13
31863,44,175000,MORTGAGE,9,0,1,0,0,0,1,0,0,0,A,15000,7.66,0,0.09,0,17
31876,47,187000,MORTGAGE,5,0,1,0,0,0,1,0,0,0,A,14000,8.9,0,0.07,0,16
31917,43,780000,MORTGAGE,2,0,1,0,0,0,1,0,0,0,A,1000,8.94,0,0,0,11
31920,36,828000,MORTGAGE,3,0,1,0,0,0,1,0,0,0,B,4200,,0,0.01,0,16
31960,38,81000,MORTGAGE,0,0,1,0,0,0,1,0,0,0,B,11000,10.36,0,0.14,0,14
31973,42,360000,MORTGAGE,11,0,1,0,0,0,1,0,0,0,B,25000,9.99,0,0.07,0,17
32003,47,37000,MORTGAGE,6,0,1,0,0,0,1,0,0,0,A,7400,8,0,0.2,0,15
32007,44,60000,MORTGAGE,4,0,1,0,0,0,1,0,0,0,B,15000,,0,0.25,0,11
32011,42,39996,MORTGAGE,2,0,1,0,0,0,1,0,0,0,A,2500,5.42,0,0.06,0,12
32017,36,120000,MORTGAGE,12,0,1,0,0,0,1,0,0,0,A,14500,5.42,0,0.12,0,13
32076,43,400000,MORTGAGE,5,0,1,0,0,0,1,0,0,0,B,28000,9.91,0,0.07,0,11
32077,40,125000,MORTGAGE,3,0,1,0,0,0,1,0,0,0,A,10200,7.49,0,0.08,0,14
32087,41,54000,MORTGAGE,6,0,1,0,0,0,1,0,0,0,C,5000,13.23,1,0.09,0,12
32126,45,42320,MORTGAGE,6,0,1,0,0,0,1,0,0,0,C,7475,13.49,0,0.18,0,13
32143,44,80000,MORTGAGE,28,0,1,0,0,0,1,0,0,0,D,25000,15.33,0,0.31,0,11
32157,47,53808,MORTGAGE,4,0,1,0,0,0,1,0,0,0,B,15000,11.71,0,0.28,0,16
32165,46,60000,MORTGAGE,1,0,1,0,0,0,1,0,0,0,C,5000,11.72,0,0.08,0,13
32213,44,48000,MORTGAGE,12,0,1,0,0,0,1,0,0,0,B,17500,12.18,0,0.36,0,11
32241,44,38400,MORTGAGE,4,0,1,0,0,0,1,0,0,0,A,6825,8.9,0,0.18,0,11
32263,48,120000,MORTGAGE,18,0,1,0,0,0,1,0,0,0,C,3600,,0,0.03,0,16
32290,40,33000,MORTGAGE,2,0,1,0,0,0,1,0,0,0,B,1000,,0,0.03,0,15
12,21,10000,OWN,2,1,0,0,0,0,1,0,0,0,A,4500,8.63,1,0.45,0,2
45,26,300000,OWN,9,1,0,0,0,0,1,0,0,0,B,10000,10.38,0,0.03,0,4
67,26,260000,OWN,10,1,0,0,0,0,1,0,0,0,B,28000,10.99,0,0.11,0,3
100,24,234000,OWN,8,1,0,0,0,0,1,0,0,0,B,20000,8.88,0,0.09,0,4
190,21,14400,OWN,0,1,0,0,0,0,1,0,0,0,B,3000,,1,0.21,0,4
250,23,14400,OWN,2,1,0,0,0,0,1,0,0,0,E,4000,16.7,1,0.28,0,2
263,21,15000,OWN,0,1,0,0,0,0,1,0,0,0,A,6200,7.9,1,0.41,0,2
267,26,180000,OWN,0,1,0,0,0,0,1,0,0,0,A,10000,8,0,0.06,0,4
317,22,15360,OWN,7,1,0,0,0,0,1,0,0,0,B,2500,12.53,1,0.16,0,3
339,24,15600,OWN,5,1,0,0,0,0,1,0,0,0,A,3300,6.39,1,0.21,0,4
436,22,18000,OWN,1,1,0,0,0,0,1,0,0,0,A,3500,7.49,1,0.19,0,4
447,24,18000,OWN,0,1,0,0,0,0,1,0,0,0,A,6250,6.54,1,0.35,0,4
490,24,18287,OWN,3,1,0,0,0,0,1,0,0,0,B,3000,11.99,1,0.16,0,3
848,24,22800,OWN,3,1,0,0,0,0,1,0,0,0,B,4750,11.36,0,0.21,0,3
1096,24,24468,OWN,,1,0,0,0,0,1,0,0,0,B,5000,10.75,0,0.2,0,3
1181,25,25000,OWN,5,1,0,0,0,0,1,0,0,0,C,2000,14.17,0,0.08,0,3
2019,24,30000,OWN,7,1,0,0,0,0,1,0,0,0,C,10000,12.61,0,0.33,0,3
2024,24,30000,OWN,7,1,0,0,0,0,1,0,0,0,A,15250,6.54,0,0.51,0,3
2843,26,35000,OWN,3,1,0,0,0,0,1,0,0,0,A,4800,6.03,0,0.14,0,2
3596,25,37560,OWN,4,1,0,0,0,0,1,0,0,0,B,5000,10.99,0,0.13,0,3
4256,26,40000,OWN,0,1,0,0,0,0,1,0,0,0,B,10000,11.86,0,0.25,0,4
4322,24,40000,OWN,1,1,0,0,0,0,1,0,0,0,A,9000,8.94,0,0.23,0,3
4328,24,40000,OWN,8,1,0,0,0,0,1,0,0,0,C,7500,13.22,0,0.19,0,3
4508,26,41000,OWN,7,1,0,0,0,0,1,0,0,0,D,9000,,0,0.22,0,4
4525,24,41000,OWN,9,1,0,0,0,0,1,0,0,0,D,10000,15.33,0,0.24,0,4
4862,25,42000,OWN,9,1,0,0,0,0,1,0,0,0,A,8000,9.63,0,0.19,0,2
4889,25,42240,OWN,10,1,0,0,0,0,1,0,0,0,A,8000,6.62,0,0.19,0,4
5119,26,43873,OWN,,1,0,0,0,0,1,0,0,0,D,17500,16.32,0,0.4,0,3
5408,24,45000,OWN,8,1,0,0,0,0,1,0,0,0,A,10000,,0,0.22,0,3
5594,25,45000,OWN,1,1,0,0,0,0,1,0,0,0,C,9000,11.03,0,0.2,0,2
5657,26,45608,OWN,8,1,0,0,0,0,1,0,0,0,A,11000,6.62,0,0.24,0,2
5678,25,45996,OWN,0,1,0,0,0,0,1,0,0,0,A,3850,,0,0.08,0,2
5681,26,45996,OWN,5,1,0,0,0,0,1,0,0,0,A,9225,,0,0.2,0,2
5795,25,40800,OWN,5,1,0,0,0,0,1,0,0,0,E,7000,19.03,1,0.17,0,4
6349,25,49000,OWN,4,1,0,0,0,0,1,0,0,0,A,2500,6.76,0,0.05,0,4
6377,26,49200,OWN,11,1,0,0,0,0,1,0,0,0,B,10750,11.11,0,0.22,0,3
6389,26,49441,OWN,11,1,0,0,0,0,1,0,0,0,A,12000,6.99,0,0.24,0,4
6476,25,50000,OWN,2,1,0,0,0,0,1,0,0,0,B,20000,11.71,0,0.4,0,4
6497,24,50000,OWN,7,1,0,0,0,0,1,0,0,0,B,20000,12.69,0,0.4,0,2
6722,26,50000,OWN,11,1,0,0,0,0,1,0,0,0,B,1800,11.49,0,0.04,0,4
6956,25,50400,OWN,0,1,0,0,0,0,1,0,0,0,D,6000,14.59,0,0.12,0,2
6989,25,50988,OWN,9,1,0,0,0,0,1,0,0,0,B,4200,9.99,0,0.08,0,3
7037,24,51000,OWN,8,1,0,0,0,0,1,0,0,0,A,9000,7.14,0,0.18,0,3
7101,26,51500,OWN,10,1,0,0,0,0,1,0,0,0,A,15000,6.92,0,0.29,0,2
7122,26,51600,OWN,10,1,0,0,0,0,1,0,0,0,B,15000,9.88,0,0.29,0,3
7128,26,51700,OWN,2,1,0,0,0,0,1,0,0,0,A,13200,7.51,0,0.26,0,4
7397,25,53000,OWN,4,1,0,0,0,0,1,0,0,0,B,7200,9.91,0,0.14,0,3
7405,26,53000,OWN,2,1,0,0,0,0,1,0,0,0,B,2500,9.91,0,0.05,0,2
7463,24,53000,OWN,3,1,0,0,0,0,1,0,0,0,A,9800,7.51,0,0.18,0,4
7677,25,54000,OWN,5,1,0,0,0,0,1,0,0,0,B,8000,11.83,0,0.15,0,3
7735,26,54578,OWN,10,1,0,0,0,0,1,0,0,0,B,24250,12.18,0,0.44,0,4
8103,26,55316,OWN,10,1,0,0,0,0,1,0,0,0,A,6000,5.42,0,0.11,0,3
8597,25,59000,OWN,6,1,0,0,0,0,1,0,0,0,A,5000,6.17,0,0.08,0,2
8924,25,60000,OWN,9,1,0,0,0,0,1,0,0,0,A,5000,7.29,0,0.08,0,4
8947,25,60000,OWN,4,1,0,0,0,0,1,0,0,0,A,6500,6.17,0,0.11,0,3
9651,24,63000,OWN,0,1,0,0,0,0,1,0,0,0,A,17600,8.94,0,0.28,0,4
10452,25,68000,OWN,8,1,0,0,0,0,1,0,0,0,B,6000,12.42,0,0.09,0,4
10725,25,70000,OWN,9,1,0,0,0,0,1,0,0,0,B,10000,,0,0.14,0,2
10897,25,70000,OWN,4,1,0,0,0,0,1,0,0,0,D,12000,14.59,0,0.17,0,2
10920,25,70000,OWN,9,1,0,0,0,0,1,0,0,0,A,5000,8.59,0,0.07,0,3
11020,24,71000,OWN,,1,0,0,0,0,1,0,0,0,A,10000,5.79,0,0.14,0,3
11118,24,72000,OWN,8,1,0,0,0,0,1,0,0,0,A,9000,7.49,0,0.13,0,4
11509,24,75000,OWN,8,1,0,0,0,0,1,0,0,0,B,29800,,0,0.4,0,4
11936,24,78000,OWN,6,1,0,0,0,0,1,0,0,0,B,4500,12.69,0,0.06,0,3
12379,24,80004,OWN,8,1,0,0,0,0,1,0,0,0,B,25000,10.36,0,0.31,0,3
12449,25,39000,OWN,2,1,0,0,0,0,1,0,0,0,D,4400,14.84,0,0.11,0,2
12508,26,38400,OWN,,1,0,0,0,0,1,0,0,0,B,7000,12.69,0,0.18,0,2
12687,24,38000,OWN,2,1,0,0,0,0,1,0,0,0,C,5000,12.53,0,0.13,0,3
12794,24,85000,OWN,4,1,0,0,0,0,1,0,0,0,D,6250,14.91,0,0.07,0,2
13142,24,89000,OWN,7,1,0,0,0,0,1,0,0,0,D,15000,17.58,0,0.17,0,4
13359,25,90000,OWN,9,1,0,0,0,0,1,0,0,0,A,10000,8,0,0.11,0,4
13455,26,92000,OWN,3,1,0,0,0,0,1,0,0,0,B,22500,10.99,0,0.24,0,2
13883,26,97333,OWN,3,1,0,0,0,0,1,0,0,0,A,10000,5.99,0,0.1,0,2
13896,24,98000,OWN,8,1,0,0,0,0,1,0,0,0,A,12000,6.03,0,0.12,0,3
13949,24,32000,OWN,3,1,0,0,0,0,1,0,0,0,B,15000,,0,0.47,0,3
14086,25,100000,OWN,2,1,0,0,0,0,1,0,0,0,A,15000,6.17,0,0.15,0,4
14129,24,100000,OWN,2,1,0,0,0,0,1,0,0,0,B,24000,10.99,0,0.24,0,4
14184,25,100505,OWN,9,1,0,0,0,0,1,0,0,0,B,35000,11.99,0,0.35,0,3
14302,25,104000,OWN,2,1,0,0,0,0,1,0,0,0,A,10000,6.92,0,0.1,0,2
14330,26,105000,OWN,10,1,0,0,0,0,1,0,0,0,B,4800,11.71,0,0.05,0,4
14390,25,30000,OWN,3,1,0,0,0,0,1,0,0,0,B,11500,11.36,0,0.38,0,4
14463,24,30000,OWN,6,1,0,0,0,0,1,0,0,0,B,7500,10.96,0,0.25,0,4
14669,24,28000,OWN,6,1,0,0,0,0,1,0,0,0,B,10000,10.37,0,0.36,0,2
14802,24,115000,OWN,8,1,0,0,0,0,1,0,0,0,A,10000,7.51,0,0.09,0,3
14856,26,26400,OWN,8,1,0,0,0,0,1,0,0,0,A,8000,5.79,0,0.3,0,4
14898,24,119500,OWN,8,1,0,0,0,0,1,0,0,0,B,3500,12.18,0,0.03,0,2
15137,25,123996,OWN,9,1,0,0,0,0,1,0,0,0,A,10000,6.54,0,0.08,0,3
15160,25,24000,OWN,7,1,0,0,0,0,1,0,0,0,A,6000,5.42,0,0.25,0,3
15170,24,125000,OWN,3,1,0,0,0,0,1,0,0,0,B,28000,9.91,0,0.22,0,3
15547,24,20000,OWN,2,1,0,0,0,0,1,0,0,0,A,3000,8.94,0,0.15,0,2
15568,21,19800,OWN,4,1,0,0,0,0,1,0,0,0,D,6800,14.59,1,0.34,0,2
15690,21,18000,OWN,5,1,0,0,0,0,1,0,0,0,A,6500,7.4,1,0.36,0,3
15939,23,9000,OWN,4,1,0,0,0,0,1,0,0,0,C,2000,13.35,1,0.22,0,2
16431,24,60000,OWN,9,1,0,0,0,0,1,0,0,0,B,15000,11.83,0,0.25,0,3
16956,26,12000,OWN,2,1,0,0,0,0,1,0,0,0,A,6100,7.51,1,0.51,0,4
16991,25,24000,OWN,7,1,0,0,0,0,1,0,0,0,A,6000,5.42,0,0.25,0,4
17157,24,47211,OWN,8,1,0,0,0,0,1,0,0,0,B,10000,11.83,0,0.21,0,3
17338,24,42000,OWN,8,1,0,0,0,0,1,0,0,0,A,8000,6.62,0,0.19,0,2
17438,24,62500,OWN,8,1,0,0,0,0,1,0,0,0,C,6500,13.22,0,0.1,0,3
17578,23,19200,OWN,,1,0,0,0,0,1,0,0,0,A,6000,6.54,1,0.31,0,4
17605,25,98000,OWN,0,1,0,0,0,0,1,0,0,0,A,2000,7.37,0,0.02,0,3
17846,30,10200,OWN,,1,0,0,0,0,1,0,0,0,B,5500,10.36,1,0.54,0,8
17929,34,12000,OWN,0,1,0,0,0,0,1,0,0,0,B,3250,10.99,1,0.27,0,5
17935,29,12000,OWN,0,1,0,0,0,0,1,0,0,0,B,4500,11.14,1,0.38,0,6
18083,30,14400,OWN,0,1,0,0,0,0,1,0,0,0,D,9250,14.96,1,0.64,0,10
18130,35,15000,OWN,3,1,0,0,0,0,1,0,0,0,A,3700,9.32,1,0.25,0,6
18201,33,16620,OWN,,1,0,0,0,0,1,0,0,0,A,3000,5.99,1,0.18,0,6
18330,30,20000,OWN,14,1,0,0,0,0,1,0,0,0,A,3800,6.99,0,0.19,0,5
18368,33,20640,OWN,0,1,0,0,0,0,1,0,0,0,D,6250,14.84,0,0.3,0,7
18415,28,21600,OWN,11,1,0,0,0,0,1,0,0,0,B,8000,11.49,0,0.37,0,5
18421,27,21600,OWN,11,1,0,0,0,0,1,0,0,0,B,4000,10.62,0,0.19,0,9
18459,28,22200,OWN,,1,0,0,0,0,1,0,0,0,B,2500,11.49,0,0.11,0,5
18583,34,24000,OWN,4,1,0,0,0,0,1,0,0,0,C,2400,13.98,0,0.1,0,9
18606,31,24000,OWN,1,1,0,0,0,0,1,0,0,0,A,1200,8.94,0,0.05,0,5
18681,29,25000,OWN,9,1,0,0,0,0,1,0,0,0,B,2500,9.62,0,0.1,0,5
18807,30,27000,OWN,,1,0,0,0,0,1,0,0,0,A,4200,7.88,0,0.16,0,9
18858,29,27996,OWN,5,1,0,0,0,0,1,0,0,0,A,1800,5.42,0,0.06,0,6
18938,30,29004,OWN,6,1,0,0,0,0,1,0,0,0,C,6250,,0,0.22,0,8
19088,28,30000,OWN,1,1,0,0,0,0,1,0,0,0,C,7500,12.98,0,0.25,0,8
19191,31,30016,OWN,3,1,0,0,0,0,1,0,0,0,A,11000,8.94,0,0.37,0,10
19220,27,31000,OWN,3,1,0,0,0,0,1,0,0,0,B,5500,10.65,0,0.18,0,7
19584,29,35000,OWN,,1,0,0,0,0,1,0,0,0,A,8300,7.9,0,0.24,0,7
19840,29,36000,OWN,4,1,0,0,0,0,1,0,0,0,A,5300,7.14,0,0.15,0,6
19935,27,37000,OWN,5,1,0,0,0,0,1,0,0,0,B,8000,10.99,0,0.22,0,10
20233,27,39600,OWN,7,1,0,0,0,0,1,0,0,0,A,9900,6.54,0,0.25,0,5
20677,31,42000,OWN,0,1,0,0,0,0,1,0,0,0,B,7200,9.99,0,0.17,0,8
20832,30,43200,OWN,6,1,0,0,0,0,1,0,0,0,B,2000,10.99,0,0.05,0,9
20855,29,43800,OWN,13,1,0,0,0,0,1,0,0,0,A,4800,7.05,0,0.11,0,7
21386,33,48000,OWN,2,1,0,0,0,0,1,0,0,0,A,4750,,0,0.1,0,8
21416,33,48000,OWN,11,1,0,0,0,0,1,0,0,0,B,10000,9.99,0,0.21,0,8
21418,31,48000,OWN,0,1,0,0,0,0,1,0,0,0,B,1600,9.99,0,0.03,0,8
21448,28,48000,OWN,1,1,0,0,0,0,1,0,0,0,D,12000,14.54,0,0.25,0,10
21487,35,48000,OWN,6,1,0,0,0,0,1,0,0,0,C,4200,13.61,0,0.09,0,7
21498,31,48000,OWN,0,1,0,0,0,0,1,0,0,0,B,20000,10.62,0,0.42,0,7
21667,29,50000,OWN,3,1,0,0,0,0,1,0,0,0,B,4200,9.91,0,0.08,0,5
21686,27,50000,OWN,,1,0,0,0,0,1,0,0,0,D,7800,15.99,0,0.16,0,10
21698,32,50000,OWN,16,1,0,0,0,0,1,0,0,0,A,8000,7.49,0,0.16,0,9
21716,29,50000,OWN,8,1,0,0,0,0,1,0,0,0,B,9725,12.12,0,0.19,0,6
21811,31,50000,OWN,1,1,0,0,0,0,1,0,0,0,C,16000,13.85,0,0.32,0,6
21922,28,50343,OWN,11,1,0,0,0,0,1,0,0,0,A,22000,7.49,0,0.44,0,5
21994,27,51000,OWN,3,1,0,0,0,0,1,0,0,0,A,3500,7.88,0,0.07,0,5
22042,28,52000,OWN,6,1,0,0,0,0,1,0,0,0,B,14000,12.42,0,0.27,0,10
22196,34,53000,OWN,9,1,0,0,0,0,1,0,0,0,A,9600,8.94,0,0.18,0,10
22312,27,54000,OWN,2,1,0,0,0,0,1,0,0,0,B,9600,12.18,0,0.18,0,8
22479,33,55000,OWN,4,1,0,0,0,0,1,0,0,0,A,12000,7.51,0,0.22,0,9
22626,33,56100,OWN,13,1,0,0,0,0,1,0,0,0,A,16000,6.03,0,0.29,0,8
22924,30,60000,OWN,3,1,0,0,0,0,1,0,0,0,A,21000,7.9,0,0.35,0,5
22982,27,60000,OWN,4,1,0,0,0,0,1,0,0,0,A,10500,7.49,0,0.17,0,7
23479,29,63000,OWN,13,1,0,0,0,0,1,0,0,0,A,15000,,0,0.24,0,7
23637,30,65000,OWN,1,1,0,0,0,0,1,0,0,0,D,1800,16.49,0,0.03,0,9
23775,28,65000,OWN,0,1,0,0,0,0,1,0,0,0,B,1450,9.76,0,0.02,0,6
23794,27,65004,OWN,1,1,0,0,0,0,1,0,0,0,C,12000,12.09,0,0.18,0,7
23910,32,67000,OWN,12,1,0,0,0,0,1,0,0,0,B,20000,11.83,0,0.3,0,7
24027,28,69000,OWN,11,1,0,0,0,0,1,0,0,0,B,6000,11.86,0,0.09,0,9
24123,34,70000,OWN,0,1,0,0,0,0,1,0,0,0,B,10000,10.99,0,0.14,0,9
24162,27,70000,OWN,2,1,0,0,0,0,1,0,0,0,B,2250,10.36,0,0.03,0,7
24508,28,73500,OWN,12,1,0,0,0,0,1,0,0,0,B,10000,9.88,0,0.14,0,10
24676,33,75000,OWN,5,1,0,0,0,0,1,0,0,0,A,17000,6.54,0,0.23,0,5
24695,29,75000,OWN,3,1,0,0,0,0,1,0,0,0,A,12000,7.51,0,0.16,0,5
24706,27,75000,OWN,3,1,0,0,0,0,1,0,0,0,C,25000,13.85,0,0.33,0,10
24756,27,75000,OWN,11,1,0,0,0,0,1,0,0,0,C,6000,13.47,0,0.08,0,7
24770,27,75000,OWN,0,1,0,0,0,0,1,0,0,0,A,7500,8.38,0,0.1,0,6
24987,27,79200,OWN,1,1,0,0,0,0,1,0,0,0,E,15000,17.14,0,0.19,0,8
25161,33,80000,OWN,12,1,0,0,0,0,1,0,0,0,C,9000,11.97,0,0.11,0,7
25211,34,39000,OWN,5,1,0,0,0,0,1,0,0,0,B,12000,11.99,0,0.31,0,6
25231,29,75840,OWN,5,1,0,0,0,0,1,0,0,0,G,25000,21.27,1,0.33,0,6
25370,35,84000,OWN,4,1,0,0,0,0,1,0,0,0,A,9000,6.76,0,0.11,0,6
25398,27,38000,OWN,11,1,0,0,0,0,1,0,0,0,A,4000,7.68,0,0.11,0,9
25438,27,37404,OWN,,1,0,0,0,0,1,0,0,0,A,6000,5.42,0,0.16,0,6
25593,30,36000,OWN,14,1,0,0,0,0,1,0,0,0,C,4000,13.49,0,0.11,0,10
25796,27,35000,OWN,2,1,0,0,0,0,1,0,0,0,B,6000,11.99,0,0.17,0,10
25932,27,34800,OWN,7,1,0,0,0,0,1,0,0,0,A,9500,7.51,0,0.27,0,10
26038,28,95000,OWN,4,1,0,0,0,0,1,0,0,0,B,25000,9.62,0,0.26,0,8
26193,31,98000,OWN,10,1,0,0,0,0,1,0,0,0,A,5100,6.03,0,0.05,0,6
26209,29,32000,OWN,1,1,0,0,0,0,1,0,0,0,A,2100,6.91,0,0.07,0,5
26229,28,99000,OWN,11,1,0,0,0,0,1,0,0,0,A,8000,,0,0.08,0,7
26281,27,31200,OWN,2,1,0,0,0,0,1,0,0,0,C,6000,14.35,0,0.19,0,7
26318,29,100000,OWN,13,1,0,0,0,0,1,0,0,0,A,10000,6.92,0,0.1,0,7
26321,28,31000,OWN,0,1,0,0,0,0,1,0,0,0,A,1000,7.4,0,0.03,0,8
26422,29,101000,OWN,6,1,0,0,0,0,1,0,0,0,B,12000,12.18,0,0.12,0,8
26424,32,30000,OWN,10,1,0,0,0,0,1,0,0,0,A,17875,6.99,0,0.6,0,5
26533,31,30000,OWN,2,1,0,0,0,0,1,0,0,0,B,2950,10.75,0,0.1,0,7
26545,30,105000,OWN,14,1,0,0,0,0,1,0,0,0,B,15400,11.36,0,0.15,0,10
26656,34,110000,OWN,9,1,0,0,0,0,1,0,0,0,B,20000,,0,0.18,0,9
26682,27,28800,OWN,0,1,0,0,0,0,1,0,0,0,A,13000,6.92,0,0.45,0,10
26685,28,110000,OWN,1,1,0,0,0,0,1,0,0,0,E,5000,17.51,0,0.05,0,10
26789,28,27600,OWN,2,1,0,0,0,0,1,0,0,0,A,6000,8.9,0,0.22,0,8
26799,34,113500,OWN,4,1,0,0,0,0,1,0,0,0,A,3000,6.39,0,0.03,0,8
26914,34,26000,OWN,7,1,0,0,0,0,1,0,0,0,B,6000,12.42,0,0.23,0,8
26930,28,26000,OWN,3,1,0,0,0,0,1,0,0,0,A,2500,7.49,0,0.1,0,8
27056,31,25000,OWN,4,1,0,0,0,0,1,0,0,0,B,3075,11.83,0,0.12,0,5
27215,33,24000,OWN,2,1,0,0,0,0,1,0,0,0,B,1875,,0,0.08,0,9
27512,31,20000,OWN,1,1,0,0,0,0,1,0,0,0,A,5000,8.59,0,0.25,0,8
27576,31,18996,OWN,6,1,0,0,0,0,1,0,0,0,C,7000,,1,0.37,0,8
27585,28,150000,OWN,12,1,0,0,0,0,1,0,0,0,A,8500,6.76,0,0.06,0,8
27663,29,159996,OWN,1,1,0,0,0,0,1,0,0,0,B,10000,11.86,0,0.06,0,7
27711,33,170000,OWN,15,1,0,0,0,0,1,0,0,0,C,21000,14.26,0,0.12,0,5
27770,31,200000,OWN,4,1,0,0,0,0,1,0,0,0,B,23500,10.99,0,0.12,0,5
27849,30,300000,OWN,14,1,0,0,0,0,1,0,0,0,B,35000,10.59,0,0.12,0,10
27869,30,372000,OWN,,1,0,0,0,0,1,0,0,0,B,2400,10.99,0,0.01,0,5
27954,33,66000,OWN,16,1,0,0,0,0,1,0,0,0,A,3500,,0,0.05,0,5
28015,27,39996,OWN,1,1,0,0,0,0,1,0,0,0,B,8000,12.53,0,0.2,0,5
28090,34,28000,OWN,1,1,0,0,0,0,1,0,0,0,B,3000,9.99,0,0.11,0,5
28158,29,75000,OWN,3,1,0,0,0,0,1,0,0,0,A,12000,7.51,0,0.16,0,8
28183,32,44500,OWN,3,1,0,0,0,0,1,0,0,0,A,15000,7.51,0,0.34,0,5
28242,28,209000,OWN,4,1,0,0,0,0,1,0,0,0,D,15000,14.84,0,0.07,0,8
28317,30,38000,OWN,0,1,0,0,0,0,1,0,0,0,B,6000,11.58,0,0.16,0,8
28350,30,105000,OWN,14,1,0,0,0,0,1,0,0,0,B,15400,11.36,0,0.15,0,8
28351,30,49000,OWN,7,1,0,0,0,0,1,0,0,0,B,8500,12.18,0,0.17,0,10
28642,30,28000,OWN,5,1,0,0,0,0,1,0,0,0,B,6300,11.99,0,0.23,0,8
28734,33,135000,OWN,0,1,0,0,0,0,1,0,0,0,A,6275,6.91,0,0.05,0,7
28791,34,48989,OWN,10,1,0,0,0,0,1,0,0,0,A,2400,7.14,0,0.05,0,7
28847,30,50000,OWN,3,1,0,0,0,0,1,0,0,0,A,5000,5.99,0,0.1,0,10
28856,31,42000,OWN,0,1,0,0,0,0,1,0,0,0,B,7200,9.99,0,0.17,0,8
28994,33,21000,OWN,1,1,0,0,0,0,1,0,0,0,B,7750,11.83,0,0.37,0,7
29023,34,38000,OWN,1,1,0,0,0,0,1,0,0,0,A,10000,8.94,0,0.26,0,9
29159,44,12000,OWN,5,1,0,0,0,0,1,0,0,0,B,2000,9.88,1,0.17,0,11
29244,48,16800,OWN,0,1,0,0,0,0,1,0,0,0,B,3300,10.99,1,0.2,0,14
29257,38,17280,OWN,0,1,0,0,0,0,1,0,0,0,D,1000,16.29,0,0.06,0,11
29260,36,17640,OWN,4,1,0,0,0,0,1,0,0,0,A,5875,7.9,1,0.33,0,12
29329,41,21600,OWN,1,1,0,0,0,0,1,0,0,0,C,3500,13.61,0,0.16,0,12
29350,41,23396,OWN,5,1,0,0,0,0,1,0,0,0,B,10000,10.38,0,0.43,0,16
29437,36,27000,OWN,4,1,0,0,0,0,1,0,0,0,A,6000,7.14,0,0.22,0,15
29478,36,28800,OWN,0,1,0,0,0,0,1,0,0,0,B,5375,11.11,0,0.19,0,13
29505,39,29894,OWN,23,1,0,0,0,0,1,0,0,0,B,8000,9.63,0,0.27,0,17
29591,37,32400,OWN,0,1,0,0,0,0,1,0,0,0,D,8000,15.99,0,0.25,0,11
29845,39,40000,OWN,4,1,0,0,0,0,1,0,0,0,A,15000,5.42,0,0.38,0,13
29857,37,40000,OWN,16,1,0,0,0,0,1,0,0,0,B,5000,,0,0.13,0,12
29878,50,40000,OWN,4,1,0,0,0,0,1,0,0,0,A,8000,7.88,0,0.2,0,14
29899,39,40800,OWN,0,1,0,0,0,0,1,0,0,0,A,3500,8.59,0,0.09,0,14
30018,47,44000,OWN,3,1,0,0,0,0,1,0,0,0,B,4000,11.14,0,0.09,0,16
30282,36,50000,OWN,1,1,0,0,0,0,1,0,0,0,B,15200,12.21,0,0.3,0,15
30335,36,51996,OWN,7,1,0,0,0,0,1,0,0,0,B,8500,11.49,0,0.16,0,16
30431,38,55000,OWN,5,1,0,0,0,0,1,0,0,0,A,15600,7.9,0,0.28,0,15
30455,39,55000,OWN,3,1,0,0,0,0,1,0,0,0,C,13000,13.98,0,0.24,0,14
30466,40,55000,OWN,2,1,0,0,0,0,1,0,0,0,B,8000,11.36,0,0.15,0,17
30503,38,57000,OWN,,1,0,0,0,0,1,0,0,0,D,15000,17.27,0,0.26,0,16
30659,37,60000,OWN,15,1,0,0,0,0,1,0,0,0,A,5000,9.32,0,0.08,0,12
30792,38,65000,OWN,12,1,0,0,0,0,1,0,0,0,B,3600,8.88,0,0.06,0,15
30888,37,69000,OWN,12,1,0,0,0,0,1,0,0,0,A,12000,9.32,0,0.17,0,13
30966,41,72000,OWN,1,1,0,0,0,0,1,0,0,0,C,10000,13.49,0,0.14,0,11
31165,40,40000,OWN,12,1,0,0,0,0,1,0,0,0,B,13750,8.88,0,0.34,0,16
31240,38,82000,OWN,4,1,0,0,0,0,1,0,0,0,B,10000,11.99,0,0.12,0,13
31350,36,90000,OWN,4,1,0,0,0,0,1,0,0,0,A,3800,6.03,0,0.04,0,14
31410,47,92000,OWN,0,1,0,0,0,0,1,0,0,0,D,12000,14.11,0,0.13,0,12
31424,40,95000,OWN,12,1,0,0,0,0,1,0,0,0,B,5000,10.65,0,0.05,0,16
31426,39,95000,OWN,6,1,0,0,0,0,1,0,0,0,B,8000,12.69,0,0.08,0,14
31473,37,32000,OWN,8,1,0,0,0,0,1,0,0,0,A,12150,6.62,0,0.38,0,13
31656,40,25920,OWN,2,1,0,0,0,0,1,0,0,0,D,4750,,0,0.18,0,17
31725,39,24000,OWN,0,1,0,0,0,0,1,0,0,0,A,3000,7.74,0,0.13,0,11
31740,39,130000,OWN,13,1,0,0,0,0,1,0,0,0,D,25000,16.07,0,0.19,0,14
31760,45,139380,OWN,4,1,0,0,0,0,1,0,0,0,A,9000,7.51,0,0.06,0,12
31882,40,14400,OWN,10,1,0,0,0,0,1,0,0,0,A,8000,7.14,1,0.56,0,12
31914,37,600000,OWN,11,1,0,0,0,0,1,0,0,0,B,16000,10.25,0,0.03,0,14
32025,38,20004,OWN,2,1,0,0,0,0,1,0,0,0,B,6250,,0,0.31,0,15
32107,36,29500,OWN,4,1,0,0,0,0,1,0,0,0,B,1250,11.83,0,0.04,0,11
32151,36,15000,OWN,2,1,0,0,0,0,1,0,0,0,C,5000,13.92,1,0.33,0,11
32242,37,40000,OWN,1,1,0,0,0,0,1,0,0,0,B,15000,11.48,0,0.38,0,17
26,24,67746,RENT,8,0,0,1,0,0,1,0,0,0,C,33000,12.68,1,0.49,0,3
29,24,65000,RENT,6,0,0,1,0,0,1,0,0,0,B,32500,9.99,1,0.5,0,3
88,24,69000,RENT,2,0,0,1,0,0,1,0,0,0,A,27600,,1,0.4,0,2
109,24,41000,RENT,2,0,0,1,0,0,1,0,0,0,D,25000,,1,0.61,0,3
130,25,50000,RENT,4,0,0,1,0,0,1,0,0,0,A,25000,5.99,1,0.5,0,2
169,25,54000,RENT,3,0,0,1,0,0,1,0,0,0,E,25000,16.82,1,0.46,0,4
205,26,66000,RENT,3,0,0,1,0,0,1,0,0,0,B,25000,11.58,1,0.38,0,4
258,24,87000,RENT,8,0,0,1,0,0,1,0,0,0,D,25000,14.84,0,0.29,0,3
275,25,92000,RENT,6,0,0,1,0,0,1,0,0,0,B,25000,12.69,0,0.27,0,3
336,24,168288,RENT,5,0,0,1,0,0,1,0,0,0,B,1800,11.12,0,0.01,0,3
399,25,115200,RENT,0,0,0,1,0,0,1,0,0,0,B,24250,11.36,0,0.21,0,2
431,24,75000,RENT,7,0,0,1,0,0,1,0,0,0,C,24000,,1,0.32,0,3
457,24,135000,RENT,4,0,0,1,0,0,1,0,0,0,C,24000,13.79,0,0.18,0,2
467,24,43896,RENT,8,0,0,1,0,0,1,0,0,0,B,23975,,1,0.55,0,2
483,24,65000,RENT,0,0,0,1,0,0,1,0,0,0,B,23000,11.99,1,0.35,0,4
495,25,43000,RENT,9,0,0,1,0,0,1,0,0,0,C,22000,13.11,1,0.51,0,2
533,24,70000,RENT,5,0,0,1,0,0,1,0,0,0,B,21500,9.99,1,0.31,0,3
558,24,79000,RENT,8,0,0,1,0,0,1,0,0,0,A,21000,7.9,0,0.27,0,2
561,26,85000,RENT,3,0,0,1,0,0,1,0,0,0,C,21000,13.92,0,0.25,0,3
569,26,125000,RENT,5,0,0,1,0,0,1,0,0,0,A,21000,8.9,0,0.17,0,2
589,25,34000,RENT,10,0,0,1,0,0,1,0,0,0,B,20000,8.88,1,0.59,0,4
618,25,50950,RENT,5,0,0,1,0,0,1,0,0,0,B,20000,11.48,1,0.39,0,3
629,24,52559,RENT,9,0,0,1,0,0,1,0,0,0,B,20000,,1,0.38,0,3
637,24,55000,RENT,8,0,0,1,0,0,1,0,0,0,A,20000,6.91,1,0.36,0,2
639,26,49000,RENT,0,0,0,1,0,0,1,0,0,0,F,20000,19.79,1,0.41,0,3
676,26,60000,RENT,3,0,0,1,0,0,1,0,0,0,B,20000,10.08,1,0.33,0,4
679,24,61000,RENT,2,0,0,1,0,0,1,0,0,0,B,20000,12.18,1,0.33,0,4
684,24,62400,RENT,8,0,0,1,0,0,1,0,0,0,B,20000,11.12,1,0.32,0,2
708,25,70000,RENT,5,0,0,1,0,0,1,0,0,0,B,20000,9.99,0,0.29,0,2
710,25,64000,RENT,0,0,0,1,0,0,1,0,0,0,E,20000,,1,0.31,0,4
720,24,74000,RENT,0,0,0,1,0,0,1,0,0,0,B,20000,12.69,0,0.27,0,3
725,24,75000,RENT,4,0,0,1,0,0,1,0,0,0,B,20000,8.88,0,0.27,0,3
733,24,69000,RENT,0,0,0,1,0,0,1,0,0,0,E,20000,14.82,1,0.29,0,4
779,24,78996,RENT,2,0,0,1,0,0,1,0,0,0,D,20000,14.11,1,0.25,0,2
785,25,85000,RENT,4,0,0,1,0,0,1,0,0,0,B,20000,,0,0.24,0,2
820,25,87996,RENT,0,0,0,1,0,0,1,0,0,0,E,20000,16.35,1,0.23,0,3
822,25,100000,RENT,9,0,0,1,0,0,1,0,0,0,C,20000,13.06,0,0.2,0,2
834,25,108000,RENT,0,0,0,1,0,0,1,0,0,0,C,20000,,0,0.19,0,4
864,26,160000,RENT,3,0,0,1,0,0,1,0,0,0,B,20000,9.99,0,0.13,0,3
866,26,172500,RENT,3,0,0,1,0,0,1,0,0,0,B,20000,11.83,0,0.12,0,2
878,22,10000,RENT,0,0,0,1,0,0,1,0,0,0,D,1000,14.74,1,0.1,0,4
879,21,10140,RENT,,0,0,1,0,0,1,0,0,0,C,1000,13.43,1,0.1,0,4
904,25,50000,RENT,2,0,0,1,0,0,1,0,0,0,B,19000,10.99,1,0.38,0,4
914,24,73000,RENT,8,0,0,1,0,0,1,0,0,0,B,19000,10.62,0,0.26,0,3
933,24,73000,RENT,0,0,0,1,0,0,1,0,0,0,A,18500,7.9,1,0.25,0,2
958,26,44000,RENT,0,0,0,1,0,0,1,0,0,0,D,18225,14.91,1,0.41,0,4
1000,25,55344,RENT,2,0,0,1,0,0,1,0,0,0,B,18000,10.99,1,0.33,0,4
1018,25,65000,RENT,9,0,0,1,0,0,1,0,0,0,C,18000,13.99,0,0.28,0,3
1020,25,65000,RENT,8,0,0,1,0,0,1,0,0,0,C,18000,,0,0.28,0,3
1025,24,70000,RENT,1,0,0,1,0,0,1,0,0,0,B,18000,9.88,0,0.26,0,2
1043,26,80171,RENT,3,0,0,1,0,0,1,0,0,0,C,18000,13.85,0,0.22,0,3
1052,25,84000,RENT,5,0,0,1,0,0,1,0,0,0,B,18000,9.88,0,0.21,0,3
1060,26,95000,RENT,9,0,0,1,0,0,1,0,0,0,D,18000,15.31,0,0.19,0,3
1084,24,70000,RENT,1,0,0,1,0,0,1,0,0,0,B,17600,10.62,0,0.25,0,2
1085,24,71480,RENT,8,0,0,1,0,0,1,0,0,0,F,17600,,0,0.25,0,4
1108,25,95950,RENT,2,0,0,1,0,0,1,0,0,0,B,17500,11.71,0,0.18,0,2
1136,24,52500,RENT,3,0,0,1,0,0,1,0,0,0,B,17000,,1,0.32,0,3
1177,26,97000,RENT,11,0,0,1,0,0,1,0,0,0,B,16800,12.42,0,0.17,0,3
1187,26,42000,RENT,0,0,0,1,0,0,1,0,0,0,D,16750,17.58,1,0.4,0,3
1192,25,59160,RENT,0,0,0,1,0,0,1,0,0,0,E,16600,14.18,1,0.28,0,4
1201,25,57504,RENT,2,0,0,1,0,0,1,0,0,0,A,16500,9.32,1,0.29,0,3
1207,24,61000,RENT,3,0,0,1,0,0,1,0,0,0,B,16400,10.99,0,0.27,0,4
1249,24,39000,RENT,2,0,0,1,0,0,1,0,0,0,C,16000,13.06,1,0.41,0,2
1283,24,54000,RENT,0,0,0,1,0,0,1,0,0,0,D,16000,15.65,1,0.3,0,4
1291,22,57175,RENT,6,0,0,1,0,0,1,0,0,0,F,16000,17.15,1,0.28,0,4
1308,25,66000,RENT,6,0,0,1,0,0,1,0,0,0,B,16000,10,0,0.24,0,4
1310,23,60996,RENT,0,0,0,1,0,0,1,0,0,0,E,16000,16,1,0.26,0,3
1345,22,28000,RENT,6,0,0,1,0,0,1,0,0,0,B,1000,10.25,1,0.04,0,4
1430,26,96000,RENT,0,0,0,1,0,0,1,0,0,0,B,1000,10.36,0,0.01,0,3
1472,21,34000,RENT,5,0,0,1,0,0,1,0,0,0,B,1200,12.69,1,0.04,0,4
1505,24,64000,RENT,8,0,0,1,0,0,1,0,0,0,C,1300,13.49,1,0.02,0,3
1641,25,57000,RENT,9,0,0,1,0,0,1,0,0,0,C,1500,,0,0.03,0,3
1670,24,60000,RENT,0,0,0,1,0,0,1,0,0,0,A,1675,6.54,0,0.03,0,4
1689,26,96000,RENT,2,0,0,1,0,0,1,0,0,0,A,1750,6.54,0,0.02,0,2
1731,24,75000,RENT,5,0,0,1,0,0,1,0,0,0,A,1800,8.94,0,0.02,0,4
1753,25,12000,RENT,2,0,0,1,0,0,1,0,0,0,B,2000,11.89,1,0.17,0,4
1792,22,23587,RENT,4,0,0,1,0,0,1,0,0,0,B,2000,11.89,1,0.08,0,4
1794,24,24000,RENT,,0,0,1,0,0,1,0,0,0,B,2000,12.69,1,0.08,0,2
1848,24,88000,RENT,2,0,0,1,0,0,1,0,0,0,B,15000,9.99,1,0.17,0,4
1852,24,100896,RENT,7,0,0,1,0,0,1,0,0,0,D,15000,14.42,0,0.15,0,2
1853,24,102000,RENT,8,0,0,1,0,0,1,0,0,0,C,15000,14.22,0,0.15,0,4
1914,24,53000,RENT,3,0,0,1,0,0,1,0,0,0,B,2000,10.36,0,0.04,0,2
1962,25,130000,RENT,3,0,0,1,0,0,1,0,0,0,A,2000,6.99,0,0.02,0,4
1967,22,14400,RENT,0,0,0,1,0,0,1,0,0,0,D,2100,14.83,1,0.15,0,3
1985,24,54000,RENT,8,0,0,1,0,0,1,0,0,0,E,2100,17.14,1,0.04,0,4
2085,22,21600,RENT,1,0,0,1,0,0,1,0,0,0,D,2400,16.29,1,0.11,0,4
2100,22,26400,RENT,0,0,0,1,0,0,1,0,0,0,C,2400,13.92,1,0.09,0,3
2124,21,34000,RENT,5,0,0,1,0,0,1,0,0,0,B,2400,10.83,1,0.07,0,4
2148,25,52000,RENT,0,0,0,1,0,0,1,0,0,0,A,2400,7.88,0,0.05,0,4
2156,26,54000,RENT,2,0,0,1,0,0,1,0,0,0,D,2400,14.09,1,0.04,0,2
2173,21,12540,RENT,,0,0,1,0,0,1,0,0,0,A,2500,7.88,1,0.2,0,2
2230,24,72000,RENT,3,0,0,1,0,0,1,0,0,0,A,13200,7.29,0,0.18,0,3
2248,26,28800,RENT,0,0,0,1,0,0,1,0,0,0,D,13000,14.46,1,0.45,0,2
2363,24,36000,RENT,2,0,0,1,0,0,1,0,0,0,D,2500,16.77,1,0.07,0,3
2373,22,37000,RENT,2,0,0,1,0,0,1,0,0,0,D,2500,17.49,1,0.07,0,3
2414,24,64000,RENT,4,0,0,1,0,0,1,0,0,0,B,2500,11.14,1,0.04,0,3
2416,24,79800,RENT,8,0,0,1,0,0,1,0,0,0,B,2500,9.62,0,0.03,0,2
2481,21,14400,RENT,2,0,0,1,0,0,1,0,0,0,B,3000,9.63,1,0.21,0,2
2494,26,17280,RENT,0,0,0,1,0,0,1,0,0,0,C,3000,,1,0.17,0,4
2498,23,18000,RENT,1,0,0,1,0,0,1,0,0,0,B,3000,11.71,1,0.17,0,4
2513,21,18864,RENT,0,0,0,1,0,0,1,0,0,0,B,3000,10.99,1,0.16,0,4
2558,25,30000,RENT,4,0,0,1,0,0,1,0,0,0,B,3000,12.21,1,0.1,0,4
2600,25,31000,RENT,1,0,0,1,0,0,1,0,0,0,B,3000,,1,0.1,0,4
2669,25,50000,RENT,5,0,0,1,0,0,1,0,0,0,A,3000,6.03,0,0.06,0,3
2670,26,44000,RENT,0,0,0,1,0,0,1,0,0,0,A,3000,7.49,1,0.07,0,4
2681,24,51600,RENT,8,0,0,1,0,0,1,0,0,0,B,3000,10.65,0,0.06,0,3
2712,24,50000,RENT,1,0,0,1,0,0,1,0,0,0,A,12000,7.51,0,0.24,0,4
2755,25,54996,RENT,3,0,0,1,0,0,1,0,0,0,B,12000,10.37,0,0.22,0,2
2779,24,56000,RENT,4,0,0,1,0,0,1,0,0,0,A,12000,8.94,0,0.21,0,3
2860,23,57000,RENT,6,0,0,1,0,0,1,0,0,0,D,3000,14.59,1,0.05,0,2
2867,25,65000,RENT,1,0,0,1,0,0,1,0,0,0,A,3000,8.49,0,0.05,0,4
2882,26,67500,RENT,1,0,0,1,0,0,1,0,0,0,A,3000,9.32,0,0.04,0,4
2896,26,72054,RENT,9,0,0,1,0,0,1,0,0,0,A,3000,7.29,0,0.04,0,2
2906,24,75000,RENT,4,0,0,1,0,0,1,0,0,0,C,3000,,0,0.04,0,4
2909,25,77500,RENT,3,0,0,1,0,0,1,0,0,0,A,3000,6.54,0,0.04,0,4
2927,24,100000,RENT,0,0,0,1,0,0,1,0,0,0,B,3000,9.76,0,0.03,0,3
2932,24,115154,RENT,8,0,0,1,0,0,1,0,0,0,C,3000,14.27,0,0.03,0,2
2933,24,120390,RENT,8,0,0,1,0,0,1,0,0,0,A,3000,5.79,0,0.02,0,4
2959,21,15300,RENT,5,0,0,1,0,0,1,0,0,0,B,3150,10.99,1,0.21,0,4
2974,23,18000,RENT,0,0,0,1,0,0,1,0,0,0,A,3200,,1,0.18,0,4
3037,24,65004,RENT,0,0,0,1,0,0,1,0,0,0,B,3200,9.99,0,0.05,0,4
3043,24,83000,RENT,3,0,0,1,0,0,1,0,0,0,A,3200,6.99,0,0.04,0,3
3051,21,12000,RENT,2,0,0,1,0,0,1,0,0,0,B,3250,9.99,1,0.27,0,2
3063,26,28000,RENT,2,0,0,1,0,0,1,0,0,0,D,3250,14.59,1,0.12,0,4
3094,23,51996,RENT,0,0,0,1,0,0,1,0,0,0,F,3400,17.58,1,0.07,0,4
3097,24,60000,RENT,5,0,0,1,0,0,1,0,0,0,D,3400,,0,0.06,0,2
3105,26,14000,RENT,8,0,0,1,0,0,1,0,0,0,B,3450,12.69,1,0.25,0,3
3106,25,25000,RENT,5,0,0,1,0,0,1,0,0,0,B,3450,11.99,1,0.14,0,4
3217,25,54084,RENT,5,0,0,1,0,0,1,0,0,0,B,3500,9.25,0,0.06,0,2
3225,26,58000,RENT,0,0,0,1,0,0,1,0,0,0,A,3500,8.59,0,0.06,0,2
3254,25,83500,RENT,9,0,0,1,0,0,1,0,0,0,C,3500,,0,0.04,0,2
3276,22,18000,RENT,0,0,0,1,0,0,1,0,0,0,A,3600,6.91,1,0.2,0,3
3355,22,34000,RENT,2,0,0,1,0,0,1,0,0,0,D,11000,15.99,1,0.32,0,3
3363,21,36000,RENT,3,0,0,1,0,0,1,0,0,0,B,11000,10.37,1,0.31,0,4
3397,26,53004,RENT,10,0,0,1,0,0,1,0,0,0,A,11000,5.79,0,0.21,0,4
3408,24,65000,RENT,5,0,0,1,0,0,1,0,0,0,A,11000,7.51,0,0.17,0,4
3413,26,70000,RENT,5,0,0,1,0,0,1,0,0,0,A,11000,6.62,0,0.16,0,4
3415,25,80004,RENT,9,0,0,1,0,0,1,0,0,0,C,11000,12.53,0,0.14,0,4
3433,22,35500,RENT,6,0,0,1,0,0,1,0,0,0,C,10875,12.84,1,0.31,0,4
3460,21,57000,RENT,6,0,0,1,0,0,1,0,0,0,D,10800,16.77,1,0.19,0,4
3464,26,69000,RENT,11,0,0,1,0,0,1,0,0,0,A,10800,7.51,1,0.16,0,4
3475,22,29950,RENT,0,0,0,1,0,0,1,0,0,0,D,10750,14.11,1,0.36,0,3
3499,24,62467,RENT,0,0,0,1,0,0,1,0,0,0,A,10625,8.49,0,0.17,0,2
3522,22,49000,RENT,1,0,0,1,0,0,1,0,0,0,A,10500,9.38,1,0.21,0,2
3552,26,54996,RENT,1,0,0,1,0,0,1,0,0,0,A,10250,7.29,0,0.19,0,2
3553,25,60000,RENT,3,0,0,1,0,0,1,0,0,0,A,10250,6.62,0,0.17,0,4
3581,25,55200,RENT,0,0,0,1,0,0,1,0,0,0,C,3600,13.98,0,0.07,0,4
3589,26,63000,RENT,10,0,0,1,0,0,1,0,0,0,A,3600,6.76,0,0.06,0,4
3599,26,75000,RENT,0,0,0,1,0,0,1,0,0,0,A,3600,8.94,0,0.05,0,4
3610,26,24000,RENT,1,0,0,1,0,0,1,0,0,0,B,3625,11.11,1,0.15,0,4
3611,25,52000,RENT,0,0,0,1,0,0,1,0,0,0,A,3625,6.54,0,0.07,0,3
3633,22,11000,RENT,3,0,0,1,0,0,1,0,0,0,B,3800,8.88,1,0.35,0,4
3674,21,13200,RENT,2,0,0,1,0,0,1,0,0,0,A,4000,6.39,1,0.3,0,3
3676,22,14400,RENT,4,0,0,1,0,0,1,0,0,0,A,4000,7.29,1,0.28,0,4
3688,22,15708,RENT,,0,0,1,0,0,1,0,0,0,B,4000,11.12,1,0.25,0,3
3823,24,32000,RENT,2,0,0,1,0,0,1,0,0,0,E,4000,17.93,1,0.13,0,3
3899,25,34000,RENT,,0,0,1,0,0,1,0,0,0,A,4000,,1,0.12,0,2
3908,23,35000,RENT,2,0,0,1,0,0,1,0,0,0,B,4000,12.18,1,0.11,0,4
3916,21,36000,RENT,5,0,0,1,0,0,1,0,0,0,C,4000,12.99,1,0.11,0,4
3952,24,42000,RENT,8,0,0,1,0,0,1,0,0,0,B,4000,11.86,1,0.1,0,2
3959,24,50000,RENT,1,0,0,1,0,0,1,0,0,0,A,4000,5.42,0,0.08,0,2
3979,22,44582,RENT,6,0,0,1,0,0,1,0,0,0,A,4000,5.99,1,0.09,0,4
4052,22,63000,RENT,6,0,0,1,0,0,1,0,0,0,B,4000,11.12,1,0.06,0,2
4090,23,88000,RENT,4,0,0,1,0,0,1,0,0,0,A,4000,7.14,1,0.05,0,4
4099,26,158000,RENT,0,0,0,1,0,0,1,0,0,0,D,4000,14.84,1,0.03,0,3
4134,22,14400,RENT,0,0,0,1,0,0,1,0,0,0,E,4400,19.91,1,0.31,0,4
4257,22,48300,RENT,0,0,0,1,0,0,1,0,0,0,B,4500,9.76,1,0.09,0,2
4270,23,54000,RENT,5,0,0,1,0,0,1,0,0,0,A,4500,8.49,1,0.08,0,2
4274,25,60000,RENT,9,0,0,1,0,0,1,0,0,0,B,4500,10.99,1,0.07,0,2
4280,25,84000,RENT,0,0,0,1,0,0,1,0,0,0,B,4500,12.18,0,0.05,0,2
4504,26,60000,RENT,1,0,0,1,0,0,1,0,0,0,A,4800,7.9,0,0.08,0,3
4505,24,60000,RENT,4,0,0,1,0,0,1,0,0,0,A,4800,6.54,0,0.08,0,4
4510,26,65000,RENT,0,0,0,1,0,0,1,0,0,0,C,4800,13.72,0,0.07,0,2
4513,25,65004,RENT,1,0,0,1,0,0,1,0,0,0,C,4800,13.49,0,0.07,0,3
4520,26,72000,RENT,4,0,0,1,0,0,1,0,0,0,B,4800,11.86,0,0.07,0,3
4521,24,72096,RENT,2,0,0,1,0,0,1,0,0,0,A,4800,7.14,0,0.07,0,2
4547,24,54000,RENT,0,0,0,1,0,0,1,0,0,0,A,4850,8.49,0,0.09,0,2
4564,24,97850,RENT,5,0,0,1,0,0,1,0,0,0,A,10000,7.51,0,0.1,0,4
4610,26,120000,RENT,11,0,0,1,0,0,1,0,0,0,C,10000,12.68,0,0.08,0,2
4623,25,130000,RENT,7,0,0,1,0,0,1,0,0,0,A,10000,7.49,0,0.08,0,2
4632,24,140000,RENT,0,0,0,1,0,0,1,0,0,0,B,10000,11.14,0,0.07,0,2
4637,26,145000,RENT,1,0,0,1,0,0,1,0,0,0,B,10000,10.99,0,0.07,0,3
4675,24,53500,RENT,0,0,0,1,0,0,1,0,0,0,A,9800,6.17,0,0.18,0,4
4682,26,93000,RENT,7,0,0,1,0,0,1,0,0,0,B,9800,10.25,0,0.11,0,4
4704,25,13296,RENT,,0,0,1,0,0,1,0,0,0,B,4950,9.63,1,0.37,0,3
4742,22,30000,RENT,0,0,0,1,0,0,1,0,0,0,B,5000,8.88,1,0.17,0,3
4772,23,32000,RENT,4,0,0,1,0,0,1,0,0,0,B,5000,12.69,1,0.16,0,4
4811,23,34800,RENT,1,0,0,1,0,0,1,0,0,0,B,5000,10.99,1,0.14,0,2
4881,23,32000,RENT,5,0,0,1,0,0,1,0,0,0,B,5000,,1,0.16,0,4
4912,24,33996,RENT,2,0,0,1,0,0,1,0,0,0,D,5000,14.96,1,0.15,0,2
4955,25,35280,RENT,0,0,0,1,0,0,1,0,0,0,D,5000,14.96,1,0.14,0,3
5096,23,44000,RENT,6,0,0,1,0,0,1,0,0,0,D,5000,16.77,1,0.11,0,2
5100,24,50000,RENT,1,0,0,1,0,0,1,0,0,0,A,5000,7.49,0,0.1,0,2
5151,24,65000,RENT,5,0,0,1,0,0,1,0,0,0,A,9000,6.03,0,0.14,0,4
5158,23,59000,RENT,0,0,0,1,0,0,1,0,0,0,D,9000,15.28,1,0.15,0,4
5172,25,72500,RENT,2,0,0,1,0,0,1,0,0,0,B,9000,10.59,0,0.12,0,2
5198,24,86250,RENT,1,0,0,1,0,0,1,0,0,0,B,9000,12.69,0,0.1,0,2
5217,25,115000,RENT,2,0,0,1,0,0,1,0,0,0,A,9000,7.51,0,0.08,0,3
5236,25,19240,RENT,0,0,0,1,0,0,1,0,0,0,B,8875,10.65,1,0.46,0,4
5310,24,25000,RENT,0,0,0,1,0,0,1,0,0,0,B,8500,12.21,1,0.34,0,2
5391,25,69000,RENT,5,0,0,1,0,0,1,0,0,0,A,8500,6.92,1,0.12,0,4
5421,26,54996,RENT,3,0,0,1,0,0,1,0,0,0,B,5000,11.86,0,0.09,0,2
5424,24,54996,RENT,0,0,0,1,0,0,1,0,0,0,B,5000,10.39,0,0.09,0,2
5436,24,50000,RENT,1,0,0,1,0,0,1,0,0,0,D,5000,15.62,1,0.1,0,4
5444,26,51600,RENT,1,0,0,1,0,0,1,0,0,0,A,5000,8.94,1,0.1,0,2
5446,24,57996,RENT,1,0,0,1,0,0,1,0,0,0,A,5000,8,0,0.09,0,3
5447,24,57996,RENT,4,0,0,1,0,0,1,0,0,0,D,5000,13.24,0,0.09,0,4
5460,24,58800,RENT,5,0,0,1,0,0,1,0,0,0,A,5000,7.29,0,0.09,0,3
5484,25,60000,RENT,8,0,0,1,0,0,1,0,0,0,D,5000,15.57,0,0.08,0,4
5496,24,60996,RENT,8,0,0,1,0,0,1,0,0,0,A,5000,,0,0.08,0,2
5505,25,63000,RENT,9,0,0,1,0,0,1,0,0,0,B,5000,10.74,0,0.08,0,3
5535,24,65000,RENT,1,0,0,1,0,0,1,0,0,0,B,5000,10.25,0,0.08,0,2
5580,24,73500,RENT,3,0,0,1,0,0,1,0,0,0,C,5000,12.99,0,0.07,0,4
5600,25,76344,RENT,2,0,0,1,0,0,1,0,0,0,A,5000,9.63,0,0.07,0,2
5605,24,78300,RENT,0,0,0,1,0,0,1,0,0,0,A,5000,7.74,0,0.06,0,3
5621,24,83100,RENT,5,0,0,1,0,0,1,0,0,0,E,5000,16.35,0,0.06,0,3
5638,23,78000,RENT,0,0,0,1,0,0,1,0,0,0,A,5000,6.62,1,0.06,0,4
5687,24,115000,RENT,1,0,0,1,0,0,1,0,0,0,A,5000,8.9,0,0.04,0,3
5692,26,120000,RENT,3,0,0,1,0,0,1,0,0,0,A,5000,7.68,0,0.04,0,2
5804,21,21700,RENT,2,0,0,1,0,0,1,0,0,0,D,5500,14.91,1,0.25,0,2
5885,25,57000,RENT,1,0,0,1,0,0,1,0,0,0,B,5500,10.99,0,0.1,0,4
5886,26,51600,RENT,10,0,0,1,0,0,1,0,0,0,B,5500,11.99,1,0.11,0,3
5915,21,18000,RENT,1,0,0,1,0,0,1,0,0,0,F,5600,18.09,1,0.31,0,4
5965,22,39000,RENT,1,0,0,1,0,0,1,0,0,0,D,5600,14.96,1,0.14,0,4
5972,24,50000,RENT,4,0,0,1,0,0,1,0,0,0,B,5600,,0,0.11,0,4
6050,25,147750,RENT,3,0,0,1,0,0,1,0,0,0,B,5750,9.99,0,0.04,0,4
6092,25,34000,RENT,0,0,0,1,0,0,1,0,0,0,B,5925,11.11,1,0.17,0,4
6099,25,78000,RENT,3,0,0,1,0,0,1,0,0,0,A,5950,7.29,0,0.08,0,3
6115,22,18200,RENT,4,0,0,1,0,0,1,0,0,0,A,6000,7.66,1,0.33,0,3
6148,21,23040,RENT,0,0,0,1,0,0,1,0,0,0,A,6000,7.9,1,0.26,0,2
6169,22,24000,RENT,2,0,0,1,0,0,1,0,0,0,B,6000,12.18,1,0.25,0,3
6224,21,28800,RENT,2,0,0,1,0,0,1,0,0,0,B,6000,10.62,1,0.21,0,3
6278,24,32000,RENT,1,0,0,1,0,0,1,0,0,0,C,6000,13.49,1,0.19,0,3
6411,22,33000,RENT,3,0,0,1,0,0,1,0,0,0,B,6000,,1,0.18,0,4
6540,22,40680,RENT,2,0,0,1,0,0,1,0,0,0,B,6000,11.36,1,0.15,0,4
6557,23,42000,RENT,1,0,0,1,0,0,1,0,0,0,C,6000,12.99,1,0.14,0,4
6609,25,50000,RENT,9,0,0,1,0,0,1,0,0,0,C,6000,14.17,0,0.12,0,3
6633,26,45928,RENT,5,0,0,1,0,0,1,0,0,0,A,6000,7.9,1,0.13,0,4
6638,26,52000,RENT,10,0,0,1,0,0,1,0,0,0,E,6000,15.68,0,0.12,0,3
6639,24,52800,RENT,3,0,0,1,0,0,1,0,0,0,B,6000,9.91,0,0.11,0,4
6641,25,53000,RENT,9,0,0,1,0,0,1,0,0,0,A,6000,7.9,0,0.11,0,4
6653,25,54000,RENT,4,0,0,1,0,0,1,0,0,0,A,6000,8.59,0,0.11,0,4
6667,25,55000,RENT,3,0,0,1,0,0,1,0,0,0,B,6000,,0,0.11,0,3
6679,26,55000,RENT,6,0,0,1,0,0,1,0,0,0,A,6000,7.14,0,0.11,0,4
6689,25,56000,RENT,1,0,0,1,0,0,1,0,0,0,B,6000,10.74,0,0.11,0,2
6718,24,54000,RENT,3,0,0,1,0,0,1,0,0,0,B,6000,10.99,1,0.11,0,2
6730,23,54000,RENT,6,0,0,1,0,0,1,0,0,0,E,6000,16.45,1,0.11,0,2
6731,24,60000,RENT,0,0,0,1,0,0,1,0,0,0,B,6000,11.48,0,0.1,0,2
6756,25,96000,RENT,9,0,0,1,0,0,1,0,0,0,A,7075,5.99,0,0.07,0,4
6759,22,10000,RENT,0,0,0,1,0,0,1,0,0,0,B,7000,12.21,1,0.7,0,2
6765,22,18000,RENT,1,0,0,1,0,0,1,0,0,0,B,7000,10.65,1,0.39,0,2
6768,21,18000,RENT,5,0,0,1,0,0,1,0,0,0,B,7000,11.14,1,0.39,0,4
6771,21,19200,RENT,5,0,0,1,0,0,1,0,0,0,C,7000,14.35,1,0.36,0,2
6776,26,22480,RENT,0,0,0,1,0,0,1,0,0,0,A,7000,8,1,0.31,0,4
6779,25,22776,RENT,,0,0,1,0,0,1,0,0,0,B,7000,9.91,1,0.31,0,4
6803,26,63000,RENT,3,0,0,1,0,0,1,0,0,0,C,6000,13.23,0,0.1,0,2
6840,24,69996,RENT,0,0,0,1,0,0,1,0,0,0,C,6000,13.06,0,0.09,0,2
6905,24,80490,RENT,8,0,0,1,0,0,1,0,0,0,B,6000,10.59,0,0.07,0,3
6914,26,82000,RENT,8,0,0,1,0,0,1,0,0,0,A,6000,7.88,0,0.07,0,3
6940,25,90000,RENT,9,0,0,1,0,0,1,0,0,0,C,6000,13.49,0,0.07,0,4
6946,25,90000,RENT,4,0,0,1,0,0,1,0,0,0,A,6000,7.88,0,0.07,0,3
6955,24,95000,RENT,3,0,0,1,0,0,1,0,0,0,B,6000,10.99,0,0.06,0,4
6958,25,96000,RENT,0,0,0,1,0,0,1,0,0,0,A,6000,6.99,0,0.06,0,4
6970,22,93000,RENT,6,0,0,1,0,0,1,0,0,0,A,6000,8.94,1,0.06,0,4
6982,25,150000,RENT,3,0,0,1,0,0,1,0,0,0,C,6000,13.48,0,0.04,0,2
6988,25,50000,RENT,9,0,0,1,0,0,1,0,0,0,B,6075,10,0,0.12,0,2
7001,24,26000,RENT,2,0,0,1,0,0,1,0,0,0,D,6200,14.11,1,0.24,0,4
7080,25,60000,RENT,3,0,0,1,0,0,1,0,0,0,A,7000,6.92,0,0.12,0,2
7157,25,70356,RENT,8,0,0,1,0,0,1,0,0,0,A,7000,7.29,0,0.1,0,4
7170,24,75000,RENT,2,0,0,1,0,0,1,0,0,0,B,7000,10.74,0,0.09,0,3
7181,23,74000,RENT,7,0,0,1,0,0,1,0,0,0,A,7000,6.03,1,0.09,0,3
7207,22,28500,RENT,2,0,0,1,0,0,1,0,0,0,D,6250,14.84,1,0.22,0,4
7242,24,118000,RENT,5,0,0,1,0,0,1,0,0,0,A,7000,8.49,0,0.06,0,2
7327,22,35325,RENT,2,0,0,1,0,0,1,0,0,0,D,6500,15.95,1,0.18,0,2
7360,25,72600,RENT,5,0,0,1,0,0,1,0,0,0,A,6500,7.74,0,0.09,0,2
7392,24,30000,RENT,2,0,0,1,0,0,1,0,0,0,C,6600,13.06,1,0.22,0,2
7410,24,52000,RENT,3,0,0,1,0,0,1,0,0,0,A,6600,,0,0.13,0,3
7483,23,46852,RENT,3,0,0,1,0,0,1,0,0,0,B,6800,10.65,1,0.15,0,2
7490,24,54000,RENT,8,0,0,1,0,0,1,0,0,0,B,6800,10.59,0,0.13,0,3
7507,25,70000,RENT,5,0,0,1,0,0,1,0,0,0,A,6800,5.42,0,0.1,0,2
7514,22,29361,RENT,4,0,0,1,0,0,1,0,0,0,B,6450,,1,0.22,0,3
7527,25,29120,RENT,0,0,0,1,0,0,1,0,0,0,D,6400,16.29,1,0.22,0,2
7530,22,30000,RENT,,0,0,1,0,0,1,0,0,0,D,6400,15.99,1,0.21,0,2
7586,25,50000,RENT,0,0,0,1,0,0,1,0,0,0,B,6400,9.91,0,0.13,0,4
7631,24,112000,RENT,8,0,0,1,0,0,1,0,0,0,A,6400,6.62,0,0.06,0,2
7729,23,32000,RENT,0,0,0,1,0,0,1,0,0,0,C,7000,14.26,1,0.22,0,4
7780,23,31000,RENT,7,0,0,1,0,0,1,0,0,0,B,7000,,1,0.23,0,3
7937,21,44004,RENT,2,0,0,1,0,0,1,0,0,0,B,7000,11.46,1,0.16,0,2
7945,25,52000,RENT,2,0,0,1,0,0,1,0,0,0,B,7000,10.59,0,0.13,0,2
7979,26,61200,RENT,3,0,0,1,0,0,1,0,0,0,A,7150,6.99,0,0.12,0,2
8050,22,39000,RENT,0,0,0,1,0,0,1,0,0,0,B,7200,9.45,1,0.18,0,3
8138,26,111000,RENT,1,0,0,1,0,0,1,0,0,0,B,7200,12.18,0,0.06,0,3
8142,25,135000,RENT,6,0,0,1,0,0,1,0,0,0,B,7200,9.91,0,0.05,0,3
8144,25,62467,RENT,1,0,0,1,0,0,1,0,0,0,B,7250,10.65,0,0.12,0,4
8229,22,34404,RENT,2,0,0,1,0,0,1,0,0,0,D,7500,15.05,1,0.22,0,2
8318,26,44000,RENT,0,0,0,1,0,0,1,0,0,0,E,7500,16.4,1,0.17,0,3
8323,24,50000,RENT,2,0,0,1,0,0,1,0,0,0,B,7500,10.01,0,0.15,0,3
8346,24,55000,RENT,1,0,0,1,0,0,1,0,0,0,B,7500,12.53,0,0.14,0,2
8398,23,62844,RENT,7,0,0,1,0,0,1,0,0,0,C,7500,11.97,1,0.12,0,4
8402,23,64000,RENT,0,0,0,1,0,0,1,0,0,0,D,7500,13.55,1,0.12,0,3
8442,25,125000,RENT,3,0,0,1,0,0,1,0,0,0,B,7500,12.69,0,0.06,0,4
8455,25,54000,RENT,7,0,0,1,0,0,1,0,0,0,A,7575,6.99,0,0.14,0,4
8462,25,60000,RENT,1,0,0,1,0,0,1,0,0,0,B,7600,12.21,0,0.13,0,4
8470,24,76554,RENT,8,0,0,1,0,0,1,0,0,0,D,7600,12.61,0,0.1,0,2
8486,24,24000,RENT,0,0,0,1,0,0,1,0,0,0,D,7750,17.27,1,0.32,0,3
8556,22,14400,RENT,3,0,0,1,0,0,1,0,0,0,B,8000,9.99,1,0.56,0,4
8557,21,15500,RENT,3,0,0,1,0,0,1,0,0,0,A,8000,7.51,1,0.52,0,4
8558,24,16000,RENT,0,0,0,1,0,0,1,0,0,0,C,8000,13.57,1,0.5,0,2
8590,24,23000,RENT,0,0,0,1,0,0,1,0,0,0,C,8000,13.49,1,0.35,0,4
8603,25,25000,RENT,1,0,0,1,0,0,1,0,0,0,B,8000,12.42,1,0.32,0,3
8699,24,29000,RENT,4,0,0,1,0,0,1,0,0,0,B,8000,12.42,1,0.28,0,2
8729,26,30000,RENT,6,0,0,1,0,0,1,0,0,0,C,8000,,1,0.27,0,3
8881,23,39000,RENT,3,0,0,1,0,0,1,0,0,0,B,8000,11.36,1,0.21,0,3
8928,23,42000,RENT,3,0,0,1,0,0,1,0,0,0,D,8000,15.58,1,0.19,0,2
8982,24,52000,RENT,3,0,0,1,0,0,1,0,0,0,B,8000,10.99,0,0.15,0,4
9047,25,57600,RENT,0,0,0,1,0,0,1,0,0,0,A,8000,7.66,0,0.14,0,2
9063,25,54000,RENT,,0,0,1,0,0,1,0,0,0,B,8000,9.91,1,0.15,0,2
9073,25,54000,RENT,1,0,0,1,0,0,1,0,0,0,B,8000,11.49,1,0.15,0,4
9096,24,55000,RENT,2,0,0,1,0,0,1,0,0,0,D,8000,14.61,1,0.15,0,2
9138,25,66000,RENT,1,0,0,1,0,0,1,0,0,0,B,5050,11.49,0,0.08,0,2
9145,24,10668,RENT,0,0,0,1,0,0,1,0,0,0,A,5000,7.88,1,0.47,0,3
9183,22,17720,RENT,6,0,0,1,0,0,1,0,0,0,B,5000,9.62,1,0.28,0,4
9194,25,19200,RENT,0,0,0,1,0,0,1,0,0,0,B,5000,9.62,1,0.26,0,2
9338,24,64000,RENT,8,0,0,1,0,0,1,0,0,0,A,8000,7.9,0,0.13,0,2
9386,26,70000,RENT,10,0,0,1,0,0,1,0,0,0,A,8000,7.9,0,0.11,0,4
9415,24,72000,RENT,5,0,0,1,0,0,1,0,0,0,B,8000,10,0,0.11,0,3
9444,26,80000,RENT,0,0,0,1,0,0,1,0,0,0,A,8000,5.99,0,0.1,0,2
9446,25,74000,RENT,9,0,0,1,0,0,1,0,0,0,A,8000,7.29,1,0.11,0,3
9496,25,95000,RENT,3,0,0,1,0,0,1,0,0,0,C,8000,13.8,0,0.08,0,3
9500,26,84000,RENT,0,0,0,1,0,0,1,0,0,0,C,8000,12.61,1,0.1,0,4
9560,24,85000,RENT,6,0,0,1,0,0,1,0,0,0,A,8100,,0,0.1,0,2
9567,26,56000,RENT,6,0,0,1,0,0,1,0,0,0,C,8150,12.87,0,0.15,0,4
9591,25,30000,RENT,0,0,0,1,0,0,1,0,0,0,A,8300,8.9,1,0.28,0,3
9594,24,83000,RENT,4,0,0,1,0,0,1,0,0,0,A,8300,7.88,0,0.1,0,2
9688,24,66000,RENT,0,0,0,1,0,0,1,0,0,0,A,8400,,0,0.13,0,2
9731,25,95000,RENT,0,0,0,1,0,0,1,0,0,0,A,8600,8.59,0,0.09,0,2
9751,25,150000,RENT,2,0,0,1,0,0,1,0,0,0,A,8750,7.74,0,0.06,0,4
9774,24,26400,RENT,3,0,0,1,0,0,1,0,0,0,B,9000,11.49,1,0.34,0,3
9930,26,50200,RENT,1,0,0,1,0,0,1,0,0,0,A,9000,7.66,0,0.18,0,3
9970,25,55000,RENT,5,0,0,1,0,0,1,0,0,0,B,9000,11.11,0,0.16,0,2
10011,22,24000,RENT,1,0,0,1,0,0,1,0,0,0,A,9250,8.94,1,0.39,0,2
10116,25,57000,RENT,1,0,0,1,0,0,1,0,0,0,B,9500,12.53,0,0.17,0,4
10134,21,24000,RENT,4,0,0,1,0,0,1,0,0,0,C,9600,14.27,1,0.4,0,4
10187,25,37200,RENT,6,0,0,1,0,0,1,0,0,0,A,9600,5.99,1,0.26,0,4
10203,24,50000,RENT,0,0,0,1,0,0,1,0,0,0,A,9600,7.51,0,0.19,0,3
10206,24,50500,RENT,7,0,0,1,0,0,1,0,0,0,A,9600,,0,0.19,0,2
10239,25,54000,RENT,5,0,0,1,0,0,1,0,0,0,D,9600,15.62,1,0.18,0,2
10269,25,71000,RENT,5,0,0,1,0,0,1,0,0,0,A,9600,5.79,0,0.14,0,4
10302,24,94837,RENT,8,0,0,1,0,0,1,0,0,0,B,9600,11.99,0,0.1,0,2
10312,21,28000,RENT,1,0,0,1,0,0,1,0,0,0,C,9700,11.34,1,0.35,0,2
10328,24,18000,RENT,0,0,0,1,0,0,1,0,0,0,A,10000,7.29,1,0.56,0,4
10330,21,19200,RENT,0,0,0,1,0,0,1,0,0,0,B,10000,10.99,1,0.52,0,3
10360,25,24000,RENT,4,0,0,1,0,0,1,0,0,0,B,10000,9.91,1,0.42,0,4
10438,26,29406,RENT,5,0,0,1,0,0,1,0,0,0,B,10000,11.71,1,0.34,0,4
10563,25,33996,RENT,4,0,0,1,0,0,1,0,0,0,C,10000,12.53,1,0.29,0,2
10741,24,34000,RENT,1,0,0,1,0,0,1,0,0,0,B,10000,12.69,1,0.29,0,2
10942,24,39600,RENT,7,0,0,1,0,0,1,0,0,0,B,10000,10.36,1,0.25,0,3
10970,22,29000,RENT,6,0,0,1,0,0,1,0,0,0,A,4200,6.62,1,0.14,0,2
10973,22,29000,RENT,0,0,0,1,0,0,1,0,0,0,D,4200,,1,0.14,0,2
10988,25,36499,RENT,1,0,0,1,0,0,1,0,0,0,B,4200,10.99,1,0.12,0,4
11022,26,65000,RENT,3,0,0,1,0,0,1,0,0,0,A,4200,7.29,0,0.06,0,2
11026,26,69000,RENT,6,0,0,1,0,0,1,0,0,0,A,4200,6.62,0,0.06,0,3
11046,26,50500,RENT,0,0,0,1,0,0,1,0,0,0,A,4050,7.88,0,0.08,0,4
11057,21,12000,RENT,,0,0,1,0,0,1,0,0,0,B,4000,10.99,1,0.33,0,3
11165,26,50000,RENT,1,0,0,1,0,0,1,0,0,0,A,10000,6.91,0,0.2,0,2
11201,22,44307,RENT,6,0,0,1,0,0,1,0,0,0,B,10000,11.36,1,0.23,0,2
11204,22,45000,RENT,6,0,0,1,0,0,1,0,0,0,C,10000,15.96,1,0.22,0,2
11229,24,52000,RENT,5,0,0,1,0,0,1,0,0,0,B,10000,11.99,0,0.19,0,4
11230,23,46000,RENT,7,0,0,1,0,0,1,0,0,0,C,10000,13.43,1,0.22,0,4
11232,25,52000,RENT,1,0,0,1,0,0,1,0,0,0,A,10000,6.91,0,0.19,0,2
11269,24,54480,RENT,8,0,0,1,0,0,1,0,0,0,B,10000,11.89,0,0.18,0,3
11284,25,49000,RENT,9,0,0,1,0,0,1,0,0,0,A,10000,6.62,1,0.2,0,4
11300,24,55000,RENT,5,0,0,1,0,0,1,0,0,0,A,10000,5.42,0,0.18,0,2
11324,24,56500,RENT,1,0,0,1,0,0,1,0,0,0,B,10000,,0,0.18,0,4
11341,26,57600,RENT,10,0,0,1,0,0,1,0,0,0,A,10000,6.62,0,0.17,0,4
11365,24,59600,RENT,8,0,0,1,0,0,1,0,0,0,A,10000,5.99,0,0.17,0,3
11388,25,54000,RENT,0,0,0,1,0,0,1,0,0,0,C,10000,15.23,1,0.19,0,4
11409,25,60000,RENT,5,0,0,1,0,0,1,0,0,0,A,10000,7.14,0,0.17,0,4
11432,25,60000,RENT,2,0,0,1,0,0,1,0,0,0,C,10000,12.09,0,0.17,0,2
11438,24,60629,RENT,7,0,0,1,0,0,1,0,0,0,A,10000,7.51,0,0.16,0,2
11444,26,56000,RENT,10,0,0,1,0,0,1,0,0,0,B,10000,12.69,1,0.18,0,2
11474,25,39000,RENT,0,0,0,1,0,0,1,0,0,0,E,4000,17.74,1,0.1,0,2
11517,25,64800,RENT,5,0,0,1,0,0,1,0,0,0,A,10000,7.88,0,0.15,0,4
11525,26,65000,RENT,5,0,0,1,0,0,1,0,0,0,C,10000,14.27,0,0.15,0,4
11622,26,70000,RENT,2,0,0,1,0,0,1,0,0,0,B,10000,9.45,0,0.14,0,3
11692,26,75000,RENT,4,0,0,1,0,0,1,0,0,0,A,10000,6.17,0,0.13,0,4
11701,26,75000,RENT,1,0,0,1,0,0,1,0,0,0,B,10000,11.14,0,0.13,0,3
11741,24,74000,RENT,1,0,0,1,0,0,1,0,0,0,D,10000,14.54,1,0.14,0,2
11756,24,80004,RENT,3,0,0,1,0,0,1,0,0,0,A,10000,7.9,0,0.12,0,4
11782,25,84000,RENT,5,0,0,1,0,0,1,0,0,0,C,10000,13.49,0,0.12,0,2
11794,24,84996,RENT,3,0,0,1,0,0,1,0,0,0,D,10000,15.21,0,0.12,0,4
11809,26,85000,RENT,3,0,0,1,0,0,1,0,0,0,A,10000,,0,0.12,0,2
11820,25,86000,RENT,10,0,0,1,0,0,1,0,0,0,D,10000,,0,0.12,0,2
11840,24,90000,RENT,8,0,0,1,0,0,1,0,0,0,B,10000,,0,0.11,0,2
11849,24,90000,RENT,8,0,0,1,0,0,1,0,0,0,B,10000,11.89,0,0.11,0,4
11869,24,94000,RENT,8,0,0,1,0,0,1,0,0,0,E,10000,18.64,0,0.11,0,2
11920,25,30720,RENT,2,0,0,1,0,0,1,0,0,0,C,11000,13.72,1,0.36,0,2
12017,25,80000,RENT,0,0,0,1,0,0,1,0,0,0,B,11200,,0,0.14,0,3
12036,25,75000,RENT,1,0,0,1,0,0,1,0,0,0,C,11250,,0,0.15,0,3
12064,24,65000,RENT,2,0,0,1,0,0,1,0,0,0,B,11400,11.89,0,0.18,0,3
12092,21,34500,RENT,2,0,0,1,0,0,1,0,0,0,D,11500,15.31,1,0.33,0,2
12115,26,57000,RENT,0,0,0,1,0,0,1,0,0,0,A,11500,7.51,0,0.2,0,3
12129,26,79000,RENT,7,0,0,1,0,0,1,0,0,0,B,11500,11.99,0,0.15,0,3
12531,26,60000,RENT,5,0,0,1,0,0,1,0,0,0,B,12000,10.65,0,0.2,0,3
12712,26,59000,RENT,1,0,0,1,0,0,1,0,0,0,D,12000,,1,0.2,0,4
12742,26,70000,RENT,6,0,0,1,0,0,1,0,0,0,A,12000,6.99,0,0.17,0,3
12834,22,36000,RENT,1,0,0,1,0,0,1,0,0,0,B,3000,10.37,1,0.08,0,3
12914,25,78000,RENT,6,0,0,1,0,0,1,0,0,0,B,12000,12.53,0,0.15,0,2
12954,25,80004,RENT,4,0,0,1,0,0,1,0,0,0,B,12000,10.36,0,0.15,0,3
12969,26,82700,RENT,3,0,0,1,0,0,1,0,0,0,A,12000,6.91,0,0.15,0,4
12987,23,78000,RENT,1,0,0,1,0,0,1,0,0,0,D,12000,14.96,1,0.15,0,4
13024,24,86000,RENT,1,0,0,1,0,0,1,0,0,0,B,12000,10.65,0,0.14,0,3
13082,25,90000,RENT,2,0,0,1,0,0,1,0,0,0,B,12000,11.48,0,0.13,0,3
13092,25,92000,RENT,5,0,0,1,0,0,1,0,0,0,C,12000,13.43,0,0.13,0,3
13095,24,92341,RENT,9,0,0,1,0,0,1,0,0,0,A,12000,7.51,0,0.13,0,3
13115,25,96000,RENT,1,0,0,1,0,0,1,0,0,0,B,12000,9.99,0,0.13,0,4
13127,24,100000,RENT,5,0,0,1,0,0,1,0,0,0,A,12000,7.9,0,0.12,0,2
13157,26,110000,RENT,2,0,0,1,0,0,1,0,0,0,A,12000,7.88,0,0.11,0,2
13227,26,105000,RENT,1,0,0,1,0,0,1,0,0,0,B,12100,,0,0.12,0,2
13317,25,37200,RENT,2,0,0,1,0,0,1,0,0,0,D,2800,16.29,1,0.08,0,3
13540,24,70000,RENT,3,0,0,1,0,0,1,0,0,0,A,12500,7.88,0,0.18,0,3
13577,24,32000,RENT,4,0,0,1,0,0,1,0,0,0,B,12800,12.42,1,0.4,0,3
13590,26,52992,RENT,6,0,0,1,0,0,1,0,0,0,A,12800,5.42,0,0.24,0,4
13629,24,58155,RENT,8,0,0,1,0,0,1,0,0,0,E,12950,,0,0.22,0,4
13634,26,50000,RENT,0,0,0,1,0,0,1,0,0,0,B,13000,,0,0.26,0,3
13650,22,48000,RENT,3,0,0,1,0,0,1,0,0,0,A,13000,7.88,1,0.27,0,3
13656,25,55000,RENT,9,0,0,1,0,0,1,0,0,0,A,13000,7.51,0,0.24,0,4
13672,25,62000,RENT,2,0,0,1,0,0,1,0,0,0,A,13000,6.91,0,0.21,0,2
13699,24,70000,RENT,0,0,0,1,0,0,1,0,0,0,A,13000,7.9,0,0.19,0,3
13707,24,75000,RENT,3,0,0,1,0,0,1,0,0,0,B,13000,10.99,0,0.17,0,4
13815,24,79000,RENT,2,0,0,1,0,0,1,0,0,0,A,13800,8.49,0,0.17,0,2
13884,24,50000,RENT,2,0,0,1,0,0,1,0,0,0,B,14000,9.88,0,0.28,0,2
13920,25,55000,RENT,9,0,0,1,0,0,1,0,0,0,A,14000,6.62,0,0.25,0,2
13980,25,60000,RENT,5,0,0,1,0,0,1,0,0,0,B,14000,,0,0.23,0,2
14020,25,70000,RENT,2,0,0,1,0,0,1,0,0,0,B,14000,9.99,0,0.2,0,2
14057,25,77700,RENT,2,0,0,1,0,0,1,0,0,0,B,14000,10.99,0,0.18,0,2
14082,24,88000,RENT,0,0,0,1,0,0,1,0,0,0,B,14000,9.99,0,0.16,0,3
14083,26,90000,RENT,0,0,0,1,0,0,1,0,0,0,A,14000,6.03,0,0.16,0,2
14139,24,148000,RENT,8,0,0,1,0,0,1,0,0,0,A,14000,5.42,0,0.09,0,2
14256,24,70000,RENT,5,0,0,1,0,0,1,0,0,0,C,14400,12.23,0,0.21,0,4
14296,26,94500,RENT,6,0,0,1,0,0,1,0,0,0,B,14400,10.37,0,0.15,0,3
14521,24,33500,RENT,5,0,0,1,0,0,1,0,0,0,C,2000,13.8,1,0.06,0,2
14581,25,39000,RENT,3,0,0,1,0,0,1,0,0,0,A,2000,7.66,1,0.05,0,4
14637,24,50000,RENT,8,0,0,1,0,0,1,0,0,0,D,2000,,0,0.04,0,2
14724,26,34988,RENT,9,0,0,1,0,0,1,0,0,0,C,15000,13.98,1,0.43,0,2
14763,23,36500,RENT,2,0,0,1,0,0,1,0,0,0,D,15000,15.65,1,0.41,0,3
14820,25,39000,RENT,4,0,0,1,0,0,1,0,0,0,D,15000,12.92,1,0.38,0,2
14937,22,44000,RENT,5,0,0,1,0,0,1,0,0,0,B,15000,11.11,1,0.34,0,3
14976,26,50400,RENT,10,0,0,1,0,0,1,0,0,0,B,15000,10.75,0,0.3,0,2
15088,25,12732,RENT,,0,0,1,0,0,1,0,0,0,C,1550,15.27,1,0.12,0,2
15128,22,18000,RENT,0,0,0,1,0,0,1,0,0,0,E,1500,18.64,1,0.08,0,2
15287,24,60000,RENT,6,0,0,1,0,0,1,0,0,0,C,15000,13.99,0,0.25,0,4
15385,26,65000,RENT,5,0,0,1,0,0,1,0,0,0,A,15000,7.66,0,0.23,0,4
15448,25,70000,RENT,9,0,0,1,0,0,1,0,0,0,D,15000,16.02,0,0.21,0,4
15644,24,90000,RENT,8,0,0,1,0,0,1,0,0,0,D,15000,17.58,0,0.17,0,3
15653,24,90000,RENT,3,0,0,1,0,0,1,0,0,0,B,15000,11.86,0,0.17,0,2
15675,24,82308,RENT,4,0,0,1,0,0,1,0,0,0,B,15125,10.36,0,0.18,0,4
15714,24,59000,RENT,7,0,0,1,0,0,1,0,0,0,D,15250,14.96,0,0.26,0,4
15746,24,63000,RENT,1,0,0,1,0,0,1,0,0,0,A,15675,6.54,0,0.25,0,2
15758,24,76000,RENT,6,0,0,1,0,0,1,0,0,0,B,16000,10.99,0,0.21,0,3
15763,24,79500,RENT,8,0,0,1,0,0,1,0,0,0,B,16000,11.14,0,0.2,0,4
15804,24,94000,RENT,8,0,0,1,0,0,1,0,0,0,B,16000,11.89,0,0.17,0,3
15826,24,100000,RENT,5,0,0,1,0,0,1,0,0,0,B,16000,11.12,0,0.16,0,3
15897,24,125000,RENT,9,0,0,1,0,0,1,0,0,0,B,19200,10.99,0,0.15,0,3
15913,24,90000,RENT,1,0,0,1,0,0,1,0,0,0,B,19500,9.76,0,0.22,0,2
15925,21,9600,RENT,4,0,0,1,0,0,1,0,0,0,D,2000,15.99,1,0.21,0,3
15936,25,47000,RENT,9,0,0,1,0,0,1,0,0,0,D,19750,15.7,1,0.42,0,4
15938,21,9000,RENT,4,0,0,1,0,0,1,0,0,0,C,3000,15.23,1,0.33,0,4
15954,24,7500,RENT,0,0,0,1,0,0,1,0,0,0,C,1200,13.48,1,0.16,0,4
15977,24,69996,RENT,3,0,0,1,0,0,1,0,0,0,B,2500,12.53,0,0.04,0,4
15980,26,15436,RENT,,0,0,1,0,0,1,0,0,0,A,5500,7.88,1,0.36,0,3
16042,25,62500,RENT,6,0,0,1,0,0,1,0,0,0,B,4000,10.37,0,0.06,0,3
16118,23,21600,RENT,2,0,0,1,0,0,1,0,0,0,D,6000,14.42,1,0.28,0,2
16139,25,85000,RENT,9,0,0,1,0,0,1,0,0,0,A,5750,7.29,0,0.07,0,3
16140,26,58000,RENT,0,0,0,1,0,0,1,0,0,0,B,20000,10.25,1,0.34,0,4
16171,25,120000,RENT,1,0,0,1,0,0,1,0,0,0,A,12000,,0,0.1,0,3
16172,25,54000,RENT,,0,0,1,0,0,1,0,0,0,D,12000,16.77,1,0.22,0,2
16180,24,72000,RENT,5,0,0,1,0,0,1,0,0,0,B,8000,10,0,0.11,0,2
16258,25,150000,RENT,2,0,0,1,0,0,1,0,0,0,A,8750,7.74,0,0.06,0,2
16367,22,23587,RENT,4,0,0,1,0,0,1,0,0,0,B,2000,11.89,1,0.08,0,2
16434,23,13000,RENT,3,0,0,1,0,0,1,0,0,0,D,2800,15.21,1,0.22,0,2
16472,23,34800,RENT,0,0,0,1,0,0,1,0,0,0,B,7000,11.99,1,0.2,0,3
16505,25,82000,RENT,5,0,0,1,0,0,1,0,0,0,C,6000,,0,0.07,0,3
16576,25,175000,RENT,4,0,0,1,0,0,1,0,0,0,D,10000,15.05,0,0.06,0,3
16583,24,133000,RENT,5,0,0,1,0,0,1,0,0,0,B,17400,11.71,0,0.13,0,3
16618,26,22406,RENT,5,0,0,1,0,0,1,0,0,0,A,2500,6.76,1,0.11,0,2
16638,23,19250,RENT,1,0,0,1,0,0,1,0,0,0,E,6250,16.82,1,0.32,0,2
16654,25,19200,RENT,5,0,0,1,0,0,1,0,0,0,B,4000,,1,0.21,0,3
16708,25,27600,RENT,,0,0,1,0,0,1,0,0,0,B,3500,10.99,1,0.13,0,4
16732,26,50000,RENT,0,0,0,1,0,0,1,0,0,0,B,13000,,0,0.26,0,4
16763,22,54000,RENT,5,0,0,1,0,0,1,0,0,0,D,3200,16.49,1,0.06,0,2
16870,22,34560,RENT,2,0,0,1,0,0,1,0,0,0,E,1200,19.29,1,0.03,0,2
16888,25,80004,RENT,5,0,0,1,0,0,1,0,0,0,B,10000,9.62,0,0.12,0,4
16897,24,93000,RENT,2,0,0,1,0,0,1,0,0,0,B,2100,9.91,1,0.02,0,2
16995,23,39000,RENT,2,0,0,1,0,0,1,0,0,0,D,10000,15.2,1,0.26,0,4
17117,24,39000,RENT,4,0,0,1,0,0,1,0,0,0,C,8000,,1,0.21,0,2
17133,24,54996,RENT,2,0,0,1,0,0,1,0,0,0,B,23600,11.89,1,0.43,0,4
17192,24,94000,RENT,6,0,0,1,0,0,1,0,0,0,C,9600,12.99,0,0.1,0,2
17218,25,59004,RENT,1,0,0,1,0,0,1,0,0,0,D,20000,14.84,1,0.34,0,4
17311,24,120000,RENT,4,0,0,1,0,0,1,0,0,0,C,10000,13.61,0,0.08,0,2
17341,22,37200,RENT,6,0,0,1,0,0,1,0,0,0,A,7000,7.9,1,0.19,0,2
17342,24,75000,RENT,6,0,0,1,0,0,1,0,0,0,B,15000,11.71,0,0.2,0,4
17358,24,106000,RENT,6,0,0,1,0,0,1,0,0,0,B,13000,12.69,1,0.12,0,4
17534,23,108366,RENT,7,0,0,1,0,0,1,0,0,0,F,35000,20.25,1,0.32,0,2
17728,22,13200,RENT,0,0,0,1,0,0,1,0,0,0,B,2500,9.91,1,0.19,0,3
17736,24,55782,RENT,3,0,0,1,0,0,1,0,0,0,A,17000,7.51,0,0.3,0,2
17747,26,122500,RENT,1,0,0,1,0,0,1,0,0,0,B,10000,10.65,0,0.08,0,2
17755,24,85000,RENT,0,0,0,1,0,0,1,0,0,0,A,16000,6.91,0,0.19,0,3
17771,25,93000,RENT,3,0,0,1,0,0,1,0,0,0,B,12000,,0,0.13,0,3
17812,24,105000,RENT,2,0,0,1,0,0,1,0,0,0,A,13800,7.66,0,0.13,0,3
17844,34,89000,RENT,3,0,0,1,0,0,1,0,0,0,D,35000,18.25,1,0.39,0,8
17873,29,338000,RENT,3,0,0,1,0,0,1,0,0,0,F,24000,17.8,1,0.07,0,8
17898,29,105000,RENT,6,0,0,1,0,0,1,0,0,0,A,30000,5.99,0,0.29,0,8
17917,31,73000,RENT,15,0,0,1,0,0,1,0,0,0,B,29700,11.11,1,0.41,0,7
17927,27,238000,RENT,11,0,0,1,0,0,1,0,0,0,D,12000,17.27,1,0.05,0,7
17934,28,96000,RENT,3,0,0,1,0,0,1,0,0,0,A,28000,7.9,0,0.29,0,10
17955,32,230000,RENT,16,0,0,1,0,0,1,0,0,0,A,35000,,0,0.15,0,9
17995,31,60000,RENT,4,0,0,1,0,0,1,0,0,0,A,25000,8.9,1,0.42,0,10
18012,32,63235,RENT,3,0,0,1,0,0,1,0,0,0,B,25000,10.25,1,0.4,0,8
18014,30,65000,RENT,15,0,0,1,0,0,1,0,0,0,B,25000,,1,0.38,0,5
18025,29,188000,RENT,0,0,0,1,0,0,1,0,0,0,B,25000,12.18,1,0.13,0,5
18056,29,190000,RENT,1,0,0,1,0,0,1,0,0,0,B,7000,9.88,0,0.04,0,9
18102,30,85000,RENT,3,0,0,1,0,0,1,0,0,0,B,25000,12.21,0,0.29,0,6
18118,28,175000,RENT,7,0,0,1,0,0,1,0,0,0,A,6000,7.9,0,0.03,0,10
18124,27,96000,RENT,11,0,0,1,0,0,1,0,0,0,E,25000,,0,0.26,0,6
18128,33,100000,RENT,1,0,0,1,0,0,1,0,0,0,C,25000,11.66,0,0.25,0,9
18135,29,105996,RENT,13,0,0,1,0,0,1,0,0,0,D,25000,14.83,0,0.24,0,9
18188,30,170000,RENT,14,0,0,1,0,0,1,0,0,0,D,25000,15.21,0,0.15,0,5
18203,28,78000,RENT,12,0,0,1,0,0,1,0,0,0,G,24625,18.36,1,0.32,0,5
18220,31,118320,RENT,1,0,0,1,0,0,1,0,0,0,B,24250,12.53,0,0.2,0,5
18237,30,65000,RENT,4,0,0,1,0,0,1,0,0,0,A,24000,7.9,1,0.37,0,5
18274,29,91440,RENT,13,0,0,1,0,0,1,0,0,0,A,23000,6.54,0,0.25,0,7
18285,30,75000,RENT,5,0,0,1,0,0,1,0,0,0,B,22000,10.62,0,0.29,0,10
18299,30,132000,RENT,14,0,0,1,0,0,1,0,0,0,B,21500,10.62,0,0.16,0,8
18316,34,138000,RENT,0,0,0,1,0,0,1,0,0,0,E,21000,18.79,1,0.15,0,10
18321,33,50000,RENT,0,0,0,1,0,0,1,0,0,0,A,20400,6.54,1,0.41,0,7
18322,29,72000,RENT,8,0,0,1,0,0,1,0,0,0,B,20400,11.49,0,0.28,0,7
18341,30,52500,RENT,2,0,0,1,0,0,1,0,0,0,B,20000,10.37,1,0.38,0,7
18346,35,54996,RENT,12,0,0,1,0,0,1,0,0,0,A,20000,6.62,1,0.36,0,9
18349,27,56000,RENT,5,0,0,1,0,0,1,0,0,0,B,20000,12.18,1,0.36,0,10
18370,29,65000,RENT,3,0,0,1,0,0,1,0,0,0,A,20000,8.9,1,0.31,0,10
18373,30,65000,RENT,5,0,0,1,0,0,1,0,0,0,B,20000,11.99,1,0.31,0,8
18376,34,65000,RENT,3,0,0,1,0,0,1,0,0,0,A,20000,6.54,1,0.31,0,5
18378,32,66000,RENT,4,0,0,1,0,0,1,0,0,0,A,20000,8.9,0,0.3,0,9
18391,27,72000,RENT,4,0,0,1,0,0,1,0,0,0,B,20000,9.25,0,0.28,0,10
18397,28,75000,RENT,6,0,0,1,0,0,1,0,0,0,C,20000,13.49,0,0.27,0,5
18400,27,75000,RENT,1,0,0,1,0,0,1,0,0,0,B,20000,,0,0.27,0,6
18403,28,75000,RENT,0,0,0,1,0,0,1,0,0,0,B,20000,11.11,0,0.27,0,7
18409,28,75000,RENT,13,0,0,1,0,0,1,0,0,0,C,20000,13.16,0,0.27,0,9
18413,28,78000,RENT,5,0,0,1,0,0,1,0,0,0,B,20000,11.48,0,0.26,0,5
18414,27,72000,RENT,4,0,0,1,0,0,1,0,0,0,C,20000,13.22,1,0.28,0,9
18422,27,84000,RENT,1,0,0,1,0,0,1,0,0,0,C,20000,13.49,0,0.24,0,8
18423,28,84996,RENT,12,0,0,1,0,0,1,0,0,0,C,20000,13.92,0,0.24,0,9
18424,28,84996,RENT,8,0,0,1,0,0,1,0,0,0,C,20000,13.92,0,0.24,0,9
18427,29,73000,RENT,1,0,0,1,0,0,1,0,0,0,B,20000,11.83,1,0.27,0,9
18428,29,85155,RENT,13,0,0,1,0,0,1,0,0,0,D,20000,14.61,0,0.23,0,6
18429,27,87000,RENT,3,0,0,1,0,0,1,0,0,0,A,20000,7.49,0,0.23,0,8
18445,31,96588,RENT,2,0,0,1,0,0,1,0,0,0,B,20000,10.95,0,0.21,0,9
18450,28,86652,RENT,5,0,0,1,0,0,1,0,0,0,B,20000,11.58,1,0.23,0,5
18453,31,100000,RENT,6,0,0,1,0,0,1,0,0,0,B,20000,12.42,0,0.2,0,9
18464,35,102000,RENT,3,0,0,1,0,0,1,0,0,0,C,20000,13.85,0,0.2,0,10
18468,28,98000,RENT,0,0,0,1,0,0,1,0,0,0,D,20000,14.96,1,0.2,0,6
18469,27,98000,RENT,11,0,0,1,0,0,1,0,0,0,D,20000,16,1,0.2,0,8
18492,34,148080,RENT,0,0,0,1,0,0,1,0,0,0,A,20000,8.9,0,0.14,0,6
18493,31,155000,RENT,3,0,0,1,0,0,1,0,0,0,B,20000,10.74,0,0.13,0,6
18495,34,148000,RENT,0,0,0,1,0,0,1,0,0,0,B,20000,,1,0.14,0,6
18522,28,58000,RENT,5,0,0,1,0,0,1,0,0,0,D,19000,14.09,1,0.33,0,8
18525,35,65412,RENT,12,0,0,1,0,0,1,0,0,0,B,19000,11.14,0,0.29,0,7
18561,34,51312,RENT,0,0,0,1,0,0,1,0,0,0,C,18000,13.85,1,0.35,0,10
18566,33,60000,RENT,7,0,0,1,0,0,1,0,0,0,A,18000,8.49,0,0.3,0,5
18569,28,63000,RENT,12,0,0,1,0,0,1,0,0,0,B,18000,10.65,0,0.29,0,9
18573,35,66000,RENT,0,0,0,1,0,0,1,0,0,0,B,18000,9.99,0,0.27,0,8
18574,33,67800,RENT,3,0,0,1,0,0,1,0,0,0,B,18000,10.08,0,0.27,0,6
18582,31,75000,RENT,4,0,0,1,0,0,1,0,0,0,A,18000,8.9,0,0.24,0,6
18586,28,80000,RENT,8,0,0,1,0,0,1,0,0,0,B,18000,10.59,0,0.23,0,10
18596,31,78000,RENT,0,0,0,1,0,0,1,0,0,0,E,18000,18.79,1,0.23,0,9
18601,30,101500,RENT,2,0,0,1,0,0,1,0,0,0,B,18000,12.18,0,0.18,0,7
18653,29,60000,RENT,13,0,0,1,0,0,1,0,0,0,D,17000,14.96,0,0.28,0,8
18664,32,115000,RENT,16,0,0,1,0,0,1,0,0,0,B,17000,11.12,0,0.15,0,6
18689,31,39000,RENT,0,0,0,1,0,0,1,0,0,0,D,16450,16.02,1,0.42,0,10
18696,28,70000,RENT,0,0,0,1,0,0,1,0,0,0,B,16100,11.83,0,0.23,0,9
18719,30,50000,RENT,4,0,0,1,0,0,1,0,0,0,E,16000,16.77,1,0.32,0,5
18745,31,69000,RENT,12,0,0,1,0,0,1,0,0,0,A,16000,5.99,0,0.23,0,6
18787,28,73000,RENT,3,0,0,1,0,0,1,0,0,0,C,1000,,0,0.01,0,7
18791,30,69000,RENT,0,0,0,1,0,0,1,0,0,0,A,1000,8.59,1,0.01,0,5
18826,34,65000,RENT,4,0,0,1,0,0,1,0,0,0,A,1300,6.54,0,0.02,0,7
18851,28,30000,RENT,,0,0,1,0,0,1,0,0,0,B,1500,9.63,1,0.05,0,10
18889,32,80000,RENT,6,0,0,1,0,0,1,0,0,0,B,1500,10.74,0,0.02,0,10
18891,33,18000,RENT,1,0,0,1,0,0,1,0,0,0,B,1600,9.88,1,0.09,0,5
18933,29,20000,RENT,,0,0,1,0,0,1,0,0,0,F,2000,18.3,1,0.1,0,9
18935,29,20400,RENT,4,0,0,1,0,0,1,0,0,0,A,2000,7.9,1,0.1,0,9
18967,29,100000,RENT,3,0,0,1,0,0,1,0,0,0,C,15000,12.04,0,0.15,0,10
18969,27,104371,RENT,4,0,0,1,0,0,1,0,0,0,D,15000,16.77,0,0.14,0,5
18970,31,105000,RENT,9,0,0,1,0,0,1,0,0,0,B,15000,10.59,0,0.14,0,8
18992,27,132000,RENT,2,0,0,1,0,0,1,0,0,0,B,15000,11.12,0,0.11,0,5
18995,28,143000,RENT,5,0,0,1,0,0,1,0,0,0,C,15000,12.53,0,0.1,0,6
18999,31,150000,RENT,1,0,0,1,0,0,1,0,0,0,B,15000,,0,0.1,0,10
19003,31,200000,RENT,5,0,0,1,0,0,1,0,0,0,B,15000,11.36,0,0.07,0,8
19005,32,230000,RENT,0,0,0,1,0,0,1,0,0,0,A,15000,5.99,0,0.07,0,5
19007,34,30000,RENT,2,0,0,1,0,0,1,0,0,0,B,14975,12.53,1,0.5,0,10
19024,27,51000,RENT,1,0,0,1,0,0,1,0,0,0,A,2000,7.74,0,0.04,0,6
19027,29,54000,RENT,1,0,0,1,0,0,1,0,0,0,B,2000,10.01,0,0.04,0,7
19033,27,60000,RENT,2,0,0,1,0,0,1,0,0,0,B,2000,9.91,0,0.03,0,9
19054,29,102400,RENT,2,0,0,1,0,0,1,0,0,0,B,2000,8.88,0,0.02,0,7
19059,31,30000,RENT,1,0,0,1,0,0,1,0,0,0,B,2050,8.88,1,0.07,0,7
19081,28,29000,RENT,8,0,0,1,0,0,1,0,0,0,B,14000,11.99,1,0.48,0,9
19092,29,17004,RENT,8,0,0,1,0,0,1,0,0,0,A,2200,9.32,1,0.13,0,5
19101,27,70000,RENT,8,0,0,1,0,0,1,0,0,0,B,2200,10.74,0,0.03,0,8
19106,27,15600,RENT,1,0,0,1,0,0,1,0,0,0,D,2250,18.25,1,0.14,0,6
19128,31,22800,RENT,3,0,0,1,0,0,1,0,0,0,A,2400,8.49,1,0.11,0,8
19178,28,70000,RENT,4,0,0,1,0,0,1,0,0,0,B,2400,10.65,0,0.03,0,7
19185,28,86400,RENT,1,0,0,1,0,0,1,0,0,0,B,2425,11.49,0,0.03,0,8
19192,29,54000,RENT,2,0,0,1,0,0,1,0,0,0,B,13575,11.71,1,0.25,0,10
19210,31,29000,RENT,7,0,0,1,0,0,1,0,0,0,D,13250,17.58,1,0.46,0,6
19252,33,44000,RENT,10,0,0,1,0,0,1,0,0,0,B,13000,9.91,1,0.3,0,6
19307,33,53000,RENT,6,0,0,1,0,0,1,0,0,0,B,2500,9.99,0,0.05,0,7
19329,32,115000,RENT,1,0,0,1,0,0,1,0,0,0,B,2500,11.89,0,0.02,0,6
19330,32,119004,RENT,0,0,0,1,0,0,1,0,0,0,A,2500,,0,0.02,0,10
19333,27,15600,RENT,11,0,0,1,0,0,1,0,0,0,B,2800,10.65,1,0.18,0,5
19348,35,14400,RENT,1,0,0,1,0,0,1,0,0,0,B,3000,,1,0.21,0,7
19359,35,16800,RENT,0,0,0,1,0,0,1,0,0,0,A,3000,5.42,1,0.18,0,7
19364,29,18000,RENT,2,0,0,1,0,0,1,0,0,0,B,3000,12.69,1,0.17,0,8
19480,32,46000,RENT,0,0,0,1,0,0,1,0,0,0,D,3000,16.29,1,0.07,0,9
19497,29,44400,RENT,2,0,0,1,0,0,1,0,0,0,D,12000,15.99,1,0.27,0,5
19500,29,50700,RENT,5,0,0,1,0,0,1,0,0,0,B,12000,12.42,0,0.24,0,6
19510,28,52000,RENT,0,0,0,1,0,0,1,0,0,0,C,12000,13.35,0,0.23,0,5
19513,35,52500,RENT,3,0,0,1,0,0,1,0,0,0,B,12000,10.36,0,0.23,0,8
19519,33,53000,RENT,1,0,0,1,0,0,1,0,0,0,C,12000,12.84,0,0.23,0,5
19520,32,47004,RENT,7,0,0,1,0,0,1,0,0,0,C,12000,12.53,1,0.26,0,5
19528,32,49000,RENT,2,0,0,1,0,0,1,0,0,0,B,12000,11.11,1,0.24,0,9
19529,28,55000,RENT,4,0,0,1,0,0,1,0,0,0,B,12000,10.36,0,0.22,0,7
19531,31,55000,RENT,3,0,0,1,0,0,1,0,0,0,C,12000,13.23,0,0.22,0,10
19557,33,49000,RENT,2,0,0,1,0,0,1,0,0,0,D,3000,16.49,1,0.06,0,7
19563,33,56312,RENT,2,0,0,1,0,0,1,0,0,0,B,3000,11.71,0,0.05,0,9
19579,27,62000,RENT,5,0,0,1,0,0,1,0,0,0,B,3000,9.7,0,0.05,0,9
19587,31,65000,RENT,2,0,0,1,0,0,1,0,0,0,A,3000,5.42,0,0.05,0,5
19600,30,72000,RENT,2,0,0,1,0,0,1,0,0,0,B,3000,11.83,0,0.04,0,5
19622,32,105000,RENT,3,0,0,1,0,0,1,0,0,0,C,3000,,0,0.03,0,10
19630,28,130000,RENT,0,0,0,1,0,0,1,0,0,0,C,3000,14.22,0,0.02,0,8
19648,31,18240,RENT,0,0,0,1,0,0,1,0,0,0,A,3200,9.63,1,0.18,0,8
19663,35,34000,RENT,15,0,0,1,0,0,1,0,0,0,B,3200,9.99,1,0.09,0,7
19686,33,95000,RENT,6,0,0,1,0,0,1,0,0,0,A,3200,7.51,0,0.03,0,5
19702,35,19000,RENT,2,0,0,1,0,0,1,0,0,0,C,3300,13.85,1,0.17,0,6
19725,28,17004,RENT,4,0,0,1,0,0,1,0,0,0,A,3500,7.68,1,0.21,0,8
19778,28,54263,RENT,0,0,0,1,0,0,1,0,0,0,C,3500,11.66,0,0.06,0,5
19779,32,49000,RENT,13,0,0,1,0,0,1,0,0,0,B,3500,10.65,1,0.07,0,6
19785,29,62400,RENT,0,0,0,1,0,0,1,0,0,0,B,3500,10.99,0,0.06,0,5
19792,32,66504,RENT,11,0,0,1,0,0,1,0,0,0,B,3500,11.99,0,0.05,0,8
19793,35,67500,RENT,5,0,0,1,0,0,1,0,0,0,B,3500,10.62,0,0.05,0,9
19812,31,28000,RENT,1,0,0,1,0,0,1,0,0,0,D,3600,16.49,1,0.13,0,7
19814,34,30000,RENT,5,0,0,1,0,0,1,0,0,0,A,3600,6.92,1,0.12,0,6
19879,27,60000,RENT,0,0,0,1,0,0,1,0,0,0,B,11000,10.71,0,0.18,0,7
19895,31,94527,RENT,7,0,0,1,0,0,1,0,0,0,A,11000,7.49,0,0.12,0,9
19903,34,29000,RENT,0,0,0,1,0,0,1,0,0,0,A,10800,9.63,1,0.37,0,10
19966,31,66000,RENT,11,0,0,1,0,0,1,0,0,0,B,10500,12.69,0,0.16,0,10
19968,27,75600,RENT,11,0,0,1,0,0,1,0,0,0,B,10500,12.69,0,0.14,0,5
20041,27,70000,RENT,4,0,0,1,0,0,1,0,0,0,B,3700,,1,0.05,0,5
20045,32,50000,RENT,0,0,0,1,0,0,1,0,0,0,A,3775,6.17,0,0.08,0,8
20066,29,27000,RENT,10,0,0,1,0,0,1,0,0,0,D,3975,12.17,1,0.15,0,5
20097,28,20000,RENT,2,0,0,1,0,0,1,0,0,0,C,4000,13.11,1,0.2,0,6
20122,29,26568,RENT,2,0,0,1,0,0,1,0,0,0,D,4000,16,1,0.15,0,8
20124,32,27500,RENT,,0,0,1,0,0,1,0,0,0,B,4000,10.62,1,0.15,0,7
20188,35,33000,RENT,0,0,0,1,0,0,1,0,0,0,E,4000,16.32,1,0.12,0,10
20243,28,50000,RENT,1,0,0,1,0,0,1,0,0,0,B,4000,10.59,0,0.08,0,10
20251,28,52000,RENT,0,0,0,1,0,0,1,0,0,0,B,4000,10.75,0,0.08,0,8
20258,29,55200,RENT,13,0,0,1,0,0,1,0,0,0,B,4000,10.59,0,0.07,0,10
20262,31,56000,RENT,9,0,0,1,0,0,1,0,0,0,A,4000,5.79,0,0.07,0,9
20266,32,60000,RENT,3,0,0,1,0,0,1,0,0,0,B,4000,10.99,0,0.07,0,10
20267,29,60000,RENT,0,0,0,1,0,0,1,0,0,0,A,4000,7.88,0,0.07,0,6
20272,28,61500,RENT,1,0,0,1,0,0,1,0,0,0,B,4000,10.95,0,0.07,0,8
20278,27,65000,RENT,2,0,0,1,0,0,1,0,0,0,A,4000,5.99,0,0.06,0,5
20286,29,72000,RENT,3,0,0,1,0,0,1,0,0,0,E,4000,18.79,0,0.06,0,6
20287,32,72000,RENT,6,0,0,1,0,0,1,0,0,0,B,4000,10,0,0.06,0,6
20292,29,75000,RENT,4,0,0,1,0,0,1,0,0,0,C,4000,12.68,0,0.05,0,5
20302,27,86095,RENT,5,0,0,1,0,0,1,0,0,0,C,4000,13.99,0,0.05,0,8
20307,32,95000,RENT,16,0,0,1,0,0,1,0,0,0,A,4000,7.49,0,0.04,0,8
20309,29,100000,RENT,7,0,0,1,0,0,1,0,0,0,B,4000,,0,0.04,0,7
20370,31,32000,RENT,0,0,0,1,0,0,1,0,0,0,B,4500,11.14,1,0.14,0,9
20399,30,51372,RENT,,0,0,1,0,0,1,0,0,0,A,4500,6.39,0,0.09,0,7
20403,28,49000,RENT,12,0,0,1,0,0,1,0,0,0,C,4500,14.27,1,0.09,0,10
20404,29,49362,RENT,3,0,0,1,0,0,1,0,0,0,C,4500,12.61,1,0.09,0,6
20427,32,37000,RENT,3,0,0,1,0,0,1,0,0,0,C,4650,13.49,1,0.13,0,7
20433,27,14000,RENT,5,0,0,1,0,0,1,0,0,0,B,4750,10,1,0.34,0,9
20488,32,32400,RENT,4,0,0,1,0,0,1,0,0,0,B,4800,9.99,1,0.15,0,6
20524,28,57408,RENT,2,0,0,1,0,0,1,0,0,0,B,4800,11.99,0,0.08,0,6
20534,33,66000,RENT,5,0,0,1,0,0,1,0,0,0,C,4800,13.57,0,0.07,0,7
20546,30,120000,RENT,0,0,0,1,0,0,1,0,0,0,A,4800,7.4,0,0.04,0,8
20550,32,64052,RENT,3,0,0,1,0,0,1,0,0,0,B,4875,10.74,0,0.08,0,9
20555,27,96000,RENT,3,0,0,1,0,0,1,0,0,0,A,10000,7.88,0,0.1,0,10
20560,27,98004,RENT,8,0,0,1,0,0,1,0,0,0,A,10000,6.54,0,0.1,0,10
20569,30,102000,RENT,3,0,0,1,0,0,1,0,0,0,A,10000,6.03,0,0.1,0,8
20574,27,103000,RENT,9,0,0,1,0,0,1,0,0,0,A,10000,8.59,0,0.1,0,10
20580,28,110000,RENT,2,0,0,1,0,0,1,0,0,0,C,10000,13.22,0,0.09,0,5
20589,30,118000,RENT,5,0,0,1,0,0,1,0,0,0,A,10000,7.14,0,0.08,0,7
20592,30,120000,RENT,3,0,0,1,0,0,1,0,0,0,E,10000,17.04,0,0.08,0,5
20594,30,125000,RENT,3,0,0,1,0,0,1,0,0,0,B,10000,10.74,0,0.08,0,6
20661,31,30000,RENT,4,0,0,1,0,0,1,0,0,0,B,5000,9.91,1,0.17,0,5
20734,27,31513,RENT,11,0,0,1,0,0,1,0,0,0,A,5000,6.62,1,0.16,0,7
20744,29,32000,RENT,1,0,0,1,0,0,1,0,0,0,D,5000,,1,0.16,0,10
20772,28,35000,RENT,0,0,0,1,0,0,1,0,0,0,A,5000,8.9,1,0.14,0,9
20792,32,36500,RENT,2,0,0,1,0,0,1,0,0,0,A,5000,6.91,1,0.14,0,5
20827,30,41998,RENT,0,0,0,1,0,0,1,0,0,0,E,5000,16,1,0.12,0,6
20836,29,42000,RENT,0,0,0,1,0,0,1,0,0,0,D,5000,14.96,1,0.12,0,9
20860,29,59520,RENT,13,0,0,1,0,0,1,0,0,0,A,9000,5.42,0,0.15,0,9
20867,31,54000,RENT,3,0,0,1,0,0,1,0,0,0,D,9000,12.49,1,0.17,0,7
20868,28,54989,RENT,1,0,0,1,0,0,1,0,0,0,B,9000,,1,0.16,0,8
20878,31,62839,RENT,15,0,0,1,0,0,1,0,0,0,D,9000,15.33,0,0.14,0,10
20888,33,69996,RENT,2,0,0,1,0,0,1,0,0,0,B,9000,11.58,0,0.13,0,5
20901,29,77800,RENT,2,0,0,1,0,0,1,0,0,0,B,9000,12.42,0,0.12,0,6
20913,27,85000,RENT,6,0,0,1,0,0,1,0,0,0,B,9000,10.36,0,0.11,0,5
20928,27,130000,RENT,9,0,0,1,0,0,1,0,0,0,A,9000,7.05,0,0.07,0,6
20947,28,50000,RENT,0,0,0,1,0,0,1,0,0,0,B,8825,11.49,0,0.18,0,7
20959,27,60000,RENT,2,0,0,1,0,0,1,0,0,0,B,8800,11.36,0,0.15,0,10
20982,29,50700,RENT,2,0,0,1,0,0,1,0,0,0,B,5000,9.88,0,0.1,0,8
21036,32,54000,RENT,16,0,0,1,0,0,1,0,0,0,A,8500,7.49,0,0.16,0,6
21045,32,32423,RENT,10,0,0,1,0,0,1,0,0,0,B,8475,,1,0.26,0,6
21055,29,53000,RENT,0,0,0,1,0,0,1,0,0,0,A,5000,5.42,0,0.09,0,6
21059,31,53922,RENT,15,0,0,1,0,0,1,0,0,0,B,5000,10.59,0,0.09,0,5
21079,31,55000,RENT,3,0,0,1,0,0,1,0,0,0,B,5000,12.18,0,0.09,0,8
21094,28,52000,RENT,12,0,0,1,0,0,1,0,0,0,B,5000,11.36,1,0.1,0,7
21097,28,59600,RENT,2,0,0,1,0,0,1,0,0,0,A,5000,5.79,0,0.08,0,10
21130,34,65004,RENT,8,0,0,1,0,0,1,0,0,0,B,5000,10.59,0,0.08,0,9
21171,34,80000,RENT,4,0,0,1,0,0,1,0,0,0,A,5000,6.17,0,0.06,0,10
21178,34,82000,RENT,3,0,0,1,0,0,1,0,0,0,A,5000,8.32,0,0.06,0,9
21179,33,82150,RENT,4,0,0,1,0,0,1,0,0,0,A,5000,7.51,0,0.06,0,5
21193,35,85000,RENT,0,0,0,1,0,0,1,0,0,0,A,5000,9.07,0,0.06,0,6
21201,28,89400,RENT,12,0,0,1,0,0,1,0,0,0,D,5000,15.2,0,0.06,0,6
21221,32,100000,RENT,3,0,0,1,0,0,1,0,0,0,C,5000,,0,0.05,0,6
21265,29,18000,RENT,5,0,0,1,0,0,1,0,0,0,B,5375,12.69,1,0.3,0,9
21278,27,54000,RENT,1,0,0,1,0,0,1,0,0,0,C,5400,14.27,0,0.1,0,6
21342,28,53000,RENT,11,0,0,1,0,0,1,0,0,0,C,5500,11.03,0,0.1,0,9
21344,27,50000,RENT,11,0,0,1,0,0,1,0,0,0,C,5500,12.73,1,0.11,0,7
21346,29,60000,RENT,4,0,0,1,0,0,1,0,0,0,B,5500,10.74,0,0.09,0,6
21407,29,69600,RENT,13,0,0,1,0,0,1,0,0,0,B,5600,11.99,0,0.08,0,6
21415,28,93600,RENT,1,0,0,1,0,0,1,0,0,0,B,5600,11.99,0,0.06,0,10
21430,31,95800,RENT,1,0,0,1,0,0,1,0,0,0,B,5750,9.45,0,0.06,0,10
21437,29,32400,RENT,11,0,0,1,0,0,1,0,0,0,A,5800,5.79,1,0.18,0,5
21442,31,73000,RENT,5,0,0,1,0,0,1,0,0,0,B,5800,10.37,0,0.08,0,6
21484,27,21600,RENT,0,0,0,1,0,0,1,0,0,0,D,6000,18.07,1,0.28,0,7
21511,29,26880,RENT,0,0,0,1,0,0,1,0,0,0,D,6000,14.84,1,0.22,0,7
21513,31,27000,RENT,7,0,0,1,0,0,1,0,0,0,A,6000,8.94,1,0.22,0,6
21529,29,30000,RENT,1,0,0,1,0,0,1,0,0,0,E,6000,17.99,1,0.2,0,7
21588,31,29004,RENT,4,0,0,1,0,0,1,0,0,0,B,6000,10.75,1,0.21,0,8
21616,29,32004,RENT,1,0,0,1,0,0,1,0,0,0,D,6000,15.7,1,0.19,0,9
21715,29,50000,RENT,13,0,0,1,0,0,1,0,0,0,B,6000,9.99,0,0.12,0,7
21736,29,45000,RENT,1,0,0,1,0,0,1,0,0,0,A,6000,5.79,1,0.13,0,10
21751,31,49000,RENT,5,0,0,1,0,0,1,0,0,0,B,6000,10.59,1,0.12,0,9
21766,34,57016,RENT,14,0,0,1,0,0,1,0,0,0,B,6000,11.83,0,0.11,0,6
21772,32,59004,RENT,2,0,0,1,0,0,1,0,0,0,B,6000,11.49,0,0.1,0,8
21781,29,60000,RENT,1,0,0,1,0,0,1,0,0,0,C,6000,14.79,0,0.1,0,9
21783,32,54000,RENT,2,0,0,1,0,0,1,0,0,0,E,6000,15.95,1,0.11,0,7
21793,29,60000,RENT,1,0,0,1,0,0,1,0,0,0,B,6000,10.01,0,0.1,0,10
21794,27,60000,RENT,0,0,0,1,0,0,1,0,0,0,A,6000,8,0,0.1,0,5
21801,34,62000,RENT,1,0,0,1,0,0,1,0,0,0,A,6000,7.49,0,0.1,0,9
21814,31,13000,RENT,6,0,0,1,0,0,1,0,0,0,B,7000,9.62,1,0.54,0,9
21817,27,15000,RENT,1,0,0,1,0,0,1,0,0,0,B,7000,12.21,1,0.47,0,10
21838,30,63000,RENT,2,0,0,1,0,0,1,0,0,0,A,6000,,0,0.1,0,7
21855,31,68000,RENT,1,0,0,1,0,0,1,0,0,0,A,6000,7.49,0,0.09,0,10
21875,31,72000,RENT,15,0,0,1,0,0,1,0,0,0,C,6000,13.23,0,0.08,0,5
21883,29,74000,RENT,2,0,0,1,0,0,1,0,0,0,A,6000,5.42,0,0.08,0,10
21896,31,76000,RENT,4,0,0,1,0,0,1,0,0,0,A,6000,7.49,0,0.08,0,5
21915,31,78996,RENT,5,0,0,1,0,0,1,0,0,0,A,6000,7.51,1,0.08,0,5
21937,28,94773,RENT,3,0,0,1,0,0,1,0,0,0,B,6000,11.83,0,0.06,0,10
21949,34,111280,RENT,3,0,0,1,0,0,1,0,0,0,B,6000,9.99,0,0.05,0,9
21950,28,112000,RENT,1,0,0,1,0,0,1,0,0,0,B,6000,12.69,0,0.05,0,10
21951,32,114000,RENT,17,0,0,1,0,0,1,0,0,0,B,6000,10.37,0,0.05,0,5
21957,27,185000,RENT,2,0,0,1,0,0,1,0,0,0,A,6000,,0,0.03,0,10
21988,29,18000,RENT,4,0,0,1,0,0,1,0,0,0,B,6250,9.99,1,0.35,0,6
21996,28,49900,RENT,6,0,0,1,0,0,1,0,0,0,C,7000,14.27,1,0.14,0,9
22001,32,60000,RENT,7,0,0,1,0,0,1,0,0,0,A,7000,7.51,0,0.12,0,8
22018,28,65000,RENT,3,0,0,1,0,0,1,0,0,0,B,7000,12.69,0,0.11,0,10
22021,28,65000,RENT,3,0,0,1,0,0,1,0,0,0,A,7000,8.49,0,0.11,0,6
22039,29,75000,RENT,2,0,0,1,0,0,1,0,0,0,B,7000,11.71,0,0.09,0,9
22064,33,94000,RENT,4,0,0,1,0,0,1,0,0,0,B,7000,11.49,0,0.07,0,10
22069,33,97000,RENT,4,0,0,1,0,0,1,0,0,0,C,7000,12.98,0,0.07,0,5
22145,28,59000,RENT,0,0,0,1,0,0,1,0,0,0,E,6500,16.35,1,0.11,0,7
22147,30,67275,RENT,4,0,0,1,0,0,1,0,0,0,A,6500,8.94,0,0.1,0,7
22153,29,75000,RENT,6,0,0,1,0,0,1,0,0,0,B,6500,10.74,0,0.09,0,9
22183,33,24947,RENT,3,0,0,1,0,0,1,0,0,0,B,6625,12.69,1,0.27,0,9
22191,33,53000,RENT,6,0,0,1,0,0,1,0,0,0,C,6700,13.49,0,0.13,0,6
22211,28,57000,RENT,0,0,0,1,0,0,1,0,0,0,B,6800,10.65,0,0.12,0,8
22248,34,32000,RENT,0,0,0,1,0,0,1,0,0,0,D,6400,15.62,1,0.2,0,5
22289,32,95000,RENT,5,0,0,1,0,0,1,0,0,0,C,6400,11.54,0,0.07,0,5
22290,29,96000,RENT,3,0,0,1,0,0,1,0,0,0,B,6400,11.49,0,0.07,0,8
22354,30,30475,RENT,2,0,0,1,0,0,1,0,0,0,B,7000,,1,0.23,0,5
22448,28,52000,RENT,3,0,0,1,0,0,1,0,0,0,B,7000,11.99,0,0.13,0,8
22451,31,52249,RENT,7,0,0,1,0,0,1,0,0,0,A,7000,7.49,0,0.13,0,7
22459,28,48000,RENT,0,0,0,1,0,0,1,0,0,0,C,7000,12.68,1,0.15,0,10
22463,30,85000,RENT,4,0,0,1,0,0,1,0,0,0,A,7000,8.9,0,0.08,0,5
22489,31,30000,RENT,0,0,0,1,0,0,1,0,0,0,B,7200,,1,0.24,0,10
22516,34,39000,RENT,5,0,0,1,0,0,1,0,0,0,B,7200,11.71,1,0.18,0,5
22526,27,60000,RENT,4,0,0,1,0,0,1,0,0,0,A,7200,8.9,0,0.12,0,7
22527,28,60000,RENT,5,0,0,1,0,0,1,0,0,0,A,7200,5.42,0,0.12,0,7
22528,27,60000,RENT,0,0,0,1,0,0,1,0,0,0,A,7200,7.74,0,0.12,0,10
22588,33,69000,RENT,8,0,0,1,0,0,1,0,0,0,B,7400,9.76,0,0.11,0,5
22593,29,55000,RENT,6,0,0,1,0,0,1,0,0,0,D,7450,15.62,0,0.14,0,8
22646,31,34000,RENT,2,0,0,1,0,0,1,0,0,0,D,7500,15.58,1,0.22,0,5
22661,28,36000,RENT,2,0,0,1,0,0,1,0,0,0,B,7500,10.39,1,0.21,0,9
22725,29,59000,RENT,3,0,0,1,0,0,1,0,0,0,B,7500,9.99,1,0.13,0,8
22743,27,81000,RENT,5,0,0,1,0,0,1,0,0,0,B,7500,10.25,0,0.09,0,7
22752,27,96000,RENT,7,0,0,1,0,0,1,0,0,0,B,7500,9.83,0,0.08,0,10
22757,29,115000,RENT,5,0,0,1,0,0,1,0,0,0,A,7500,5.99,0,0.07,0,8
22760,34,120000,RENT,9,0,0,1,0,0,1,0,0,0,D,7500,16.29,0,0.06,0,5
22764,31,160000,RENT,1,0,0,1,0,0,1,0,0,0,C,7500,11.28,0,0.05,0,7
22775,28,18000,RENT,9,0,0,1,0,0,1,0,0,0,A,7600,8.49,1,0.42,0,9
22786,27,51996,RENT,7,0,0,1,0,0,1,0,0,0,C,7600,14.17,0,0.15,0,8
22833,32,93158,RENT,16,0,0,1,0,0,1,0,0,0,D,7800,16.29,0,0.08,0,6
22947,29,30000,RENT,5,0,0,1,0,0,1,0,0,0,B,8000,12.69,1,0.27,0,6
22972,35,32000,RENT,19,0,0,1,0,0,1,0,0,0,A,8000,5.99,1,0.25,0,9
22979,29,33000,RENT,5,0,0,1,0,0,1,0,0,0,A,8000,5.79,1,0.24,0,8
23069,27,50000,RENT,0,0,0,1,0,0,1,0,0,0,A,8000,7.9,0,0.16,0,9
23093,28,51000,RENT,5,0,0,1,0,0,1,0,0,0,A,8000,9.63,0,0.16,0,9
23095,32,51400,RENT,1,0,0,1,0,0,1,0,0,0,A,8000,7.51,0,0.16,0,10
23116,32,55000,RENT,4,0,0,1,0,0,1,0,0,0,C,8000,,0,0.15,0,8
23119,27,55000,RENT,11,0,0,1,0,0,1,0,0,0,A,8000,7.29,0,0.15,0,9
23133,27,56888,RENT,8,0,0,1,0,0,1,0,0,0,D,8000,16.29,0,0.14,0,5
23147,30,60000,RENT,0,0,0,1,0,0,1,0,0,0,A,8000,7.66,0,0.13,0,6
23148,35,60000,RENT,3,0,0,1,0,0,1,0,0,0,A,8000,5.79,0,0.13,0,10
23162,29,75000,RENT,3,0,0,1,0,0,1,0,0,0,B,5200,10.75,0,0.07,0,8
23172,27,52000,RENT,0,0,0,1,0,0,1,0,0,0,B,5100,10.37,0,0.1,0,9
23184,29,14573,RENT,6,0,0,1,0,0,1,0,0,0,B,5000,12.18,1,0.34,0,5
23190,32,15600,RENT,4,0,0,1,0,0,1,0,0,0,A,5000,5.42,1,0.32,0,5
23191,28,15600,RENT,4,0,0,1,0,0,1,0,0,0,B,5000,10.37,1,0.32,0,9
23196,29,16800,RENT,4,0,0,1,0,0,1,0,0,0,A,5000,6.92,1,0.3,0,10
23260,30,25000,RENT,2,0,0,1,0,0,1,0,0,0,B,5000,9.91,1,0.2,0,7
23290,32,62000,RENT,1,0,0,1,0,0,1,0,0,0,B,8000,9.99,0,0.13,0,5
23296,29,62400,RENT,3,0,0,1,0,0,1,0,0,0,A,8000,6.62,0,0.13,0,8
23298,27,63000,RENT,2,0,0,1,0,0,1,0,0,0,A,8000,7.51,0,0.13,0,6
23321,32,66000,RENT,1,0,0,1,0,0,1,0,0,0,A,8000,7.29,0,0.12,0,10
23325,27,68500,RENT,4,0,0,1,0,0,1,0,0,0,A,8000,6.62,0,0.12,0,10
23327,33,68500,RENT,6,0,0,1,0,0,1,0,0,0,B,8000,10.62,0,0.12,0,6
23343,31,72000,RENT,0,0,0,1,0,0,1,0,0,0,A,8000,7.9,0,0.11,0,7
23354,29,73000,RENT,2,0,0,1,0,0,1,0,0,0,A,8000,7.4,0,0.11,0,7
23363,29,76000,RENT,2,0,0,1,0,0,1,0,0,0,B,8000,11.36,0,0.11,0,5
23397,34,93100,RENT,2,0,0,1,0,0,1,0,0,0,C,8000,,0,0.09,0,9
23457,30,32000,RENT,3,0,0,1,0,0,1,0,0,0,C,8400,13.98,1,0.26,0,9
23487,27,51000,RENT,1,0,0,1,0,0,1,0,0,0,B,8400,10.71,0,0.16,0,5
23500,30,52576,RENT,3,0,0,1,0,0,1,0,0,0,A,8400,7.49,1,0.16,0,6
23518,31,19200,RENT,5,0,0,1,0,0,1,0,0,0,B,8500,,1,0.44,0,6
23547,27,68000,RENT,4,0,0,1,0,0,1,0,0,0,A,8700,7.88,0,0.13,0,5
23549,31,59000,RENT,2,0,0,1,0,0,1,0,0,0,C,8750,12.68,0,0.15,0,9
23585,29,29000,RENT,1,0,0,1,0,0,1,0,0,0,A,9000,6.54,1,0.31,0,9
23593,29,30000,RENT,7,0,0,1,0,0,1,0,0,0,A,9000,6.91,1,0.3,0,8
23687,33,62130,RENT,6,0,0,1,0,0,1,0,0,0,A,9050,7.29,0,0.15,0,7
23718,29,32000,RENT,10,0,0,1,0,0,1,0,0,0,D,9250,15.65,1,0.29,0,7
23740,28,72800,RENT,12,0,0,1,0,0,1,0,0,0,B,9425,11.49,0,0.13,0,8
23752,27,75000,RENT,0,0,0,1,0,0,1,0,0,0,B,9475,,0,0.13,0,5
23769,32,96000,RENT,8,0,0,1,0,0,1,0,0,0,A,9500,,0,0.1,0,5
23771,27,19498,RENT,3,0,0,1,0,0,1,0,0,0,A,9575,6.62,1,0.49,0,9
23812,28,51996,RENT,11,0,0,1,0,0,1,0,0,0,A,9600,9.07,0,0.18,0,7
23836,35,70000,RENT,5,0,0,1,0,0,1,0,0,0,A,9600,5.42,0,0.14,0,9
23837,30,71400,RENT,0,0,0,1,0,0,1,0,0,0,C,9600,12.61,0,0.13,0,6
23869,30,88000,RENT,3,0,0,1,0,0,1,0,0,0,D,9700,,0,0.11,0,5
23916,29,25368,RENT,0,0,0,1,0,0,1,0,0,0,C,10000,11.34,1,0.39,0,5
23961,31,30000,RENT,0,0,0,1,0,0,1,0,0,0,A,10000,8.94,1,0.33,0,10
24030,27,29238,RENT,8,0,0,1,0,0,1,0,0,0,C,10000,12.99,1,0.34,0,6
24238,29,40000,RENT,1,0,0,1,0,0,1,0,0,0,C,10000,13.16,1,0.25,0,7
24276,35,53000,RENT,2,0,0,1,0,0,1,0,0,0,B,4200,11.71,0,0.08,0,6
24286,31,60000,RENT,4,0,0,1,0,0,1,0,0,0,A,4200,8.49,0,0.07,0,10
24394,30,50000,RENT,0,0,0,1,0,0,1,0,0,0,B,10000,10.36,0,0.2,0,7
24406,31,44000,RENT,1,0,0,1,0,0,1,0,0,0,B,10000,10.71,1,0.23,0,9
24418,28,51000,RENT,3,0,0,1,0,0,1,0,0,0,A,10000,6.92,0,0.2,0,8
24458,30,54000,RENT,8,0,0,1,0,0,1,0,0,0,A,10000,6.17,0,0.19,0,10
24464,31,54996,RENT,3,0,0,1,0,0,1,0,0,0,A,10000,7.74,0,0.18,0,9
24469,30,48996,RENT,1,0,0,1,0,0,1,0,0,0,E,10000,15.45,1,0.2,0,5
24482,27,55000,RENT,3,0,0,1,0,0,1,0,0,0,B,10000,10.25,0,0.18,0,5
24570,34,60000,RENT,14,0,0,1,0,0,1,0,0,0,C,10000,13.57,0,0.17,0,6
24677,29,70000,RENT,1,0,0,1,0,0,1,0,0,0,A,10000,,0,0.14,0,8
24678,35,70000,RENT,1,0,0,1,0,0,1,0,0,0,C,10000,13.98,0,0.14,0,7
24701,34,72000,RENT,2,0,0,1,0,0,1,0,0,0,A,10000,7.51,0,0.14,0,7
24713,28,74000,RENT,12,0,0,1,0,0,1,0,0,0,B,10000,11.71,0,0.14,0,8
24714,33,74000,RENT,3,0,0,1,0,0,1,0,0,0,A,10000,,0,0.14,0,8
24715,33,74520,RENT,4,0,0,1,0,0,1,0,0,0,D,10000,16.89,0,0.13,0,10
24717,33,75000,RENT,4,0,0,1,0,0,1,0,0,0,A,10000,,0,0.13,0,6
24723,32,75000,RENT,3,0,0,1,0,0,1,0,0,0,A,10000,7.29,0,0.13,0,10
24725,30,75000,RENT,2,0,0,1,0,0,1,0,0,0,A,10000,7.29,0,0.13,0,9
24768,31,80000,RENT,0,0,0,1,0,0,1,0,0,0,A,10000,8.59,0,0.13,0,6
24800,30,85000,RENT,4,0,0,1,0,0,1,0,0,0,A,10000,6.62,0,0.12,0,9
24803,34,85000,RENT,3,0,0,1,0,0,1,0,0,0,C,10000,12.87,0,0.12,0,7
24810,29,88000,RENT,7,0,0,1,0,0,1,0,0,0,A,10000,7.51,0,0.11,0,5
24822,27,90000,RENT,4,0,0,1,0,0,1,0,0,0,A,10000,7.49,0,0.11,0,10
24843,29,93000,RENT,1,0,0,1,0,0,1,0,0,0,B,10000,11.14,0,0.11,0,8
24854,27,102000,RENT,2,0,0,1,0,0,1,0,0,0,A,10150,,0,0.1,0,6
24894,32,50000,RENT,3,0,0,1,0,0,1,0,0,0,B,11100,10.59,0,0.22,0,10
24895,31,75000,RENT,5,0,0,1,0,0,1,0,0,0,A,11100,6.03,0,0.15,0,5
24935,32,63800,RENT,6,0,0,1,0,0,1,0,0,0,D,11200,14.74,0,0.18,0,8
24960,35,56472,RENT,5,0,0,1,0,0,1,0,0,0,D,11300,14.42,0,0.2,0,7
24996,27,34928,RENT,1,0,0,1,0,0,1,0,0,0,E,11500,16,1,0.33,0,5
25013,29,74000,RENT,13,0,0,1,0,0,1,0,0,0,B,11500,11.71,0,0.16,0,10
25017,27,78262,RENT,4,0,0,1,0,0,1,0,0,0,B,11525,,0,0.15,0,8
25063,34,30000,RENT,2,0,0,1,0,0,1,0,0,0,A,12000,8.9,1,0.4,0,8
25212,29,37000,RENT,4,0,0,1,0,0,1,0,0,0,A,12000,9.63,1,0.32,0,7
25286,31,60000,RENT,5,0,0,1,0,0,1,0,0,0,A,12000,7.49,0,0.2,0,10
25328,27,25000,RENT,0,0,0,1,0,0,1,0,0,0,D,3000,15.62,1,0.12,0,5
25416,28,67000,RENT,3,0,0,1,0,0,1,0,0,0,B,12000,,0,0.18,0,5
25435,31,70000,RENT,8,0,0,1,0,0,1,0,0,0,A,12000,,0,0.17,0,6
25441,30,71000,RENT,2,0,0,1,0,0,1,0,0,0,A,12000,8.9,0,0.17,0,8
25468,27,73660,RENT,4,0,0,1,0,0,1,0,0,0,E,12000,14.18,0,0.16,0,7
25483,27,36000,RENT,4,0,0,1,0,0,1,0,0,0,D,3000,15.62,1,0.08,0,7
25514,27,75000,RENT,6,0,0,1,0,0,1,0,0,0,B,12000,10.99,0,0.16,0,10
25517,28,75000,RENT,1,0,0,1,0,0,1,0,0,0,A,12000,9.63,0,0.16,0,7
25534,32,80000,RENT,3,0,0,1,0,0,1,0,0,0,A,12000,6.62,0,0.15,0,10
25583,30,85000,RENT,2,0,0,1,0,0,1,0,0,0,C,12000,,0,0.14,0,6
25590,32,86496,RENT,6,0,0,1,0,0,1,0,0,0,B,12000,11.71,0,0.14,0,9
25635,27,93000,RENT,11,0,0,1,0,0,1,0,0,0,A,12000,8.9,0,0.13,0,8
25667,33,110000,RENT,3,0,0,1,0,0,1,0,0,0,B,12000,10.65,0,0.11,0,5
25670,30,110000,RENT,8,0,0,1,0,0,1,0,0,0,B,12000,12.18,0,0.11,0,7
25680,35,120000,RENT,4,0,0,1,0,0,1,0,0,0,B,12000,10.99,0,0.1,0,7
25686,32,113000,RENT,5,0,0,1,0,0,1,0,0,0,D,12000,16.29,1,0.11,0,5
25702,28,140000,RENT,9,0,0,1,0,0,1,0,0,0,A,12000,7.88,0,0.09,0,7
25706,34,150000,RENT,5,0,0,1,0,0,1,0,0,0,B,12000,10.59,0,0.08,0,9
25708,31,150000,RENT,0,0,0,1,0,0,1,0,0,0,B,12000,10.74,0,0.08,0,9
25712,28,170000,RENT,1,0,0,1,0,0,1,0,0,0,A,12000,5.79,0,0.07,0,6
25797,27,58800,RENT,6,0,0,1,0,0,1,0,0,0,B,2800,12.69,1,0.05,0,10
25818,33,44000,RENT,3,0,0,1,0,0,1,0,0,0,B,2725,12.18,1,0.06,0,7
25825,30,15000,RENT,,0,0,1,0,0,1,0,0,0,A,2700,7.29,1,0.18,0,5
25873,27,30996,RENT,1,0,0,1,0,0,1,0,0,0,D,2600,14.74,1,0.08,0,5
25891,31,66000,RENT,9,0,0,1,0,0,1,0,0,0,B,2550,11.36,0,0.04,0,10
25918,29,15889,RENT,,0,0,1,0,0,1,0,0,0,A,2500,6.62,1,0.16,0,9
25953,29,98850,RENT,6,0,0,1,0,0,1,0,0,0,A,12500,,0,0.13,0,9
26032,35,61211,RENT,13,0,0,1,0,0,1,0,0,0,A,13000,6.54,0,0.21,0,9
26037,27,64000,RENT,2,0,0,1,0,0,1,0,0,0,C,13000,13.11,0,0.2,0,10
26057,29,68000,RENT,7,0,0,1,0,0,1,0,0,0,A,13000,,0,0.19,0,7
26064,33,77000,RENT,7,0,0,1,0,0,1,0,0,0,D,13000,,0,0.17,0,7
26189,32,52392,RENT,9,0,0,1,0,0,1,0,0,0,B,14000,,0,0.27,0,10
26212,29,55000,RENT,0,0,0,1,0,0,1,0,0,0,B,14000,11.58,0,0.25,0,6
26233,30,59004,RENT,3,0,0,1,0,0,1,0,0,0,D,14000,15.28,0,0.24,0,10
26256,27,56500,RENT,2,0,0,1,0,0,1,0,0,0,D,14000,13.87,1,0.25,0,8
26295,32,76254,RENT,3,0,0,1,0,0,1,0,0,0,B,14000,10.38,0,0.18,0,5
26307,32,80000,RENT,4,0,0,1,0,0,1,0,0,0,A,14000,5.42,0,0.17,0,9
26389,33,34800,RENT,17,0,0,1,0,0,1,0,0,0,B,14125,10.37,1,0.41,0,8
26452,34,68000,RENT,5,0,0,1,0,0,1,0,0,0,A,14400,8.59,0,0.21,0,5
26500,28,100000,RENT,10,0,0,1,0,0,1,0,0,0,C,14400,13.85,0,0.14,0,9
26548,28,76113,RENT,,0,0,1,0,0,1,0,0,0,C,14500,12.61,1,0.19,0,7
26575,31,30000,RENT,1,0,0,1,0,0,1,0,0,0,B,15000,10,1,0.5,0,6
26718,34,50000,RENT,5,0,0,1,0,0,1,0,0,0,B,2000,11.48,0,0.04,0,5
26792,27,36000,RENT,11,0,0,1,0,0,1,0,0,0,D,15000,16.77,1,0.42,0,9
27144,31,24000,RENT,0,0,0,1,0,0,1,0,0,0,B,1500,11.86,1,0.06,0,10
27250,35,60000,RENT,18,0,0,1,0,0,1,0,0,0,C,15000,13.43,0,0.25,0,5
27275,28,61000,RENT,12,0,0,1,0,0,1,0,0,0,C,15000,13.99,0,0.25,0,7
27314,28,65000,RENT,13,0,0,1,0,0,1,0,0,0,A,15000,7.51,0,0.23,0,6
27481,33,69000,RENT,3,0,0,1,0,0,1,0,0,0,B,15000,10.62,1,0.22,0,7
27502,27,75127,RENT,11,0,0,1,0,0,1,0,0,0,B,15000,10.64,0,0.2,0,6
27541,28,84000,RENT,3,0,0,1,0,0,1,0,0,0,B,15000,11.86,0,0.18,0,9
27556,35,73000,RENT,0,0,0,1,0,0,1,0,0,0,D,15000,15.57,1,0.21,0,8
27568,29,87000,RENT,1,0,0,1,0,0,1,0,0,0,B,15000,10.59,0,0.17,0,6
27570,32,75000,RENT,6,0,0,1,0,0,1,0,0,0,B,15000,8.88,1,0.2,0,9
27600,30,90000,RENT,10,0,0,1,0,0,1,0,0,0,D,15000,14.96,0,0.17,0,6
27617,31,29000,RENT,14,0,0,1,0,0,1,0,0,0,C,15075,,1,0.52,0,10
27695,27,80000,RENT,5,0,0,1,0,0,1,0,0,0,A,16000,7.49,0,0.2,0,8
27723,27,90000,RENT,11,0,0,1,0,0,1,0,0,0,B,16000,8.88,0,0.18,0,9
27751,27,105000,RENT,1,0,0,1,0,0,1,0,0,0,B,16000,,0,0.15,0,8
27753,28,107000,RENT,4,0,0,1,0,0,1,0,0,0,C,16000,13.49,0,0.15,0,6
27787,27,170000,RENT,0,0,0,1,0,0,1,0,0,0,A,16000,5.79,0,0.09,0,8
27791,29,300000,RENT,1,0,0,1,0,0,1,0,0,0,B,16000,11.58,0,0.05,0,8
27842,27,90000,RENT,4,0,0,1,0,0,1,0,0,0,A,19200,6.99,0,0.21,0,8
27889,28,9081,RENT,,0,0,1,0,0,1,0,0,0,B,3000,10.25,1,0.33,0,6
27893,28,8000,RENT,1,0,0,1,0,0,1,0,0,0,B,4750,11.12,1,0.59,0,5
27896,29,6000,RENT,0,0,0,1,0,0,1,0,0,0,A,3250,8.59,1,0.54,0,9
27902,28,62000,RENT,0,0,0,1,0,0,1,0,0,0,A,15000,7.9,0,0.24,0,10
27929,32,75000,RENT,3,0,0,1,0,0,1,0,0,0,A,10000,7.29,0,0.13,0,7
27932,27,52000,RENT,0,0,0,1,0,0,1,0,0,0,B,5100,10.37,0,0.1,0,7
27995,28,60000,RENT,4,0,0,1,0,0,1,0,0,0,A,10000,6.54,0,0.17,0,9
28056,28,77250,RENT,1,0,0,1,0,0,1,0,0,0,B,10000,9.2,0,0.13,0,8
28072,30,101500,RENT,2,0,0,1,0,0,1,0,0,0,B,18000,12.18,0,0.18,0,10
28101,29,75000,RENT,6,0,0,1,0,0,1,0,0,0,B,6500,10.74,0,0.09,0,5
28113,30,105000,RENT,4,0,0,1,0,0,1,0,0,0,D,24250,15.65,0,0.23,0,7
28159,27,104000,RENT,8,0,0,1,0,0,1,0,0,0,A,12800,7.29,0,0.12,0,5
28199,31,78996,RENT,5,0,0,1,0,0,1,0,0,0,A,6000,7.51,1,0.08,0,8
28217,33,61000,RENT,0,0,0,1,0,0,1,0,0,0,B,6000,10.39,0,0.1,0,9
28220,33,68736,RENT,8,0,0,1,0,0,1,0,0,0,D,1200,16.29,0,0.02,0,9
28227,28,73992,RENT,2,0,0,1,0,0,1,0,0,0,B,20000,9.96,0,0.27,0,9
28236,27,170000,RENT,3,0,0,1,0,0,1,0,0,0,B,12075,12.42,0,0.07,0,10
28310,29,60000,RENT,2,0,0,1,0,0,1,0,0,0,A,14000,7.51,0,0.23,0,5
28325,29,62400,RENT,3,0,0,1,0,0,1,0,0,0,A,8000,6.62,0,0.13,0,9
28331,28,115000,RENT,0,0,0,1,0,0,1,0,0,0,A,2850,6.54,0,0.02,0,7
28364,27,19498,RENT,3,0,0,1,0,0,1,0,0,0,A,9575,6.62,1,0.49,0,5
28403,28,50500,RENT,3,0,0,1,0,0,1,0,0,0,C,5200,12.53,0,0.1,0,8
28409,27,48000,RENT,2,0,0,1,0,0,1,0,0,0,A,4000,6.03,1,0.08,0,6
28446,32,227500,RENT,3,0,0,1,0,0,1,0,0,0,C,25000,12.53,0,0.11,0,10
28519,28,206000,RENT,2,0,0,1,0,0,1,0,0,0,C,24000,,0,0.12,0,10
28573,27,62000,RENT,7,0,0,1,0,0,1,0,0,0,A,5000,,0,0.08,0,5
28611,32,84456,RENT,5,0,0,1,0,0,1,0,0,0,B,10000,9.88,0,0.12,0,7
28647,30,57996,RENT,2,0,0,1,0,0,1,0,0,0,C,8400,12.98,0,0.14,0,7
28655,31,351699,RENT,7,0,0,1,0,0,1,0,0,0,D,10500,15.7,0,0.03,0,9
28668,28,140000,RENT,0,0,0,1,0,0,1,0,0,0,A,7400,6.03,0,0.05,0,6
28671,27,50000,RENT,5,0,0,1,0,0,1,0,0,0,B,12000,10.37,0,0.24,0,6
28689,27,65000,RENT,0,0,0,1,0,0,1,0,0,0,B,12000,,0,0.18,0,7
28762,30,54000,RENT,2,0,0,1,0,0,1,0,0,0,E,5000,15.13,1,0.09,0,7
28778,33,50000,RENT,1,0,0,1,0,0,1,0,0,0,A,9000,7.51,0,0.18,0,9
28822,31,69000,RENT,12,0,0,1,0,0,1,0,0,0,A,16000,5.99,0,0.23,0,9
28888,35,123000,RENT,2,0,0,1,0,0,1,0,0,0,E,25000,17.19,1,0.2,0,6
28903,31,51500,RENT,6,0,0,1,0,0,1,0,0,0,D,19000,14.83,1,0.37,0,10
28908,27,69996,RENT,3,0,0,1,0,0,1,0,0,0,D,10800,14.91,0,0.15,0,6
28923,31,99000,RENT,15,0,0,1,0,0,1,0,0,0,C,12000,14.26,0,0.12,0,10
28947,30,48996,RENT,1,0,0,1,0,0,1,0,0,0,E,10000,15.45,1,0.2,0,8
28963,27,58000,RENT,5,0,0,1,0,0,1,0,0,0,A,5900,9.32,0,0.1,0,6
28967,32,64000,RENT,1,0,0,1,0,0,1,0,0,0,B,10000,12.69,0,0.16,0,8
28985,32,65000,RENT,3,0,0,1,0,0,1,0,0,0,A,3625,6.03,0,0.06,0,8
29022,27,56253,RENT,11,0,0,1,0,0,1,0,0,0,B,10000,11.36,0,0.18,0,10
29033,28,54000,RENT,2,0,0,1,0,0,1,0,0,0,D,12000,15.31,1,0.22,0,6
29063,33,98000,RENT,2,0,0,1,0,0,1,0,0,0,A,20000,6.91,0,0.2,0,7
29096,31,29000,RENT,14,0,0,1,0,0,1,0,0,0,C,15075,,1,0.52,0,7
29126,37,80000,RENT,0,0,0,1,0,0,1,0,0,0,B,35000,11.99,1,0.44,0,17
29131,37,85000,RENT,5,0,0,1,0,0,1,0,0,0,A,35000,8.9,1,0.41,0,17
29141,44,67920,RENT,13,0,0,1,0,0,1,0,0,0,A,32400,,1,0.48,0,13
29158,40,56448,RENT,,0,0,1,0,0,1,0,0,0,F,28000,18.62,1,0.5,0,14
29177,41,49000,RENT,4,0,0,1,0,0,1,0,0,0,E,25000,17.04,1,0.51,0,13
29195,44,72136,RENT,7,0,0,1,0,0,1,0,0,0,F,25000,19.41,1,0.35,0,17
29200,36,69000,RENT,0,0,0,1,0,0,1,0,0,0,D,25000,14.59,1,0.36,0,12
29213,39,78000,RENT,3,0,0,1,0,0,1,0,0,0,D,25000,16.02,1,0.32,0,17
29217,37,97000,RENT,8,0,0,1,0,0,1,0,0,0,F,25000,19.41,0,0.26,0,11
29222,37,175000,RENT,2,0,0,1,0,0,1,0,0,0,B,15000,9.76,0,0.09,0,17
29224,37,94000,RENT,0,0,0,1,0,0,1,0,0,0,C,25000,13.11,1,0.27,0,16
29241,40,158000,RENT,2,0,0,1,0,0,1,0,0,0,E,25000,16.82,1,0.16,0,16
29246,38,87000,RENT,3,0,0,1,0,0,1,0,0,0,B,24250,,0,0.28,0,12
29264,36,72800,RENT,3,0,0,1,0,0,1,0,0,0,D,24000,14.09,1,0.33,0,12
29267,38,81000,RENT,0,0,0,1,0,0,1,0,0,0,A,24000,8.49,0,0.3,0,13
29269,36,100300,RENT,3,0,0,1,0,0,1,0,0,0,B,24000,11.99,0,0.24,0,11
29272,41,60000,RENT,7,0,0,1,0,0,1,0,0,0,A,23800,6.91,1,0.4,0,15
29280,38,56524,RENT,16,0,0,1,0,0,1,0,0,0,B,22000,10.75,1,0.39,0,15
29283,46,91000,RENT,0,0,0,1,0,0,1,0,0,0,E,22000,18.79,1,0.24,0,16
29295,38,200000,RENT,4,0,0,1,0,0,1,0,0,0,B,21000,10.37,0,0.1,0,11
29302,45,37000,RENT,0,0,0,1,0,0,1,0,0,0,B,20000,11.71,1,0.54,0,15
29309,37,45000,RENT,2,0,0,1,0,0,1,0,0,0,B,20000,12.53,1,0.44,0,14
29317,37,65000,RENT,4,0,0,1,0,0,1,0,0,0,F,20000,16.71,1,0.31,0,17
29335,38,110000,RENT,5,0,0,1,0,0,1,0,0,0,A,20000,6.91,0,0.18,0,13
29337,41,110496,RENT,3,0,0,1,0,0,1,0,0,0,A,20000,6.91,0,0.18,0,16
29338,37,108000,RENT,0,0,0,1,0,0,1,0,0,0,E,20000,16.32,1,0.19,0,15
29343,39,150000,RENT,0,0,0,1,0,0,1,0,0,0,B,20000,10.08,0,0.13,0,17
29367,40,55000,RENT,14,0,0,1,0,0,1,0,0,0,A,18000,7.88,1,0.33,0,14
29375,36,82000,RENT,12,0,0,1,0,0,1,0,0,0,C,18000,13.22,0,0.22,0,17
29376,48,82500,RENT,4,0,0,1,0,0,1,0,0,0,A,18000,7.51,0,0.22,0,16
29378,40,85000,RENT,5,0,0,1,0,0,1,0,0,0,B,18000,11.48,0,0.21,0,13
29380,36,125000,RENT,0,0,0,1,0,0,1,0,0,0,B,18000,11.11,0,0.14,0,11
29383,39,168000,RENT,2,0,0,1,0,0,1,0,0,0,E,18000,17.93,1,0.11,0,11
29385,50,85000,RENT,1,0,0,1,0,0,1,0,0,0,C,17500,13.49,0,0.21,0,17
29386,38,51000,RENT,3,0,0,1,0,0,1,0,0,0,B,17000,10.38,1,0.33,0,11
29410,39,65000,RENT,4,0,0,1,0,0,1,0,0,0,B,16000,11.83,0,0.25,0,16
29426,36,42000,RENT,21,0,0,1,0,0,1,0,0,0,A,1000,7.51,1,0.02,0,14
29454,41,32004,RENT,2,0,0,1,0,0,1,0,0,0,D,1500,14.74,1,0.05,0,17
29455,48,33500,RENT,1,0,0,1,0,0,1,0,0,0,D,1500,14.74,1,0.04,0,11
29484,36,156326,RENT,10,0,0,1,0,0,1,0,0,0,A,1800,8,0,0.01,0,16
29512,36,122000,RENT,2,0,0,1,0,0,1,0,0,0,A,15000,,0,0.12,0,17
29532,39,34000,RENT,1,0,0,1,0,0,1,0,0,0,D,14000,17.58,1,0.41,0,16
29534,36,54000,RENT,2,0,0,1,0,0,1,0,0,0,C,2225,10.59,1,0.04,0,14
29535,36,52500,RENT,,0,0,1,0,0,1,0,0,0,A,2250,5.42,0,0.04,0,14
29564,40,63000,RENT,2,0,0,1,0,0,1,0,0,0,B,13050,11.48,0,0.21,0,15
29581,36,60072,RENT,14,0,0,1,0,0,1,0,0,0,B,2500,11.49,1,0.04,0,16
29582,39,68000,RENT,0,0,0,1,0,0,1,0,0,0,A,2500,7.88,0,0.04,0,12
29604,47,30000,RENT,2,0,0,1,0,0,1,0,0,0,C,3000,12.99,1,0.1,0,11
29630,40,53000,RENT,2,0,0,1,0,0,1,0,0,0,A,12000,7.88,0,0.23,0,11
29639,46,56500,RENT,4,0,0,1,0,0,1,0,0,0,B,12000,10.37,0,0.21,0,14
29663,44,79272,RENT,0,0,0,1,0,0,1,0,0,0,A,3000,5.79,0,0.04,0,11
29674,36,53000,RENT,5,0,0,1,0,0,1,0,0,0,C,3150,15.27,0,0.06,0,12
29691,38,55000,RENT,9,0,0,1,0,0,1,0,0,0,D,3325,16.89,0,0.06,0,14
29715,40,10200,RENT,,0,0,1,0,0,1,0,0,0,B,3550,11.49,1,0.35,0,15
29733,38,108000,RENT,6,0,0,1,0,0,1,0,0,0,C,11000,13.49,0,0.1,0,12
29736,36,55000,RENT,6,0,0,1,0,0,1,0,0,0,B,10900,12.42,0,0.2,0,13
29752,40,117000,RENT,4,0,0,1,0,0,1,0,0,0,B,10625,11.14,0,0.09,0,13
29774,39,60000,RENT,3,0,0,1,0,0,1,0,0,0,B,3800,10.37,0,0.06,0,14
29836,37,63000,RENT,0,0,0,1,0,0,1,0,0,0,B,4000,,0,0.06,0,13
29852,38,24000,RENT,0,0,0,1,0,0,1,0,0,0,D,4400,14.09,1,0.18,0,14
29871,38,65000,RENT,4,0,0,1,0,0,1,0,0,0,C,4500,13.43,0,0.07,0,12
29874,39,110000,RENT,5,0,0,1,0,0,1,0,0,0,C,4500,13.49,0,0.04,0,11
29907,49,80000,RENT,0,0,0,1,0,0,1,0,0,0,A,4800,7.88,0,0.06,0,15
29915,38,96000,RENT,18,0,0,1,0,0,1,0,0,0,F,10000,19.04,0,0.1,0,14
29923,36,120000,RENT,2,0,0,1,0,0,1,0,0,0,B,10000,11.49,0,0.08,0,14
30007,41,56000,RENT,3,0,0,1,0,0,1,0,0,0,A,9000,5.99,0,0.16,0,16
30023,47,86000,RENT,0,0,0,1,0,0,1,0,0,0,C,9000,12.87,1,0.1,0,13
30024,40,108000,RENT,10,0,0,1,0,0,1,0,0,0,B,9000,11.86,1,0.08,0,12
30026,47,244000,RENT,10,0,0,1,0,0,1,0,0,0,C,9000,13.61,0,0.04,0,11
30034,48,50000,RENT,1,0,0,1,0,0,1,0,0,0,B,5000,11.49,0,0.1,0,12
30044,37,27000,RENT,2,0,0,1,0,0,1,0,0,0,A,8500,8.49,1,0.31,0,17
30070,37,63000,RENT,6,0,0,1,0,0,1,0,0,0,B,5000,10.2,0,0.08,0,16
30086,37,84000,RENT,4,0,0,1,0,0,1,0,0,0,B,5000,10,0,0.06,0,16
30213,40,32400,RENT,,0,0,1,0,0,1,0,0,0,A,6000,7.9,1,0.19,0,15
30239,36,44000,RENT,2,0,0,1,0,0,1,0,0,0,E,6000,,1,0.14,0,12
30284,47,70000,RENT,3,0,0,1,0,0,1,0,0,0,A,6000,8.49,0,0.09,0,12
30287,39,70000,RENT,1,0,0,1,0,0,1,0,0,0,A,6000,8.94,0,0.09,0,12
30298,41,78000,RENT,3,0,0,1,0,0,1,0,0,0,B,6000,9.63,0,0.08,0,11
30304,36,80000,RENT,7,0,0,1,0,0,1,0,0,0,C,6000,12.87,0,0.07,0,16
30329,36,60000,RENT,3,0,0,1,0,0,1,0,0,0,A,7000,7.88,0,0.12,0,12
30336,40,68000,RENT,12,0,0,1,0,0,1,0,0,0,A,7000,7.51,0,0.1,0,11
30347,43,175436,RENT,1,0,0,1,0,0,1,0,0,0,A,7000,5.99,0,0.04,0,12
30402,43,80000,RENT,5,0,0,1,0,0,1,0,0,0,B,6400,11.71,0,0.08,0,11
30454,39,53800,RENT,1,0,0,1,0,0,1,0,0,0,B,7000,9.62,0,0.13,0,15
30456,36,49000,RENT,6,0,0,1,0,0,1,0,0,0,B,7000,10.74,1,0.14,0,16
30478,42,60000,RENT,3,0,0,1,0,0,1,0,0,0,A,7200,5.79,0,0.12,0,11
30489,43,19440,RENT,1,0,0,1,0,0,1,0,0,0,B,7500,9.01,1,0.39,0,11
30516,36,54000,RENT,2,0,0,1,0,0,1,0,0,0,A,7500,,1,0.14,0,14
30522,41,67500,RENT,3,0,0,1,0,0,1,0,0,0,B,7500,9.88,0,0.11,0,15
30537,37,780000,RENT,9,0,0,1,0,0,1,0,0,0,B,7500,12.18,0,0.01,0,15
30583,36,30500,RENT,3,0,0,1,0,0,1,0,0,0,B,8000,11.11,1,0.26,0,13
30596,36,34000,RENT,0,0,0,1,0,0,1,0,0,0,E,8000,17.74,1,0.24,0,17
30617,43,50000,RENT,,0,0,1,0,0,1,0,0,0,A,8000,7.49,0,0.16,0,16
30618,37,50000,RENT,5,0,0,1,0,0,1,0,0,0,B,8000,10.99,0,0.16,0,16
30623,42,50000,RENT,3,0,0,1,0,0,1,0,0,0,B,8000,10.14,0,0.16,0,15
30626,36,50700,RENT,2,0,0,1,0,0,1,0,0,0,B,8000,10.99,0,0.16,0,17
30745,37,70000,RENT,6,0,0,1,0,0,1,0,0,0,A,8400,7.49,0,0.12,0,15
30794,41,31000,RENT,0,0,0,1,0,0,1,0,0,0,D,9250,16.49,1,0.3,0,13
30807,43,50000,RENT,5,0,0,1,0,0,1,0,0,0,B,9500,9.88,0,0.19,0,15
30955,41,55000,RENT,4,0,0,1,0,0,1,0,0,0,B,4200,12.69,0,0.08,0,16
30988,48,50000,RENT,18,0,0,1,0,0,1,0,0,0,A,10000,9.63,0,0.2,0,14
30999,37,52000,RENT,21,0,0,1,0,0,1,0,0,0,B,10000,11.71,0,0.19,0,14
31024,37,60000,RENT,7,0,0,1,0,0,1,0,0,0,A,10000,7.51,0,0.17,0,11
31029,40,60000,RENT,3,0,0,1,0,0,1,0,0,0,D,10000,15.95,0,0.17,0,14
31046,46,63000,RENT,18,0,0,1,0,0,1,0,0,0,B,10000,10.51,0,0.16,0,11
31049,36,64583,RENT,2,0,0,1,0,0,1,0,0,0,A,10000,,0,0.15,0,14
31065,44,62400,RENT,,0,0,1,0,0,1,0,0,0,E,10000,16.82,1,0.16,0,15
31067,42,69228,RENT,3,0,0,1,0,0,1,0,0,0,A,10000,7.49,0,0.14,0,13
31071,41,70000,RENT,2,0,0,1,0,0,1,0,0,0,A,10000,7.88,0,0.14,0,13
31081,36,75000,RENT,5,0,0,1,0,0,1,0,0,0,B,10000,11.99,0,0.13,0,12
31087,43,80000,RENT,5,0,0,1,0,0,1,0,0,0,B,10000,11.49,0,0.13,0,12
31127,36,132000,RENT,3,0,0,1,0,0,1,0,0,0,A,10200,7.51,0,0.08,0,13
31139,36,62200,RENT,3,0,0,1,0,0,1,0,0,0,B,11200,10.59,0,0.18,0,16
31148,50,150000,RENT,0,0,0,1,0,0,1,0,0,0,B,11200,11.14,0,0.07,0,11
31161,39,55600,RENT,0,0,0,1,0,0,1,0,0,0,C,11500,13.22,0,0.21,0,11
31249,37,24000,RENT,3,0,0,1,0,0,1,0,0,0,E,3000,19.03,1,0.13,0,11
31251,39,24000,RENT,0,0,0,1,0,0,1,0,0,0,D,3000,14.12,1,0.13,0,11
31294,43,75000,RENT,0,0,0,1,0,0,1,0,0,0,A,12000,7.9,0,0.16,0,16
31316,39,85000,RENT,4,0,0,1,0,0,1,0,0,0,A,12000,6.03,0,0.14,0,12
31438,38,67000,RENT,6,0,0,1,0,0,1,0,0,0,D,13000,,0,0.19,0,17
31447,40,110000,RENT,6,0,0,1,0,0,1,0,0,0,B,13000,9.91,0,0.12,0,17
31456,45,66000,RENT,4,0,0,1,0,0,1,0,0,0,B,13650,12.42,0,0.21,0,11
31460,42,67300,RENT,4,0,0,1,0,0,1,0,0,0,C,13800,13.99,0,0.21,0,16
31481,38,55000,RENT,2,0,0,1,0,0,1,0,0,0,B,14000,11.48,0,0.25,0,16
31492,41,62004,RENT,5,0,0,1,0,0,1,0,0,0,A,14000,8.9,0,0.23,0,17
31500,46,70000,RENT,0,0,0,1,0,0,1,0,0,0,B,14000,11.26,0,0.2,0,16
31503,42,75000,RENT,12,0,0,1,0,0,1,0,0,0,A,14000,6.03,0,0.19,0,14
31516,36,126251,RENT,16,0,0,1,0,0,1,0,0,0,A,14000,7.66,0,0.11,0,17
31657,36,50000,RENT,4,0,0,1,0,0,1,0,0,0,A,15000,8.9,0,0.3,0,14
31695,46,17496,RENT,6,0,0,1,0,0,1,0,0,0,B,1500,11.14,1,0.09,0,13
31716,50,56000,RENT,2,0,0,1,0,0,1,0,0,0,C,15000,13.47,0,0.27,0,15
31734,36,60000,RENT,0,0,0,1,0,0,1,0,0,0,C,15000,13.57,0,0.25,0,12
31773,37,74784,RENT,8,0,0,1,0,0,1,0,0,0,E,15000,14.5,0,0.2,0,15
31872,38,100000,RENT,2,0,0,1,0,0,1,0,0,0,A,16000,,0,0.16,0,11
31883,36,120000,RENT,2,0,0,1,0,0,1,0,0,0,C,16000,13.06,0,0.13,0,16
31921,42,39000,RENT,4,0,0,1,0,0,1,0,0,0,B,19750,10.65,1,0.51,0,14
31942,37,74784,RENT,8,0,0,1,0,0,1,0,0,0,E,15000,14.5,0,0.2,0,11
31990,36,62000,RENT,3,0,0,1,0,0,1,0,0,0,B,8000,11.12,0,0.13,0,12
32019,39,55059,RENT,16,0,0,1,0,0,1,0,0,0,B,24000,12.53,1,0.44,0,11
32024,39,182500,RENT,2,0,0,1,0,0,1,0,0,0,A,12500,5.42,0,0.07,0,11
32031,46,50000,RENT,0,0,0,1,0,0,1,0,0,0,B,4350,10.99,0,0.09,0,16
32070,40,32878,RENT,6,0,0,1,0,0,1,0,0,0,C,13775,12.98,1,0.42,0,11
32085,37,73000,RENT,4,0,0,1,0,0,1,0,0,0,B,11500,12.21,0,0.16,0,13
32091,40,95000,RENT,0,0,0,1,0,0,1,0,0,0,B,17000,10,0,0.18,0,12
32109,36,72800,RENT,3,0,0,1,0,0,1,0,0,0,D,24000,14.09,1,0.33,0,16
32127,37,25000,RENT,0,0,0,1,0,0,1,0,0,0,D,2775,15.65,1,0.11,0,12
32129,37,90000,RENT,15,0,0,1,0,0,1,0,0,0,A,12000,7.51,0,0.13,0,11
32158,36,60000,RENT,2,0,0,1,0,0,1,0,0,0,B,15000,,0,0.25,0,12
32168,46,72194,RENT,8,0,0,1,0,0,1,0,0,0,B,17000,8.88,0,0.24,0,14
32228,40,65000,RENT,1,0,0,1,0,0,1,0,0,0,B,5000,9.63,0,0.08,0,17
32231,37,65000,RENT,7,0,0,1,0,0,1,0,0,0,C,12000,13.98,0,0.18,0,12
32247,40,52479,RENT,17,0,0,1,0,0,1,0,0,0,D,6600,14.54,1,0.13,0,17
32276,48,66000,RENT,6,0,0,1,0,0,1,0,0,0,B,6000,11.89,0,0.09,0,16
32278,46,60000,RENT,9,0,0,1,0,0,1,0,0,0,D,15000,16.32,0,0.25,0,16
32321,55,50000,RENT,2,0,0,1,0,0,1,0,0,0,A,20000,7.51,1,0.4,0,30
32322,52,54833,RENT,14,0,0,1,0,0,1,0,0,0,A,20000,7.49,1,0.36,0,25
32327,64,105000,RENT,8,0,0,1,0,0,1,0,0,0,E,20000,18.64,0,0.19,0,30
32348,55,39000,RENT,2,0,0,1,0,0,1,0,0,0,B,13000,11.48,1,0.33,0,27
32381,56,150000,RENT,7,0,0,1,0,0,1,0,0,0,C,10000,13.49,0,0.07,0,20
32387,51,99000,RENT,2,0,0,1,0,0,1,0,0,0,B,9000,11.49,0,0.09,0,22
32416,57,170000,RENT,5,0,0,1,0,0,1,0,0,0,C,6300,13.11,0,0.04,0,26
32457,53,55000,RENT,1,0,0,1,0,0,1,0,0,0,A,9500,5.42,0,0.17,0,26
32492,51,80000,RENT,1,0,0,1,0,0,1,0,0,0,B,12000,12.69,0,0.15,0,23
32493,51,84000,RENT,7,0,0,1,0,0,1,0,0,0,A,12000,7.49,0,0.14,0,23
32555,60,98000,RENT,1,0,0,1,0,0,1,0,0,0,D,15000,16.29,1,0.15,0,29
32571,58,72000,RENT,5,0,0,1,0,0,1,0,0,0,B,4500,,0,0.06,0,23
32579,65,76000,RENT,3,0,0,1,0,0,1,0,0,0,B,35000,10.99,1,0.46,0,28
68,25,259000,MORTGAGE,9,0,1,0,0,0,1,0,0,0,D,20000,14.42,0,0.08,1,2
113,25,225000,MORTGAGE,0,0,1,0,0,0,1,0,0,0,E,30000,19.91,0,0.13,1,2
396,22,16800,MORTGAGE,0,0,1,0,0,0,1,0,0,0,C,4750,13.85,1,0.28,1,2
545,22,19200,MORTGAGE,6,0,1,0,0,0,1,0,0,0,D,1400,14.91,1,0.07,1,4
723,21,21216,MORTGAGE,5,0,1,0,0,0,1,0,0,0,D,4500,,1,0.21,1,2
860,23,23000,MORTGAGE,7,0,1,0,0,0,1,0,0,0,D,3600,17.27,1,0.16,1,3
1333,23,26000,MORTGAGE,0,0,1,0,0,0,1,0,0,0,E,10000,,1,0.38,1,3
1457,23,27000,MORTGAGE,0,0,1,0,0,0,1,0,0,0,D,1000,15.99,1,0.04,1,3
2049,25,30000,MORTGAGE,0,0,1,0,0,0,1,0,0,0,C,6000,14.35,0,0.2,1,2
2070,24,30000,MORTGAGE,8,0,1,0,0,0,1,0,0,0,C,5000,13.48,1,0.17,1,2
2272,25,31200,MORTGAGE,9,0,1,0,0,0,1,0,0,0,D,2400,17.58,1,0.08,1,4
2447,23,32000,MORTGAGE,0,0,1,0,0,0,1,0,0,0,D,2500,12.8,1,0.08,1,3
2480,22,32352,MORTGAGE,6,0,1,0,0,0,1,0,0,0,C,1000,15.27,1,0.03,1,2
3366,24,30000,MORTGAGE,,0,1,0,0,0,1,0,0,0,C,10000,14.22,1,0.33,1,3
3410,26,36000,MORTGAGE,8,0,1,0,0,0,1,0,0,0,C,6000,12.29,0,0.17,1,4
3424,21,30297,MORTGAGE,5,0,1,0,0,0,1,0,0,0,C,7550,13.22,1,0.25,1,4
3492,25,37000,MORTGAGE,6,0,1,0,0,0,1,0,0,0,D,7000,15.62,0,0.19,1,3
3879,25,39000,MORTGAGE,9,0,1,0,0,0,1,0,0,0,C,3000,13.99,0,0.08,1,3
3980,26,39990,MORTGAGE,3,0,1,0,0,0,1,0,0,0,C,2400,14.27,0,0.06,1,2
4310,25,34000,MORTGAGE,2,0,1,0,0,0,1,0,0,0,C,5800,13.48,1,0.17,1,3
4873,26,36000,MORTGAGE,10,0,1,0,0,0,1,0,0,0,C,5000,12.29,1,0.14,1,3
4975,24,43000,MORTGAGE,5,0,1,0,0,0,1,0,0,0,C,2500,13.49,0,0.06,1,4
5070,24,43200,MORTGAGE,3,0,1,0,0,0,1,0,0,0,C,16000,,0,0.37,1,2
5084,24,43200,MORTGAGE,0,0,1,0,0,0,1,0,0,0,C,10000,14.26,0,0.23,1,4
5343,26,45000,MORTGAGE,10,0,1,0,0,0,1,0,0,0,C,14125,13.99,0,0.31,1,2
5539,25,45000,MORTGAGE,4,0,1,0,0,0,1,0,0,0,C,2700,,0,0.06,1,4
5785,24,46500,MORTGAGE,0,0,1,0,0,0,1,0,0,0,C,16000,12.53,0,0.34,1,3
6211,26,48000,MORTGAGE,7,0,1,0,0,0,1,0,0,0,C,16750,14.26,0,0.35,1,3
6469,25,50000,MORTGAGE,6,0,1,0,0,0,1,0,0,0,C,11200,14.27,0,0.22,1,4
6584,24,50000,MORTGAGE,7,0,1,0,0,0,1,0,0,0,C,6000,13.99,0,0.12,1,4
6725,25,50000,MORTGAGE,3,0,1,0,0,0,1,0,0,0,C,4800,13.61,0,0.1,1,2
6931,25,50300,MORTGAGE,3,0,1,0,0,0,1,0,0,0,E,1000,18.39,0,0.02,1,3
7071,24,51024,MORTGAGE,8,0,1,0,0,0,1,0,0,0,C,2000,12.99,0,0.04,1,4
7105,26,51500,MORTGAGE,3,0,1,0,0,0,1,0,0,0,D,9600,15.21,0,0.19,1,4
7513,26,47360,MORTGAGE,10,0,1,0,0,0,1,0,0,0,D,6000,14.61,1,0.13,1,3
7883,24,55000,MORTGAGE,0,0,1,0,0,0,1,0,0,0,C,4200,15.23,0,0.08,1,3
8119,24,55600,MORTGAGE,2,0,1,0,0,0,1,0,0,0,C,11700,13.57,0,0.21,1,2
8151,24,56000,MORTGAGE,4,0,1,0,0,0,1,0,0,0,C,19125,13.99,0,0.34,1,3
8313,25,57000,MORTGAGE,5,0,1,0,0,0,1,0,0,0,D,11200,14.46,0,0.2,1,4
8491,25,58000,MORTGAGE,8,0,1,0,0,0,1,0,0,0,C,17500,13.11,0,0.3,1,4
8553,25,58750,MORTGAGE,6,0,1,0,0,0,1,0,0,0,D,6000,15.33,0,0.1,1,3
8693,24,54000,MORTGAGE,6,0,1,0,0,0,1,0,0,0,C,6300,14.65,1,0.12,1,2
8743,25,60000,MORTGAGE,1,0,1,0,0,0,1,0,0,0,C,5000,15.27,0,0.08,1,2
9018,26,54000,MORTGAGE,2,0,1,0,0,0,1,0,0,0,C,6000,13.98,1,0.11,1,3
9050,25,60000,MORTGAGE,5,0,1,0,0,0,1,0,0,0,D,3000,14.59,0,0.05,1,3
9162,22,54000,MORTGAGE,1,0,1,0,0,0,1,0,0,0,D,10000,14.61,1,0.19,1,4
9677,26,63000,MORTGAGE,3,0,1,0,0,0,1,0,0,0,C,3800,12.04,0,0.06,1,4
9812,26,64700,MORTGAGE,5,0,1,0,0,0,1,0,0,0,C,17500,,0,0.27,1,2
9967,22,59000,MORTGAGE,7,0,1,0,0,0,1,0,0,0,D,4900,15.62,1,0.08,1,4
10057,26,59000,MORTGAGE,2,0,1,0,0,0,1,0,0,0,C,20000,13.48,1,0.34,1,3
10142,24,65004,MORTGAGE,8,0,1,0,0,0,1,0,0,0,C,3600,13.49,0,0.06,1,4
10384,23,61000,MORTGAGE,7,0,1,0,0,0,1,0,0,0,C,18000,12.09,1,0.3,1,3
10441,25,68000,MORTGAGE,3,0,1,0,0,0,1,0,0,0,D,6500,16.29,0,0.1,1,3
10602,25,69000,MORTGAGE,9,0,1,0,0,0,1,0,0,0,C,15900,13.22,0,0.23,1,3
10687,26,70000,MORTGAGE,11,0,1,0,0,0,1,0,0,0,C,20000,14.27,0,0.29,1,4
11126,26,72000,MORTGAGE,1,0,1,0,0,0,1,0,0,0,D,10500,15.28,0,0.15,1,2
11239,24,72000,MORTGAGE,8,0,1,0,0,0,1,0,0,0,E,5000,13.93,0,0.07,1,2
11336,23,67476,MORTGAGE,5,0,1,0,0,0,1,0,0,0,C,25000,13.49,1,0.37,1,3
11376,25,74000,MORTGAGE,5,0,1,0,0,0,1,0,0,0,D,10000,14.59,0,0.14,1,4
11381,26,74000,MORTGAGE,9,0,1,0,0,0,1,0,0,0,C,1200,13.22,0,0.02,1,4
11500,24,75000,MORTGAGE,7,0,1,0,0,0,1,0,0,0,C,12000,13.49,0,0.16,1,4
11544,26,75000,MORTGAGE,6,0,1,0,0,0,1,0,0,0,C,29700,12.99,0,0.4,1,4
12238,25,80000,MORTGAGE,5,0,1,0,0,0,1,0,0,0,C,14625,12.68,0,0.18,1,4
12370,22,74000,MORTGAGE,6,0,1,0,0,0,1,0,0,0,C,11200,,1,0.15,1,2
12747,22,73000,MORTGAGE,6,0,1,0,0,0,1,0,0,0,C,6000,13.49,1,0.08,1,2
12809,26,73000,MORTGAGE,3,0,1,0,0,0,1,0,0,0,C,14400,13.8,1,0.2,1,3
12856,25,85000,MORTGAGE,5,0,1,0,0,0,1,0,0,0,C,9600,13.85,0,0.11,1,4
12858,26,85000,MORTGAGE,1,0,1,0,0,0,1,0,0,0,C,15000,12.73,0,0.18,1,4
12916,26,85000,MORTGAGE,10,0,1,0,0,0,1,0,0,0,C,4800,11.59,0,0.06,1,2
13051,26,87000,MORTGAGE,1,0,1,0,0,0,1,0,0,0,D,15000,14.74,0,0.17,1,3
13149,25,77000,MORTGAGE,9,0,1,0,0,0,1,0,0,0,D,14500,15.95,1,0.19,1,2
13397,24,90996,MORTGAGE,8,0,1,0,0,0,1,0,0,0,E,20000,16.32,0,0.22,1,4
13834,24,96000,MORTGAGE,7,0,1,0,0,0,1,0,0,0,C,6000,13.92,0,0.06,1,4
13871,24,97000,MORTGAGE,6,0,1,0,0,0,1,0,0,0,C,6800,13.61,0,0.07,1,4
13882,26,85200,MORTGAGE,5,0,1,0,0,0,1,0,0,0,E,14000,,1,0.16,1,2
14144,24,100000,MORTGAGE,0,0,1,0,0,0,1,0,0,0,C,10000,12.87,0,0.1,1,4
14172,24,88000,MORTGAGE,0,0,1,0,0,0,1,0,0,0,C,6400,11.66,1,0.07,1,3
14183,24,100400,MORTGAGE,6,0,1,0,0,0,1,0,0,0,E,10000,16.4,0,0.1,1,4
14318,25,92085,MORTGAGE,4,0,1,0,0,0,1,0,0,0,C,2500,15.27,1,0.03,1,3
14404,24,105018,MORTGAGE,8,0,1,0,0,0,1,0,0,0,D,28000,15.62,0,0.27,1,4
14453,23,95000,MORTGAGE,1,0,1,0,0,0,1,0,0,0,C,19800,13.22,1,0.21,1,3
14505,24,108000,MORTGAGE,1,0,1,0,0,0,1,0,0,0,C,18000,12.53,0,0.17,1,3
14576,26,110000,MORTGAGE,10,0,1,0,0,0,1,0,0,0,C,23750,12.99,0,0.22,1,4
14759,25,102000,MORTGAGE,7,0,1,0,0,0,1,0,0,0,G,25000,20.16,1,0.25,1,4
14813,26,115000,MORTGAGE,6,0,1,0,0,0,1,0,0,0,C,15000,12.87,0,0.13,1,3
14890,22,107000,MORTGAGE,6,0,1,0,0,0,1,0,0,0,E,24000,19.69,1,0.22,1,2
14916,25,120000,MORTGAGE,1,0,1,0,0,0,1,0,0,0,C,3000,14.27,0,0.03,1,4
14935,26,120000,MORTGAGE,10,0,1,0,0,0,1,0,0,0,C,5600,13.49,0,0.05,1,3
15031,26,120000,MORTGAGE,10,0,1,0,0,0,1,0,0,0,D,10000,14.59,0,0.08,1,2
15059,26,120000,MORTGAGE,1,0,1,0,0,0,1,0,0,0,E,20000,17.74,0,0.17,1,3
15063,26,120000,MORTGAGE,10,0,1,0,0,0,1,0,0,0,C,20000,13.79,0,0.17,1,4
15082,24,120000,MORTGAGE,8,0,1,0,0,0,1,0,0,0,C,9500,11.66,0,0.08,1,2
15232,25,125000,MORTGAGE,5,0,1,0,0,0,1,0,0,0,C,12000,,0,0.1,1,3
15280,25,128500,MORTGAGE,1,0,1,0,0,0,1,0,0,0,C,15000,12.53,0,0.12,1,3
15345,24,130000,MORTGAGE,0,0,1,0,0,0,1,0,0,0,C,15000,14.26,0,0.12,1,4
15384,23,120000,MORTGAGE,7,0,1,0,0,0,1,0,0,0,D,8000,,1,0.07,1,2
15421,25,135000,MORTGAGE,9,0,1,0,0,0,1,0,0,0,D,10000,15.62,0,0.07,1,3
15512,26,140000,MORTGAGE,5,0,1,0,0,0,1,0,0,0,D,13050,14.59,0,0.09,1,3
15672,24,151000,MORTGAGE,8,0,1,0,0,0,1,0,0,0,C,35000,14.27,0,0.23,1,2
15685,25,154000,MORTGAGE,2,0,1,0,0,0,1,0,0,0,C,9200,12.61,0,0.06,1,4
15736,24,160000,MORTGAGE,8,0,1,0,0,0,1,0,0,0,E,20000,19.69,0,0.13,1,2
15858,25,188000,MORTGAGE,9,0,1,0,0,0,1,0,0,0,D,25000,13.24,1,0.13,1,4
16094,25,128500,MORTGAGE,1,0,1,0,0,0,1,0,0,0,C,15000,12.53,0,0.12,1,3
16211,21,61464,MORTGAGE,5,0,1,0,0,0,1,0,0,0,C,4000,,1,0.07,1,2
16589,26,80000,MORTGAGE,10,0,1,0,0,0,1,0,0,0,D,15000,16.07,0,0.19,1,2
16606,24,127000,MORTGAGE,3,0,1,0,0,0,1,0,0,0,D,12000,15.05,0,0.09,1,3
16940,25,105000,MORTGAGE,9,0,1,0,0,0,1,0,0,0,C,4800,15.23,0,0.05,1,2
17264,24,50000,MORTGAGE,7,0,1,0,0,0,1,0,0,0,D,11000,16.89,0,0.22,1,2
17509,24,90000,MORTGAGE,8,0,1,0,0,0,1,0,0,0,C,5000,11.34,0,0.06,1,3
17527,22,107000,MORTGAGE,6,0,1,0,0,0,1,0,0,0,E,24000,19.69,1,0.22,1,4
17886,31,305000,MORTGAGE,0,0,1,0,0,0,1,0,0,0,D,35000,17.58,0,0.11,1,10
17981,30,210000,MORTGAGE,2,0,1,0,0,0,1,0,0,0,C,24250,12.87,0,0.12,1,6
17987,27,204000,MORTGAGE,3,0,1,0,0,0,1,0,0,0,D,25000,15.31,0,0.12,1,6
18215,28,148000,MORTGAGE,0,0,1,0,0,0,1,0,0,0,D,15000,15.65,1,0.1,1,5
18304,30,19200,MORTGAGE,2,0,1,0,0,0,1,0,0,0,C,4750,13.61,1,0.25,1,8
18657,28,25000,MORTGAGE,12,0,1,0,0,0,1,0,0,0,C,10625,14.27,0,0.42,1,6
18832,32,27385,MORTGAGE,3,0,1,0,0,0,1,0,0,0,C,2000,12.99,1,0.07,1,9
19700,28,35004,MORTGAGE,3,0,1,0,0,0,1,0,0,0,C,16000,13.23,0,0.46,1,9
19824,27,36000,MORTGAGE,6,0,1,0,0,0,1,0,0,0,C,7000,12.98,0,0.19,1,7
20056,32,38000,MORTGAGE,8,0,1,0,0,0,1,0,0,0,C,8000,13.49,0,0.21,1,6
20100,29,38000,MORTGAGE,0,0,1,0,0,0,1,0,0,0,C,2450,,0,0.06,1,6
20387,28,34000,MORTGAGE,7,0,1,0,0,0,1,0,0,0,C,2500,12.23,1,0.07,1,9
20509,29,40800,MORTGAGE,11,0,1,0,0,0,1,0,0,0,C,3200,14.22,0,0.08,1,10
20540,30,41000,MORTGAGE,1,0,1,0,0,0,1,0,0,0,C,10000,12.73,0,0.24,1,10
20799,33,43000,MORTGAGE,4,0,1,0,0,0,1,0,0,0,C,10000,13.35,0,0.23,1,10
20823,30,43200,MORTGAGE,5,0,1,0,0,0,1,0,0,0,C,4200,13.49,0,0.1,1,7
20927,32,44400,MORTGAGE,5,0,1,0,0,0,1,0,0,0,D,6500,14.84,0,0.15,1,7
21016,30,39000,MORTGAGE,13,0,1,0,0,0,1,0,0,0,C,3000,13.99,1,0.08,1,10
21027,28,45000,MORTGAGE,5,0,1,0,0,0,1,0,0,0,D,15000,15.99,0,0.33,1,8
21047,31,45000,MORTGAGE,15,0,1,0,0,0,1,0,0,0,C,15000,13.06,0,0.33,1,5
21108,29,45000,MORTGAGE,4,0,1,0,0,0,1,0,0,0,C,14000,13.48,0,0.31,1,5
21163,32,39000,MORTGAGE,7,0,1,0,0,0,1,0,0,0,D,2800,12.17,1,0.07,1,6
21256,29,46000,MORTGAGE,3,0,1,0,0,0,1,0,0,0,C,7500,14.35,0,0.16,1,5
21273,29,46140,MORTGAGE,2,0,1,0,0,0,1,0,0,0,C,4800,14.72,0,0.1,1,6
21361,27,47380,MORTGAGE,11,0,1,0,0,0,1,0,0,0,C,15000,13.79,0,0.32,1,9
21900,29,50004,MORTGAGE,1,0,1,0,0,0,1,0,0,0,C,1500,13.11,0,0.03,1,6
21980,33,45000,MORTGAGE,3,0,1,0,0,0,1,0,0,0,D,8000,16.49,1,0.18,1,6
22213,29,53200,MORTGAGE,7,0,1,0,0,0,1,0,0,0,C,1000,13.49,0,0.02,1,6
22367,31,48996,MORTGAGE,0,0,1,0,0,0,1,0,0,0,D,8500,14.11,1,0.17,1,9
22470,28,49000,MORTGAGE,5,0,1,0,0,0,1,0,0,0,D,19750,15.58,1,0.4,1,9
22525,27,55140,MORTGAGE,8,0,1,0,0,0,1,0,0,0,C,10000,13.49,0,0.18,1,8
22773,27,52000,MORTGAGE,11,0,1,0,0,0,1,0,0,0,C,3000,15.96,1,0.06,1,6
22910,29,60000,MORTGAGE,2,0,1,0,0,0,1,0,0,0,C,6000,13.49,0,0.1,1,8
22980,32,60000,MORTGAGE,4,0,1,0,0,0,1,0,0,0,C,3250,13.49,0,0.05,1,5
23194,29,60000,MORTGAGE,8,0,1,0,0,0,1,0,0,0,D,16000,14.96,0,0.27,1,6
23386,29,62000,MORTGAGE,4,0,1,0,0,0,1,0,0,0,C,20000,,0,0.32,1,10
23398,28,56000,MORTGAGE,5,0,1,0,0,0,1,0,0,0,C,5050,12.29,1,0.09,1,5
23411,30,62256,MORTGAGE,1,0,1,0,0,0,1,0,0,0,D,9000,15.05,0,0.14,1,10
23571,30,64300,MORTGAGE,4,0,1,0,0,0,1,0,0,0,D,14000,15.33,0,0.22,1,10
23703,27,65000,MORTGAGE,0,0,1,0,0,0,1,0,0,0,D,22000,14.09,0,0.34,1,6
23750,27,65000,MORTGAGE,11,0,1,0,0,0,1,0,0,0,E,24000,17.74,0,0.37,1,6
23936,27,68000,MORTGAGE,0,0,1,0,0,0,1,0,0,0,C,3000,14.65,0,0.04,1,10
23999,28,68553,MORTGAGE,1,0,1,0,0,0,1,0,0,0,C,15000,13.85,0,0.22,1,10
24118,30,70000,MORTGAGE,4,0,1,0,0,0,1,0,0,0,D,10000,16.89,0,0.14,1,5
24176,33,70000,MORTGAGE,0,0,1,0,0,0,1,0,0,0,C,14000,12.61,0,0.2,1,10
24185,28,64000,MORTGAGE,10,0,1,0,0,0,1,0,0,0,E,6000,16.45,1,0.09,1,9
24199,30,70000,MORTGAGE,0,0,1,0,0,0,1,0,0,0,C,15000,12.73,0,0.21,1,6
24290,29,71000,MORTGAGE,4,0,1,0,0,0,1,0,0,0,C,11000,13.43,0,0.15,1,6
24326,34,72000,MORTGAGE,8,0,1,0,0,0,1,0,0,0,C,10000,13.49,0,0.14,1,8
24639,31,75000,MORTGAGE,5,0,1,0,0,0,1,0,0,0,C,2500,12.99,0,0.03,1,5
24698,30,75000,MORTGAGE,2,0,1,0,0,0,1,0,0,0,C,21000,14.35,0,0.28,1,5
24771,29,69000,MORTGAGE,2,0,1,0,0,0,1,0,0,0,D,25000,12.8,1,0.36,1,5
24862,29,77248,MORTGAGE,13,0,1,0,0,0,1,0,0,0,C,21600,13.85,0,0.28,1,7
24889,28,78000,MORTGAGE,1,0,1,0,0,0,1,0,0,0,C,5000,12.99,0,0.06,1,7
24961,28,78996,MORTGAGE,10,0,1,0,0,0,1,0,0,0,C,12000,13.16,0,0.15,1,5
24972,27,79000,MORTGAGE,11,0,1,0,0,0,1,0,0,0,D,2875,14.59,0,0.04,1,10
25150,29,80000,MORTGAGE,13,0,1,0,0,0,1,0,0,0,C,16000,12.84,0,0.2,1,7
25257,35,82000,MORTGAGE,4,0,1,0,0,0,1,0,0,0,E,10000,16.69,0,0.12,1,9
25269,29,76000,MORTGAGE,13,0,1,0,0,0,1,0,0,0,F,20000,16.08,1,0.26,1,6
25273,31,82116,MORTGAGE,12,0,1,0,0,0,1,0,0,0,C,2800,12.68,0,0.03,1,9
25448,34,85000,MORTGAGE,2,0,1,0,0,0,1,0,0,0,D,15000,15.99,0,0.18,1,9
25498,31,73000,MORTGAGE,4,0,1,0,0,0,1,0,0,0,F,16000,19.41,1,0.22,1,6
25638,29,76000,MORTGAGE,4,0,1,0,0,0,1,0,0,0,E,20000,,1,0.26,1,8
25705,27,78000,MORTGAGE,2,0,1,0,0,0,1,0,0,0,D,35000,17.27,1,0.45,1,5
25722,28,90000,MORTGAGE,12,0,1,0,0,0,1,0,0,0,C,5000,14.79,0,0.06,1,8
25800,28,90000,MORTGAGE,7,0,1,0,0,0,1,0,0,0,E,17600,16.35,0,0.2,1,5
25802,30,90000,MORTGAGE,0,0,1,0,0,0,1,0,0,0,C,5000,12.87,0,0.06,1,10
25814,31,78000,MORTGAGE,1,0,1,0,0,0,1,0,0,0,C,20000,14.26,1,0.26,1,10
25928,27,92400,MORTGAGE,6,0,1,0,0,0,1,0,0,0,D,17500,,0,0.19,1,8
26001,31,95000,MORTGAGE,1,0,1,0,0,0,1,0,0,0,C,13200,12.99,0,0.14,1,8
26083,27,96000,MORTGAGE,12,0,1,0,0,0,1,0,0,0,E,12500,19.03,0,0.13,1,5
26110,31,96000,MORTGAGE,15,0,1,0,0,0,1,0,0,0,D,8000,14.09,0,0.08,1,9
26137,31,84000,MORTGAGE,3,0,1,0,0,0,1,0,0,0,G,25000,17.34,1,0.3,1,5
26381,29,100000,MORTGAGE,2,0,1,0,0,0,1,0,0,0,D,20000,14.61,0,0.2,1,10
26435,31,101416,MORTGAGE,9,0,1,0,0,0,1,0,0,0,C,15000,12.87,0,0.15,1,8
26439,30,102000,MORTGAGE,8,0,1,0,0,0,1,0,0,0,D,15000,15.62,0,0.15,1,8
26557,29,105000,MORTGAGE,11,0,1,0,0,0,1,0,0,0,D,15000,14.42,0,0.14,1,5
26623,28,108000,MORTGAGE,4,0,1,0,0,0,1,0,0,0,C,5000,12.87,0,0.05,1,9
26629,29,108000,MORTGAGE,0,0,1,0,0,0,1,0,0,0,C,20000,10.59,0,0.19,1,7
26778,27,112500,MORTGAGE,4,0,1,0,0,0,1,0,0,0,D,10400,15.62,0,0.09,1,6
26793,32,113000,MORTGAGE,0,0,1,0,0,0,1,0,0,0,E,15000,15.68,0,0.13,1,5
26852,28,103000,MORTGAGE,12,0,1,0,0,0,1,0,0,0,C,20000,14.17,1,0.19,1,9
26861,35,115000,MORTGAGE,4,0,1,0,0,0,1,0,0,0,C,7200,13.85,0,0.06,1,10
26923,29,119500,MORTGAGE,6,0,1,0,0,0,1,0,0,0,C,6800,13.16,0,0.06,1,10
27086,33,120999,MORTGAGE,7,0,1,0,0,0,1,0,0,0,C,15200,13.61,0,0.13,1,5
27164,29,125000,MORTGAGE,0,0,1,0,0,0,1,0,0,0,C,10000,14.35,0,0.08,1,9
27187,29,125000,MORTGAGE,6,0,1,0,0,0,1,0,0,0,C,6400,12.87,0,0.05,1,9
27189,27,125000,MORTGAGE,7,0,1,0,0,0,1,0,0,0,D,20000,,0,0.16,1,5
27193,29,125000,MORTGAGE,2,0,1,0,0,0,1,0,0,0,C,8500,13.47,0,0.07,1,5
27234,27,116000,MORTGAGE,4,0,1,0,0,0,1,0,0,0,D,25000,13.36,1,0.22,1,7
27285,35,130000,MORTGAGE,15,0,1,0,0,0,1,0,0,0,C,7000,13.98,0,0.05,1,5
27307,30,130000,MORTGAGE,1,0,1,0,0,0,1,0,0,0,C,8500,12.84,0,0.07,1,5
27311,28,130000,MORTGAGE,2,0,1,0,0,0,1,0,0,0,D,12000,13.55,0,0.09,1,8
27334,34,121000,MORTGAGE,8,0,1,0,0,0,1,0,0,0,D,12000,14.59,1,0.1,1,8
27402,29,138000,MORTGAGE,3,0,1,0,0,0,1,0,0,0,D,7500,13.24,0,0.05,1,8
27417,28,140000,MORTGAGE,4,0,1,0,0,0,1,0,0,0,C,18000,14.65,0,0.13,1,7
27547,34,138000,MORTGAGE,18,0,1,0,0,0,1,0,0,0,E,2400,19.91,1,0.02,1,7
27579,33,138000,MORTGAGE,18,0,1,0,0,0,1,0,0,0,G,25000,21.27,1,0.18,1,10
27614,30,150000,MORTGAGE,2,0,1,0,0,0,1,0,0,0,D,12000,11.86,0,0.08,1,8
27621,30,151800,MORTGAGE,14,0,1,0,0,0,1,0,0,0,C,17525,12.72,0,0.12,1,7
27635,28,143000,MORTGAGE,5,0,1,0,0,0,1,0,0,0,D,8275,16.49,1,0.06,1,7
27666,27,148000,MORTGAGE,1,0,1,0,0,0,1,0,0,0,C,28000,12.99,1,0.19,1,6
27692,33,153000,MORTGAGE,1,0,1,0,0,0,1,0,0,0,D,23100,14.74,1,0.15,1,9
27749,34,182500,MORTGAGE,6,0,1,0,0,0,1,0,0,0,C,15000,12.84,0,0.08,1,9
27811,35,234600,MORTGAGE,1,0,1,0,0,0,1,0,0,0,D,7500,15.05,0,0.03,1,6
27867,34,357000,MORTGAGE,3,0,1,0,0,0,1,0,0,0,E,14000,18.64,0,0.04,1,9
27872,35,415000,MORTGAGE,2,0,1,0,0,0,1,0,0,0,E,15500,16.45,0,0.04,1,10
27901,34,120000,MORTGAGE,0,0,1,0,0,0,1,0,0,0,F,25000,15.83,0,0.21,1,8
27926,27,39000,MORTGAGE,11,0,1,0,0,0,1,0,0,0,E,5000,18.79,1,0.13,1,10
27957,29,52000,MORTGAGE,6,0,1,0,0,0,1,0,0,0,D,12000,15.65,0,0.23,1,9
28420,30,265000,MORTGAGE,3,0,1,0,0,0,1,0,0,0,D,24000,14.96,0,0.09,1,7
28436,34,160000,MORTGAGE,14,0,1,0,0,0,1,0,0,0,C,25000,13.49,0,0.16,1,5
28506,30,66888,MORTGAGE,6,0,1,0,0,0,1,0,0,0,C,15000,12.23,0,0.22,1,9
28515,34,80300,MORTGAGE,3,0,1,0,0,0,1,0,0,0,C,15000,12.73,0,0.19,1,10
28684,27,120000,MORTGAGE,4,0,1,0,0,0,1,0,0,0,D,25000,16.07,0,0.21,1,10
29106,30,65000,MORTGAGE,3,0,1,0,0,0,1,0,0,0,D,20000,16.77,0,0.31,1,5
29144,47,305000,MORTGAGE,6,0,1,0,0,0,1,0,0,0,C,10000,13.43,0,0.03,1,12
29167,43,230004,MORTGAGE,19,0,1,0,0,0,1,0,0,0,D,25000,15.58,0,0.11,1,15
29227,37,170004,MORTGAGE,1,0,1,0,0,0,1,0,0,0,E,25000,16.45,0,0.15,1,13
29320,38,21000,MORTGAGE,5,0,1,0,0,0,1,0,0,0,C,3000,13.43,0,0.14,1,17
29370,44,24000,MORTGAGE,,0,1,0,0,0,1,0,0,0,D,7750,15.58,0,0.32,1,13
29377,47,24000,MORTGAGE,4,0,1,0,0,0,1,0,0,0,D,5100,,0,0.21,1,16
29453,43,28000,MORTGAGE,4,0,1,0,0,0,1,0,0,0,D,6250,,1,0.22,1,13
29826,37,39700,MORTGAGE,4,0,1,0,0,0,1,0,0,0,C,15000,13.23,0,0.38,1,11
29897,36,40800,MORTGAGE,7,0,1,0,0,0,1,0,0,0,D,7200,16.32,0,0.18,1,11
29959,50,42000,MORTGAGE,3,0,1,0,0,0,1,0,0,0,D,10000,14.84,0,0.24,1,13
30004,47,43200,MORTGAGE,8,0,1,0,0,0,1,0,0,0,D,13750,14.84,0,0.32,1,13
30218,36,49901,MORTGAGE,13,0,1,0,0,0,1,0,0,0,C,8400,13.61,0,0.17,1,12
30273,40,50000,MORTGAGE,5,0,1,0,0,0,1,0,0,0,D,6000,14.96,0,0.12,1,16
30374,36,52660,MORTGAGE,2,0,1,0,0,0,1,0,0,0,C,15000,13.16,0,0.28,1,13
30409,37,54000,MORTGAGE,10,0,1,0,0,0,1,0,0,0,D,8000,,0,0.15,1,15
30467,48,55000,MORTGAGE,7,0,1,0,0,0,1,0,0,0,C,10000,,0,0.18,1,11
30600,40,60000,MORTGAGE,1,0,1,0,0,0,1,0,0,0,C,3500,12.99,0,0.06,1,14
30995,48,72000,MORTGAGE,5,0,1,0,0,0,1,0,0,0,D,7000,14.96,0,0.1,1,17
31004,43,72800,MORTGAGE,7,0,1,0,0,0,1,0,0,0,C,20000,12.84,0,0.27,1,12
31094,38,75971,MORTGAGE,10,0,1,0,0,0,1,0,0,0,D,18125,14.84,0,0.24,1,12
31099,43,76000,MORTGAGE,4,0,1,0,0,0,1,0,0,0,D,9150,16.29,0,0.12,1,16
31100,44,76000,MORTGAGE,3,0,1,0,0,0,1,0,0,0,C,3600,14.79,0,0.05,1,12
31193,37,80000,MORTGAGE,0,0,1,0,0,0,1,0,0,0,C,3000,,0,0.04,1,15
31197,36,74000,MORTGAGE,20,0,1,0,0,0,1,0,0,0,F,25000,17.8,1,0.34,1,11
31198,39,80000,MORTGAGE,0,0,1,0,0,0,1,0,0,0,C,19800,13.23,0,0.25,1,13
31235,42,82000,MORTGAGE,13,0,1,0,0,0,1,0,0,0,E,26800,,0,0.33,1,15
31236,39,82000,MORTGAGE,7,0,1,0,0,0,1,0,0,0,E,8000,19.42,0,0.1,1,17
31257,37,84000,MORTGAGE,11,0,1,0,0,0,1,0,0,0,C,8225,12.99,0,0.1,1,11
31285,42,85000,MORTGAGE,10,0,1,0,0,0,1,0,0,0,D,8500,15.58,0,0.1,1,12
31386,38,90000,MORTGAGE,0,0,1,0,0,0,1,0,0,0,C,9600,13.92,0,0.11,1,17
31395,39,90000,MORTGAGE,9,0,1,0,0,0,1,0,0,0,D,22000,12.67,0,0.24,1,15
31437,39,95000,MORTGAGE,3,0,1,0,0,0,1,0,0,0,D,20000,14.84,0,0.21,1,11
31541,50,102031,MORTGAGE,9,0,1,0,0,0,1,0,0,0,D,12000,14.96,0,0.12,1,11
31565,38,106000,MORTGAGE,4,0,1,0,0,0,1,0,0,0,C,5000,12.99,0,0.05,1,12
31636,38,117000,MORTGAGE,5,0,1,0,0,0,1,0,0,0,C,10700,14.27,0,0.09,1,14
31667,39,108000,MORTGAGE,2,0,1,0,0,0,1,0,0,0,D,20000,14.54,1,0.19,1,14
31668,50,120000,MORTGAGE,0,0,1,0,0,0,1,0,0,0,D,5575,15.2,0,0.05,1,13
31701,37,124000,MORTGAGE,4,0,1,0,0,0,1,0,0,0,C,19000,13.92,0,0.15,1,16
31776,39,128000,MORTGAGE,12,0,1,0,0,0,1,0,0,0,C,20000,13.11,1,0.16,1,15
31871,40,182004,MORTGAGE,7,0,1,0,0,0,1,0,0,0,D,25000,16.07,0,0.14,1,12
32028,36,214200,MORTGAGE,4,0,1,0,0,0,1,0,0,0,D,9400,15.62,0,0.04,1,12
32149,38,30000,MORTGAGE,8,0,1,0,0,0,1,0,0,0,C,10000,11.22,0,0.33,1,14
32249,38,36000,MORTGAGE,3,0,1,0,0,0,1,0,0,0,C,6000,13.99,0,0.17,1,12
290,25,15000,OWN,2,1,0,0,0,0,1,0,0,0,D,1750,15.31,0,0.12,1,4
304,21,15000,OWN,0,1,0,0,0,0,1,0,0,0,C,3175,11.54,1,0.21,1,3
443,21,18000,OWN,3,1,0,0,0,0,1,0,0,0,D,4900,14.54,1,0.27,1,4
1263,25,25200,OWN,5,1,0,0,0,0,1,0,0,0,D,1200,15.99,0,0.05,1,3
2861,24,35000,OWN,1,1,0,0,0,0,1,0,0,0,D,7000,16.29,0,0.2,1,4
6232,24,48000,OWN,3,1,0,0,0,0,1,0,0,0,C,2800,12.53,0,0.06,1,4
6855,26,50000,OWN,4,1,0,0,0,0,1,0,0,0,C,10000,13.47,0,0.2,1,2
6916,26,50004,OWN,2,1,0,0,0,0,1,0,0,0,D,11000,13.87,0,0.22,1,4
9052,25,60000,OWN,9,1,0,0,0,0,1,0,0,0,C,1400,14.22,0,0.02,1,3
9202,25,60000,OWN,9,1,0,0,0,0,1,0,0,0,C,3000,13.79,0,0.05,1,2
9355,26,61200,OWN,4,1,0,0,0,0,1,0,0,0,C,1500,12.84,0,0.02,1,2
9683,26,63180,OWN,4,1,0,0,0,0,1,0,0,0,C,5825,13.43,0,0.09,1,2
9896,26,65000,OWN,1,1,0,0,0,0,1,0,0,0,C,4800,13.49,0,0.07,1,2
10210,26,66000,OWN,0,1,0,0,0,0,1,0,0,0,C,18000,13.49,0,0.27,1,3
11200,25,72000,OWN,,1,0,0,0,0,1,0,0,0,E,18000,16.82,0,0.25,1,2
12374,24,80004,OWN,3,1,0,0,0,0,1,0,0,0,C,2425,15.27,0,0.03,1,4
12775,25,31200,OWN,,1,0,0,0,0,1,0,0,0,E,4000,17.19,1,0.13,1,4
12911,25,85000,OWN,1,1,0,0,0,0,1,0,0,0,C,5000,13.79,0,0.06,1,2
13653,24,95000,OWN,4,1,0,0,0,0,1,0,0,0,C,10000,15.23,0,0.11,1,3
14614,24,110000,OWN,0,1,0,0,0,0,1,0,0,0,C,10000,13.35,0,0.09,1,2
15044,24,120000,OWN,8,1,0,0,0,0,1,0,0,0,C,21000,14.26,0,0.17,1,2
15856,25,200000,OWN,0,1,0,0,0,0,1,0,0,0,D,24000,14.96,0,0.12,1,3
16018,26,30000,OWN,0,1,0,0,0,0,1,0,0,0,C,15000,13.22,0,0.5,1,2
16020,24,30000,OWN,7,1,0,0,0,0,1,0,0,0,C,10000,12.61,0,0.33,1,2
16923,25,65000,OWN,9,1,0,0,0,0,1,0,0,0,C,7000,11.66,0,0.11,1,3
18287,27,19000,OWN,2,1,0,0,0,0,1,0,0,0,D,7800,15.58,1,0.41,1,5
19921,28,36960,OWN,6,1,0,0,0,0,1,0,0,0,C,15000,13.61,0,0.41,1,10
20261,31,39996,OWN,8,1,0,0,0,0,1,0,0,0,C,4000,14.35,0,0.1,1,9
20906,31,44000,OWN,6,1,0,0,0,0,1,0,0,0,D,17350,13.55,0,0.39,1,7
21235,30,46000,OWN,10,1,0,0,0,0,1,0,0,0,C,11200,14.27,0,0.24,1,10
21441,29,48000,OWN,6,1,0,0,0,0,1,0,0,0,C,8000,13.49,0,0.17,1,9
21501,30,48000,OWN,3,1,0,0,0,0,1,0,0,0,C,1500,13.48,0,0.03,1,5
21758,28,50000,OWN,3,1,0,0,0,0,1,0,0,0,D,8500,14.83,0,0.17,1,5
22368,27,54996,OWN,2,1,0,0,0,0,1,0,0,0,D,8000,14.11,0,0.15,1,9
22500,32,55000,OWN,4,1,0,0,0,0,1,0,0,0,E,15250,16.35,0,0.28,1,6
22592,28,56000,OWN,10,1,0,0,0,0,1,0,0,0,C,12000,14.72,0,0.21,1,7
22917,28,60000,OWN,1,1,0,0,0,0,1,0,0,0,C,5000,14.27,0,0.08,1,5
23079,28,60000,OWN,1,1,0,0,0,0,1,0,0,0,D,22000,14.09,0,0.37,1,8
23178,29,60000,OWN,0,1,0,0,0,0,1,0,0,0,D,16000,16,0,0.27,1,8
23393,33,62000,OWN,2,1,0,0,0,0,1,0,0,0,C,9800,13.79,0,0.16,1,10
25160,28,80000,OWN,2,1,0,0,0,0,1,0,0,0,C,16000,11.66,0,0.2,1,7
25598,31,87000,OWN,7,1,0,0,0,0,1,0,0,0,C,15000,13.11,0,0.17,1,8
25640,27,88000,OWN,11,1,0,0,0,0,1,0,0,0,C,3500,13.57,0,0.04,1,8
25754,28,90000,OWN,5,1,0,0,0,0,1,0,0,0,D,20000,15.28,0,0.22,1,6
26106,28,33000,OWN,1,1,0,0,0,0,1,0,0,0,D,7500,15.31,0,0.23,1,6
26323,28,100000,OWN,7,1,0,0,0,0,1,0,0,0,C,20000,12.68,0,0.2,1,6
26402,34,30000,OWN,3,1,0,0,0,0,1,0,0,0,C,8875,14.27,0,0.3,1,8
26584,31,30000,OWN,0,1,0,0,0,0,1,0,0,0,C,5000,12.53,0,0.17,1,6
26638,34,109000,OWN,14,1,0,0,0,0,1,0,0,0,C,15000,13.61,0,0.14,1,7
27379,27,123000,OWN,1,1,0,0,0,0,1,0,0,0,E,22350,14.07,1,0.18,1,6
27552,32,150000,OWN,3,1,0,0,0,0,1,0,0,0,C,8000,,0,0.05,1,6
28141,27,31200,OWN,0,1,0,0,0,0,1,0,0,0,F,14000,18.09,0,0.45,1,9
29188,36,200000,OWN,12,1,0,0,0,0,1,0,0,0,D,25000,15.2,0,0.13,1,13
29529,40,30000,OWN,4,1,0,0,0,0,1,0,0,0,C,5000,13.43,0,0.17,1,11
29631,38,34000,OWN,,1,0,0,0,0,1,0,0,0,C,11000,13.98,0,0.32,1,17
31440,38,95000,OWN,6,1,0,0,0,0,1,0,0,0,E,14000,17.74,0,0.15,1,17
31442,41,95000,OWN,2,1,0,0,0,0,1,0,0,0,C,21600,13.92,0,0.23,1,11
31493,38,99996,OWN,22,1,0,0,0,0,1,0,0,0,D,25000,14.96,0,0.25,1,13
31643,38,26400,OWN,,1,0,0,0,0,1,0,0,0,C,4750,12.73,0,0.18,1,14
31801,36,19200,OWN,0,1,0,0,0,0,1,0,0,0,C,4500,13.49,1,0.23,1,14
33,26,95000,RENT,7,0,0,1,0,0,1,0,0,0,C,31050,14.17,1,0.33,1,3
39,25,75000,RENT,4,0,0,1,0,0,1,0,0,0,D,30000,16.89,1,0.4,1,4
146,26,47000,RENT,0,0,0,1,0,0,1,0,0,0,D,25000,15.28,1,0.53,1,2
154,24,55000,RENT,4,0,0,1,0,0,1,0,0,0,D,25000,,1,0.45,1,4
174,22,56400,RENT,2,0,0,1,0,0,1,0,0,0,D,25000,14.96,1,0.44,1,3
235,24,184992,RENT,7,0,0,1,0,0,1,0,0,0,D,22000,14.46,0,0.12,1,4
295,24,92000,RENT,1,0,0,1,0,0,1,0,0,0,E,25000,16.77,1,0.27,1,4
305,25,96000,RENT,2,0,0,1,0,0,1,0,0,0,E,25000,15.68,1,0.26,1,4
307,24,97908,RENT,8,0,0,1,0,0,1,0,0,0,D,25000,12.61,1,0.26,1,2
313,24,158004,RENT,0,0,0,1,0,0,1,0,0,0,D,25000,14.59,1,0.16,1,2
316,24,110000,RENT,7,0,0,1,0,0,1,0,0,0,D,25000,15.7,0,0.23,1,2
361,24,185000,RENT,7,0,0,1,0,0,1,0,0,0,C,25000,12.68,0,0.14,1,2
386,26,78000,RENT,0,0,0,1,0,0,1,0,0,0,E,24250,17.56,1,0.31,1,3
402,22,108000,RENT,1,0,0,1,0,0,1,0,0,0,D,24150,14.96,1,0.22,1,3
703,24,67000,RENT,5,0,0,1,0,0,1,0,0,0,C,20000,13.48,0,0.3,1,2
719,24,72000,RENT,4,0,0,1,0,0,1,0,0,0,D,20000,14.74,0,0.28,1,3
740,26,71004,RENT,0,0,0,1,0,0,1,0,0,0,D,20000,13.36,1,0.28,1,2
744,26,78000,RENT,8,0,0,1,0,0,1,0,0,0,C,20000,13.85,0,0.26,1,4
766,25,80004,RENT,9,0,0,1,0,0,1,0,0,0,C,20000,14.26,0,0.25,1,4
771,23,76042,RENT,6,0,0,1,0,0,1,0,0,0,D,20000,15.05,1,0.26,1,4
790,23,78000,RENT,0,0,0,1,0,0,1,0,0,0,F,20000,18.25,1,0.26,1,2
809,24,95000,RENT,4,0,0,1,0,0,1,0,0,0,D,20000,,0,0.21,1,3
819,24,99996,RENT,0,0,0,1,0,0,1,0,0,0,C,20000,14.22,0,0.2,1,3
823,25,100000,RENT,9,0,0,1,0,0,1,0,0,0,C,20000,13.06,0,0.2,1,2
919,24,105000,RENT,2,0,0,1,0,0,1,0,0,0,C,19000,12.29,0,0.18,1,2
981,24,42000,RENT,8,0,0,1,0,0,1,0,0,0,D,18000,14.46,1,0.43,1,3
1019,24,59000,RENT,1,0,0,1,0,0,1,0,0,0,D,18000,14.96,1,0.31,1,4
1022,26,60000,RENT,2,0,0,1,0,0,1,0,0,0,D,18000,16.29,1,0.3,1,2
1089,25,32400,RENT,1,0,0,1,0,0,1,0,0,0,D,17500,15.95,1,0.54,1,3
1119,26,29400,RENT,1,0,0,1,0,0,1,0,0,0,C,17000,12.99,1,0.58,1,2
1176,24,74000,RENT,1,0,0,1,0,0,1,0,0,0,D,16800,15.65,1,0.23,1,3
1200,25,56000,RENT,0,0,0,1,0,0,1,0,0,0,D,16500,12.8,1,0.29,1,3
1212,25,39000,RENT,1,0,0,1,0,0,1,0,0,0,E,16050,17.14,1,0.41,1,3
1262,24,50000,RENT,6,0,0,1,0,0,1,0,0,0,C,16000,13.99,1,0.32,1,2
1316,26,74000,RENT,4,0,0,1,0,0,1,0,0,0,D,16000,14.84,0,0.22,1,3
1318,26,74999,RENT,4,0,0,1,0,0,1,0,0,0,D,16000,17.27,0,0.21,1,4
1342,22,28000,RENT,0,0,0,1,0,0,1,0,0,0,D,1000,16.29,1,0.04,1,3
1475,22,29004,RENT,0,0,0,1,0,0,1,0,0,0,D,1200,15.7,1,0.04,1,4
1481,22,34000,RENT,0,0,0,1,0,0,1,0,0,0,D,1200,14.61,1,0.04,1,4
1538,24,125000,RENT,1,0,0,1,0,0,1,0,0,0,C,1400,,0,0.01,1,4
1561,26,30000,RENT,0,0,0,1,0,0,1,0,0,0,D,1500,14.61,1,0.05,1,3
1591,24,30996,RENT,0,0,0,1,0,0,1,0,0,0,D,1500,15.99,1,0.05,1,2
1628,24,51600,RENT,,0,0,1,0,0,1,0,0,0,C,1500,12.61,0,0.03,1,2
1638,26,54000,RENT,1,0,0,1,0,0,1,0,0,0,C,1500,13.98,0,0.03,1,4
1642,21,51000,RENT,0,0,0,1,0,0,1,0,0,0,D,1500,15.58,1,0.03,1,4
1808,24,24000,RENT,1,0,0,1,0,0,1,0,0,0,D,2000,14.61,1,0.08,1,2
1830,23,82000,RENT,7,0,0,1,0,0,1,0,0,0,D,15000,18.25,1,0.18,1,2
1907,21,33000,RENT,0,0,0,1,0,0,1,0,0,0,C,2000,12.61,1,0.06,1,3
2035,22,27996,RENT,0,0,0,1,0,0,1,0,0,0,D,2200,15.95,1,0.08,1,2
2103,24,28800,RENT,0,0,0,1,0,0,1,0,0,0,C,2400,14.26,1,0.08,1,4
2104,21,30000,RENT,1,0,0,1,0,0,1,0,0,0,D,2400,17.19,1,0.08,1,2
2361,22,34000,RENT,2,0,0,1,0,0,1,0,0,0,C,2500,13.57,1,0.07,1,3
2434,25,20800,RENT,0,0,0,1,0,0,1,0,0,0,D,2800,15.21,1,0.13,1,4
2493,22,16320,RENT,0,0,0,1,0,0,1,0,0,0,C,3000,13.92,1,0.18,1,4
2503,23,18000,RENT,1,0,0,1,0,0,1,0,0,0,D,3000,15.99,1,0.17,1,2
2522,22,19200,RENT,0,0,0,1,0,0,1,0,0,0,E,3000,,1,0.16,1,3
2682,24,51600,RENT,1,0,0,1,0,0,1,0,0,0,C,3000,12.68,0,0.06,1,4
2739,25,46800,RENT,5,0,0,1,0,0,1,0,0,0,C,12000,13.11,1,0.26,1,4
2851,26,60996,RENT,6,0,0,1,0,0,1,0,0,0,C,3000,12.22,0,0.05,1,4
3001,25,29004,RENT,0,0,0,1,0,0,1,0,0,0,D,3200,17.49,1,0.11,1,2
3007,25,33000,RENT,,0,0,1,0,0,1,0,0,0,C,3200,12.99,1,0.1,1,2
3030,22,54000,RENT,5,0,0,1,0,0,1,0,0,0,D,3200,16.49,1,0.06,1,4
3042,25,78000,RENT,5,0,0,1,0,0,1,0,0,0,C,3200,12.99,0,0.04,1,4
3046,25,78000,RENT,2,0,0,1,0,0,1,0,0,0,D,3200,14.59,1,0.04,1,3
3092,26,29000,RENT,0,0,0,1,0,0,1,0,0,0,D,3400,15.62,1,0.12,1,4
3131,24,24000,RENT,2,0,0,1,0,0,1,0,0,0,D,3500,15.65,1,0.15,1,3
3328,25,33772,RENT,3,0,0,1,0,0,1,0,0,0,D,3600,16.02,1,0.11,1,2
3474,24,24000,RENT,0,0,0,1,0,0,1,0,0,0,D,10750,15.2,1,0.45,1,2
3480,25,39000,RENT,1,0,0,1,0,0,1,0,0,0,D,10750,14.59,1,0.28,1,4
3483,25,54000,RENT,7,0,0,1,0,0,1,0,0,0,C,10700,,1,0.2,1,2
3571,22,44000,RENT,3,0,0,1,0,0,1,0,0,0,C,3600,13.43,1,0.08,1,2
3605,22,93000,RENT,1,0,0,1,0,0,1,0,0,0,D,3600,16.77,1,0.04,1,3
3855,25,29000,RENT,1,0,0,1,0,0,1,0,0,0,D,4000,14.54,1,0.14,1,3
3953,24,42000,RENT,2,0,0,1,0,0,1,0,0,0,C,4000,12.73,1,0.1,1,3
4048,24,67200,RENT,5,0,0,1,0,0,1,0,0,0,D,4000,,0,0.06,1,2
4054,23,63996,RENT,2,0,0,1,0,0,1,0,0,0,D,4000,,1,0.06,1,2
4097,26,131000,RENT,10,0,0,1,0,0,1,0,0,0,C,4000,12.84,0,0.03,1,3
4102,21,19000,RENT,2,0,0,1,0,0,1,0,0,0,C,4200,,1,0.22,1,2
4131,24,22044,RENT,3,0,0,1,0,0,1,0,0,0,E,4375,16.4,1,0.2,1,3
4290,26,130000,RENT,0,0,0,1,0,0,1,0,0,0,C,4550,13.57,0,0.04,1,2
4425,25,30000,RENT,0,0,0,1,0,0,1,0,0,0,E,4800,15.95,1,0.16,1,2
4537,24,105000,RENT,5,0,0,1,0,0,1,0,0,0,C,4800,,0,0.05,1,2
4559,26,96000,RENT,11,0,0,1,0,0,1,0,0,0,E,10000,19.69,0,0.1,1,3
4576,24,100000,RENT,4,0,0,1,0,0,1,0,0,0,E,10000,16.4,0,0.1,1,2
4593,26,113000,RENT,3,0,0,1,0,0,1,0,0,0,C,10000,13.72,0,0.09,1,3
4613,24,120000,RENT,4,0,0,1,0,0,1,0,0,0,C,10000,13.61,0,0.08,1,4
4629,25,132000,RENT,4,0,0,1,0,0,1,0,0,0,C,10000,12.84,0,0.08,1,3
4646,25,175000,RENT,4,0,0,1,0,0,1,0,0,0,D,10000,15.05,0,0.06,1,4
4739,23,30000,RENT,,0,0,1,0,0,1,0,0,0,C,5000,12.99,1,0.17,1,2
4857,24,30000,RENT,1,0,0,1,0,0,1,0,0,0,D,5000,15.7,1,0.17,1,4
5107,24,56000,RENT,8,0,0,1,0,0,1,0,0,0,D,9000,,0,0.16,1,2
5336,22,30000,RENT,4,0,0,1,0,0,1,0,0,0,D,8500,15.05,1,0.28,1,4
5413,25,53000,RENT,3,0,0,1,0,0,1,0,0,0,C,5000,12.53,0,0.09,1,3
5445,24,57692,RENT,2,0,0,1,0,0,1,0,0,0,C,5000,13.23,0,0.09,1,3
5689,24,116300,RENT,6,0,0,1,0,0,1,0,0,0,D,5000,14.96,0,0.04,1,4
5751,26,25300,RENT,2,0,0,1,0,0,1,0,0,0,D,5400,16.02,1,0.21,1,2
5884,26,51000,RENT,3,0,0,1,0,0,1,0,0,0,C,5500,13.49,1,0.11,1,2
5935,25,30000,RENT,9,0,0,1,0,0,1,0,0,0,C,5600,,1,0.19,1,4
6125,25,19200,RENT,2,0,0,1,0,0,1,0,0,0,C,6000,13.11,1,0.31,1,2
6186,23,25200,RENT,0,0,0,1,0,0,1,0,0,0,C,6000,13.23,1,0.24,1,4
6258,24,30000,RENT,2,0,0,1,0,0,1,0,0,0,D,6000,15.99,1,0.2,1,3
6327,26,29364,RENT,4,0,0,1,0,0,1,0,0,0,C,6000,13.35,1,0.2,1,4
6519,22,39000,RENT,6,0,0,1,0,0,1,0,0,0,C,6000,13.22,1,0.15,1,2
6569,24,42000,RENT,2,0,0,1,0,0,1,0,0,0,D,6000,14.96,1,0.14,1,3
6601,25,50000,RENT,5,0,0,1,0,0,1,0,0,0,C,6000,12.99,0,0.12,1,3
7041,23,19250,RENT,1,0,0,1,0,0,1,0,0,0,E,6250,16.82,1,0.32,1,4
7165,25,72700,RENT,4,0,0,1,0,0,1,0,0,0,D,7000,14.84,0,0.1,1,2
7516,25,31000,RENT,1,0,0,1,0,0,1,0,0,0,D,6450,14.42,1,0.21,1,3
7554,26,34200,RENT,2,0,0,1,0,0,1,0,0,0,D,6400,17.49,1,0.19,1,3
7655,24,33000,RENT,2,0,0,1,0,0,1,0,0,0,E,6900,17.56,1,0.21,1,3
8090,25,60000,RENT,3,0,0,1,0,0,1,0,0,0,C,7200,13.48,0,0.12,1,4
8280,21,37260,RENT,1,0,0,1,0,0,1,0,0,0,D,7500,14.84,1,0.2,1,2
8354,22,52000,RENT,1,0,0,1,0,0,1,0,0,0,D,7500,,1,0.14,1,4
8422,22,76500,RENT,0,0,0,1,0,0,1,0,0,0,D,7500,13.24,1,0.1,1,4
8437,26,116600,RENT,2,0,0,1,0,0,1,0,0,0,C,7500,11.59,0,0.06,1,3
8560,22,19200,RENT,4,0,0,1,0,0,1,0,0,0,D,8000,16.29,1,0.42,1,3
8562,24,19200,RENT,1,0,0,1,0,0,1,0,0,0,C,8000,13.61,1,0.42,1,3
8586,25,21996,RENT,3,0,0,1,0,0,1,0,0,0,C,8000,13.98,1,0.36,1,2
8591,25,23000,RENT,,0,0,1,0,0,1,0,0,0,D,8000,14.46,1,0.35,1,2
8618,23,27996,RENT,0,0,0,1,0,0,1,0,0,0,D,8000,17.58,1,0.29,1,4
8680,26,31000,RENT,5,0,0,1,0,0,1,0,0,0,C,8000,14.27,1,0.26,1,3
8993,24,46500,RENT,2,0,0,1,0,0,1,0,0,0,C,8000,15.23,1,0.17,1,2
9010,26,54600,RENT,4,0,0,1,0,0,1,0,0,0,C,8000,13.8,0,0.15,1,4
9022,24,55000,RENT,8,0,0,1,0,0,1,0,0,0,C,8000,13.8,0,0.15,1,2
9032,23,49161,RENT,1,0,0,1,0,0,1,0,0,0,D,8000,13.17,1,0.16,1,4
9080,24,60000,RENT,3,0,0,1,0,0,1,0,0,0,D,8000,14.59,0,0.13,1,3
9100,26,55700,RENT,2,0,0,1,0,0,1,0,0,0,C,8000,13.49,1,0.14,1,4
9234,24,22992,RENT,1,0,0,1,0,0,1,0,0,0,C,5000,13.06,1,0.22,1,3
9238,23,24000,RENT,0,0,0,1,0,0,1,0,0,0,C,5000,14.27,1,0.21,1,2
9247,21,24000,RENT,3,0,0,1,0,0,1,0,0,0,D,5000,,1,0.21,1,2
9399,26,71000,RENT,10,0,0,1,0,0,1,0,0,0,C,8000,13.49,0,0.11,1,4
9406,22,66000,RENT,6,0,0,1,0,0,1,0,0,0,C,8000,14.65,1,0.12,1,4
9430,25,69000,RENT,1,0,0,1,0,0,1,0,0,0,D,8000,13.99,1,0.12,1,2
9455,26,76000,RENT,6,0,0,1,0,0,1,0,0,0,C,8000,13.48,1,0.11,1,4
9464,24,85000,RENT,0,0,0,1,0,0,1,0,0,0,C,8000,13.06,0,0.09,1,2
9644,26,50000,RENT,2,0,0,1,0,0,1,0,0,0,C,8400,14.72,0,0.17,1,3
9706,23,18000,RENT,2,0,0,1,0,0,1,0,0,0,C,8500,,1,0.47,1,3
9783,22,30000,RENT,0,0,0,1,0,0,1,0,0,0,C,9000,13.49,1,0.3,1,4
9863,23,35500,RENT,2,0,0,1,0,0,1,0,0,0,D,9000,15.99,1,0.25,1,2
9965,25,48000,RENT,7,0,0,1,0,0,1,0,0,0,D,9000,15.05,1,0.19,1,3
9976,24,55000,RENT,2,0,0,1,0,0,1,0,0,0,C,9000,14.72,0,0.16,1,2
10097,23,40574,RENT,2,0,0,1,0,0,1,0,0,0,D,9500,14.74,1,0.23,1,4
10124,22,69000,RENT,1,0,0,1,0,0,1,0,0,0,D,9500,15.33,1,0.14,1,4
10442,23,30000,RENT,0,0,0,1,0,0,1,0,0,0,C,10000,15.27,1,0.33,1,4
10641,23,30000,RENT,2,0,0,1,0,0,1,0,0,0,D,10000,15.31,1,0.33,1,4
10787,25,34000,RENT,0,0,0,1,0,0,1,0,0,0,C,10000,13.79,1,0.29,1,4
11082,23,42000,RENT,0,0,0,1,0,0,1,0,0,0,D,10000,15.58,1,0.24,1,3
11138,24,50000,RENT,3,0,0,1,0,0,1,0,0,0,C,10000,14.27,0,0.2,1,4
11486,24,62000,RENT,3,0,0,1,0,0,1,0,0,0,C,10000,13.49,0,0.16,1,3
11531,24,65000,RENT,5,0,0,1,0,0,1,0,0,0,D,10000,15.65,0,0.15,1,4
11570,24,67600,RENT,7,0,0,1,0,0,1,0,0,0,D,10000,16.02,0,0.15,1,2
11694,25,69000,RENT,3,0,0,1,0,0,1,0,0,0,D,10000,14.09,1,0.14,1,2
11793,23,78996,RENT,0,0,0,1,0,0,1,0,0,0,C,10000,13.99,1,0.13,1,3
12562,26,60000,RENT,0,0,0,1,0,0,1,0,0,0,C,12000,12.87,0,0.2,1,4
12645,25,29000,RENT,0,0,0,1,0,0,1,0,0,0,F,3000,20.25,1,0.1,1,2
12718,25,67200,RENT,3,0,0,1,0,0,1,0,0,0,C,12000,13.49,0,0.18,1,4
12767,24,72000,RENT,8,0,0,1,0,0,1,0,0,0,C,12000,13.99,0,0.17,1,4
12870,24,36708,RENT,2,0,0,1,0,0,1,0,0,0,D,3000,15.33,1,0.08,1,3
13156,25,110000,RENT,8,0,0,1,0,0,1,0,0,0,C,12000,12.23,0,0.11,1,2
13246,22,30000,RENT,0,0,0,1,0,0,1,0,0,0,D,12250,13.67,1,0.41,1,4
13261,24,50000,RENT,8,0,0,1,0,0,1,0,0,0,C,12250,14.72,0,0.24,1,3
13416,24,16000,RENT,2,0,0,1,0,0,1,0,0,0,C,2600,,1,0.16,1,2
13449,23,10000,RENT,0,0,0,1,0,0,1,0,0,0,D,2500,14.59,1,0.25,1,3
13484,22,18984,RENT,6,0,0,1,0,0,1,0,0,0,C,2500,14.22,1,0.13,1,2
13500,26,44000,RENT,4,0,0,1,0,0,1,0,0,0,G,12500,22.11,1,0.28,1,2
13616,24,78600,RENT,0,0,0,1,0,0,1,0,0,0,D,12800,14.11,1,0.16,1,4
13617,25,103000,RENT,9,0,0,1,0,0,1,0,0,0,D,12800,15.7,0,0.12,1,4
13637,23,44000,RENT,0,0,0,1,0,0,1,0,0,0,F,13000,17.26,1,0.3,1,3
13654,26,54000,RENT,3,0,0,1,0,0,1,0,0,0,E,13000,17.93,0,0.24,1,2
13746,26,108000,RENT,3,0,0,1,0,0,1,0,0,0,D,13000,15.99,1,0.12,1,3
14221,24,45871,RENT,5,0,0,1,0,0,1,0,0,0,D,14400,,1,0.31,1,3
14368,22,51996,RENT,3,0,0,1,0,0,1,0,0,0,C,14500,13.16,1,0.28,1,2
14621,24,42000,RENT,1,0,0,1,0,0,1,0,0,0,D,2000,15.62,1,0.05,1,2
15226,21,50000,RENT,0,0,0,1,0,0,1,0,0,0,D,15000,15.7,1,0.3,1,3
15304,24,60000,RENT,7,0,0,1,0,0,1,0,0,0,C,15000,13.85,0,0.25,1,2
15333,24,61284,RENT,3,0,0,1,0,0,1,0,0,0,D,15000,18.25,0,0.24,1,4
15514,21,69000,RENT,0,0,0,1,0,0,1,0,0,0,D,15000,15.28,1,0.22,1,4
15530,25,69000,RENT,0,0,0,1,0,0,1,0,0,0,E,15000,16.7,1,0.22,1,3
15641,24,90000,RENT,6,0,0,1,0,0,1,0,0,0,D,15000,17.27,0,0.17,1,4
15742,25,110000,RENT,5,0,0,1,0,0,1,0,0,0,D,15600,15.33,0,0.14,1,4
15776,26,81000,RENT,7,0,0,1,0,0,1,0,0,0,C,16000,13.85,0,0.2,1,2
16214,25,48000,RENT,0,0,0,1,0,0,1,0,0,0,F,3200,,1,0.07,1,4
16243,25,65000,RENT,4,0,0,1,0,0,1,0,0,0,C,15000,13.49,0,0.23,1,3
16324,26,130000,RENT,0,0,0,1,0,0,1,0,0,0,C,4550,13.57,0,0.04,1,4
16329,25,55000,RENT,7,0,0,1,0,0,1,0,0,0,C,8500,14.22,0,0.15,1,3
16357,25,70000,RENT,2,0,0,1,0,0,1,0,0,0,C,7000,13.79,0,0.1,1,2
16390,26,136000,RENT,2,0,0,1,0,0,1,0,0,0,C,12000,14.72,0,0.09,1,3
16477,21,18000,RENT,2,0,0,1,0,0,1,0,0,0,C,5800,14.72,1,0.32,1,2
17079,26,110000,RENT,3,0,0,1,0,0,1,0,0,0,C,25000,,0,0.23,1,2
17233,24,62000,RENT,4,0,0,1,0,0,1,0,0,0,C,2000,13.49,0,0.03,1,3
17266,22,44000,RENT,3,0,0,1,0,0,1,0,0,0,C,3600,13.43,1,0.08,1,3
17320,21,56000,RENT,5,0,0,1,0,0,1,0,0,0,E,15000,16,1,0.27,1,4
17453,25,57300,RENT,2,0,0,1,0,0,1,0,0,0,C,10400,11.66,0,0.18,1,4
17673,25,100000,RENT,2,0,0,1,0,0,1,0,0,0,D,21000,16.49,1,0.21,1,3
17953,27,57000,RENT,,0,0,1,0,0,1,0,0,0,D,25475,15.99,1,0.45,1,7
17978,29,48000,RENT,9,0,0,1,0,0,1,0,0,0,C,25000,13.61,1,0.52,1,8
17984,30,54383,RENT,5,0,0,1,0,0,1,0,0,0,D,25000,15.65,1,0.46,1,7
18001,32,200000,RENT,6,0,0,1,0,0,1,0,0,0,E,35000,19.03,0,0.17,1,8
18065,30,78000,RENT,4,0,0,1,0,0,1,0,0,0,D,25000,,1,0.32,1,9
18167,28,140000,RENT,11,0,0,1,0,0,1,0,0,0,C,25000,13.11,0,0.18,1,7
18222,29,126000,RENT,10,0,0,1,0,0,1,0,0,0,E,24250,16.7,0,0.19,1,7
18252,31,95000,RENT,3,0,0,1,0,0,1,0,0,0,D,24000,13.67,0,0.25,1,10
18258,29,110000,RENT,4,0,0,1,0,0,1,0,0,0,E,24000,18.39,0,0.22,1,8
18281,34,39000,RENT,0,0,0,1,0,0,1,0,0,0,C,22400,,1,0.57,1,9
18297,31,120000,RENT,7,0,0,1,0,0,1,0,0,0,E,21600,19.03,0,0.18,1,5
18303,33,57500,RENT,2,0,0,1,0,0,1,0,0,0,D,21000,16.29,1,0.37,1,5
18381,27,67000,RENT,2,0,0,1,0,0,1,0,0,0,C,20000,14.26,0,0.3,1,10
18416,31,73000,RENT,1,0,0,1,0,0,1,0,0,0,D,20000,15.05,1,0.27,1,5
18437,27,81500,RENT,2,0,0,1,0,0,1,0,0,0,E,20000,17.51,1,0.25,1,8
18441,28,94050,RENT,7,0,0,1,0,0,1,0,0,0,C,20000,14.26,0,0.21,1,9
18488,34,135000,RENT,6,0,0,1,0,0,1,0,0,0,E,20000,17.74,0,0.15,1,8
18510,28,12000,RENT,1,0,0,1,0,0,1,0,0,0,D,1000,16.32,1,0.08,1,9
18543,31,121000,RENT,15,0,0,1,0,0,1,0,0,0,D,18400,,0,0.15,1,10
18581,33,67000,RENT,8,0,0,1,0,0,1,0,0,0,C,18000,13.11,1,0.27,1,7
18634,31,114237,RENT,15,0,0,1,0,0,1,0,0,0,C,17500,14.72,0,0.15,1,6
18659,28,80000,RENT,3,0,0,1,0,0,1,0,0,0,C,17000,13.85,0,0.21,1,8
18884,28,60000,RENT,12,0,0,1,0,0,1,0,0,0,D,1500,16.77,0,0.03,1,8
18887,32,61900,RENT,4,0,0,1,0,0,1,0,0,0,C,1500,13.23,0,0.02,1,7
18913,28,53544,RENT,12,0,0,1,0,0,1,0,0,0,C,1800,,0,0.03,1,7
18947,32,25000,RENT,3,0,0,1,0,0,1,0,0,0,C,2000,13.16,1,0.08,1,8
19183,29,90050,RENT,3,0,0,1,0,0,1,0,0,0,C,2400,13.49,0,0.03,1,9
19247,31,36000,RENT,5,0,0,1,0,0,1,0,0,0,E,13000,20.3,1,0.36,1,5
19280,31,30000,RENT,1,0,0,1,0,0,1,0,0,0,C,2500,13.57,1,0.08,1,8
19304,31,50000,RENT,5,0,0,1,0,0,1,0,0,0,E,2500,17.04,0,0.05,1,10
19360,31,16800,RENT,0,0,0,1,0,0,1,0,0,0,C,3000,14.26,1,0.18,1,7
19562,31,56000,RENT,15,0,0,1,0,0,1,0,0,0,C,3000,14.27,0,0.05,1,5
19684,28,71000,RENT,0,0,0,1,0,0,1,0,0,0,D,3200,14.61,1,0.05,1,5
19737,28,24000,RENT,2,0,0,1,0,0,1,0,0,0,C,3500,14.72,1,0.15,1,6
19782,28,60000,RENT,0,0,0,1,0,0,1,0,0,0,C,3500,,0,0.06,1,10
19794,31,68000,RENT,2,0,0,1,0,0,1,0,0,0,C,3500,13.22,0,0.05,1,5
19878,29,52000,RENT,2,0,0,1,0,0,1,0,0,0,D,11000,15.62,1,0.21,1,10
19894,34,93000,RENT,11,0,0,1,0,0,1,0,0,0,C,11000,12.53,0,0.12,1,10
19964,28,60000,RENT,10,0,0,1,0,0,1,0,0,0,C,10500,15.27,0,0.17,1,6
20075,30,15000,RENT,2,0,0,1,0,0,1,0,0,0,D,4000,13.67,1,0.27,1,7
20253,27,47000,RENT,2,0,0,1,0,0,1,0,0,0,D,4000,15.33,1,0.09,1,10
20275,33,57700,RENT,17,0,0,1,0,0,1,0,0,0,C,4000,,1,0.07,1,7
20413,29,74100,RENT,3,0,0,1,0,0,1,0,0,0,C,4500,13.61,0,0.06,1,6
20434,31,14400,RENT,3,0,0,1,0,0,1,0,0,0,D,4750,14.59,1,0.33,1,8
20489,35,32900,RENT,4,0,0,1,0,0,1,0,0,0,C,4800,13.23,1,0.15,1,9
20522,30,56000,RENT,7,0,0,1,0,0,1,0,0,0,C,4800,13.92,0,0.09,1,9
20577,31,110000,RENT,4,0,0,1,0,0,1,0,0,0,D,10000,15.99,0,0.09,1,9
20614,27,275000,RENT,7,0,0,1,0,0,1,0,0,0,D,10000,14.91,0,0.04,1,10
20627,32,25000,RENT,,0,0,1,0,0,1,0,0,0,C,9800,12.23,1,0.39,1,8
20847,28,44000,RENT,0,0,0,1,0,0,1,0,0,0,C,5000,12.99,1,0.11,1,5
20973,27,44000,RENT,5,0,0,1,0,0,1,0,0,0,E,5000,16.35,1,0.11,1,6
21040,27,58000,RENT,0,0,0,1,0,0,1,0,0,0,C,8500,13.49,0,0.15,1,6
21052,28,52000,RENT,12,0,0,1,0,0,1,0,0,0,C,5000,13.48,0,0.1,1,7
21078,30,49000,RENT,2,0,0,1,0,0,1,0,0,0,D,5000,15.31,1,0.1,1,10
21106,28,60000,RENT,12,0,0,1,0,0,1,0,0,0,D,5000,15.7,0,0.08,1,7
21136,27,60000,RENT,2,0,0,1,0,0,1,0,0,0,D,5000,15.21,1,0.08,1,9
21167,28,78500,RENT,2,0,0,1,0,0,1,0,0,0,C,5000,14.27,0,0.06,1,6
21226,35,95028,RENT,2,0,0,1,0,0,1,0,0,0,D,5000,14.42,1,0.05,1,6
21320,31,30000,RENT,0,0,0,1,0,0,1,0,0,0,D,5500,15.21,1,0.18,1,7
21353,27,144000,RENT,8,0,0,1,0,0,1,0,0,0,F,5500,19.13,0,0.04,1,5
21409,29,70000,RENT,3,0,0,1,0,0,1,0,0,0,C,5600,14.27,0,0.08,1,6
21424,31,99000,RENT,0,0,0,1,0,0,1,0,0,0,C,5675,13.23,0,0.06,1,8
21763,28,57000,RENT,2,0,0,1,0,0,1,0,0,0,C,6000,13.49,0,0.11,1,8
21768,35,57996,RENT,0,0,0,1,0,0,1,0,0,0,C,6000,13.57,0,0.1,1,8
21778,27,59578,RENT,11,0,0,1,0,0,1,0,0,0,D,6000,14.59,0,0.1,1,7
21842,27,65000,RENT,11,0,0,1,0,0,1,0,0,0,C,6000,14.65,0,0.09,1,7
21995,29,55400,RENT,2,0,0,1,0,0,1,0,0,0,C,7000,10.28,0,0.13,1,6
22076,32,108000,RENT,3,0,0,1,0,0,1,0,0,0,D,7000,16.29,1,0.06,1,6
22113,30,30000,RENT,4,0,0,1,0,0,1,0,0,0,D,6500,15.65,1,0.22,1,6
22259,32,50000,RENT,16,0,0,1,0,0,1,0,0,0,D,6400,,0,0.13,1,10
22264,27,50000,RENT,4,0,0,1,0,0,1,0,0,0,C,6400,13.23,0,0.13,1,7
22340,32,32000,RENT,1,0,0,1,0,0,1,0,0,0,D,7000,14.91,1,0.22,1,9
22353,28,30416,RENT,7,0,0,1,0,0,1,0,0,0,D,7000,14.96,1,0.23,1,7
22566,27,98500,RENT,5,0,0,1,0,0,1,0,0,0,C,7200,14.35,0,0.07,1,6
22586,32,31000,RENT,2,0,0,1,0,0,1,0,0,0,D,7400,16.77,1,0.24,1,9
22637,28,31000,RENT,1,0,0,1,0,0,1,0,0,0,D,7500,15.31,1,0.24,1,5
22758,33,115000,RENT,9,0,0,1,0,0,1,0,0,0,C,7500,11.03,0,0.07,1,8
22787,30,61000,RENT,4,0,0,1,0,0,1,0,0,0,C,7600,,0,0.12,1,6
22789,29,33000,RENT,4,0,0,1,0,0,1,0,0,0,E,7650,19.29,1,0.23,1,6
23089,28,50004,RENT,9,0,0,1,0,0,1,0,0,0,C,8000,15.23,0,0.16,1,9
23110,32,48000,RENT,1,0,0,1,0,0,1,0,0,0,D,8000,14.42,1,0.17,1,8
23163,28,25000,RENT,0,0,0,1,0,0,1,0,0,0,F,5175,18.43,1,0.21,1,6
23300,31,64000,RENT,9,0,0,1,0,0,1,0,0,0,C,8000,14.22,0,0.13,1,9
23338,27,70000,RENT,11,0,0,1,0,0,1,0,0,0,D,8000,12.92,0,0.11,1,6
23353,31,72100,RENT,1,0,0,1,0,0,1,0,0,0,C,8000,14.65,0,0.11,1,10
23404,29,99000,RENT,3,0,0,1,0,0,1,0,0,0,C,8000,12.99,0,0.08,1,8
23635,28,37200,RENT,,0,0,1,0,0,1,0,0,0,D,9000,14.59,1,0.24,1,8
23827,29,60000,RENT,1,0,0,1,0,0,1,0,0,0,C,9600,11.66,0,0.16,1,6
23840,27,78000,RENT,4,0,0,1,0,0,1,0,0,0,C,9600,12.29,0,0.12,1,9
23862,31,113000,RENT,1,0,0,1,0,0,1,0,0,0,D,9600,14.91,1,0.08,1,7
24002,30,34000,RENT,14,0,0,1,0,0,1,0,0,0,D,10000,14.54,1,0.29,1,6
24046,27,30000,RENT,1,0,0,1,0,0,1,0,0,0,D,10000,,1,0.33,1,6
24178,35,38469,RENT,0,0,0,1,0,0,1,0,0,0,C,10000,12.23,1,0.26,1,7
24207,29,39000,RENT,1,0,0,1,0,0,1,0,0,0,D,10000,14.11,1,0.26,1,7
24281,29,55044,RENT,6,0,0,1,0,0,1,0,0,0,C,4200,,0,0.08,1,9
24336,29,42000,RENT,2,0,0,1,0,0,1,0,0,0,D,10000,15.21,1,0.24,1,7
24525,29,54000,RENT,5,0,0,1,0,0,1,0,0,0,C,10000,13.49,1,0.19,1,9
24620,28,64000,RENT,1,0,0,1,0,0,1,0,0,0,C,10000,11.66,0,0.16,1,8
24792,33,78000,RENT,7,0,0,1,0,0,1,0,0,0,C,10000,13.06,1,0.13,1,9
25019,32,65000,RENT,2,0,0,1,0,0,1,0,0,0,C,11600,13.49,0,0.18,1,8
25285,30,60000,RENT,1,0,0,1,0,0,1,0,0,0,C,12000,13.84,0,0.2,1,7
25427,28,70000,RENT,1,0,0,1,0,0,1,0,0,0,C,12000,14.27,0,0.17,1,6
25751,34,108000,RENT,0,0,0,1,0,0,1,0,0,0,D,12350,14.96,1,0.11,1,7
25810,29,16800,RENT,9,0,0,1,0,0,1,0,0,0,D,2750,14.84,1,0.16,1,10
25964,27,54000,RENT,1,0,0,1,0,0,1,0,0,0,F,12750,,1,0.24,1,7
25989,27,80000,RENT,8,0,0,1,0,0,1,0,0,0,F,12800,18.67,0,0.16,1,6
26290,32,69000,RENT,2,0,0,1,0,0,1,0,0,0,D,14000,,1,0.2,1,6
26459,28,73500,RENT,0,0,0,1,0,0,1,0,0,0,C,14400,12.98,0,0.2,1,6
26983,34,50000,RENT,0,0,0,1,0,0,1,0,0,0,C,15000,12.72,0,0.3,1,9
27049,27,33000,RENT,11,0,0,1,0,0,1,0,0,0,D,1600,16.89,1,0.05,1,5
27171,28,55000,RENT,3,0,0,1,0,0,1,0,0,0,E,15000,17.06,0,0.27,1,5
27222,30,54000,RENT,9,0,0,1,0,0,1,0,0,0,C,15000,14.27,1,0.28,1,8
27267,34,54000,RENT,2,0,0,1,0,0,1,0,0,0,D,15000,14.11,1,0.28,1,7
27507,28,76000,RENT,2,0,0,1,0,0,1,0,0,0,C,15000,12.73,0,0.2,1,9
27539,29,83500,RENT,1,0,0,1,0,0,1,0,0,0,C,15000,13.43,0,0.18,1,10
27550,29,78996,RENT,0,0,0,1,0,0,1,0,0,0,D,15000,15.7,1,0.19,1,7
27699,29,74000,RENT,3,0,0,1,0,0,1,0,0,0,C,16000,13.11,1,0.22,1,5
27703,29,74000,RENT,0,0,0,1,0,0,1,0,0,0,C,16000,13.79,1,0.22,1,8
27760,30,110000,RENT,9,0,0,1,0,0,1,0,0,0,C,16000,,0,0.15,1,6
27880,33,71000,RENT,17,0,0,1,0,0,1,0,0,0,D,19600,16.07,1,0.28,1,6
27993,27,85500,RENT,1,0,0,1,0,0,1,0,0,0,D,11000,15.99,1,0.13,1,5
28204,29,71000,RENT,1,0,0,1,0,0,1,0,0,0,C,12000,13.16,0,0.17,1,5
28216,32,90000,RENT,11,0,0,1,0,0,1,0,0,0,C,20000,13.22,0,0.22,1,10
28237,30,34000,RENT,1,0,0,1,0,0,1,0,0,0,C,7500,,1,0.22,1,8
28410,34,97356,RENT,12,0,0,1,0,0,1,0,0,0,C,20000,13.22,0,0.21,1,7
28427,30,70000,RENT,3,0,0,1,0,0,1,0,0,0,C,7200,,0,0.1,1,5
28468,35,60000,RENT,0,0,0,1,0,0,1,0,0,0,C,4000,13.98,0,0.07,1,7
28755,29,55400,RENT,2,0,0,1,0,0,1,0,0,0,C,7000,10.28,0,0.13,1,6
28875,35,32900,RENT,4,0,0,1,0,0,1,0,0,0,C,4800,13.23,1,0.15,1,8
28928,29,150000,RENT,9,0,0,1,0,0,1,0,0,0,E,15000,16.32,0,0.1,1,5
28933,28,65000,RENT,2,0,0,1,0,0,1,0,0,0,C,7200,13.98,0,0.11,1,5
29021,29,16800,RENT,9,0,0,1,0,0,1,0,0,0,D,2750,14.84,1,0.16,1,6
29043,28,50000,RENT,1,0,0,1,0,0,1,0,0,0,C,16200,13.99,1,0.32,1,6
29276,40,83000,RENT,3,0,0,1,0,0,1,0,0,0,D,23000,12.36,1,0.28,1,11
29278,38,83000,RENT,3,0,0,1,0,0,1,0,0,0,G,22250,23.22,1,0.27,1,12
29351,47,18000,RENT,0,0,0,1,0,0,1,0,0,0,D,1000,14.84,1,0.06,1,16
29415,49,69000,RENT,0,0,0,1,0,0,1,0,0,0,D,16000,14.96,1,0.23,1,12
29511,36,120000,RENT,4,0,0,1,0,0,1,0,0,0,C,15000,12.99,0,0.13,1,15
29597,40,21600,RENT,2,0,0,1,0,0,1,0,0,0,D,3000,14.09,1,0.14,1,13
29627,45,50400,RENT,2,0,0,1,0,0,1,0,0,0,C,12000,12.87,0,0.24,1,13
29673,36,50000,RENT,4,0,0,1,0,0,1,0,0,0,C,3125,13.47,0,0.06,1,14
29741,36,33000,RENT,2,0,0,1,0,0,1,0,0,0,D,10800,14.96,1,0.33,1,15
29767,37,68480,RENT,2,0,0,1,0,0,1,0,0,0,C,3600,15.23,0,0.05,1,15
30010,43,54000,RENT,0,0,0,1,0,0,1,0,0,0,D,9000,15.65,1,0.17,1,16
30097,44,98000,RENT,19,0,0,1,0,0,1,0,0,0,C,5000,15.96,0,0.05,1,13
30245,38,50004,RENT,2,0,0,1,0,0,1,0,0,0,C,6000,13.79,0,0.12,1,11
30264,38,60000,RENT,0,0,0,1,0,0,1,0,0,0,C,6000,13.57,0,0.1,1,15
30306,39,86000,RENT,19,0,0,1,0,0,1,0,0,0,D,6000,14.84,0,0.07,1,13
30319,37,55000,RENT,3,0,0,1,0,0,1,0,0,0,E,7000,16.32,0,0.13,1,13
30324,48,57996,RENT,2,0,0,1,0,0,1,0,0,0,C,7000,13.61,0,0.12,1,12
30382,45,19368,RENT,0,0,0,1,0,0,1,0,0,0,D,6700,12.92,1,0.35,1,15
30509,50,50000,RENT,7,0,0,1,0,0,1,0,0,0,C,7500,,0,0.15,1,16
30532,39,117996,RENT,6,0,0,1,0,0,1,0,0,0,D,7500,13.24,1,0.06,1,14
30544,39,30000,RENT,1,0,0,1,0,0,1,0,0,0,E,7675,16,1,0.26,1,16
30621,43,50000,RENT,3,0,0,1,0,0,1,0,0,0,C,8000,12.84,0,0.16,1,17
30795,36,58000,RENT,2,0,0,1,0,0,1,0,0,0,C,9275,14.72,0,0.16,1,16
30856,42,25320,RENT,1,0,0,1,0,0,1,0,0,0,D,10000,14.84,1,0.39,1,14
31533,38,30120,RENT,1,0,0,1,0,0,1,0,0,0,D,14400,12.8,1,0.48,1,17
31645,42,41000,RENT,2,0,0,1,0,0,1,0,0,0,E,15000,16.95,1,0.37,1,15
31662,37,50000,RENT,1,0,0,1,0,0,1,0,0,0,C,15000,13.22,0,0.3,1,11
31722,44,58000,RENT,2,0,0,1,0,0,1,0,0,0,C,15000,13.48,0,0.26,1,15
31788,47,75000,RENT,3,0,0,1,0,0,1,0,0,0,C,15000,13.48,0,0.2,1,17
31814,45,88000,RENT,12,0,0,1,0,0,1,0,0,0,D,15000,14.83,0,0.17,1,12
31895,37,74000,RENT,9,0,0,1,0,0,1,0,0,0,C,19200,12.87,1,0.26,1,12
31993,37,75000,RENT,3,0,0,1,0,0,1,0,0,0,C,10000,,0,0.13,1,17
32195,39,64000,RENT,9,0,0,1,0,0,1,0,0,0,C,4800,12.73,0,0.07,1,11
32308,54,53700,RENT,1,0,0,1,0,0,1,0,0,0,D,29850,,1,0.56,1,28
32351,60,29000,RENT,0,0,0,1,0,0,1,0,0,0,D,2500,15.33,1,0.09,1,27
32360,58,27000,RENT,0,0,0,1,0,0,1,0,0,0,D,3500,16,1,0.13,1,21
32556,51,80000,RENT,3,0,0,1,0,0,1,0,0,0,F,18000,18.78,0,0.23,1,20
3,25,9600,MORTGAGE,1,0,1,0,0,0,0,1,0,0,C,5500,12.87,1,0.57,0,3
35,26,300000,MORTGAGE,10,0,1,0,0,0,0,1,0,0,C,7800,13.49,0,0.03,0,4
64,25,221850,MORTGAGE,9,0,1,0,0,0,0,1,0,0,D,25000,15.7,1,0.1,0,2
104,25,230000,MORTGAGE,5,0,1,0,0,0,0,1,0,0,C,35000,13.99,0,0.15,0,4
212,25,191000,MORTGAGE,1,0,1,0,0,0,0,1,0,0,B,10000,12.53,0,0.05,0,4
230,21,14400,MORTGAGE,0,0,1,0,0,0,0,1,0,0,C,1500,,0,0.1,0,4
238,24,183000,MORTGAGE,2,0,1,0,0,0,0,1,0,0,B,20000,11.49,0,0.11,0,3
256,25,142800,MORTGAGE,9,0,1,0,0,0,0,1,0,0,F,10000,18.25,1,0.06,0,4
312,25,170004,MORTGAGE,3,0,1,0,0,0,0,1,0,0,B,10000,11.11,0,0.06,0,4
356,23,16000,MORTGAGE,1,0,1,0,0,0,0,1,0,0,C,5600,12.84,1,0.35,0,4
364,22,160000,MORTGAGE,0,0,1,0,0,0,0,1,0,0,B,35000,10.65,0,0.22,0,4
377,25,125800,MORTGAGE,0,0,1,0,0,0,0,1,0,0,D,10000,14.09,1,0.07,0,4
454,23,18000,MORTGAGE,1,0,1,0,0,0,0,1,0,0,D,2500,15.95,1,0.14,0,2
475,25,18000,MORTGAGE,1,0,1,0,0,0,0,1,0,0,B,4000,,1,0.22,0,3
546,23,19200,MORTGAGE,7,0,1,0,0,0,0,1,0,0,A,3000,,1,0.16,0,4
556,22,19200,MORTGAGE,3,0,1,0,0,0,0,1,0,0,D,5000,15.33,1,0.26,0,3
586,23,20000,MORTGAGE,2,0,1,0,0,0,0,1,0,0,B,6400,10.65,0,0.32,0,4
592,26,20000,MORTGAGE,5,0,1,0,0,0,0,1,0,0,A,4800,5.99,0,0.24,0,3
743,24,21600,MORTGAGE,8,0,1,0,0,0,0,1,0,0,A,8000,5.42,0,0.37,0,2
802,22,22000,MORTGAGE,0,0,1,0,0,0,0,1,0,0,B,2400,11.71,0,0.11,0,3
857,21,23000,MORTGAGE,2,0,1,0,0,0,0,1,0,0,A,7000,8.9,0,0.3,0,3
972,24,24000,MORTGAGE,3,0,1,0,0,0,0,1,0,0,A,8000,5.99,0,0.33,0,4
1001,23,24000,MORTGAGE,5,0,1,0,0,0,0,1,0,0,B,1375,11.11,1,0.06,0,4
1010,26,24000,MORTGAGE,10,0,1,0,0,0,0,1,0,0,A,5000,7.66,1,0.21,0,3
1053,22,24000,MORTGAGE,6,0,1,0,0,0,0,1,0,0,A,2500,7.14,0,0.1,0,2
1107,22,24900,MORTGAGE,1,0,1,0,0,0,0,1,0,0,C,5500,13.16,1,0.22,0,2
1163,26,25000,MORTGAGE,10,0,1,0,0,0,0,1,0,0,A,7000,6.99,0,0.28,0,2
1186,24,25000,MORTGAGE,1,0,1,0,0,0,0,1,0,0,B,4000,11.11,0,0.16,0,2
1216,26,25000,MORTGAGE,0,0,1,0,0,0,0,1,0,0,D,6250,15.31,1,0.25,0,4
1234,23,25000,MORTGAGE,4,0,1,0,0,0,0,1,0,0,A,5000,9.32,0,0.2,0,2
1243,24,25000,MORTGAGE,1,0,1,0,0,0,0,1,0,0,A,6500,,0,0.26,0,4
1261,23,25200,MORTGAGE,,0,1,0,0,0,0,1,0,0,A,1200,7.49,0,0.05,0,3
1271,22,25200,MORTGAGE,7,0,1,0,0,0,0,1,0,0,C,4000,12.73,1,0.16,0,2
1280,22,25200,MORTGAGE,0,0,1,0,0,0,0,1,0,0,B,1000,11.48,1,0.04,0,3
1285,24,25344,MORTGAGE,5,0,1,0,0,0,0,1,0,0,D,4000,16.49,1,0.16,0,3
1324,23,26000,MORTGAGE,7,0,1,0,0,0,0,1,0,0,A,5000,7.91,0,0.19,0,2
1341,24,26000,MORTGAGE,8,0,1,0,0,0,0,1,0,0,A,7000,7.74,0,0.27,0,2
1426,25,26453,MORTGAGE,6,0,1,0,0,0,0,1,0,0,B,7200,11.71,1,0.27,0,4
1437,24,26650,MORTGAGE,6,0,1,0,0,0,0,1,0,0,B,1000,12.53,0,0.04,0,2
1516,22,27302,MORTGAGE,6,0,1,0,0,0,0,1,0,0,B,3725,12.69,0,0.14,0,2
1576,22,27996,MORTGAGE,4,0,1,0,0,0,0,1,0,0,D,3250,15.21,1,0.12,0,2
1577,22,27996,MORTGAGE,4,0,1,0,0,0,0,1,0,0,B,5500,10.38,0,0.2,0,2
1593,25,28000,MORTGAGE,,0,1,0,0,0,0,1,0,0,A,9600,6.03,0,0.34,0,3
1595,23,28000,MORTGAGE,5,0,1,0,0,0,0,1,0,0,A,2500,5.99,0,0.09,0,2
1637,25,28000,MORTGAGE,9,0,1,0,0,0,0,1,0,0,A,4000,7.68,0,0.14,0,2
1656,24,28440,MORTGAGE,,0,1,0,0,0,0,1,0,0,B,6000,9.99,0,0.21,0,3
1695,23,28800,MORTGAGE,6,0,1,0,0,0,0,1,0,0,B,5000,11.99,0,0.17,0,3
1699,23,28800,MORTGAGE,,0,1,0,0,0,0,1,0,0,A,10625,,0,0.37,0,2
1704,22,28800,MORTGAGE,2,0,1,0,0,0,0,1,0,0,A,10000,7.49,0,0.35,0,2
1709,23,28800,MORTGAGE,0,0,1,0,0,0,0,1,0,0,A,6000,7.49,0,0.21,0,2
1746,22,28880,MORTGAGE,4,0,1,0,0,0,0,1,0,0,A,2000,8.59,0,0.07,0,3
1781,23,29004,MORTGAGE,2,0,1,0,0,0,0,1,0,0,B,6000,11.99,0,0.21,0,2
1845,21,30000,MORTGAGE,0,0,1,0,0,0,0,1,0,0,A,7125,7.51,1,0.24,0,4
1869,23,30000,MORTGAGE,7,0,1,0,0,0,0,1,0,0,A,4600,7.9,0,0.15,0,3
1876,23,30000,MORTGAGE,3,0,1,0,0,0,0,1,0,0,E,3800,18.64,1,0.13,0,2
1937,22,30000,MORTGAGE,2,0,1,0,0,0,0,1,0,0,B,6000,11.99,0,0.2,0,3
2088,22,30000,MORTGAGE,3,0,1,0,0,0,0,1,0,0,B,1750,10.99,0,0.06,0,4
2123,23,30000,MORTGAGE,5,0,1,0,0,0,0,1,0,0,A,1000,7.4,0,0.03,0,2
2186,24,30300,MORTGAGE,0,0,1,0,0,0,0,1,0,0,A,5000,7.74,0,0.17,0,2
2259,22,31000,MORTGAGE,0,0,1,0,0,0,0,1,0,0,C,3000,12.54,0,0.1,0,3
2284,25,31200,MORTGAGE,3,0,1,0,0,0,0,1,0,0,A,11200,5.42,0,0.36,0,2
2288,22,31200,MORTGAGE,,0,1,0,0,0,0,1,0,0,A,2000,7.29,0,0.06,0,3
2316,26,31303,MORTGAGE,7,0,1,0,0,0,0,1,0,0,A,12000,,0,0.38,0,2
2334,21,31544,MORTGAGE,,0,1,0,0,0,0,1,0,0,A,2200,7.9,0,0.07,0,2
2375,21,32000,MORTGAGE,,0,1,0,0,0,0,1,0,0,A,8000,5.99,0,0.25,0,3
2452,25,32004,MORTGAGE,,0,1,0,0,0,0,1,0,0,A,7200,5.42,0,0.22,0,4
2505,26,32450,MORTGAGE,5,0,1,0,0,0,0,1,0,0,A,3250,6.99,0,0.1,0,4
2518,24,32500,MORTGAGE,6,0,1,0,0,0,0,1,0,0,C,6600,12.73,0,0.2,0,4
2519,26,32500,MORTGAGE,8,0,1,0,0,0,0,1,0,0,C,3000,13.22,0,0.09,0,4
2531,21,32900,MORTGAGE,2,0,1,0,0,0,0,1,0,0,B,3000,9.99,0,0.09,0,2
2560,25,33000,MORTGAGE,9,0,1,0,0,0,0,1,0,0,B,3000,11.99,0,0.09,0,2
2605,24,33000,MORTGAGE,0,0,1,0,0,0,0,1,0,0,A,8125,8.59,0,0.25,0,4
2647,23,33600,MORTGAGE,3,0,1,0,0,0,0,1,0,0,A,4200,,0,0.13,0,3
2649,25,33600,MORTGAGE,9,0,1,0,0,0,0,1,0,0,A,7125,7.51,0,0.21,0,3
2745,22,34000,MORTGAGE,5,0,1,0,0,0,0,1,0,0,B,11500,10.99,0,0.34,0,2
2756,24,34000,MORTGAGE,0,0,1,0,0,0,0,1,0,0,B,10000,12.18,0,0.29,0,4
2775,23,34200,MORTGAGE,,0,1,0,0,0,0,1,0,0,A,5500,7.49,0,0.16,0,4
2801,23,34560,MORTGAGE,1,0,1,0,0,0,0,1,0,0,B,10000,10.59,0,0.29,0,2
2813,26,34800,MORTGAGE,4,0,1,0,0,0,0,1,0,0,B,5975,11.49,0,0.17,0,4
2844,24,35000,MORTGAGE,3,0,1,0,0,0,0,1,0,0,C,15000,14.27,0,0.43,0,2
2852,24,35000,MORTGAGE,6,0,1,0,0,0,0,1,0,0,B,8575,10.65,0,0.24,0,4
2880,22,35000,MORTGAGE,5,0,1,0,0,0,0,1,0,0,A,5000,7.9,0,0.14,0,3
2901,24,29000,MORTGAGE,1,0,1,0,0,0,0,1,0,0,D,6000,15.62,1,0.21,0,3
2951,26,35000,MORTGAGE,0,0,1,0,0,0,0,1,0,0,A,8000,5.42,0,0.23,0,2
2952,21,35000,MORTGAGE,5,0,1,0,0,0,0,1,0,0,B,1500,9.63,0,0.04,0,4
2967,24,35000,MORTGAGE,,0,1,0,0,0,0,1,0,0,B,7775,,0,0.22,0,2
2994,24,35000,MORTGAGE,2,0,1,0,0,0,0,1,0,0,A,2950,,0,0.08,0,4
3047,21,35000,MORTGAGE,1,0,1,0,0,0,0,1,0,0,A,4950,7.68,0,0.14,0,4
3104,25,35360,MORTGAGE,9,0,1,0,0,0,0,1,0,0,A,10000,8.94,0,0.28,0,2
3112,21,29400,MORTGAGE,0,0,1,0,0,0,0,1,0,0,B,12000,11.83,1,0.41,0,4
3114,26,29400,MORTGAGE,4,0,1,0,0,0,0,1,0,0,A,12000,9.32,1,0.41,0,4
3155,22,36000,MORTGAGE,4,0,1,0,0,0,0,1,0,0,B,12000,11.71,0,0.33,0,2
3156,25,36000,MORTGAGE,1,0,1,0,0,0,0,1,0,0,A,5100,8.9,0,0.14,0,4
3166,21,36000,MORTGAGE,5,0,1,0,0,0,0,1,0,0,B,1000,12.42,0,0.03,0,2
3186,22,36000,MORTGAGE,,0,1,0,0,0,0,1,0,0,A,7275,6.03,0,0.2,0,3
3192,22,36000,MORTGAGE,6,0,1,0,0,0,0,1,0,0,B,1000,9.99,0,0.03,0,3
3201,25,36000,MORTGAGE,0,0,1,0,0,0,0,1,0,0,A,5600,7.49,0,0.16,0,4
3233,25,36000,MORTGAGE,3,0,1,0,0,0,0,1,0,0,A,5300,7.49,0,0.15,0,3
3235,22,36000,MORTGAGE,1,0,1,0,0,0,0,1,0,0,A,3500,,0,0.1,0,2
3257,21,36000,MORTGAGE,1,0,1,0,0,0,0,1,0,0,A,4000,5.42,0,0.11,0,3
3324,24,36000,MORTGAGE,3,0,1,0,0,0,0,1,0,0,C,8000,13.61,0,0.22,0,2
3330,22,36000,MORTGAGE,0,0,1,0,0,0,0,1,0,0,A,4500,7.51,0,0.13,0,2
3372,25,36000,MORTGAGE,0,0,1,0,0,0,0,1,0,0,C,5400,14.26,0,0.15,0,3
3393,22,36000,MORTGAGE,3,0,1,0,0,0,0,1,0,0,B,6000,12.53,0,0.17,0,2
3398,23,30000,MORTGAGE,7,0,1,0,0,0,0,1,0,0,C,10000,13.79,1,0.33,0,2
3426,25,30300,MORTGAGE,4,0,1,0,0,0,0,1,0,0,B,5000,10,1,0.17,0,2
3452,26,36636,MORTGAGE,,0,1,0,0,0,0,1,0,0,A,5000,6.03,0,0.14,0,2
3457,25,30780,MORTGAGE,,0,1,0,0,0,0,1,0,0,A,5500,8.49,1,0.18,0,4
3487,22,37000,MORTGAGE,7,0,1,0,0,0,0,1,0,0,B,3600,11.71,0,0.1,0,2
3494,22,37000,MORTGAGE,0,0,1,0,0,0,0,1,0,0,A,15000,8.49,0,0.41,0,2
3498,24,37000,MORTGAGE,3,0,1,0,0,0,0,1,0,0,A,6075,5.99,0,0.16,0,3
3504,24,37000,MORTGAGE,4,0,1,0,0,0,0,1,0,0,A,4000,,0,0.11,0,4
3507,22,37000,MORTGAGE,6,0,1,0,0,0,0,1,0,0,B,2500,10.37,0,0.07,0,4
3536,24,37000,MORTGAGE,4,0,1,0,0,0,0,1,0,0,B,25000,10.08,0,0.68,0,2
3603,23,31785,MORTGAGE,7,0,1,0,0,0,0,1,0,0,D,6000,14.96,1,0.19,0,2
3632,22,38000,MORTGAGE,4,0,1,0,0,0,0,1,0,0,A,18000,8.9,0,0.47,0,2
3651,22,38000,MORTGAGE,2,0,1,0,0,0,0,1,0,0,B,8000,9.99,0,0.21,0,3
3677,22,38000,MORTGAGE,6,0,1,0,0,0,0,1,0,0,A,4000,6.76,0,0.11,0,2
3684,25,38000,MORTGAGE,3,0,1,0,0,0,0,1,0,0,B,1500,10.62,0,0.04,0,3
3686,26,32000,MORTGAGE,10,0,1,0,0,0,0,1,0,0,D,15000,15.33,1,0.47,0,3
3710,22,38000,MORTGAGE,4,0,1,0,0,0,0,1,0,0,A,1950,7.37,0,0.05,0,3
3737,23,38160,MORTGAGE,5,0,1,0,0,0,0,1,0,0,B,12000,10.38,0,0.31,0,4
3778,24,38400,MORTGAGE,7,0,1,0,0,0,0,1,0,0,C,15000,15.23,0,0.39,0,2
3802,25,38400,MORTGAGE,5,0,1,0,0,0,0,1,0,0,A,5700,6.17,0,0.15,0,2
3837,23,38492,MORTGAGE,7,0,1,0,0,0,0,1,0,0,B,6500,,0,0.17,0,4
3853,23,38667,MORTGAGE,2,0,1,0,0,0,0,1,0,0,C,4800,11.91,0,0.12,0,4
3893,25,39000,MORTGAGE,9,0,1,0,0,0,0,1,0,0,A,4500,6.54,0,0.12,0,4
3927,22,39300,MORTGAGE,6,0,1,0,0,0,0,1,0,0,B,7000,9.62,0,0.18,0,4
3955,23,39600,MORTGAGE,7,0,1,0,0,0,0,1,0,0,A,6000,7.88,0,0.15,0,3
3967,23,39800,MORTGAGE,5,0,1,0,0,0,0,1,0,0,B,9750,10.99,0,0.24,0,3
3982,22,39996,MORTGAGE,7,0,1,0,0,0,0,1,0,0,B,6000,12.42,0,0.15,0,4
4039,22,40000,MORTGAGE,6,0,1,0,0,0,0,1,0,0,A,9875,7.9,0,0.25,0,4
4065,22,40000,MORTGAGE,6,0,1,0,0,0,0,1,0,0,A,5000,6.03,0,0.13,0,2
4066,22,34000,MORTGAGE,6,0,1,0,0,0,0,1,0,0,B,4500,11.71,1,0.13,0,2
4069,24,40000,MORTGAGE,1,0,1,0,0,0,0,1,0,0,B,7500,12.42,0,0.19,0,4
4078,22,40000,MORTGAGE,3,0,1,0,0,0,0,1,0,0,B,6700,10.65,0,0.17,0,4
4089,22,40000,MORTGAGE,6,0,1,0,0,0,0,1,0,0,A,7500,7.51,0,0.19,0,3
4094,26,34000,MORTGAGE,3,0,1,0,0,0,0,1,0,0,D,4000,17.58,1,0.12,0,3
4107,23,40000,MORTGAGE,7,0,1,0,0,0,0,1,0,0,A,4000,7.51,0,0.1,0,2
4124,26,40000,MORTGAGE,3,0,1,0,0,0,0,1,0,0,A,2200,8.49,0,0.06,0,3
4125,25,40000,MORTGAGE,0,0,1,0,0,0,0,1,0,0,A,3600,7.49,0,0.09,0,3
4140,23,40000,MORTGAGE,3,0,1,0,0,0,0,1,0,0,A,5000,5.42,0,0.13,0,3
4170,23,40000,MORTGAGE,6,0,1,0,0,0,0,1,0,0,B,13200,,0,0.33,0,4
4171,23,40000,MORTGAGE,2,0,1,0,0,0,0,1,0,0,B,2000,10.99,0,0.05,0,4
4180,24,40000,MORTGAGE,9,0,1,0,0,0,0,1,0,0,B,2125,11.11,0,0.05,0,4
4209,22,40000,MORTGAGE,5,0,1,0,0,0,0,1,0,0,B,8000,10.74,0,0.2,0,3
4212,26,40000,MORTGAGE,5,0,1,0,0,0,0,1,0,0,A,16000,,0,0.4,0,3
4218,23,40000,MORTGAGE,2,0,1,0,0,0,0,1,0,0,B,7000,8.88,0,0.17,0,3
4236,24,40000,MORTGAGE,4,0,1,0,0,0,0,1,0,0,B,3500,8.88,0,0.09,0,2
4252,21,40000,MORTGAGE,3,0,1,0,0,0,0,1,0,0,A,2500,6.76,0,0.06,0,4
4293,26,40000,MORTGAGE,5,0,1,0,0,0,0,1,0,0,B,6000,10.62,0,0.15,0,4
4301,21,40000,MORTGAGE,5,0,1,0,0,0,0,1,0,0,A,9000,7.51,0,0.23,0,4
4396,22,40000,MORTGAGE,5,0,1,0,0,0,0,1,0,0,A,5000,7.68,0,0.13,0,4
4424,21,40200,MORTGAGE,5,0,1,0,0,0,0,1,0,0,A,7200,7.88,0,0.18,0,2
4434,22,40499,MORTGAGE,7,0,1,0,0,0,0,1,0,0,B,11500,11.83,0,0.28,0,4
4458,24,40800,MORTGAGE,0,0,1,0,0,0,0,1,0,0,B,8000,11.99,0,0.2,0,4
4460,25,40800,MORTGAGE,9,0,1,0,0,0,0,1,0,0,B,9700,9.63,0,0.24,0,4
4462,23,40800,MORTGAGE,4,0,1,0,0,0,0,1,0,0,B,10400,10,0,0.25,0,2
4478,23,40800,MORTGAGE,3,0,1,0,0,0,0,1,0,0,A,10000,7.14,0,0.25,0,2
4548,23,41000,MORTGAGE,4,0,1,0,0,0,0,1,0,0,B,7500,10.71,0,0.18,0,2
4645,24,42000,MORTGAGE,6,0,1,0,0,0,0,1,0,0,A,3125,8.9,0,0.07,0,3
4654,22,42000,MORTGAGE,6,0,1,0,0,0,0,1,0,0,A,3000,6.03,0,0.07,0,2
4724,23,42000,MORTGAGE,8,0,1,0,0,0,0,1,0,0,B,7600,6,0,0.18,0,2
4785,24,42000,MORTGAGE,7,0,1,0,0,0,0,1,0,0,C,4200,13.23,0,0.1,0,2
4804,24,42000,MORTGAGE,3,0,1,0,0,0,0,1,0,0,A,8500,7.51,0,0.2,0,4
4821,25,36000,MORTGAGE,6,0,1,0,0,0,0,1,0,0,D,10000,,1,0.28,0,2
4833,22,42000,MORTGAGE,6,0,1,0,0,0,0,1,0,0,A,5000,8.94,0,0.12,0,2
4854,26,42000,MORTGAGE,4,0,1,0,0,0,0,1,0,0,B,15000,11.26,0,0.36,0,4
4922,25,42504,MORTGAGE,9,0,1,0,0,0,0,1,0,0,A,10000,7.29,0,0.24,0,2
4968,24,43000,MORTGAGE,6,0,1,0,0,0,0,1,0,0,B,6000,10.65,0,0.14,0,3
4971,26,43000,MORTGAGE,6,0,1,0,0,0,0,1,0,0,B,15000,11.99,0,0.35,0,2
4995,24,43000,MORTGAGE,1,0,1,0,0,0,0,1,0,0,A,7000,6.92,0,0.16,0,3
5012,22,43000,MORTGAGE,5,0,1,0,0,0,0,1,0,0,B,7000,10.62,0,0.16,0,4
5068,21,37200,MORTGAGE,3,0,1,0,0,0,0,1,0,0,A,16800,6.17,1,0.45,0,2
5074,24,37200,MORTGAGE,2,0,1,0,0,0,0,1,0,0,A,8000,7.88,1,0.22,0,4
5131,24,44000,MORTGAGE,,0,1,0,0,0,0,1,0,0,A,4000,,0,0.09,0,3
5157,23,44000,MORTGAGE,,0,1,0,0,0,0,1,0,0,A,6000,5.42,0,0.14,0,4
5162,23,44000,MORTGAGE,0,0,1,0,0,0,0,1,0,0,A,5500,6.17,0,0.13,0,4
5164,24,44000,MORTGAGE,,0,1,0,0,0,0,1,0,0,A,3600,5.79,0,0.08,0,2
5242,24,44600,MORTGAGE,5,0,1,0,0,0,0,1,0,0,B,20000,11.89,0,0.45,0,4
5269,22,45000,MORTGAGE,5,0,1,0,0,0,0,1,0,0,B,6500,10.65,0,0.14,0,4
5296,24,45000,MORTGAGE,0,0,1,0,0,0,0,1,0,0,B,3000,,0,0.07,0,3
5299,23,45000,MORTGAGE,6,0,1,0,0,0,0,1,0,0,B,5600,11.71,0,0.12,0,3
5326,25,45000,MORTGAGE,4,0,1,0,0,0,0,1,0,0,A,5800,6.99,0,0.13,0,2
5366,21,45000,MORTGAGE,5,0,1,0,0,0,0,1,0,0,B,3000,10.99,0,0.07,0,4
5389,25,45000,MORTGAGE,2,0,1,0,0,0,0,1,0,0,A,3000,6.92,0,0.07,0,3
5397,24,45000,MORTGAGE,8,0,1,0,0,0,0,1,0,0,A,5000,5.79,0,0.11,0,3
5399,22,45000,MORTGAGE,0,0,1,0,0,0,0,1,0,0,A,9125,5.79,0,0.2,0,3
5450,23,45000,MORTGAGE,1,0,1,0,0,0,0,1,0,0,B,7200,11.86,0,0.16,0,2
5451,21,45000,MORTGAGE,3,0,1,0,0,0,0,1,0,0,A,4500,7.14,0,0.1,0,2
5452,25,45000,MORTGAGE,4,0,1,0,0,0,0,1,0,0,A,5000,7.88,0,0.11,0,3
5468,24,45000,MORTGAGE,4,0,1,0,0,0,0,1,0,0,A,1500,,0,0.03,0,2
5526,25,45000,MORTGAGE,0,0,1,0,0,0,0,1,0,0,A,5950,7.74,0,0.13,0,2
5540,23,39000,MORTGAGE,0,0,1,0,0,0,0,1,0,0,D,8000,14.11,1,0.21,0,3
5541,23,45000,MORTGAGE,1,0,1,0,0,0,0,1,0,0,B,10000,12.21,0,0.22,0,2
5547,26,45000,MORTGAGE,10,0,1,0,0,0,0,1,0,0,B,4325,,0,0.1,0,4
5606,26,39200,MORTGAGE,2,0,1,0,0,0,0,1,0,0,D,4000,15.05,1,0.1,0,3
5617,24,45336,MORTGAGE,8,0,1,0,0,0,0,1,0,0,A,10000,5.99,0,0.22,0,2
5625,26,39500,MORTGAGE,6,0,1,0,0,0,0,1,0,0,D,15250,15.05,1,0.39,0,4
5627,21,45600,MORTGAGE,5,0,1,0,0,0,0,1,0,0,A,6000,6.03,0,0.13,0,4
5633,23,45600,MORTGAGE,,0,1,0,0,0,0,1,0,0,B,3000,11.49,0,0.07,0,4
5635,25,45600,MORTGAGE,7,0,1,0,0,0,0,1,0,0,C,13000,12.99,0,0.29,0,4
5644,21,39600,MORTGAGE,5,0,1,0,0,0,0,1,0,0,A,6400,6.91,1,0.16,0,2
5667,25,39896,MORTGAGE,0,0,1,0,0,0,0,1,0,0,A,9250,9.63,1,0.23,0,3
5672,22,45975,MORTGAGE,6,0,1,0,0,0,0,1,0,0,B,10375,,0,0.23,0,4
5721,24,46000,MORTGAGE,8,0,1,0,0,0,0,1,0,0,A,2000,7.66,0,0.04,0,2
5725,23,46000,MORTGAGE,2,0,1,0,0,0,0,1,0,0,B,10000,10.36,0,0.22,0,3
5730,23,46000,MORTGAGE,,0,1,0,0,0,0,1,0,0,A,3000,7.88,0,0.07,0,3
5767,24,46325,MORTGAGE,6,0,1,0,0,0,0,1,0,0,A,3600,7.68,0,0.08,0,4
5770,23,46394,MORTGAGE,7,0,1,0,0,0,0,1,0,0,C,15000,13.47,0,0.32,0,2
5803,22,46800,MORTGAGE,4,0,1,0,0,0,0,1,0,0,A,3600,7.14,0,0.08,0,3
5833,26,47000,MORTGAGE,5,0,1,0,0,0,0,1,0,0,A,6600,7.9,0,0.14,0,2
5836,23,47000,MORTGAGE,7,0,1,0,0,0,0,1,0,0,B,8000,10.65,0,0.17,0,3
5840,21,47000,MORTGAGE,2,0,1,0,0,0,0,1,0,0,A,5400,8.9,0,0.11,0,3
5856,24,47000,MORTGAGE,7,0,1,0,0,0,0,1,0,0,B,15000,10.74,0,0.32,0,2
5857,24,47000,MORTGAGE,5,0,1,0,0,0,0,1,0,0,A,15000,7.66,0,0.32,0,3
5865,22,47000,MORTGAGE,3,0,1,0,0,0,0,1,0,0,A,15000,7.66,0,0.32,0,2
5883,24,47000,MORTGAGE,0,0,1,0,0,0,0,1,0,0,A,9000,8.94,0,0.19,0,3
5895,24,41000,MORTGAGE,1,0,1,0,0,0,0,1,0,0,B,6600,10.71,1,0.16,0,2
5909,21,47200,MORTGAGE,1,0,1,0,0,0,0,1,0,0,C,7000,13.23,0,0.15,0,4
5931,24,47500,MORTGAGE,3,0,1,0,0,0,0,1,0,0,B,13750,11.71,0,0.29,0,4
5940,22,47540,MORTGAGE,4,0,1,0,0,0,0,1,0,0,B,12250,10.62,0,0.26,0,2
5941,22,47580,MORTGAGE,6,0,1,0,0,0,0,1,0,0,A,4000,6.62,0,0.08,0,2
5953,22,47800,MORTGAGE,3,0,1,0,0,0,0,1,0,0,B,15000,11.86,0,0.31,0,4
5994,26,48000,MORTGAGE,7,0,1,0,0,0,0,1,0,0,A,10000,,0,0.21,0,3
6004,22,48000,MORTGAGE,0,0,1,0,0,0,0,1,0,0,A,5000,6.03,0,0.1,0,4
6018,24,42000,MORTGAGE,,0,1,0,0,0,0,1,0,0,A,19000,6.99,1,0.45,0,3
6024,25,48000,MORTGAGE,9,0,1,0,0,0,0,1,0,0,A,3500,5.42,0,0.07,0,4
6042,24,48000,MORTGAGE,8,0,1,0,0,0,0,1,0,0,A,10000,7.49,0,0.21,0,3
6058,24,48000,MORTGAGE,4,0,1,0,0,0,0,1,0,0,B,4200,11.99,0,0.09,0,4
6081,24,48000,MORTGAGE,4,0,1,0,0,0,0,1,0,0,A,4000,5.42,0,0.08,0,4
6097,24,48000,MORTGAGE,7,0,1,0,0,0,0,1,0,0,A,12000,7.29,0,0.25,0,3
6118,22,48000,MORTGAGE,0,0,1,0,0,0,0,1,0,0,A,3500,6.54,0,0.07,0,3
6121,22,48000,MORTGAGE,6,0,1,0,0,0,0,1,0,0,B,3800,,0,0.08,0,2
6138,22,48000,MORTGAGE,2,0,1,0,0,0,0,1,0,0,B,9600,11.86,0,0.2,0,2
6179,22,48000,MORTGAGE,4,0,1,0,0,0,0,1,0,0,B,15000,9.88,0,0.31,0,2
6263,24,48000,MORTGAGE,1,0,1,0,0,0,0,1,0,0,C,3500,10.28,0,0.07,0,4
6267,23,48152,MORTGAGE,7,0,1,0,0,0,0,1,0,0,A,9500,7.29,0,0.2,0,2
6292,23,48600,MORTGAGE,5,0,1,0,0,0,0,1,0,0,B,6000,11.86,0,0.12,0,4
6309,22,48996,MORTGAGE,5,0,1,0,0,0,0,1,0,0,A,5000,7.9,0,0.1,0,4
6337,23,49000,MORTGAGE,7,0,1,0,0,0,0,1,0,0,A,2400,7.66,0,0.05,0,3
6348,24,49000,MORTGAGE,7,0,1,0,0,0,0,1,0,0,A,3500,7.88,0,0.07,0,3
6366,25,49152,MORTGAGE,7,0,1,0,0,0,0,1,0,0,B,3000,11.71,0,0.06,0,2
6373,25,49200,MORTGAGE,6,0,1,0,0,0,0,1,0,0,A,5600,7.49,0,0.11,0,2
6404,24,43590,MORTGAGE,8,0,1,0,0,0,0,1,0,0,B,8000,11.83,1,0.18,0,3
6413,25,49716,MORTGAGE,6,0,1,0,0,0,0,1,0,0,A,8000,9.32,0,0.16,0,2
6504,24,50000,MORTGAGE,2,0,1,0,0,0,0,1,0,0,A,12000,6.62,0,0.24,0,4
6553,23,44000,MORTGAGE,3,0,1,0,0,0,0,1,0,0,B,5400,10.99,1,0.12,0,2
6572,23,50000,MORTGAGE,3,0,1,0,0,0,0,1,0,0,B,10000,10.99,0,0.2,0,3
6588,22,50000,MORTGAGE,4,0,1,0,0,0,0,1,0,0,B,8000,10.59,0,0.16,0,4
6595,24,44000,MORTGAGE,,0,1,0,0,0,0,1,0,0,B,5000,11.99,1,0.11,0,3
6614,22,44000,MORTGAGE,6,0,1,0,0,0,0,1,0,0,A,5000,5.42,1,0.11,0,4
6677,24,50000,MORTGAGE,8,0,1,0,0,0,0,1,0,0,A,12000,5.42,0,0.24,0,2
6698,21,50000,MORTGAGE,5,0,1,0,0,0,0,1,0,0,A,15000,6.54,0,0.3,0,4
6717,24,50000,MORTGAGE,4,0,1,0,0,0,0,1,0,0,A,4000,,0,0.08,0,2
6877,21,44000,MORTGAGE,5,0,1,0,0,0,0,1,0,0,D,6000,12.61,1,0.14,0,3
6983,22,50750,MORTGAGE,2,0,1,0,0,0,0,1,0,0,B,10000,9.63,0,0.2,0,4
7011,26,51000,MORTGAGE,2,0,1,0,0,0,0,1,0,0,A,4000,5.99,0,0.08,0,4
7014,26,51000,MORTGAGE,10,0,1,0,0,0,0,1,0,0,A,15825,6.99,0,0.31,0,3
7022,23,45000,MORTGAGE,6,0,1,0,0,0,0,1,0,0,B,5000,10.74,1,0.11,0,2
7027,22,51000,MORTGAGE,6,0,1,0,0,0,0,1,0,0,A,6000,5.79,0,0.12,0,2
7034,23,51000,MORTGAGE,7,0,1,0,0,0,0,1,0,0,A,10000,7.14,0,0.2,0,2
7096,24,51480,MORTGAGE,7,0,1,0,0,0,0,1,0,0,A,12000,7.88,0,0.23,0,2
7097,22,51480,MORTGAGE,4,0,1,0,0,0,0,1,0,0,B,3000,11.83,0,0.06,0,2
7106,24,51500,MORTGAGE,6,0,1,0,0,0,0,1,0,0,A,4000,7.51,0,0.08,0,2
7132,23,51852,MORTGAGE,0,0,1,0,0,0,0,1,0,0,A,10000,8.59,0,0.19,0,2
7212,24,46000,MORTGAGE,,0,1,0,0,0,0,1,0,0,D,10000,15.99,1,0.22,0,3
7213,25,46000,MORTGAGE,5,0,1,0,0,0,0,1,0,0,B,6000,10.99,1,0.13,0,3
7237,24,52000,MORTGAGE,8,0,1,0,0,0,0,1,0,0,A,14500,7.29,0,0.28,0,4
7245,25,52000,MORTGAGE,7,0,1,0,0,0,0,1,0,0,A,6000,7.66,0,0.12,0,2
7272,24,52000,MORTGAGE,2,0,1,0,0,0,0,1,0,0,A,4800,,0,0.09,0,2
7277,22,52000,MORTGAGE,2,0,1,0,0,0,0,1,0,0,B,18000,9.88,0,0.35,0,4
7279,24,52000,MORTGAGE,7,0,1,0,0,0,0,1,0,0,C,5000,14.22,0,0.1,0,2
7295,22,46000,MORTGAGE,0,0,1,0,0,0,0,1,0,0,B,8000,12.53,1,0.17,0,3
7316,25,52000,MORTGAGE,3,0,1,0,0,0,0,1,0,0,A,6000,9.32,0,0.12,0,2
7346,23,46500,MORTGAGE,1,0,1,0,0,0,0,1,0,0,A,5000,7.49,1,0.11,0,3
7374,25,46800,MORTGAGE,0,0,1,0,0,0,0,1,0,0,A,6000,5.42,1,0.13,0,4
7381,26,52800,MORTGAGE,10,0,1,0,0,0,0,1,0,0,A,1925,6.76,0,0.04,0,4
7389,26,46800,MORTGAGE,0,0,1,0,0,0,0,1,0,0,C,5000,12.87,1,0.11,0,4
7412,26,53000,MORTGAGE,10,0,1,0,0,0,0,1,0,0,C,11500,14.65,0,0.22,0,4
7431,22,47000,MORTGAGE,6,0,1,0,0,0,0,1,0,0,B,24000,10.37,1,0.51,0,4
7475,25,53000,MORTGAGE,10,0,1,0,0,0,0,1,0,0,B,16000,12.53,0,0.3,0,2
7503,23,47148,MORTGAGE,3,0,1,0,0,0,0,1,0,0,A,25000,7.49,1,0.53,0,3
7504,26,53155,MORTGAGE,10,0,1,0,0,0,0,1,0,0,A,4000,6.76,0,0.08,0,3
7541,23,47800,MORTGAGE,4,0,1,0,0,0,0,1,0,0,B,18000,10.95,1,0.38,0,3
7544,22,53832,MORTGAGE,2,0,1,0,0,0,0,1,0,0,C,11700,12.87,0,0.22,0,2
7551,22,54000,MORTGAGE,6,0,1,0,0,0,0,1,0,0,A,5000,6.03,0,0.09,0,2
7564,23,54000,MORTGAGE,7,0,1,0,0,0,0,1,0,0,A,6000,6.03,0,0.11,0,4
7568,22,54000,MORTGAGE,5,0,1,0,0,0,0,1,0,0,B,7000,10.65,0,0.13,0,4
7578,22,54000,MORTGAGE,4,0,1,0,0,0,0,1,0,0,B,15000,11.99,0,0.28,0,2
7601,23,54000,MORTGAGE,7,0,1,0,0,0,0,1,0,0,B,8800,10.99,0,0.16,0,4
7615,26,54000,MORTGAGE,3,0,1,0,0,0,0,1,0,0,A,5000,5.79,0,0.09,0,3
7623,25,54000,MORTGAGE,4,0,1,0,0,0,0,1,0,0,B,8400,11.11,0,0.16,0,4
7639,26,48000,MORTGAGE,11,0,1,0,0,0,0,1,0,0,A,5000,7.14,1,0.1,0,2
7641,23,54000,MORTGAGE,4,0,1,0,0,0,0,1,0,0,B,2700,11.86,0,0.05,0,3
7642,22,54000,MORTGAGE,1,0,1,0,0,0,0,1,0,0,C,4000,13.98,0,0.07,0,4
7678,24,54000,MORTGAGE,9,0,1,0,0,0,0,1,0,0,A,8525,8.59,0,0.16,0,4
7683,24,54000,MORTGAGE,5,0,1,0,0,0,0,1,0,0,B,9000,11.14,0,0.17,0,4
7698,23,54000,MORTGAGE,7,0,1,0,0,0,0,1,0,0,A,13500,9.63,0,0.25,0,2
7705,21,54036,MORTGAGE,3,0,1,0,0,0,0,1,0,0,B,8000,11.36,0,0.15,0,2
7766,23,54996,MORTGAGE,2,0,1,0,0,0,0,1,0,0,B,1925,10.59,0,0.04,0,4
7802,24,54996,MORTGAGE,8,0,1,0,0,0,0,1,0,0,B,19000,10.83,0,0.35,0,3
7811,22,55000,MORTGAGE,2,0,1,0,0,0,0,1,0,0,B,20000,11.71,0,0.36,0,2
7820,24,55000,MORTGAGE,8,0,1,0,0,0,0,1,0,0,B,15000,9.91,0,0.27,0,3
7825,23,55000,MORTGAGE,7,0,1,0,0,0,0,1,0,0,A,2800,,0,0.05,0,2
7834,24,55000,MORTGAGE,1,0,1,0,0,0,0,1,0,0,B,5225,9.91,0,0.1,0,4
7857,25,49000,MORTGAGE,8,0,1,0,0,0,0,1,0,0,B,18200,11.99,1,0.37,0,4
7870,22,55000,MORTGAGE,6,0,1,0,0,0,0,1,0,0,A,9500,7.49,0,0.17,0,3
7881,21,49000,MORTGAGE,4,0,1,0,0,0,0,1,0,0,B,2000,11.99,1,0.04,0,2
7895,22,55000,MORTGAGE,7,0,1,0,0,0,0,1,0,0,B,13500,9.67,0,0.25,0,2
7907,23,55000,MORTGAGE,7,0,1,0,0,0,0,1,0,0,A,8000,7.49,0,0.15,0,4
7920,26,55000,MORTGAGE,2,0,1,0,0,0,0,1,0,0,A,11300,7.29,0,0.21,0,4
7946,22,55000,MORTGAGE,2,0,1,0,0,0,0,1,0,0,C,4800,12.98,0,0.09,0,4
7960,25,55000,MORTGAGE,9,0,1,0,0,0,0,1,0,0,A,15000,7.88,0,0.27,0,2
7970,23,49000,MORTGAGE,7,0,1,0,0,0,0,1,0,0,D,5000,15.21,1,0.1,0,2
7981,26,55000,MORTGAGE,10,0,1,0,0,0,0,1,0,0,A,3000,6.76,0,0.05,0,2
8025,26,55000,MORTGAGE,0,0,1,0,0,0,0,1,0,0,B,12500,,0,0.23,0,3
8030,24,49000,MORTGAGE,0,0,1,0,0,0,0,1,0,0,B,5000,12.18,1,0.1,0,3
8096,24,49200,MORTGAGE,8,0,1,0,0,0,0,1,0,0,E,2500,,1,0.05,0,2
8111,22,55500,MORTGAGE,6,0,1,0,0,0,0,1,0,0,A,3000,7.37,0,0.05,0,2
8120,24,55605,MORTGAGE,8,0,1,0,0,0,0,1,0,0,B,6500,10.99,0,0.12,0,2
8128,23,55812,MORTGAGE,4,0,1,0,0,0,0,1,0,0,B,21825,11.36,0,0.39,0,2
8132,23,49980,MORTGAGE,7,0,1,0,0,0,0,1,0,0,B,4800,10.37,1,0.1,0,2
8141,24,56000,MORTGAGE,8,0,1,0,0,0,0,1,0,0,A,12250,6.03,0,0.22,0,4
8153,22,56000,MORTGAGE,4,0,1,0,0,0,0,1,0,0,B,9000,10.59,0,0.16,0,2
8160,23,50000,MORTGAGE,7,0,1,0,0,0,0,1,0,0,D,7500,15.62,1,0.15,0,3
8165,24,56000,MORTGAGE,5,0,1,0,0,0,0,1,0,0,A,17400,5.99,0,0.31,0,2
8178,21,56000,MORTGAGE,6,0,1,0,0,0,0,1,0,0,B,5600,10.37,0,0.1,0,4
8191,22,56000,MORTGAGE,5,0,1,0,0,0,0,1,0,0,B,12000,10.99,0,0.21,0,2
8204,23,56000,MORTGAGE,1,0,1,0,0,0,0,1,0,0,A,10000,8.59,0,0.18,0,3
8213,26,56000,MORTGAGE,11,0,1,0,0,0,0,1,0,0,B,12000,11.89,0,0.21,0,3
8225,22,56004,MORTGAGE,6,0,1,0,0,0,0,1,0,0,B,6000,11.86,0,0.11,0,3
8226,22,56004,MORTGAGE,6,0,1,0,0,0,0,1,0,0,A,6000,7.88,0,0.11,0,4
8252,23,56500,MORTGAGE,7,0,1,0,0,0,0,1,0,0,A,9800,,0,0.17,0,2
8260,22,56650,MORTGAGE,2,0,1,0,0,0,0,1,0,0,B,6500,10.65,0,0.11,0,2
8268,23,56900,MORTGAGE,7,0,1,0,0,0,0,1,0,0,B,11200,,0,0.2,0,3
8275,24,57000,MORTGAGE,0,0,1,0,0,0,0,1,0,0,B,2400,12.69,0,0.04,0,4
8327,26,51000,MORTGAGE,5,0,1,0,0,0,0,1,0,0,D,7000,15.21,1,0.14,0,4
8355,25,57120,MORTGAGE,,0,1,0,0,0,0,1,0,0,B,25000,10.99,0,0.44,0,4
8357,21,57192,MORTGAGE,0,0,1,0,0,0,0,1,0,0,A,8000,7.49,0,0.14,0,3
8387,22,57564,MORTGAGE,6,0,1,0,0,0,0,1,0,0,B,21000,11.48,0,0.36,0,3
8392,26,57600,MORTGAGE,10,0,1,0,0,0,0,1,0,0,B,1800,12.42,0,0.03,0,3
8443,26,51996,MORTGAGE,2,0,1,0,0,0,0,1,0,0,E,6500,15.68,1,0.13,0,4
8446,26,58000,MORTGAGE,5,0,1,0,0,0,0,1,0,0,B,31300,11.71,0,0.54,0,3
8481,22,58000,MORTGAGE,4,0,1,0,0,0,0,1,0,0,A,11050,6.54,0,0.19,0,4
8482,25,58000,MORTGAGE,9,0,1,0,0,0,0,1,0,0,A,8500,7.14,0,0.15,0,3
8501,25,58000,MORTGAGE,9,0,1,0,0,0,0,1,0,0,B,10400,12.18,0,0.18,0,2
8512,25,58000,MORTGAGE,4,0,1,0,0,0,0,1,0,0,B,17000,10.95,0,0.29,0,4
8544,23,58500,MORTGAGE,6,0,1,0,0,0,0,1,0,0,A,4000,8,0,0.07,0,2
8546,23,58560,MORTGAGE,7,0,1,0,0,0,0,1,0,0,B,8000,12.21,0,0.14,0,3
8565,21,58951,MORTGAGE,5,0,1,0,0,0,0,1,0,0,A,3000,7.51,0,0.05,0,4
8568,22,59000,MORTGAGE,5,0,1,0,0,0,0,1,0,0,A,6000,,0,0.1,0,2
8579,22,59000,MORTGAGE,1,0,1,0,0,0,0,1,0,0,A,15000,5.99,0,0.25,0,3
8580,25,53000,MORTGAGE,9,0,1,0,0,0,0,1,0,0,A,10625,,1,0.2,0,4
8583,24,53000,MORTGAGE,6,0,1,0,0,0,0,1,0,0,D,5000,15.62,1,0.09,0,4
8609,25,59000,MORTGAGE,6,0,1,0,0,0,0,1,0,0,A,5100,8.32,0,0.09,0,3
8679,26,60000,MORTGAGE,2,0,1,0,0,0,0,1,0,0,C,18000,13.49,0,0.3,0,4
8689,24,60000,MORTGAGE,7,0,1,0,0,0,0,1,0,0,A,20000,7.9,0,0.33,0,4
8696,23,60000,MORTGAGE,7,0,1,0,0,0,0,1,0,0,A,7000,7.9,0,0.12,0,4
8700,23,60000,MORTGAGE,7,0,1,0,0,0,0,1,0,0,A,3000,8.9,0,0.05,0,4
8717,22,60000,MORTGAGE,1,0,1,0,0,0,0,1,0,0,A,10000,7.9,0,0.17,0,4
8749,25,60000,MORTGAGE,4,0,1,0,0,0,0,1,0,0,A,8650,7.51,0,0.14,0,2
8767,22,60000,MORTGAGE,1,0,1,0,0,0,0,1,0,0,B,6750,10.99,0,0.11,0,4
8793,24,60000,MORTGAGE,8,0,1,0,0,0,0,1,0,0,A,17000,7.49,0,0.28,0,2
8806,23,54000,MORTGAGE,5,0,1,0,0,0,0,1,0,0,C,5200,13.99,1,0.1,0,3
8824,25,60000,MORTGAGE,2,0,1,0,0,0,0,1,0,0,B,12500,11.49,0,0.21,0,2
8830,23,60000,MORTGAGE,7,0,1,0,0,0,0,1,0,0,C,5000,12.99,0,0.08,0,2
8843,22,60000,MORTGAGE,2,0,1,0,0,0,0,1,0,0,A,10000,,0,0.17,0,2
8861,24,60000,MORTGAGE,2,0,1,0,0,0,0,1,0,0,B,12000,9.99,0,0.2,0,2
8884,24,60000,MORTGAGE,8,0,1,0,0,0,0,1,0,0,A,13000,7.29,0,0.22,0,2
8887,23,60000,MORTGAGE,3,0,1,0,0,0,0,1,0,0,A,4000,7.66,0,0.07,0,2
8897,26,60000,MORTGAGE,10,0,1,0,0,0,0,1,0,0,A,5000,6.92,0,0.08,0,4
8908,23,60000,MORTGAGE,0,0,1,0,0,0,0,1,0,0,B,15000,10.37,0,0.25,0,4
8953,23,60000,MORTGAGE,8,0,1,0,0,0,0,1,0,0,B,10000,,0,0.17,0,3
8961,24,60000,MORTGAGE,2,0,1,0,0,0,0,1,0,0,B,9700,8.88,0,0.16,0,3
8979,26,60000,MORTGAGE,2,0,1,0,0,0,0,1,0,0,B,5000,,0,0.08,0,4
9005,22,60000,MORTGAGE,6,0,1,0,0,0,0,1,0,0,A,17500,7.88,0,0.29,0,4
9013,23,54000,MORTGAGE,2,0,1,0,0,0,0,1,0,0,D,7500,15.58,1,0.14,0,2
9061,26,54000,MORTGAGE,10,0,1,0,0,0,0,1,0,0,C,10000,,1,0.19,0,3
9086,24,60000,MORTGAGE,,0,1,0,0,0,0,1,0,0,A,5000,7.14,0,0.08,0,2
9128,22,60000,MORTGAGE,6,0,1,0,0,0,0,1,0,0,B,5000,11.83,0,0.08,0,4
9140,23,60000,MORTGAGE,3,0,1,0,0,0,0,1,0,0,A,4500,7.4,0,0.07,0,3
9144,22,60000,MORTGAGE,3,0,1,0,0,0,0,1,0,0,A,2000,7.4,0,0.03,0,2
9147,23,60000,MORTGAGE,0,0,1,0,0,0,0,1,0,0,A,5000,,0,0.08,0,2
9212,24,54000,MORTGAGE,9,0,1,0,0,0,0,1,0,0,A,10000,9.63,1,0.19,0,2
9254,22,60000,MORTGAGE,6,0,1,0,0,0,0,1,0,0,A,8000,8.07,0,0.13,0,4
9276,24,54500,MORTGAGE,7,0,1,0,0,0,0,1,0,0,D,8000,17.49,1,0.15,0,4
9294,22,61000,MORTGAGE,6,0,1,0,0,0,0,1,0,0,C,12000,13.49,0,0.2,0,2
9322,22,61000,MORTGAGE,1,0,1,0,0,0,0,1,0,0,A,8000,5.79,0,0.13,0,4
9324,26,61000,MORTGAGE,8,0,1,0,0,0,0,1,0,0,B,21000,,0,0.34,0,2
9326,22,61000,MORTGAGE,2,0,1,0,0,0,0,1,0,0,A,18200,7.51,0,0.3,0,4
9341,24,61147,MORTGAGE,5,0,1,0,0,0,0,1,0,0,A,17000,6.03,0,0.28,0,4
9350,25,61200,MORTGAGE,10,0,1,0,0,0,0,1,0,0,A,5200,5.42,0,0.08,0,4
9368,23,55400,MORTGAGE,1,0,1,0,0,0,0,1,0,0,D,5500,14.61,1,0.1,0,2
9384,24,61800,MORTGAGE,0,0,1,0,0,0,0,1,0,0,A,1500,6.54,0,0.02,0,2
9411,23,62000,MORTGAGE,1,0,1,0,0,0,0,1,0,0,A,10000,7.9,0,0.16,0,3
9426,23,62000,MORTGAGE,3,0,1,0,0,0,0,1,0,0,A,9000,,0,0.15,0,4
9445,24,62000,MORTGAGE,1,0,1,0,0,0,0,1,0,0,A,20000,,0,0.32,0,4
9454,26,62000,MORTGAGE,5,0,1,0,0,0,0,1,0,0,A,10000,7.88,0,0.16,0,2
9458,26,62000,MORTGAGE,4,0,1,0,0,0,0,1,0,0,B,20000,10.38,0,0.32,0,4
9473,23,62000,MORTGAGE,4,0,1,0,0,0,0,1,0,0,B,10000,12.18,0,0.16,0,2
9498,22,62000,MORTGAGE,5,0,1,0,0,0,0,1,0,0,B,3000,8.7,0,0.05,0,3
9506,26,62004,MORTGAGE,3,0,1,0,0,0,0,1,0,0,B,4000,9.99,0,0.06,0,2
9514,23,62004,MORTGAGE,7,0,1,0,0,0,0,1,0,0,A,10000,9.07,0,0.16,0,4
9531,21,62316,MORTGAGE,5,0,1,0,0,0,0,1,0,0,A,10000,7.66,0,0.16,0,4
9544,23,62400,MORTGAGE,7,0,1,0,0,0,0,1,0,0,C,7000,13.06,0,0.11,0,4
9569,26,62500,MORTGAGE,9,0,1,0,0,0,0,1,0,0,B,8000,11.49,0,0.13,0,2
9588,24,62677,MORTGAGE,2,0,1,0,0,0,0,1,0,0,B,6000,10.2,0,0.1,0,2
9589,26,62690,MORTGAGE,7,0,1,0,0,0,0,1,0,0,B,4400,,0,0.07,0,4
9607,25,63000,MORTGAGE,9,0,1,0,0,0,0,1,0,0,A,20000,8.49,0,0.32,0,4
9617,23,63000,MORTGAGE,7,0,1,0,0,0,0,1,0,0,A,9700,5.99,0,0.15,0,4
9621,22,63000,MORTGAGE,6,0,1,0,0,0,0,1,0,0,A,10800,5.99,0,0.17,0,2
9628,22,63000,MORTGAGE,6,0,1,0,0,0,0,1,0,0,B,15000,,0,0.24,0,3
9629,22,63000,MORTGAGE,2,0,1,0,0,0,0,1,0,0,A,12000,7.66,0,0.19,0,3
9630,26,63000,MORTGAGE,10,0,1,0,0,0,0,1,0,0,A,10000,6.91,0,0.16,0,2
9664,26,63000,MORTGAGE,10,0,1,0,0,0,0,1,0,0,A,3500,7.68,0,0.06,0,4
9668,24,63000,MORTGAGE,0,0,1,0,0,0,0,1,0,0,C,15000,13.47,0,0.24,0,4
9681,23,63150,MORTGAGE,7,0,1,0,0,0,0,1,0,0,B,12000,9.91,0,0.19,0,2
9712,24,57655,MORTGAGE,7,0,1,0,0,0,0,1,0,0,D,9925,15.58,1,0.17,0,2
9718,26,63834,MORTGAGE,5,0,1,0,0,0,0,1,0,0,B,17000,11.12,0,0.27,0,3
9724,24,63996,MORTGAGE,8,0,1,0,0,0,0,1,0,0,A,14400,9.63,0,0.23,0,4
9752,24,64000,MORTGAGE,3,0,1,0,0,0,0,1,0,0,B,13225,10.37,0,0.21,0,3
9753,25,64000,MORTGAGE,10,0,1,0,0,0,0,1,0,0,A,5000,7.29,0,0.08,0,2
9755,22,64000,MORTGAGE,6,0,1,0,0,0,0,1,0,0,B,7000,10.38,0,0.11,0,4
9776,22,64000,MORTGAGE,5,0,1,0,0,0,0,1,0,0,A,2000,9.32,0,0.03,0,4
9779,23,58000,MORTGAGE,7,0,1,0,0,0,0,1,0,0,C,7200,11.97,1,0.12,0,3
9790,26,64260,MORTGAGE,3,0,1,0,0,0,0,1,0,0,A,4500,8.94,0,0.07,0,2
9794,23,64500,MORTGAGE,0,0,1,0,0,0,0,1,0,0,A,10000,,0,0.16,0,4
9795,23,64500,MORTGAGE,6,0,1,0,0,0,0,1,0,0,B,7000,10.99,0,0.11,0,2
9815,26,64800,MORTGAGE,5,0,1,0,0,0,0,1,0,0,B,2000,11.99,0,0.03,0,4
9844,23,65000,MORTGAGE,0,0,1,0,0,0,0,1,0,0,A,10200,7.9,0,0.16,0,3
9881,23,65000,MORTGAGE,3,0,1,0,0,0,0,1,0,0,A,7000,7.9,0,0.11,0,4
9935,24,65000,MORTGAGE,0,0,1,0,0,0,0,1,0,0,B,8000,10.99,0,0.12,0,3
9941,23,65000,MORTGAGE,7,0,1,0,0,0,0,1,0,0,A,7000,6.99,0,0.11,0,4
9975,24,65000,MORTGAGE,8,0,1,0,0,0,0,1,0,0,A,10000,5.79,0,0.15,0,2
10002,22,65000,MORTGAGE,0,0,1,0,0,0,0,1,0,0,B,3000,10.36,0,0.05,0,3
10004,21,59000,MORTGAGE,5,0,1,0,0,0,0,1,0,0,B,25000,9.99,1,0.42,0,4
10017,24,65000,MORTGAGE,5,0,1,0,0,0,0,1,0,0,B,2000,9.62,0,0.03,0,3
10025,25,65000,MORTGAGE,2,0,1,0,0,0,0,1,0,0,B,10000,10.75,0,0.15,0,4
10042,22,65000,MORTGAGE,6,0,1,0,0,0,0,1,0,0,B,3800,11.12,0,0.06,0,4
10046,25,65000,MORTGAGE,6,0,1,0,0,0,0,1,0,0,B,15000,11.86,0,0.23,0,3
10050,23,65000,MORTGAGE,4,0,1,0,0,0,0,1,0,0,A,7000,7.14,0,0.11,0,3
10088,24,65000,MORTGAGE,1,0,1,0,0,0,0,1,0,0,A,10000,8.59,0,0.15,0,3
10107,26,65000,MORTGAGE,6,0,1,0,0,0,0,1,0,0,B,9250,,0,0.14,0,2
10141,22,65004,MORTGAGE,6,0,1,0,0,0,0,1,0,0,A,5500,6.03,0,0.08,0,2
10148,25,65004,MORTGAGE,9,0,1,0,0,0,0,1,0,0,A,4500,6.92,0,0.07,0,2
10150,22,65004,MORTGAGE,6,0,1,0,0,0,0,1,0,0,B,6500,9.25,0,0.1,0,4
10159,21,65004,MORTGAGE,5,0,1,0,0,0,0,1,0,0,A,1500,7.88,0,0.02,0,4
10176,24,65200,MORTGAGE,5,0,1,0,0,0,0,1,0,0,B,3000,11.26,0,0.05,0,3
10201,22,65856,MORTGAGE,6,0,1,0,0,0,0,1,0,0,C,16800,13.92,0,0.26,0,2
10211,26,60000,MORTGAGE,0,0,1,0,0,0,0,1,0,0,A,5000,7.9,1,0.08,0,2
10240,25,66000,MORTGAGE,9,0,1,0,0,0,0,1,0,0,B,6600,11.49,0,0.1,0,4
10256,21,66000,MORTGAGE,5,0,1,0,0,0,0,1,0,0,A,18000,6.91,0,0.27,0,3
10258,24,66000,MORTGAGE,8,0,1,0,0,0,0,1,0,0,A,15000,6.54,0,0.23,0,4
10282,26,66000,MORTGAGE,5,0,1,0,0,0,0,1,0,0,B,15000,9.88,0,0.23,0,4
10303,22,66250,MORTGAGE,5,0,1,0,0,0,0,1,0,0,A,8700,6.92,0,0.13,0,3
10308,25,66420,MORTGAGE,1,0,1,0,0,0,0,1,0,0,B,4000,12.18,0,0.06,0,3
10319,23,66661,MORTGAGE,7,0,1,0,0,0,0,1,0,0,B,1500,11.49,0,0.02,0,3
10322,26,66912,MORTGAGE,10,0,1,0,0,0,0,1,0,0,A,12000,5.42,0,0.18,0,3
10332,23,66996,MORTGAGE,7,0,1,0,0,0,0,1,0,0,A,10000,9.32,0,0.15,0,3
10334,24,66996,MORTGAGE,8,0,1,0,0,0,0,1,0,0,A,1000,9.32,0,0.01,0,4
10344,23,67000,MORTGAGE,7,0,1,0,0,0,0,1,0,0,B,2500,11.71,0,0.04,0,3
10345,26,67000,MORTGAGE,4,0,1,0,0,0,0,1,0,0,A,10400,8.9,0,0.16,0,4
10404,23,52102,MORTGAGE,1,0,1,0,0,0,0,1,0,0,B,3500,10.75,1,0.06,0,3
10411,21,52244,MORTGAGE,5,0,1,0,0,0,0,1,0,0,C,4000,,1,0.07,0,2
10428,25,67675,MORTGAGE,9,0,1,0,0,0,0,1,0,0,C,3000,14.35,0,0.04,0,3
10453,23,68000,MORTGAGE,7,0,1,0,0,0,0,1,0,0,B,10000,9.91,0,0.15,0,4
10454,21,52700,MORTGAGE,4,0,1,0,0,0,0,1,0,0,D,26400,16.49,1,0.43,0,3
10459,24,68000,MORTGAGE,8,0,1,0,0,0,0,1,0,0,A,8000,7.49,0,0.12,0,4
10484,26,68000,MORTGAGE,2,0,1,0,0,0,0,1,0,0,A,3600,6.54,0,0.05,0,3
10486,22,68000,MORTGAGE,6,0,1,0,0,0,0,1,0,0,A,13000,7.88,0,0.19,0,2
10490,22,68000,MORTGAGE,6,0,1,0,0,0,0,1,0,0,A,3500,6.39,0,0.05,0,4
10516,26,52700,MORTGAGE,3,0,1,0,0,0,0,1,0,0,D,7500,13.8,1,0.12,0,2
10521,26,52703,MORTGAGE,5,0,1,0,0,0,0,1,0,0,B,4000,11.89,1,0.06,0,4
10549,26,68500,MORTGAGE,7,0,1,0,0,0,0,1,0,0,A,9000,7.88,0,0.13,0,4
10573,25,69000,MORTGAGE,9,0,1,0,0,0,0,1,0,0,A,25000,6.99,0,0.36,0,2
10580,22,69000,MORTGAGE,6,0,1,0,0,0,0,1,0,0,A,6500,5.99,0,0.09,0,2
10584,23,69000,MORTGAGE,7,0,1,0,0,0,0,1,0,0,C,8325,13.49,0,0.12,0,4
10592,24,69000,MORTGAGE,9,0,1,0,0,0,0,1,0,0,A,7200,7.88,0,0.1,0,2
10593,26,69000,MORTGAGE,10,0,1,0,0,0,0,1,0,0,A,6000,7.14,0,0.09,0,3
10638,24,69684,MORTGAGE,4,0,1,0,0,0,0,1,0,0,B,2400,,0,0.03,0,4
10647,23,69935,MORTGAGE,2,0,1,0,0,0,0,1,0,0,A,7200,7.49,0,0.1,0,3
10704,22,70000,MORTGAGE,6,0,1,0,0,0,0,1,0,0,A,6000,6.03,0,0.09,0,2
10728,24,70000,MORTGAGE,2,0,1,0,0,0,0,1,0,0,C,10000,13.49,0,0.14,0,4
10737,21,70000,MORTGAGE,5,0,1,0,0,0,0,1,0,0,A,7000,6.03,0,0.1,0,3
10748,23,54400,MORTGAGE,0,0,1,0,0,0,0,1,0,0,D,12000,15.62,1,0.19,0,3
10764,25,70000,MORTGAGE,3,0,1,0,0,0,0,1,0,0,A,8000,6.99,0,0.11,0,4
10781,22,70000,MORTGAGE,6,0,1,0,0,0,0,1,0,0,B,2000,11.49,0,0.03,0,4
10790,25,70000,MORTGAGE,9,0,1,0,0,0,0,1,0,0,A,10000,5.42,0,0.14,0,4
10799,24,70000,MORTGAGE,8,0,1,0,0,0,0,1,0,0,B,1600,10.99,0,0.02,0,3
10825,24,70000,MORTGAGE,7,0,1,0,0,0,0,1,0,0,B,25000,,0,0.36,0,2
10827,25,70000,MORTGAGE,6,0,1,0,0,0,0,1,0,0,B,12000,10.37,0,0.17,0,4
10851,26,70000,MORTGAGE,3,0,1,0,0,0,0,1,0,0,B,3200,9.25,0,0.05,0,4
10884,22,70000,MORTGAGE,1,0,1,0,0,0,0,1,0,0,A,8400,7.88,0,0.12,0,2
10907,22,70000,MORTGAGE,6,0,1,0,0,0,0,1,0,0,B,11000,11.36,0,0.16,0,3
10969,24,70000,MORTGAGE,9,0,1,0,0,0,0,1,0,0,A,7500,8.32,0,0.11,0,2
10983,23,70200,MORTGAGE,3,0,1,0,0,0,0,1,0,0,A,5000,7.14,0,0.07,0,2
10996,26,55080,MORTGAGE,10,0,1,0,0,0,0,1,0,0,A,2500,7.66,1,0.04,0,3
11000,24,55243,MORTGAGE,6,0,1,0,0,0,0,1,0,0,B,2900,9.62,1,0.04,0,2
11019,24,71000,MORTGAGE,6,0,1,0,0,0,0,1,0,0,B,10000,10.36,0,0.14,0,4
11025,22,55250,MORTGAGE,2,0,1,0,0,0,0,1,0,0,D,7400,14.84,1,0.11,0,2
11043,22,71201,MORTGAGE,3,0,1,0,0,0,0,1,0,0,B,12000,11.71,0,0.17,0,4
11078,25,72000,MORTGAGE,2,0,1,0,0,0,0,1,0,0,A,5000,6.03,0,0.07,0,3
11085,26,72000,MORTGAGE,10,0,1,0,0,0,0,1,0,0,B,17000,10.65,0,0.24,0,4
11086,24,56100,MORTGAGE,0,0,1,0,0,0,0,1,0,0,B,6000,11.71,1,0.09,0,4
11095,26,72000,MORTGAGE,3,0,1,0,0,0,0,1,0,0,A,5000,8.49,0,0.07,0,3
11107,23,56100,MORTGAGE,3,0,1,0,0,0,0,1,0,0,B,5650,10.99,1,0.09,0,3
11116,24,72000,MORTGAGE,8,0,1,0,0,0,0,1,0,0,C,6000,13.49,0,0.08,0,2
11124,24,72000,MORTGAGE,5,0,1,0,0,0,0,1,0,0,A,11200,7.29,0,0.16,0,4
11155,24,72000,MORTGAGE,4,0,1,0,0,0,0,1,0,0,B,5000,9.25,0,0.07,0,2
11179,23,72000,MORTGAGE,7,0,1,0,0,0,0,1,0,0,B,5975,,0,0.08,0,3
11210,23,72000,MORTGAGE,5,0,1,0,0,0,0,1,0,0,A,16000,7.4,0,0.22,0,3
11254,23,56403,MORTGAGE,7,0,1,0,0,0,0,1,0,0,D,30000,16.49,1,0.45,0,2
11270,26,72600,MORTGAGE,3,0,1,0,0,0,0,1,0,0,A,4500,7.74,0,0.06,0,2
11291,24,73000,MORTGAGE,1,0,1,0,0,0,0,1,0,0,B,10000,11.99,0,0.14,0,2
11296,22,73000,MORTGAGE,6,0,1,0,0,0,0,1,0,0,A,5000,7.49,0,0.07,0,2
11297,22,73000,MORTGAGE,3,0,1,0,0,0,0,1,0,0,B,17000,11.99,0,0.23,0,3
11298,24,73000,MORTGAGE,3,0,1,0,0,0,0,1,0,0,A,10000,7.49,0,0.14,0,3
11301,24,56950,MORTGAGE,4,0,1,0,0,0,0,1,0,0,B,4500,10,1,0.07,0,3
11307,26,73000,MORTGAGE,5,0,1,0,0,0,0,1,0,0,C,14400,13.61,0,0.2,0,4
11311,22,73000,MORTGAGE,6,0,1,0,0,0,0,1,0,0,B,3000,,0,0.04,0,4
11362,22,74000,MORTGAGE,6,0,1,0,0,0,0,1,0,0,A,2500,6.62,0,0.03,0,3
11364,22,74000,MORTGAGE,6,0,1,0,0,0,0,1,0,0,A,4000,6.99,0,0.05,0,4
11375,26,74000,MORTGAGE,1,0,1,0,0,0,0,1,0,0,A,3000,6.76,0,0.04,0,3
11389,24,74000,MORTGAGE,6,0,1,0,0,0,0,1,0,0,B,5000,12.21,0,0.07,0,2
11399,22,74263,MORTGAGE,3,0,1,0,0,0,0,1,0,0,B,11500,9.99,0,0.15,0,3
11461,22,75000,MORTGAGE,6,0,1,0,0,0,0,1,0,0,C,15000,14.27,0,0.2,0,2
11472,23,75000,MORTGAGE,2,0,1,0,0,0,0,1,0,0,B,14000,10.65,0,0.19,0,3
11487,22,75000,MORTGAGE,2,0,1,0,0,0,0,1,0,0,A,8150,7.51,0,0.11,0,4
11511,26,75000,MORTGAGE,6,0,1,0,0,0,0,1,0,0,A,6375,5.99,0,0.09,0,3
11533,26,75000,MORTGAGE,6,0,1,0,0,0,0,1,0,0,A,13000,6.99,0,0.17,0,2
11539,22,75000,MORTGAGE,4,0,1,0,0,0,0,1,0,0,A,9000,6.99,0,0.12,0,2
11591,26,58650,MORTGAGE,5,0,1,0,0,0,0,1,0,0,A,14000,6.17,1,0.2,0,4
11595,25,58650,MORTGAGE,0,0,1,0,0,0,0,1,0,0,A,5200,6.54,1,0.08,0,2
11605,25,75000,MORTGAGE,5,0,1,0,0,0,0,1,0,0,A,1500,6.54,0,0.02,0,4
11612,22,75000,MORTGAGE,6,0,1,0,0,0,0,1,0,0,B,25000,9.25,0,0.33,0,2
11634,22,58650,MORTGAGE,5,0,1,0,0,0,0,1,0,0,D,9250,15.21,1,0.13,0,4
11646,24,75000,MORTGAGE,8,0,1,0,0,0,0,1,0,0,A,15000,7.51,0,0.2,0,2
11647,21,75000,MORTGAGE,4,0,1,0,0,0,0,1,0,0,B,25000,,0,0.33,0,2
11658,23,75000,MORTGAGE,7,0,1,0,0,0,0,1,0,0,B,6000,10.99,0,0.08,0,3
11667,25,75000,MORTGAGE,1,0,1,0,0,0,0,1,0,0,A,8000,7.51,0,0.11,0,3
11670,23,75000,MORTGAGE,3,0,1,0,0,0,0,1,0,0,C,11000,13.85,0,0.15,0,2
11676,26,58650,MORTGAGE,3,0,1,0,0,0,0,1,0,0,C,17500,,1,0.25,0,4
11679,23,58650,MORTGAGE,7,0,1,0,0,0,0,1,0,0,A,5000,8.59,1,0.07,0,3
11705,22,58650,MORTGAGE,6,0,1,0,0,0,0,1,0,0,D,25000,14.96,1,0.36,0,2
11715,24,75000,MORTGAGE,6,0,1,0,0,0,0,1,0,0,A,9000,8.59,0,0.12,0,4
11733,23,75000,MORTGAGE,4,0,1,0,0,0,0,1,0,0,C,16800,13.47,0,0.22,0,4
11761,25,75181,MORTGAGE,9,0,1,0,0,0,0,1,0,0,A,6000,7.51,0,0.08,0,4
11769,26,75555,MORTGAGE,4,0,1,0,0,0,0,1,0,0,B,10000,10.39,0,0.13,0,2
11773,25,75600,MORTGAGE,7,0,1,0,0,0,0,1,0,0,C,15000,12.68,0,0.2,0,2
11790,23,75996,MORTGAGE,7,0,1,0,0,0,0,1,0,0,B,15000,10.62,0,0.2,0,2
11791,25,75996,MORTGAGE,9,0,1,0,0,0,0,1,0,0,A,9000,7.74,0,0.12,0,3
11795,21,76000,MORTGAGE,6,0,1,0,0,0,0,1,0,0,B,14000,12.69,0,0.18,0,3
11796,23,76000,MORTGAGE,7,0,1,0,0,0,0,1,0,0,B,3600,10.65,0,0.05,0,3
11825,23,59500,MORTGAGE,1,0,1,0,0,0,0,1,0,0,B,20000,11.83,1,0.29,0,4
11830,25,59623,MORTGAGE,9,0,1,0,0,0,0,1,0,0,B,3400,,1,0.05,0,2
11838,22,59813,MORTGAGE,6,0,1,0,0,0,0,1,0,0,E,20000,17.74,1,0.28,0,3
11861,22,76875,MORTGAGE,0,0,1,0,0,0,0,1,0,0,A,13750,,0,0.18,0,4
11866,22,77000,MORTGAGE,6,0,1,0,0,0,0,1,0,0,A,12400,7.51,0,0.16,0,4
11874,22,60350,MORTGAGE,6,0,1,0,0,0,0,1,0,0,D,35000,16.89,1,0.49,0,3
11889,24,77000,MORTGAGE,8,0,1,0,0,0,0,1,0,0,A,14000,8.94,0,0.18,0,3
11895,26,77004,MORTGAGE,0,0,1,0,0,0,0,1,0,0,B,6000,11.99,0,0.08,0,4
11897,23,77004,MORTGAGE,6,0,1,0,0,0,0,1,0,0,A,12000,5.79,0,0.16,0,3
11907,22,77237,MORTGAGE,0,0,1,0,0,0,0,1,0,0,A,5875,6.17,0,0.08,0,3
11908,24,77237,MORTGAGE,8,0,1,0,0,0,0,1,0,0,A,15000,6.17,0,0.19,0,3
11938,23,78000,MORTGAGE,0,0,1,0,0,0,0,1,0,0,A,10000,6.62,0,0.13,0,2
11951,23,78000,MORTGAGE,7,0,1,0,0,0,0,1,0,0,B,25000,,0,0.32,0,4
11994,22,78000,MORTGAGE,6,0,1,0,0,0,0,1,0,0,A,7750,7.51,0,0.1,0,4
12012,24,61200,MORTGAGE,9,0,1,0,0,0,0,1,0,0,B,13500,10.83,1,0.19,0,2
12018,25,78200,MORTGAGE,9,0,1,0,0,0,0,1,0,0,A,6000,6.54,0,0.08,0,3
12020,23,61455,MORTGAGE,0,0,1,0,0,0,0,1,0,0,E,15000,16.82,1,0.21,0,3
12038,26,61754,MORTGAGE,7,0,1,0,0,0,0,1,0,0,D,10000,14.83,1,0.14,0,4
12041,25,78720,MORTGAGE,6,0,1,0,0,0,0,1,0,0,B,10000,9.62,0,0.13,0,2
12044,26,78948,MORTGAGE,3,0,1,0,0,0,0,1,0,0,B,17500,11.83,0,0.22,0,2
12050,22,79000,MORTGAGE,6,0,1,0,0,0,0,1,0,0,A,10375,6.62,0,0.13,0,4
12067,25,62050,MORTGAGE,7,0,1,0,0,0,0,1,0,0,B,18300,10.62,1,0.25,0,3
12076,25,79000,MORTGAGE,2,0,1,0,0,0,0,1,0,0,C,15000,13.79,0,0.19,0,2
12080,26,79200,MORTGAGE,8,0,1,0,0,0,0,1,0,0,A,6075,6.03,0,0.08,0,2
12110,24,80000,MORTGAGE,9,0,1,0,0,0,0,1,0,0,A,10000,,0,0.13,0,2
12114,26,62900,MORTGAGE,4,0,1,0,0,0,0,1,0,0,A,11000,7.9,1,0.15,0,3
12116,25,80000,MORTGAGE,4,0,1,0,0,0,0,1,0,0,C,25000,13.49,0,0.31,0,2
12136,22,80000,MORTGAGE,5,0,1,0,0,0,0,1,0,0,B,9500,11.71,0,0.12,0,2
12151,25,80000,MORTGAGE,2,0,1,0,0,0,0,1,0,0,A,5000,7.51,0,0.06,0,3
12156,25,80000,MORTGAGE,6,0,1,0,0,0,0,1,0,0,A,3000,6.03,0,0.04,0,2
12186,24,80000,MORTGAGE,2,0,1,0,0,0,0,1,0,0,B,2500,11.49,0,0.03,0,2
12192,23,80000,MORTGAGE,4,0,1,0,0,0,0,1,0,0,B,8000,10.99,0,0.1,0,3
12194,26,80000,MORTGAGE,5,0,1,0,0,0,0,1,0,0,A,5000,,0,0.06,0,3
12195,25,80000,MORTGAGE,0,0,1,0,0,0,0,1,0,0,B,15500,,0,0.19,0,3
12209,24,80000,MORTGAGE,8,0,1,0,0,0,0,1,0,0,A,9000,,0,0.11,0,4
12258,26,80000,MORTGAGE,6,0,1,0,0,0,0,1,0,0,A,2000,6.91,0,0.03,0,3
12259,25,80000,MORTGAGE,9,0,1,0,0,0,0,1,0,0,A,3000,6.17,0,0.04,0,4
12261,25,80000,MORTGAGE,0,0,1,0,0,0,0,1,0,0,A,10000,5.79,0,0.13,0,4
12331,25,80000,MORTGAGE,4,0,1,0,0,0,0,1,0,0,A,6000,7.74,0,0.07,0,4
12418,23,80796,MORTGAGE,7,0,1,0,0,0,0,1,0,0,A,5000,,0,0.06,0,3
12431,26,81000,MORTGAGE,6,0,1,0,0,0,0,1,0,0,B,5000,10.75,0,0.06,0,3
12444,25,81000,MORTGAGE,2,0,1,0,0,0,0,1,0,0,B,5200,10.95,0,0.06,0,2
12455,22,81400,MORTGAGE,4,0,1,0,0,0,0,1,0,0,B,8500,,0,0.1,0,2
12502,23,82000,MORTGAGE,0,0,1,0,0,0,0,1,0,0,A,14400,,0,0.18,0,2
12505,24,82000,MORTGAGE,2,0,1,0,0,0,0,1,0,0,A,20000,6.54,0,0.24,0,4
12543,23,65025,MORTGAGE,7,0,1,0,0,0,0,1,0,0,C,16000,14.35,1,0.21,0,3
12547,22,82500,MORTGAGE,3,0,1,0,0,0,0,1,0,0,A,14400,9.32,0,0.17,0,3
12577,24,83000,MORTGAGE,6,0,1,0,0,0,0,1,0,0,A,15000,6.91,0,0.18,0,4
12582,26,83000,MORTGAGE,2,0,1,0,0,0,0,1,0,0,B,25000,10.99,0,0.3,0,3
12585,21,83000,MORTGAGE,4,0,1,0,0,0,0,1,0,0,A,8500,8,0,0.1,0,4
12588,26,65450,MORTGAGE,3,0,1,0,0,0,0,1,0,0,B,10800,12.21,1,0.14,0,3
12608,26,83500,MORTGAGE,3,0,1,0,0,0,0,1,0,0,A,1600,6.76,0,0.02,0,3
12609,26,83500,MORTGAGE,0,0,1,0,0,0,0,1,0,0,A,6500,8.59,0,0.08,0,2
12614,26,83957,MORTGAGE,4,0,1,0,0,0,0,1,0,0,A,3000,8.94,0,0.04,0,3
12619,25,84000,MORTGAGE,9,0,1,0,0,0,0,1,0,0,C,20000,15.27,0,0.24,0,3
12630,25,84000,MORTGAGE,7,0,1,0,0,0,0,1,0,0,B,6500,10.99,0,0.08,0,3
12656,22,84000,MORTGAGE,0,0,1,0,0,0,0,1,0,0,A,10000,7.88,0,0.12,0,3
12658,25,66300,MORTGAGE,9,0,1,0,0,0,0,1,0,0,A,1700,6.76,1,0.02,0,4
12681,26,84191,MORTGAGE,5,0,1,0,0,0,0,1,0,0,A,9000,6.62,0,0.11,0,4
12708,23,84996,MORTGAGE,7,0,1,0,0,0,0,1,0,0,B,10000,10.95,0,0.12,0,4
12710,23,84996,MORTGAGE,5,0,1,0,0,0,0,1,0,0,B,5000,10.95,0,0.06,0,3
12716,24,62050,MORTGAGE,1,0,1,0,0,0,0,1,0,0,C,5600,14.65,1,0.08,0,4
12727,26,85000,MORTGAGE,10,0,1,0,0,0,0,1,0,0,A,24000,8.9,0,0.28,0,3
12739,24,85000,MORTGAGE,4,0,1,0,0,0,0,1,0,0,C,10000,,0,0.12,0,4
12748,24,85000,MORTGAGE,8,0,1,0,0,0,0,1,0,0,B,25600,12.69,0,0.3,0,4
12770,26,85000,MORTGAGE,0,0,1,0,0,0,0,1,0,0,A,11600,5.42,0,0.14,0,4
12825,24,85000,MORTGAGE,8,0,1,0,0,0,0,1,0,0,B,25000,10.36,0,0.29,0,3
12847,24,85000,MORTGAGE,4,0,1,0,0,0,0,1,0,0,B,2500,10.38,0,0.03,0,4
12852,24,85000,MORTGAGE,4,0,1,0,0,0,0,1,0,0,B,7750,11.12,0,0.09,0,4
12863,26,85000,MORTGAGE,8,0,1,0,0,0,0,1,0,0,A,15000,7.88,0,0.18,0,4
12887,26,85000,MORTGAGE,2,0,1,0,0,0,0,1,0,0,B,8000,11.14,0,0.09,0,3
12903,22,62050,MORTGAGE,1,0,1,0,0,0,0,1,0,0,D,6000,14.74,1,0.08,0,2
12908,22,85000,MORTGAGE,1,0,1,0,0,0,0,1,0,0,C,25000,12.53,0,0.29,0,4
12974,23,86000,MORTGAGE,4,0,1,0,0,0,0,1,0,0,B,25000,,0,0.29,0,3
12978,24,62900,MORTGAGE,8,0,1,0,0,0,0,1,0,0,F,14000,17.58,1,0.19,0,4
12982,25,62903,MORTGAGE,9,0,1,0,0,0,0,1,0,0,B,3000,10.65,1,0.04,0,2
12989,24,86376,MORTGAGE,2,0,1,0,0,0,0,1,0,0,A,20000,7.29,0,0.23,0,3
13003,23,63719,MORTGAGE,0,0,1,0,0,0,0,1,0,0,A,3500,7.9,1,0.05,0,3
13006,24,63750,MORTGAGE,8,0,1,0,0,0,0,1,0,0,D,35000,,1,0.47,0,3
13008,23,87000,MORTGAGE,7,0,1,0,0,0,0,1,0,0,A,17000,7.51,0,0.2,0,3
13025,24,87000,MORTGAGE,5,0,1,0,0,0,0,1,0,0,B,10000,10.36,0,0.11,0,3
13041,23,63750,MORTGAGE,2,0,1,0,0,0,0,1,0,0,C,15000,12.87,1,0.2,0,4
13044,25,87000,MORTGAGE,4,0,1,0,0,0,0,1,0,0,B,13000,11.26,0,0.15,0,3
13058,26,87292,MORTGAGE,5,0,1,0,0,0,0,1,0,0,A,9600,5.99,0,0.11,0,4
13066,24,87500,MORTGAGE,8,0,1,0,0,0,0,1,0,0,A,10000,6.17,0,0.11,0,4
13084,24,88000,MORTGAGE,4,0,1,0,0,0,0,1,0,0,B,6000,9.91,0,0.07,0,2
13098,23,88000,MORTGAGE,7,0,1,0,0,0,0,1,0,0,C,18150,12.68,0,0.21,0,2
13110,23,88000,MORTGAGE,7,0,1,0,0,0,0,1,0,0,A,10000,8.94,0,0.11,0,2
13113,25,88000,MORTGAGE,7,0,1,0,0,0,0,1,0,0,B,11000,11.14,0,0.13,0,4
13133,25,88668,MORTGAGE,2,0,1,0,0,0,0,1,0,0,A,3000,6.62,0,0.03,0,2
13135,26,88800,MORTGAGE,10,0,1,0,0,0,0,1,0,0,B,10000,11.36,0,0.11,0,3
13139,26,88900,MORTGAGE,9,0,1,0,0,0,0,1,0,0,C,19200,14.65,0,0.22,0,4
13141,24,65450,MORTGAGE,8,0,1,0,0,0,0,1,0,0,D,5000,16.77,1,0.06,0,4
13145,25,89000,MORTGAGE,9,0,1,0,0,0,0,1,0,0,A,14000,7.49,0,0.16,0,2
13159,25,89016,MORTGAGE,9,0,1,0,0,0,0,1,0,0,A,4500,,0,0.05,0,3
13183,24,66300,MORTGAGE,6,0,1,0,0,0,0,1,0,0,E,30000,19.42,1,0.38,0,3
13187,25,90000,MORTGAGE,2,0,1,0,0,0,0,1,0,0,B,15000,12.42,0,0.17,0,2
13194,25,90000,MORTGAGE,2,0,1,0,0,0,0,1,0,0,B,9500,11.71,0,0.11,0,4
13202,24,90000,MORTGAGE,0,0,1,0,0,0,0,1,0,0,B,13000,12.42,0,0.14,0,3
13215,25,66300,MORTGAGE,6,0,1,0,0,0,0,1,0,0,C,20000,15.27,1,0.26,0,4
13221,22,90000,MORTGAGE,2,0,1,0,0,0,0,1,0,0,B,7000,,0,0.08,0,2
13224,23,90000,MORTGAGE,7,0,1,0,0,0,0,1,0,0,B,21000,12.42,0,0.23,0,2
13230,23,66300,MORTGAGE,6,0,1,0,0,0,0,1,0,0,B,14000,,1,0.18,0,3
13232,24,90000,MORTGAGE,1,0,1,0,0,0,0,1,0,0,B,15000,9.99,0,0.17,0,4
13234,25,90000,MORTGAGE,9,0,1,0,0,0,0,1,0,0,A,6000,6.99,0,0.07,0,3
13251,24,90000,MORTGAGE,7,0,1,0,0,0,0,1,0,0,A,15000,8.49,0,0.17,0,3
13281,24,90000,MORTGAGE,3,0,1,0,0,0,0,1,0,0,A,3000,,0,0.03,0,4
13282,23,90000,MORTGAGE,4,0,1,0,0,0,0,1,0,0,B,4800,10.36,0,0.05,0,4
13290,23,66300,MORTGAGE,2,0,1,0,0,0,0,1,0,0,D,15000,14.83,1,0.19,0,4
13297,22,90000,MORTGAGE,6,0,1,0,0,0,0,1,0,0,B,6000,9.25,0,0.07,0,2
13310,25,90000,MORTGAGE,9,0,1,0,0,0,0,1,0,0,C,15000,13.61,0,0.17,0,3
13315,25,90000,MORTGAGE,9,0,1,0,0,0,0,1,0,0,A,6000,,0,0.07,0,4
13415,24,91000,MORTGAGE,5,0,1,0,0,0,0,1,0,0,A,15000,7.88,0,0.16,0,4
13435,24,91228,MORTGAGE,2,0,1,0,0,0,0,1,0,0,A,12000,7.49,0,0.13,0,3
13458,26,68000,MORTGAGE,11,0,1,0,0,0,0,1,0,0,D,25000,15.65,1,0.31,0,2
13469,23,68000,MORTGAGE,4,0,1,0,0,0,0,1,0,0,D,8000,15.33,1,0.1,0,3
13475,25,92000,MORTGAGE,9,0,1,0,0,0,0,1,0,0,B,13000,11.26,0,0.14,0,2
13486,26,92004,MORTGAGE,3,0,1,0,0,0,0,1,0,0,C,24250,14.72,0,0.26,0,4
13493,26,92400,MORTGAGE,8,0,1,0,0,0,0,1,0,0,A,14500,7.88,0,0.16,0,4
13511,26,92795,MORTGAGE,10,0,1,0,0,0,0,1,0,0,B,19000,10.37,0,0.2,0,4
13519,22,93000,MORTGAGE,6,0,1,0,0,0,0,1,0,0,A,3600,7.9,0,0.04,0,3
13534,26,93000,MORTGAGE,8,0,1,0,0,0,0,1,0,0,A,17500,7.51,0,0.19,0,4
13537,25,93000,MORTGAGE,5,0,1,0,0,0,0,1,0,0,A,12000,7.88,0,0.13,0,4
13552,22,93218,MORTGAGE,5,0,1,0,0,0,0,1,0,0,B,12000,11.49,0,0.13,0,3
13562,23,69360,MORTGAGE,,0,1,0,0,0,0,1,0,0,B,9600,,1,0.12,0,4
13563,24,93600,MORTGAGE,,0,1,0,0,0,0,1,0,0,A,3600,5.42,0,0.04,0,2
13584,25,94000,MORTGAGE,5,0,1,0,0,0,0,1,0,0,B,20000,,0,0.21,0,4
13612,23,95000,MORTGAGE,4,0,1,0,0,0,0,1,0,0,A,4400,7.9,0,0.05,0,3
13614,23,70550,MORTGAGE,7,0,1,0,0,0,0,1,0,0,A,15000,8.9,1,0.18,0,4
13648,23,95000,MORTGAGE,3,0,1,0,0,0,0,1,0,0,A,9950,8.49,0,0.1,0,4
13651,22,95000,MORTGAGE,2,0,1,0,0,0,0,1,0,0,B,5000,10.59,0,0.05,0,2
13655,22,95000,MORTGAGE,0,0,1,0,0,0,0,1,0,0,A,9000,8.49,0,0.09,0,2
13669,24,95000,MORTGAGE,0,0,1,0,0,0,0,1,0,0,B,12000,10.36,0,0.13,0,4
13670,22,95000,MORTGAGE,0,0,1,0,0,0,0,1,0,0,A,6875,6.54,0,0.07,0,2
13683,22,95000,MORTGAGE,6,0,1,0,0,0,0,1,0,0,A,12000,7.51,0,0.13,0,3
13724,24,95004,MORTGAGE,0,0,1,0,0,0,0,1,0,0,C,18000,13.35,0,0.19,0,3
13757,25,96000,MORTGAGE,9,0,1,0,0,0,0,1,0,0,A,14000,6.03,0,0.15,0,3
13771,23,96000,MORTGAGE,2,0,1,0,0,0,0,1,0,0,A,12000,7.49,0,0.13,0,4
13788,26,96000,MORTGAGE,6,0,1,0,0,0,0,1,0,0,B,20000,11.11,0,0.21,0,4
13797,25,71400,MORTGAGE,9,0,1,0,0,0,0,1,0,0,D,25000,14.09,1,0.3,0,2
13814,24,96000,MORTGAGE,8,0,1,0,0,0,0,1,0,0,B,2000,10.38,0,0.02,0,3
13841,23,96060,MORTGAGE,7,0,1,0,0,0,0,1,0,0,A,10000,5.42,0,0.1,0,2
13857,23,72250,MORTGAGE,7,0,1,0,0,0,0,1,0,0,D,35000,15.99,1,0.41,0,2
13869,26,97000,MORTGAGE,4,0,1,0,0,0,0,1,0,0,C,6000,13.61,0,0.06,0,3
13887,23,97600,MORTGAGE,7,0,1,0,0,0,0,1,0,0,A,14500,7.51,0,0.15,0,2
13891,23,97781,MORTGAGE,7,0,1,0,0,0,0,1,0,0,A,5575,6.54,0,0.06,0,3
13904,26,98000,MORTGAGE,5,0,1,0,0,0,0,1,0,0,A,12000,8.49,0,0.12,0,3
13912,24,98000,MORTGAGE,,0,1,0,0,0,0,1,0,0,A,5000,5.79,0,0.05,0,2
13923,24,98000,MORTGAGE,8,0,1,0,0,0,0,1,0,0,B,25000,11.83,0,0.26,0,3
13935,23,73185,MORTGAGE,7,0,1,0,0,0,0,1,0,0,B,7000,9.63,1,0.08,0,2
13936,21,98132,MORTGAGE,5,0,1,0,0,0,0,1,0,0,B,15000,11.36,0,0.15,0,4
13962,26,99000,MORTGAGE,9,0,1,0,0,0,0,1,0,0,C,20000,14.22,0,0.2,0,4
13974,22,99600,MORTGAGE,6,0,1,0,0,0,0,1,0,0,B,5000,9.67,0,0.05,0,3
13978,25,99800,MORTGAGE,1,0,1,0,0,0,0,1,0,0,A,12000,8.94,0,0.12,0,2
13982,25,99996,MORTGAGE,6,0,1,0,0,0,0,1,0,0,B,8000,,0,0.08,0,4
13991,23,100000,MORTGAGE,7,0,1,0,0,0,0,1,0,0,B,25000,11.71,0,0.25,0,3
13999,23,100000,MORTGAGE,4,0,1,0,0,0,0,1,0,0,C,15000,13.49,0,0.15,0,4
14023,24,100000,MORTGAGE,4,0,1,0,0,0,0,1,0,0,B,8000,9.99,0,0.08,0,3
14030,24,100000,MORTGAGE,8,0,1,0,0,0,0,1,0,0,A,6000,5.42,0,0.06,0,4
14031,24,100000,MORTGAGE,8,0,1,0,0,0,0,1,0,0,A,5625,6.99,0,0.06,0,4
14035,23,100000,MORTGAGE,5,0,1,0,0,0,0,1,0,0,B,8000,11.49,0,0.08,0,4
14036,25,100000,MORTGAGE,9,0,1,0,0,0,0,1,0,0,A,3275,5.42,0,0.03,0,2
14037,24,100000,MORTGAGE,8,0,1,0,0,0,0,1,0,0,A,10750,6.99,0,0.11,0,4
14062,26,74800,MORTGAGE,3,0,1,0,0,0,0,1,0,0,D,10000,14.54,1,0.11,0,3
14064,25,100000,MORTGAGE,5,0,1,0,0,0,0,1,0,0,B,15000,,0,0.15,0,3
14070,25,100000,MORTGAGE,3,0,1,0,0,0,0,1,0,0,A,12000,5.79,0,0.12,0,2
14075,24,100000,MORTGAGE,6,0,1,0,0,0,0,1,0,0,A,20000,6.17,0,0.2,0,4
14087,23,100000,MORTGAGE,0,0,1,0,0,0,0,1,0,0,A,17000,5.79,0,0.17,0,4
14131,25,100000,MORTGAGE,9,0,1,0,0,0,0,1,0,0,B,14000,10.25,0,0.14,0,2
14153,25,100000,MORTGAGE,9,0,1,0,0,0,0,1,0,0,A,12000,8.94,0,0.12,0,4
14162,22,100000,MORTGAGE,0,0,1,0,0,0,0,1,0,0,C,24000,13.47,0,0.24,0,4
14182,24,74909,MORTGAGE,8,0,1,0,0,0,0,1,0,0,B,14000,9.99,1,0.16,0,2
14189,24,100800,MORTGAGE,8,0,1,0,0,0,0,1,0,0,B,10800,10.75,0,0.11,0,4
14224,24,102000,MORTGAGE,5,0,1,0,0,0,0,1,0,0,C,12000,15.27,0,0.12,0,3
14230,22,102000,MORTGAGE,3,0,1,0,0,0,0,1,0,0,A,18000,8.49,0,0.18,0,3
14241,24,102000,MORTGAGE,7,0,1,0,0,0,0,1,0,0,B,7200,,0,0.07,0,3
14266,22,102996,MORTGAGE,6,0,1,0,0,0,0,1,0,0,A,8000,7.74,0,0.08,0,3
14272,22,103000,MORTGAGE,,0,1,0,0,0,0,1,0,0,A,2500,,0,0.02,0,3
14277,22,103000,MORTGAGE,2,0,1,0,0,0,0,1,0,0,B,6000,,0,0.06,0,4
14321,26,104676,MORTGAGE,,0,1,0,0,0,0,1,0,0,A,16000,5.99,0,0.15,0,4
14322,21,104740,MORTGAGE,5,0,1,0,0,0,0,1,0,0,B,19200,11.99,0,0.18,0,3
14329,22,105000,MORTGAGE,6,0,1,0,0,0,0,1,0,0,A,12000,6.62,0,0.11,0,4
14351,24,105000,MORTGAGE,8,0,1,0,0,0,0,1,0,0,B,6000,9.99,0,0.06,0,2
14359,24,105000,MORTGAGE,2,0,1,0,0,0,0,1,0,0,B,9850,9.63,0,0.09,0,2
14378,23,105000,MORTGAGE,3,0,1,0,0,0,0,1,0,0,B,20000,11.48,0,0.19,0,2
14380,26,105000,MORTGAGE,0,0,1,0,0,0,0,1,0,0,A,15000,8.94,0,0.14,0,4
14383,22,105000,MORTGAGE,6,0,1,0,0,0,0,1,0,0,B,12800,11.83,0,0.12,0,2
14395,26,105000,MORTGAGE,0,0,1,0,0,0,0,1,0,0,A,5000,7.68,0,0.05,0,2
14409,24,105508,MORTGAGE,8,0,1,0,0,0,0,1,0,0,A,3500,7.66,0,0.03,0,4
14415,25,105897,MORTGAGE,9,0,1,0,0,0,0,1,0,0,B,25000,11.36,0,0.24,0,3
14416,24,105996,MORTGAGE,7,0,1,0,0,0,0,1,0,0,A,3000,7.51,0,0.03,0,3
14420,26,106000,MORTGAGE,10,0,1,0,0,0,0,1,0,0,C,5000,12.98,0,0.05,0,4
14424,25,79900,MORTGAGE,7,0,1,0,0,0,0,1,0,0,B,15000,11.12,1,0.16,0,4
14441,23,106921,MORTGAGE,6,0,1,0,0,0,0,1,0,0,B,30000,9.99,0,0.28,0,3
14446,22,80750,MORTGAGE,1,0,1,0,0,0,0,1,0,0,D,24000,15.99,1,0.25,0,4
14452,25,107000,MORTGAGE,1,0,1,0,0,0,0,1,0,0,A,1000,7.4,0,0.01,0,4
14454,25,107000,MORTGAGE,0,0,1,0,0,0,0,1,0,0,C,7000,12.87,0,0.07,0,2
14455,22,107000,MORTGAGE,2,0,1,0,0,0,0,1,0,0,C,17400,13.47,0,0.16,0,4
14466,26,107900,MORTGAGE,10,0,1,0,0,0,0,1,0,0,A,16500,8.94,0,0.15,0,3
14500,26,108000,MORTGAGE,2,0,1,0,0,0,0,1,0,0,B,18500,12.18,0,0.17,0,2
14507,25,108000,MORTGAGE,9,0,1,0,0,0,0,1,0,0,B,15000,10.39,0,0.14,0,4
14528,26,109000,MORTGAGE,8,0,1,0,0,0,0,1,0,0,B,20000,10.75,0,0.18,0,4
14544,26,110000,MORTGAGE,1,0,1,0,0,0,0,1,0,0,B,5000,12.69,0,0.05,0,2
14566,24,110000,MORTGAGE,8,0,1,0,0,0,0,1,0,0,A,10800,6.99,0,0.1,0,4
14639,23,83300,MORTGAGE,0,0,1,0,0,0,0,1,0,0,D,25000,,1,0.26,0,3
14666,22,110196,MORTGAGE,6,0,1,0,0,0,0,1,0,0,B,25000,11.49,0,0.23,0,3
14672,22,110500,MORTGAGE,1,0,1,0,0,0,0,1,0,0,B,12250,11.26,0,0.11,0,4
14675,26,111000,MORTGAGE,10,0,1,0,0,0,0,1,0,0,A,5000,5.79,0,0.05,0,3
14679,23,111000,MORTGAGE,7,0,1,0,0,0,0,1,0,0,B,8350,11.89,0,0.08,0,2
14710,26,85000,MORTGAGE,4,0,1,0,0,0,0,1,0,0,B,2750,9.33,1,0.03,0,3
14723,23,112976,MORTGAGE,2,0,1,0,0,0,0,1,0,0,A,20000,6.91,0,0.18,0,2
14728,26,113000,MORTGAGE,2,0,1,0,0,0,0,1,0,0,B,3200,,0,0.03,0,3
14741,22,113028,MORTGAGE,3,0,1,0,0,0,0,1,0,0,C,12075,,0,0.11,0,2
14800,25,115000,MORTGAGE,4,0,1,0,0,0,0,1,0,0,A,4000,7.88,0,0.03,0,4
14851,24,117000,MORTGAGE,8,0,1,0,0,0,0,1,0,0,A,10800,,0,0.09,0,3
14858,23,117000,MORTGAGE,7,0,1,0,0,0,0,1,0,0,B,3700,10.74,0,0.03,0,3
14860,26,117000,MORTGAGE,4,0,1,0,0,0,0,1,0,0,A,14400,,0,0.12,0,3
14861,22,89250,MORTGAGE,3,0,1,0,0,0,0,1,0,0,B,25000,12.53,1,0.24,0,4
14887,22,118812,MORTGAGE,6,0,1,0,0,0,0,1,0,0,C,15000,13.35,0,0.13,0,2
14927,25,120000,MORTGAGE,5,0,1,0,0,0,0,1,0,0,A,10000,6.62,0,0.08,0,3
14934,25,120000,MORTGAGE,9,0,1,0,0,0,0,1,0,0,A,5000,8.49,0,0.04,0,3
14936,23,120000,MORTGAGE,7,0,1,0,0,0,0,1,0,0,A,8500,5.42,0,0.07,0,4
14938,23,120000,MORTGAGE,3,0,1,0,0,0,0,1,0,0,B,30000,11.49,0,0.25,0,4
14948,22,120000,MORTGAGE,3,0,1,0,0,0,0,1,0,0,C,5000,14.79,0,0.04,0,2
14951,23,120000,MORTGAGE,7,0,1,0,0,0,0,1,0,0,A,6000,6.99,0,0.05,0,3
14956,24,91800,MORTGAGE,8,0,1,0,0,0,0,1,0,0,D,5000,15.99,1,0.05,0,2
14957,23,120000,MORTGAGE,5,0,1,0,0,0,0,1,0,0,B,6000,9.99,0,0.05,0,3
14960,24,120000,MORTGAGE,3,0,1,0,0,0,0,1,0,0,A,4800,5.99,0,0.04,0,4
14963,22,120000,MORTGAGE,3,0,1,0,0,0,0,1,0,0,A,22000,7.49,0,0.18,0,3
14966,25,120000,MORTGAGE,7,0,1,0,0,0,0,1,0,0,A,14500,7.49,0,0.12,0,4
14980,26,120000,MORTGAGE,10,0,1,0,0,0,0,1,0,0,A,10000,5.42,0,0.08,0,2
15006,25,120000,MORTGAGE,7,0,1,0,0,0,0,1,0,0,A,4000,5.42,0,0.03,0,3
15011,24,120000,MORTGAGE,1,0,1,0,0,0,0,1,0,0,A,3000,6.39,0,0.03,0,3
15018,23,120000,MORTGAGE,8,0,1,0,0,0,0,1,0,0,A,10000,7.88,0,0.08,0,2
15039,24,91800,MORTGAGE,0,0,1,0,0,0,0,1,0,0,C,16000,14.22,1,0.15,0,4
15056,22,120000,MORTGAGE,5,0,1,0,0,0,0,1,0,0,A,18000,8.94,0,0.15,0,3
15070,23,120000,MORTGAGE,7,0,1,0,0,0,0,1,0,0,B,20000,12.21,0,0.17,0,3
15094,25,121000,MORTGAGE,9,0,1,0,0,0,0,1,0,0,B,13600,11.99,0,0.11,0,2
15111,22,122000,MORTGAGE,6,0,1,0,0,0,0,1,0,0,A,6000,6.92,0,0.05,0,2
15122,25,122000,MORTGAGE,1,0,1,0,0,0,0,1,0,0,A,10000,8.94,0,0.08,0,4
15127,24,94102,MORTGAGE,8,0,1,0,0,0,0,1,0,0,C,8475,12.99,1,0.08,0,4
15136,26,123996,MORTGAGE,10,0,1,0,0,0,0,1,0,0,A,2000,5.42,0,0.02,0,4
15138,23,124000,MORTGAGE,4,0,1,0,0,0,0,1,0,0,A,16000,6.03,0,0.13,0,4
15145,22,124000,MORTGAGE,6,0,1,0,0,0,0,1,0,0,C,11000,,0,0.09,0,3
15151,23,124800,MORTGAGE,4,0,1,0,0,0,0,1,0,0,B,28000,,0,0.22,0,2
15161,25,125000,MORTGAGE,1,0,1,0,0,0,0,1,0,0,C,30000,14.27,0,0.24,0,4
15173,25,96050,MORTGAGE,3,0,1,0,0,0,0,1,0,0,E,35000,19.29,1,0.31,0,2
15200,23,125000,MORTGAGE,7,0,1,0,0,0,0,1,0,0,B,10000,9.99,0,0.08,0,2
15220,23,96050,MORTGAGE,0,0,1,0,0,0,0,1,0,0,F,15000,19.13,1,0.13,0,2
15228,25,125000,MORTGAGE,6,0,1,0,0,0,0,1,0,0,A,8000,9.63,0,0.06,0,2
15233,26,125000,MORTGAGE,4,0,1,0,0,0,0,1,0,0,A,9600,5.79,0,0.08,0,2
15241,22,125555,MORTGAGE,2,0,1,0,0,0,0,1,0,0,B,9000,10.99,0,0.07,0,4
15257,23,97583,MORTGAGE,7,0,1,0,0,0,0,1,0,0,D,6950,13.67,1,0.06,0,2
15266,22,127500,MORTGAGE,2,0,1,0,0,0,0,1,0,0,A,15000,7.49,0,0.12,0,4
15299,26,130000,MORTGAGE,2,0,1,0,0,0,0,1,0,0,A,18000,7.9,0,0.14,0,2
15306,26,130000,MORTGAGE,3,0,1,0,0,0,0,1,0,0,A,8600,5.99,0,0.07,0,3
15314,23,130000,MORTGAGE,,0,1,0,0,0,0,1,0,0,A,6000,5.42,0,0.05,0,2
15330,23,130000,MORTGAGE,7,0,1,0,0,0,0,1,0,0,B,25000,11.12,0,0.19,0,3
15337,26,130000,MORTGAGE,10,0,1,0,0,0,0,1,0,0,B,4000,10.99,0,0.03,0,3
15352,22,130000,MORTGAGE,6,0,1,0,0,0,0,1,0,0,B,25000,11.83,0,0.19,0,3
15362,24,130000,MORTGAGE,2,0,1,0,0,0,0,1,0,0,B,1250,10.95,0,0.01,0,2
15365,23,130008,MORTGAGE,0,0,1,0,0,0,0,1,0,0,A,9000,7.74,0,0.07,0,2
15383,26,132000,MORTGAGE,10,0,1,0,0,0,0,1,0,0,B,11200,10.99,0,0.08,0,4
15386,22,132000,MORTGAGE,3,0,1,0,0,0,0,1,0,0,A,10000,7.66,0,0.08,0,2
15394,24,132132,MORTGAGE,8,0,1,0,0,0,0,1,0,0,A,28000,8.49,0,0.21,0,3
15400,24,132652,MORTGAGE,8,0,1,0,0,0,0,1,0,0,A,28000,8.49,0,0.21,0,3
15413,26,134400,MORTGAGE,3,0,1,0,0,0,0,1,0,0,C,10000,12.68,0,0.07,0,3
15423,24,135000,MORTGAGE,4,0,1,0,0,0,0,1,0,0,A,25000,7.49,0,0.19,0,2
15431,24,135000,MORTGAGE,8,0,1,0,0,0,0,1,0,0,A,17000,6.17,0,0.13,0,4
15435,26,104550,MORTGAGE,6,0,1,0,0,0,0,1,0,0,D,15000,15.33,1,0.12,0,3
15455,26,105400,MORTGAGE,6,0,1,0,0,0,0,1,0,0,D,24000,14.61,1,0.19,0,3
15459,22,137000,MORTGAGE,3,0,1,0,0,0,0,1,0,0,B,25000,9.99,0,0.18,0,4
15470,25,138000,MORTGAGE,0,0,1,0,0,0,0,1,0,0,B,5000,11.86,0,0.04,0,4
15481,25,140000,MORTGAGE,3,0,1,0,0,0,0,1,0,0,B,8000,11.71,0,0.06,0,2
15505,25,140000,MORTGAGE,10,0,1,0,0,0,0,1,0,0,B,22000,8.88,0,0.16,0,3
15507,24,140000,MORTGAGE,8,0,1,0,0,0,0,1,0,0,B,16000,10.38,0,0.11,0,2
15519,22,108803,MORTGAGE,6,0,1,0,0,0,0,1,0,0,C,10000,12.23,1,0.08,0,4
15532,26,143375,MORTGAGE,10,0,1,0,0,0,0,1,0,0,A,12000,7.66,0,0.08,0,3
15549,24,145000,MORTGAGE,3,0,1,0,0,0,0,1,0,0,B,12000,10.99,0,0.08,0,2
15554,23,145000,MORTGAGE,3,0,1,0,0,0,0,1,0,0,B,12000,10.37,0,0.08,0,2
15558,25,145000,MORTGAGE,7,0,1,0,0,0,0,1,0,0,A,12000,5.79,0,0.08,0,2
15564,26,113050,MORTGAGE,4,0,1,0,0,0,0,1,0,0,B,9000,12.53,1,0.07,0,4
15578,23,147000,MORTGAGE,2,0,1,0,0,0,0,1,0,0,B,24000,10.99,0,0.16,0,3
15592,26,149400,MORTGAGE,1,0,1,0,0,0,0,1,0,0,A,7000,6.62,0,0.05,0,3
15594,23,149981,MORTGAGE,7,0,1,0,0,0,0,1,0,0,C,25000,12.98,0,0.17,0,3
15601,25,150000,MORTGAGE,3,0,1,0,0,0,0,1,0,0,A,12000,,0,0.08,0,2
15603,26,150000,MORTGAGE,8,0,1,0,0,0,0,1,0,0,C,35000,15.96,0,0.23,0,3
15611,23,150000,MORTGAGE,7,0,1,0,0,0,0,1,0,0,B,30000,9.99,0,0.2,0,3
15618,24,150000,MORTGAGE,9,0,1,0,0,0,0,1,0,0,A,24000,7.49,0,0.16,0,3
15628,25,150000,MORTGAGE,9,0,1,0,0,0,0,1,0,0,B,25000,10.37,0,0.17,0,2
15634,23,150000,MORTGAGE,7,0,1,0,0,0,0,1,0,0,A,8000,6.91,0,0.05,0,2
15645,24,150000,MORTGAGE,3,0,1,0,0,0,0,1,0,0,C,15000,,0,0.1,0,2
15664,25,150000,MORTGAGE,9,0,1,0,0,0,0,1,0,0,B,12500,11.58,0,0.08,0,4
15669,25,150000,MORTGAGE,9,0,1,0,0,0,0,1,0,0,B,12125,8.7,0,0.08,0,4
15676,26,152000,MORTGAGE,3,0,1,0,0,0,0,1,0,0,A,17500,8.49,0,0.12,0,2
15682,25,154000,MORTGAGE,4,0,1,0,0,0,0,1,0,0,A,12225,7.49,0,0.08,0,3
15687,26,154000,MORTGAGE,5,0,1,0,0,0,0,1,0,0,B,12400,11.83,0,0.08,0,4
15689,26,155000,MORTGAGE,4,0,1,0,0,0,0,1,0,0,A,18000,6.99,0,0.12,0,4
15695,25,155000,MORTGAGE,9,0,1,0,0,0,0,1,0,0,A,18000,7.51,0,0.12,0,2
15705,21,155800,MORTGAGE,2,0,1,0,0,0,0,1,0,0,B,18000,11.26,0,0.12,0,3
15779,25,170000,MORTGAGE,9,0,1,0,0,0,0,1,0,0,B,25000,10.75,0,0.15,0,2
15783,24,134300,MORTGAGE,2,0,1,0,0,0,0,1,0,0,E,12000,16.45,1,0.08,0,2
15824,25,181408,MORTGAGE,2,0,1,0,0,0,0,1,0,0,B,14500,8.88,0,0.08,0,2
15825,26,182000,MORTGAGE,10,0,1,0,0,0,0,1,0,0,B,24000,,0,0.13,0,4
15830,24,185000,MORTGAGE,6,0,1,0,0,0,0,1,0,0,A,3000,7.88,0,0.02,0,2
15838,24,195000,MORTGAGE,4,0,1,0,0,0,0,1,0,0,A,5000,8.9,0,0.03,0,3
15851,21,159800,MORTGAGE,5,0,1,0,0,0,0,1,0,0,D,30000,15.62,1,0.16,0,2
15866,26,204000,MORTGAGE,10,0,1,0,0,0,0,1,0,0,C,15250,14.35,0,0.07,0,3
15868,24,205000,MORTGAGE,2,0,1,0,0,0,0,1,0,0,B,11000,10.99,0,0.05,0,4
15873,25,170850,MORTGAGE,9,0,1,0,0,0,0,1,0,0,F,6500,15.01,1,0.03,0,2
15886,24,243600,MORTGAGE,6,0,1,0,0,0,0,1,0,0,A,12000,6.03,0,0.05,0,3
15887,26,201450,MORTGAGE,2,0,1,0,0,0,0,1,0,0,E,8000,16.95,1,0.03,0,4
15969,24,55000,MORTGAGE,8,0,1,0,0,0,0,1,0,0,A,1800,7.49,0,0.03,0,3
15974,25,80208,MORTGAGE,1,0,1,0,0,0,0,1,0,0,A,4000,5.42,0,0.05,0,3
15988,25,85000,MORTGAGE,9,0,1,0,0,0,0,1,0,0,A,4000,7.88,0,0.05,0,3
15996,24,48000,MORTGAGE,4,0,1,0,0,0,0,1,0,0,A,4000,5.42,0,0.08,0,4
16005,22,90000,MORTGAGE,6,0,1,0,0,0,0,1,0,0,B,9500,,0,0.11,0,3
16035,26,94000,MORTGAGE,1,0,1,0,0,0,0,1,0,0,A,5000,7.68,0,0.05,0,3
16039,26,20000,MORTGAGE,5,0,1,0,0,0,0,1,0,0,A,4800,5.99,0,0.24,0,3
16138,21,46800,MORTGAGE,,0,1,0,0,0,0,1,0,0,A,5000,7.51,0,0.11,0,4
16222,24,48000,MORTGAGE,8,0,1,0,0,0,0,1,0,0,A,10000,7.49,0,0.21,0,3
16230,25,42000,MORTGAGE,9,0,1,0,0,0,0,1,0,0,A,9100,,0,0.22,0,3
16254,25,30720,MORTGAGE,3,0,1,0,0,0,0,1,0,0,B,2000,11.12,0,0.07,0,4
16275,26,200000,MORTGAGE,4,0,1,0,0,0,0,1,0,0,C,15000,14.79,0,0.07,0,4
16283,21,21600,MORTGAGE,6,0,1,0,0,0,0,1,0,0,A,7575,,0,0.35,0,2
16309,25,84000,MORTGAGE,8,0,1,0,0,0,0,1,0,0,B,8500,11.83,0,0.1,0,4
16368,22,69500,MORTGAGE,6,0,1,0,0,0,0,1,0,0,C,6000,13.48,0,0.09,0,3
16383,26,58000,MORTGAGE,2,0,1,0,0,0,0,1,0,0,A,3000,6.92,0,0.05,0,2
16384,23,39600,MORTGAGE,8,0,1,0,0,0,0,1,0,0,A,8250,9.32,0,0.21,0,3
16417,23,62000,MORTGAGE,7,0,1,0,0,0,0,1,0,0,B,6400,10.08,0,0.1,0,3
16422,22,62900,MORTGAGE,1,0,1,0,0,0,0,1,0,0,E,25000,14.38,1,0.34,0,2
16468,23,39292,MORTGAGE,3,0,1,0,0,0,0,1,0,0,A,3250,,1,0.08,0,3
16473,21,36000,MORTGAGE,5,0,1,0,0,0,0,1,0,0,B,1000,12.42,0,0.03,0,2
16482,23,28800,MORTGAGE,6,0,1,0,0,0,0,1,0,0,B,5000,11.99,0,0.17,0,4
16496,22,90000,MORTGAGE,6,0,1,0,0,0,0,1,0,0,B,6400,9.88,0,0.07,0,3
16499,25,79000,MORTGAGE,9,0,1,0,0,0,0,1,0,0,A,10000,5.79,0,0.13,0,3
16512,22,85000,MORTGAGE,4,0,1,0,0,0,0,1,0,0,A,12000,6.91,0,0.14,0,3
16536,21,30000,MORTGAGE,6,0,1,0,0,0,0,1,0,0,A,3000,5.99,0,0.1,0,3
16541,24,37000,MORTGAGE,8,0,1,0,0,0,0,1,0,0,B,10000,10.99,0,0.27,0,3
16549,26,60000,MORTGAGE,10,0,1,0,0,0,0,1,0,0,A,12500,6.92,0,0.21,0,3
16567,26,35000,MORTGAGE,10,0,1,0,0,0,0,1,0,0,A,6000,7.51,0,0.17,0,3
16568,22,55000,MORTGAGE,7,0,1,0,0,0,0,1,0,0,B,13500,9.67,0,0.25,0,4
16579,23,58650,MORTGAGE,7,0,1,0,0,0,0,1,0,0,A,5000,8.59,1,0.07,0,4
16581,23,61498,MORTGAGE,5,0,1,0,0,0,0,1,0,0,B,5000,11.36,0,0.08,0,3
16616,23,80000,MORTGAGE,7,0,1,0,0,0,0,1,0,0,A,10000,7.74,0,0.13,0,2
16621,23,30000,MORTGAGE,4,0,1,0,0,0,0,1,0,0,D,4000,16.32,1,0.13,0,2
16629,25,34000,MORTGAGE,9,0,1,0,0,0,0,1,0,0,A,2000,7.66,1,0.06,0,4
16672,25,49963,MORTGAGE,9,0,1,0,0,0,0,1,0,0,B,2100,11.49,1,0.04,0,3
16678,22,60000,MORTGAGE,6,0,1,0,0,0,0,1,0,0,A,6125,6.17,0,0.1,0,2
16683,25,102000,MORTGAGE,4,0,1,0,0,0,0,1,0,0,B,25000,10.99,1,0.21,0,2
16684,22,61000,MORTGAGE,6,0,1,0,0,0,0,1,0,0,C,12000,13.49,0,0.2,0,4
16702,22,48000,MORTGAGE,6,0,1,0,0,0,0,1,0,0,A,5000,7.88,0,0.1,0,2
16762,23,38000,MORTGAGE,5,0,1,0,0,0,0,1,0,0,A,5400,7.9,0,0.14,0,4
16806,24,47000,MORTGAGE,3,0,1,0,0,0,0,1,0,0,B,12000,12.21,0,0.26,0,3
16814,25,72000,MORTGAGE,7,0,1,0,0,0,0,1,0,0,B,25000,11.89,0,0.35,0,2
16827,22,54000,MORTGAGE,5,0,1,0,0,0,0,1,0,0,B,7000,10.65,0,0.13,0,2
16837,23,35000,MORTGAGE,7,0,1,0,0,0,0,1,0,0,C,5000,12.98,1,0.14,0,2
16868,22,28880,MORTGAGE,4,0,1,0,0,0,0,1,0,0,A,2000,8.59,0,0.07,0,4
16884,25,89000,MORTGAGE,9,0,1,0,0,0,0,1,0,0,A,14000,7.49,0,0.16,0,2
16892,22,91234,MORTGAGE,6,0,1,0,0,0,0,1,0,0,B,12000,11.83,0,0.13,0,2
16912,23,58000,MORTGAGE,7,0,1,0,0,0,0,1,0,0,C,7200,11.97,1,0.12,0,2
16916,24,40000,MORTGAGE,8,0,1,0,0,0,0,1,0,0,A,4000,7.14,0,0.1,0,2
16934,26,85000,MORTGAGE,0,0,1,0,0,0,0,1,0,0,B,8000,,0,0.09,0,4
16970,25,96000,MORTGAGE,0,0,1,0,0,0,0,1,0,0,B,5000,11.83,0,0.05,0,4
16985,26,72000,MORTGAGE,7,0,1,0,0,0,0,1,0,0,B,16000,10.59,0,0.22,0,4
17020,22,72000,MORTGAGE,6,0,1,0,0,0,0,1,0,0,A,5000,6.54,0,0.07,0,2
17028,23,74800,MORTGAGE,7,0,1,0,0,0,0,1,0,0,D,15000,16,1,0.17,0,2
17049,22,50000,MORTGAGE,2,0,1,0,0,0,0,1,0,0,B,22000,9.91,0,0.44,0,4
17051,24,85000,MORTGAGE,2,0,1,0,0,0,0,1,0,0,B,7000,12.69,0,0.08,0,4
17097,23,130000,MORTGAGE,,0,1,0,0,0,0,1,0,0,A,6000,5.42,0,0.05,0,4
17153,24,40000,MORTGAGE,3,0,1,0,0,0,0,1,0,0,B,10500,11.36,0,0.26,0,2
17170,24,70000,MORTGAGE,2,0,1,0,0,0,0,1,0,0,B,8950,11.89,0,0.13,0,2
17171,25,49200,MORTGAGE,6,0,1,0,0,0,0,1,0,0,A,5600,7.49,0,0.11,0,3
17184,23,39600,MORTGAGE,7,0,1,0,0,0,0,1,0,0,A,6000,7.88,0,0.15,0,2
17193,25,48996,MORTGAGE,8,0,1,0,0,0,0,1,0,0,B,5000,9.88,1,0.1,0,2
17201,26,87996,MORTGAGE,3,0,1,0,0,0,0,1,0,0,A,8000,6.91,0,0.09,0,3
17295,23,130992,MORTGAGE,6,0,1,0,0,0,0,1,0,0,A,6000,7.51,0,0.05,0,4
17349,21,70553,MORTGAGE,2,0,1,0,0,0,0,1,0,0,D,10000,15.28,1,0.12,0,3
17368,23,24000,MORTGAGE,5,0,1,0,0,0,0,1,0,0,B,1375,11.11,1,0.06,0,3
17371,22,61200,MORTGAGE,6,0,1,0,0,0,0,1,0,0,E,16000,16.45,1,0.22,0,4
17378,22,28500,MORTGAGE,1,0,1,0,0,0,0,1,0,0,A,8500,7.68,0,0.3,0,3
17379,23,74800,MORTGAGE,4,0,1,0,0,0,0,1,0,0,C,8400,14.65,1,0.1,0,4
17387,22,175000,MORTGAGE,6,0,1,0,0,0,0,1,0,0,B,18000,,0,0.1,0,3
17391,25,84000,MORTGAGE,9,0,1,0,0,0,0,1,0,0,B,5000,10.99,0,0.06,0,2
17407,23,67150,MORTGAGE,5,0,1,0,0,0,0,1,0,0,D,10000,16.32,1,0.13,0,2
17441,23,61615,MORTGAGE,4,0,1,0,0,0,0,1,0,0,B,13000,10.62,0,0.21,0,3
17499,24,63410,MORTGAGE,3,0,1,0,0,0,0,1,0,0,E,20000,17.51,1,0.27,0,4
17524,26,54000,MORTGAGE,10,0,1,0,0,0,0,1,0,0,A,8500,5.42,1,0.16,0,3
17544,24,140300,MORTGAGE,6,0,1,0,0,0,0,1,0,0,B,6000,11.14,0,0.04,0,3
17611,26,67983,MORTGAGE,7,0,1,0,0,0,0,1,0,0,D,15000,16.49,1,0.19,0,3
17621,23,37000,MORTGAGE,3,0,1,0,0,0,0,1,0,0,D,3600,15.62,1,0.1,0,4
17649,26,105000,MORTGAGE,11,0,1,0,0,0,0,1,0,0,A,5000,8.49,0,0.05,0,4
17666,23,68000,MORTGAGE,5,0,1,0,0,0,0,1,0,0,B,11500,9.99,0,0.17,0,2
17684,22,60000,MORTGAGE,6,0,1,0,0,0,0,1,0,0,A,7000,7.14,0,0.12,0,3
17707,22,74000,MORTGAGE,6,0,1,0,0,0,0,1,0,0,A,2500,6.62,0,0.03,0,3
17713,23,57355,MORTGAGE,5,0,1,0,0,0,0,1,0,0,C,25000,13.49,1,0.37,0,3
17721,22,127500,MORTGAGE,2,0,1,0,0,0,0,1,0,0,A,15000,7.49,0,0.12,0,4
17745,24,80000,MORTGAGE,8,0,1,0,0,0,0,1,0,0,A,5550,8.49,0,0.07,0,3
17782,23,40308,MORTGAGE,1,0,1,0,0,0,0,1,0,0,A,5000,7.68,0,0.12,0,3
17830,23,117696,MORTGAGE,2,0,1,0,0,0,0,1,0,0,A,15000,6.03,0,0.13,0,4
17862,33,390000,MORTGAGE,8,0,1,0,0,0,0,1,0,0,B,35000,10.99,0,0.09,0,8
17875,32,348000,MORTGAGE,16,0,1,0,0,0,0,1,0,0,B,25000,11.83,0,0.07,0,8
17930,32,202300,MORTGAGE,9,0,1,0,0,0,0,1,0,0,D,25000,14.59,1,0.11,0,7
17941,32,240000,MORTGAGE,5,0,1,0,0,0,0,1,0,0,A,8400,7.51,0,0.04,0,5
17942,31,240000,MORTGAGE,15,0,1,0,0,0,0,1,0,0,A,5500,5.42,0,0.02,0,5
17956,29,230000,MORTGAGE,,0,1,0,0,0,0,1,0,0,A,8500,7.49,0,0.04,0,10
17972,31,219996,MORTGAGE,3,0,1,0,0,0,0,1,0,0,A,20000,6.54,0,0.09,0,5
18004,31,200000,MORTGAGE,3,0,1,0,0,0,0,1,0,0,A,30000,8.9,0,0.15,0,5
18005,28,200000,MORTGAGE,2,0,1,0,0,0,0,1,0,0,A,15000,8.9,0,0.07,0,10
18023,30,200000,MORTGAGE,0,0,1,0,0,0,0,1,0,0,B,24250,11.48,0,0.12,0,8
18024,30,200000,MORTGAGE,4,0,1,0,0,0,0,1,0,0,B,6000,11.83,0,0.03,0,5
18045,28,192000,MORTGAGE,8,0,1,0,0,0,0,1,0,0,B,20000,,0,0.1,0,9
18057,31,190000,MORTGAGE,15,0,1,0,0,0,0,1,0,0,C,24000,,0,0.13,0,10
18178,30,16000,MORTGAGE,2,0,1,0,0,0,0,1,0,0,A,7275,5.42,1,0.45,0,10
18180,33,16000,MORTGAGE,0,0,1,0,0,0,0,1,0,0,A,6000,7.14,1,0.38,0,5
18202,31,16656,MORTGAGE,,0,1,0,0,0,0,1,0,0,C,2400,14.72,1,0.14,0,7
18207,32,160000,MORTGAGE,2,0,1,0,0,0,0,1,0,0,B,3200,,0,0.02,0,5
18245,30,18000,MORTGAGE,6,0,1,0,0,0,0,1,0,0,B,2200,,1,0.12,0,6
18473,27,22800,MORTGAGE,11,0,1,0,0,0,0,1,0,0,B,2500,10.99,0,0.11,0,10
18593,29,24000,MORTGAGE,7,0,1,0,0,0,0,1,0,0,A,10000,,0,0.42,0,6
18621,34,24000,MORTGAGE,5,0,1,0,0,0,0,1,0,0,B,2000,9.2,0,0.08,0,7
18631,32,24600,MORTGAGE,6,0,1,0,0,0,0,1,0,0,A,4800,8.9,1,0.2,0,7
18760,27,26000,MORTGAGE,11,0,1,0,0,0,0,1,0,0,A,5000,8.94,0,0.19,0,9
18775,29,26400,MORTGAGE,7,0,1,0,0,0,0,1,0,0,A,4800,7.66,0,0.18,0,9
18777,27,26400,MORTGAGE,6,0,1,0,0,0,0,1,0,0,A,6000,6.91,1,0.23,0,9
18778,28,26400,MORTGAGE,4,0,1,0,0,0,0,1,0,0,A,3000,6.17,0,0.11,0,6
18782,30,26400,MORTGAGE,4,0,1,0,0,0,0,1,0,0,A,5000,7.14,0,0.19,0,6
18784,34,26400,MORTGAGE,0,0,1,0,0,0,0,1,0,0,B,3600,9.88,0,0.14,0,9
18813,27,27000,MORTGAGE,5,0,1,0,0,0,0,1,0,0,B,3000,11.14,0,0.11,0,9
18853,27,27840,MORTGAGE,2,0,1,0,0,0,0,1,0,0,A,2400,5.42,0,0.09,0,7
18875,32,28000,MORTGAGE,7,0,1,0,0,0,0,1,0,0,D,6000,15.21,1,0.21,0,9
18953,31,29760,MORTGAGE,0,0,1,0,0,0,0,1,0,0,A,10000,9.63,0,0.34,0,10
18990,28,30000,MORTGAGE,,0,1,0,0,0,0,1,0,0,A,4750,7.9,0,0.16,0,7
18996,35,30000,MORTGAGE,11,0,1,0,0,0,0,1,0,0,B,11000,10.65,0,0.37,0,10
19006,33,30000,MORTGAGE,1,0,1,0,0,0,0,1,0,0,A,5000,,0,0.17,0,9
19118,34,30000,MORTGAGE,6,0,1,0,0,0,0,1,0,0,B,4650,,0,0.15,0,8
19135,29,30000,MORTGAGE,2,0,1,0,0,0,0,1,0,0,A,6500,8.59,0,0.22,0,10
19157,28,30000,MORTGAGE,2,0,1,0,0,0,0,1,0,0,A,10500,8.94,0,0.35,0,8
19214,29,30996,MORTGAGE,8,0,1,0,0,0,0,1,0,0,A,8875,7.66,0,0.29,0,9
19275,31,31600,MORTGAGE,4,0,1,0,0,0,0,1,0,0,B,7500,11.36,0,0.24,0,10
19292,29,32000,MORTGAGE,5,0,1,0,0,0,0,1,0,0,A,3100,7.51,1,0.1,0,5
19354,29,32400,MORTGAGE,2,0,1,0,0,0,0,1,0,0,B,10625,,0,0.33,0,5
19367,31,32500,MORTGAGE,4,0,1,0,0,0,0,1,0,0,A,8975,6.62,0,0.28,0,10
19408,32,33000,MORTGAGE,2,0,1,0,0,0,0,1,0,0,A,5000,6.17,0,0.15,0,7
19445,30,33300,MORTGAGE,2,0,1,0,0,0,0,1,0,0,A,1600,7.4,0,0.05,0,5
19453,27,33600,MORTGAGE,,0,1,0,0,0,0,1,0,0,A,8000,,0,0.24,0,10
19461,28,33600,MORTGAGE,12,0,1,0,0,0,0,1,0,0,A,3000,5.42,0,0.09,0,5
19478,29,33600,MORTGAGE,3,0,1,0,0,0,0,1,0,0,B,12000,11.83,0,0.36,0,6
19548,29,34500,MORTGAGE,4,0,1,0,0,0,0,1,0,0,D,4500,14.42,1,0.13,0,7
19593,30,35000,MORTGAGE,14,0,1,0,0,0,0,1,0,0,A,2000,5.42,0,0.06,0,9
19596,35,35000,MORTGAGE,4,0,1,0,0,0,0,1,0,0,C,5200,15.23,0,0.15,0,6
19597,27,35000,MORTGAGE,11,0,1,0,0,0,0,1,0,0,B,9000,11.49,0,0.26,0,5
19646,31,35000,MORTGAGE,13,0,1,0,0,0,0,1,0,0,A,2000,,0,0.06,0,6
19720,31,35352,MORTGAGE,15,0,1,0,0,0,0,1,0,0,A,9000,6.03,0,0.25,0,9
19721,33,35360,MORTGAGE,7,0,1,0,0,0,0,1,0,0,A,6350,7.51,0,0.18,0,5
19751,30,36000,MORTGAGE,13,0,1,0,0,0,0,1,0,0,B,5000,10.65,0,0.14,0,9
19822,28,36000,MORTGAGE,4,0,1,0,0,0,0,1,0,0,A,4000,6.91,0,0.11,0,8
19867,30,36000,MORTGAGE,7,0,1,0,0,0,0,1,0,0,B,15000,11.83,0,0.42,0,5
19933,28,37000,MORTGAGE,6,0,1,0,0,0,0,1,0,0,A,18250,7.49,0,0.49,0,10
19986,30,37200,MORTGAGE,0,0,1,0,0,0,0,1,0,0,C,6600,13.49,0,0.18,0,9
20004,34,37500,MORTGAGE,14,0,1,0,0,0,0,1,0,0,B,12000,,0,0.32,0,7
20064,35,38000,MORTGAGE,1,0,1,0,0,0,0,1,0,0,B,2400,10.37,0,0.06,0,5
20076,31,38000,MORTGAGE,2,0,1,0,0,0,0,1,0,0,B,2000,11.36,0,0.05,0,8
20080,35,38000,MORTGAGE,2,0,1,0,0,0,0,1,0,0,B,15000,10.99,0,0.39,0,5
20116,28,38196,MORTGAGE,5,0,1,0,0,0,0,1,0,0,B,10750,10.75,0,0.28,0,10
20149,28,38400,MORTGAGE,0,0,1,0,0,0,0,1,0,0,A,10000,,0,0.26,0,6
20206,29,39000,MORTGAGE,6,0,1,0,0,0,0,1,0,0,A,7100,8.32,0,0.18,0,5
20264,30,39996,MORTGAGE,8,0,1,0,0,0,0,1,0,0,C,10000,12.73,0,0.25,0,6
20298,28,34000,MORTGAGE,2,0,1,0,0,0,0,1,0,0,B,8000,12.69,1,0.24,0,9
20357,28,40000,MORTGAGE,1,0,1,0,0,0,0,1,0,0,A,10000,7.29,0,0.25,0,10
20393,28,34000,MORTGAGE,12,0,1,0,0,0,0,1,0,0,D,3500,15.58,1,0.1,0,6
20457,29,40000,MORTGAGE,3,0,1,0,0,0,0,1,0,0,A,6600,8,0,0.17,0,10
20474,35,40000,MORTGAGE,18,0,1,0,0,0,0,1,0,0,B,7200,10.71,0,0.18,0,5
20475,31,40000,MORTGAGE,4,0,1,0,0,0,0,1,0,0,C,12650,11.34,0,0.32,0,9
20486,28,34300,MORTGAGE,1,0,1,0,0,0,0,1,0,0,D,6125,16.89,1,0.18,0,10
20532,33,41000,MORTGAGE,6,0,1,0,0,0,0,1,0,0,A,9000,,0,0.22,0,9
20536,27,35000,MORTGAGE,3,0,1,0,0,0,0,1,0,0,E,6000,16.69,1,0.17,0,8
20556,33,35050,MORTGAGE,15,0,1,0,0,0,0,1,0,0,A,8000,8.32,1,0.23,0,6
20630,31,42000,MORTGAGE,3,0,1,0,0,0,0,1,0,0,A,9000,6.99,0,0.21,0,8
20660,34,42000,MORTGAGE,7,0,1,0,0,0,0,1,0,0,B,7500,11.11,0,0.18,0,7
20693,29,42000,MORTGAGE,5,0,1,0,0,0,0,1,0,0,C,2500,13.98,0,0.06,0,8
20735,28,36000,MORTGAGE,5,0,1,0,0,0,0,1,0,0,E,15450,,1,0.43,0,8
20798,28,43000,MORTGAGE,4,0,1,0,0,0,0,1,0,0,A,13800,6.91,0,0.32,0,6
20817,29,43000,MORTGAGE,13,0,1,0,0,0,0,1,0,0,A,10000,8,0,0.23,0,9
20844,30,37400,MORTGAGE,6,0,1,0,0,0,0,1,0,0,D,12700,17.27,1,0.34,0,5
20849,27,43500,MORTGAGE,0,0,1,0,0,0,0,1,0,0,B,1200,,0,0.03,0,5
20866,28,44000,MORTGAGE,12,0,1,0,0,0,0,1,0,0,B,8000,10.59,0,0.18,0,6
20872,32,44000,MORTGAGE,8,0,1,0,0,0,0,1,0,0,A,3600,6.99,0,0.08,0,8
20887,29,44000,MORTGAGE,13,0,1,0,0,0,0,1,0,0,A,24000,6.91,0,0.55,0,8
20904,27,44000,MORTGAGE,2,0,1,0,0,0,0,1,0,0,A,7500,8,0,0.17,0,8
20911,27,44004,MORTGAGE,2,0,1,0,0,0,0,1,0,0,A,10000,6.92,0,0.23,0,9
20998,32,45000,MORTGAGE,2,0,1,0,0,0,0,1,0,0,C,8000,14.65,0,0.18,0,8
21002,27,45000,MORTGAGE,4,0,1,0,0,0,0,1,0,0,A,5000,6.03,0,0.11,0,9
21005,32,45000,MORTGAGE,8,0,1,0,0,0,0,1,0,0,A,9250,8.49,0,0.21,0,6
21057,28,39000,MORTGAGE,13,0,1,0,0,0,0,1,0,0,D,3375,14.83,1,0.09,0,8
21074,27,45000,MORTGAGE,2,0,1,0,0,0,0,1,0,0,A,10000,6.17,0,0.22,0,9
21088,35,45000,MORTGAGE,16,0,1,0,0,0,0,1,0,0,C,6500,13.98,0,0.14,0,10
21089,34,45000,MORTGAGE,3,0,1,0,0,0,0,1,0,0,C,5300,13.23,0,0.12,0,6
21093,30,45000,MORTGAGE,11,0,1,0,0,0,0,1,0,0,A,2500,6.76,0,0.06,0,10
21122,27,45000,MORTGAGE,3,0,1,0,0,0,0,1,0,0,C,18000,12.87,0,0.4,0,8
21157,27,45000,MORTGAGE,9,0,1,0,0,0,0,1,0,0,B,12000,9.76,0,0.27,0,6
21174,27,45336,MORTGAGE,12,0,1,0,0,0,0,1,0,0,B,4800,,0,0.11,0,8
21196,27,45600,MORTGAGE,6,0,1,0,0,0,0,1,0,0,A,3000,6.99,0,0.07,0,7
21236,27,46000,MORTGAGE,3,0,1,0,0,0,0,1,0,0,A,18000,7.9,0,0.39,0,8
21296,31,46700,MORTGAGE,5,0,1,0,0,0,0,1,0,0,B,7200,,0,0.15,0,6
21318,31,47000,MORTGAGE,6,0,1,0,0,0,0,1,0,0,C,20000,13.49,0,0.43,0,5
21323,29,41000,MORTGAGE,0,0,1,0,0,0,0,1,0,0,A,3800,7.51,1,0.09,0,9
21329,27,47000,MORTGAGE,2,0,1,0,0,0,0,1,0,0,A,6000,6.99,0,0.13,0,5
21347,31,41000,MORTGAGE,6,0,1,0,0,0,0,1,0,0,C,3200,13.16,1,0.08,0,6
21360,34,47300,MORTGAGE,3,0,1,0,0,0,0,1,0,0,A,12000,7.88,0,0.25,0,8
21403,33,48000,MORTGAGE,7,0,1,0,0,0,0,1,0,0,A,13800,8.9,0,0.29,0,6
21440,30,42000,MORTGAGE,14,0,1,0,0,0,0,1,0,0,A,4500,7.49,1,0.11,0,7
21446,27,48000,MORTGAGE,4,0,1,0,0,0,0,1,0,0,A,5000,6.99,0,0.1,0,7
21457,27,48000,MORTGAGE,5,0,1,0,0,0,0,1,0,0,A,12000,7.66,0,0.25,0,10
21461,29,48000,MORTGAGE,13,0,1,0,0,0,0,1,0,0,A,4975,5.79,0,0.1,0,7
21470,28,42000,MORTGAGE,,0,1,0,0,0,0,1,0,0,B,4000,9.25,1,0.1,0,10
21491,31,48000,MORTGAGE,14,0,1,0,0,0,0,1,0,0,A,6600,7.14,0,0.14,0,5
21495,31,48000,MORTGAGE,0,0,1,0,0,0,0,1,0,0,A,7800,7.51,0,0.16,0,10
21545,32,48250,MORTGAGE,3,0,1,0,0,0,0,1,0,0,B,8400,10.74,0,0.17,0,6
21552,30,48500,MORTGAGE,5,0,1,0,0,0,0,1,0,0,A,9350,,0,0.19,0,7
21589,27,49000,MORTGAGE,11,0,1,0,0,0,0,1,0,0,B,8500,10.59,0,0.17,0,6
21598,28,49000,MORTGAGE,4,0,1,0,0,0,0,1,0,0,A,7000,7.51,0,0.14,0,8
21599,28,49000,MORTGAGE,5,0,1,0,0,0,0,1,0,0,B,4750,10.25,0,0.1,0,8
21605,27,49200,MORTGAGE,4,0,1,0,0,0,0,1,0,0,A,2500,5.42,0,0.05,0,10
21606,27,49200,MORTGAGE,11,0,1,0,0,0,0,1,0,0,A,9600,5.42,0,0.2,0,6
21609,27,49272,MORTGAGE,5,0,1,0,0,0,0,1,0,0,B,3250,,0,0.07,0,6
21611,27,49304,MORTGAGE,2,0,1,0,0,0,0,1,0,0,C,10000,11.78,0,0.2,0,9
21621,35,43772,MORTGAGE,11,0,1,0,0,0,0,1,0,0,A,15000,7.51,1,0.34,0,6
21629,27,50000,MORTGAGE,7,0,1,0,0,0,0,1,0,0,A,9500,8.9,0,0.19,0,8
21663,27,50000,MORTGAGE,0,0,1,0,0,0,0,1,0,0,A,12000,6.62,0,0.24,0,9
21674,29,50000,MORTGAGE,4,0,1,0,0,0,0,1,0,0,A,10000,6.03,0,0.2,0,5
21676,29,50000,MORTGAGE,4,0,1,0,0,0,0,1,0,0,B,21850,12.42,0,0.44,0,10
21704,31,50000,MORTGAGE,0,0,1,0,0,0,0,1,0,0,B,18225,10.99,0,0.36,0,10
21706,33,50000,MORTGAGE,8,0,1,0,0,0,0,1,0,0,A,4000,5.42,0,0.08,0,10
21710,29,50000,MORTGAGE,2,0,1,0,0,0,0,1,0,0,A,5000,,0,0.1,0,6
21717,29,50000,MORTGAGE,13,0,1,0,0,0,0,1,0,0,B,13650,10.99,0,0.27,0,9
21748,30,50000,MORTGAGE,11,0,1,0,0,0,0,1,0,0,B,10000,,0,0.2,0,6
21753,30,50000,MORTGAGE,14,0,1,0,0,0,0,1,0,0,C,1000,,0,0.02,0,6
21820,29,50000,MORTGAGE,9,0,1,0,0,0,0,1,0,0,A,10000,7.88,0,0.2,0,8
21826,32,50000,MORTGAGE,0,0,1,0,0,0,0,1,0,0,A,5000,8.59,0,0.1,0,9
21876,32,50000,MORTGAGE,1,0,1,0,0,0,0,1,0,0,B,7500,10.39,0,0.15,0,7
21903,35,44004,MORTGAGE,7,0,1,0,0,0,0,1,0,0,B,10000,11.36,1,0.23,0,7
21943,27,50400,MORTGAGE,7,0,1,0,0,0,0,1,0,0,A,11000,8.94,0,0.22,0,5
21948,31,50600,MORTGAGE,2,0,1,0,0,0,0,1,0,0,A,8500,,0,0.17,0,7
21993,33,51000,MORTGAGE,12,0,1,0,0,0,0,1,0,0,A,7200,6.76,0,0.14,0,5
22002,28,51150,MORTGAGE,1,0,1,0,0,0,0,1,0,0,A,7200,9.63,0,0.14,0,10
22014,27,51600,MORTGAGE,12,0,1,0,0,0,0,1,0,0,A,6000,8.9,0,0.12,0,9
22050,28,52000,MORTGAGE,11,0,1,0,0,0,0,1,0,0,A,6000,,0,0.12,0,5
22055,29,52000,MORTGAGE,12,0,1,0,0,0,0,1,0,0,A,5000,5.42,0,0.1,0,7
22081,29,52000,MORTGAGE,6,0,1,0,0,0,0,1,0,0,B,7800,10.36,0,0.15,0,9
22143,28,52524,MORTGAGE,11,0,1,0,0,0,0,1,0,0,A,9200,9.32,0,0.18,0,7
22165,27,46800,MORTGAGE,,0,1,0,0,0,0,1,0,0,D,8000,15.7,1,0.17,0,8
22167,28,52828,MORTGAGE,6,0,1,0,0,0,0,1,0,0,A,14500,7.29,0,0.27,0,7
22185,31,53000,MORTGAGE,2,0,1,0,0,0,0,1,0,0,B,7200,10.37,0,0.14,0,8
22187,33,53000,MORTGAGE,2,0,1,0,0,0,0,1,0,0,A,6000,5.79,0,0.11,0,5
22212,32,53100,MORTGAGE,14,0,1,0,0,0,0,1,0,0,B,7500,11.26,0,0.14,0,10
22221,35,53500,MORTGAGE,3,0,1,0,0,0,0,1,0,0,B,10000,9.91,0,0.19,0,5
22224,27,47500,MORTGAGE,5,0,1,0,0,0,0,1,0,0,A,13000,7.88,1,0.27,0,8
22233,32,54000,MORTGAGE,4,0,1,0,0,0,0,1,0,0,C,12000,15.27,0,0.22,0,6
22239,27,54000,MORTGAGE,4,0,1,0,0,0,0,1,0,0,A,9000,6.62,0,0.17,0,10
22242,30,54000,MORTGAGE,6,0,1,0,0,0,0,1,0,0,A,5375,,0,0.1,0,5
22245,30,54000,MORTGAGE,13,0,1,0,0,0,0,1,0,0,A,10000,7.9,0,0.19,0,10
22251,33,54000,MORTGAGE,8,0,1,0,0,0,0,1,0,0,A,3800,8.9,0,0.07,0,7
22258,27,54000,MORTGAGE,11,0,1,0,0,0,0,1,0,0,A,4000,,0,0.07,0,8
22261,28,54000,MORTGAGE,12,0,1,0,0,0,0,1,0,0,A,4150,7.49,0,0.08,0,6
22265,29,54000,MORTGAGE,13,0,1,0,0,0,0,1,0,0,B,12000,11.99,0,0.22,0,8
22283,34,54000,MORTGAGE,5,0,1,0,0,0,0,1,0,0,A,10000,7.29,0,0.19,0,7
22303,31,48000,MORTGAGE,9,0,1,0,0,0,0,1,0,0,A,8000,7.14,1,0.17,0,8
22317,32,54000,MORTGAGE,16,0,1,0,0,0,0,1,0,0,A,10000,7.74,0,0.19,0,7
22351,32,54996,MORTGAGE,1,0,1,0,0,0,0,1,0,0,A,7000,6.92,0,0.13,0,8
22394,28,55000,MORTGAGE,7,0,1,0,0,0,0,1,0,0,A,8000,,0,0.15,0,8
22412,28,55000,MORTGAGE,12,0,1,0,0,0,0,1,0,0,A,7000,,0,0.13,0,6
22414,33,55000,MORTGAGE,3,0,1,0,0,0,0,1,0,0,A,1775,7.49,0,0.03,0,7
22423,29,55000,MORTGAGE,11,0,1,0,0,0,0,1,0,0,B,4000,10.99,0,0.07,0,6
22426,32,49000,MORTGAGE,3,0,1,0,0,0,0,1,0,0,B,11500,10.99,1,0.23,0,9
22445,29,55000,MORTGAGE,13,0,1,0,0,0,0,1,0,0,C,8000,13.72,0,0.15,0,9
22450,27,55000,MORTGAGE,2,0,1,0,0,0,0,1,0,0,B,9600,9.62,0,0.17,0,9
22475,32,55000,MORTGAGE,0,0,1,0,0,0,0,1,0,0,C,9000,13.85,0,0.16,0,10
22545,27,55596,MORTGAGE,5,0,1,0,0,0,0,1,0,0,A,2000,7.51,0,0.04,0,9
22550,28,55640,MORTGAGE,6,0,1,0,0,0,0,1,0,0,B,20000,,0,0.36,0,8
22551,28,55640,MORTGAGE,9,0,1,0,0,0,0,1,0,0,C,5000,,0,0.09,0,7
22557,31,55728,MORTGAGE,0,0,1,0,0,0,0,1,0,0,B,13000,10.62,0,0.23,0,9
22558,30,49777,MORTGAGE,7,0,1,0,0,0,0,1,0,0,D,6000,14.54,1,0.12,0,6
22571,33,56000,MORTGAGE,13,0,1,0,0,0,0,1,0,0,A,12000,6.62,0,0.21,0,6
22578,29,56000,MORTGAGE,8,0,1,0,0,0,0,1,0,0,B,6000,10.99,0,0.11,0,9
22589,31,56000,MORTGAGE,3,0,1,0,0,0,0,1,0,0,A,12000,6.54,0,0.21,0,5
22595,27,50000,MORTGAGE,8,0,1,0,0,0,0,1,0,0,D,8400,,1,0.17,0,7
22604,30,56000,MORTGAGE,1,0,1,0,0,0,0,1,0,0,B,14000,12.18,0,0.25,0,7
22640,29,56500,MORTGAGE,13,0,1,0,0,0,0,1,0,0,A,14750,,0,0.26,0,8
22670,35,57000,MORTGAGE,8,0,1,0,0,0,0,1,0,0,A,5500,7.49,0,0.1,0,5
22684,29,57000,MORTGAGE,4,0,1,0,0,0,0,1,0,0,A,2500,6.76,0,0.04,0,7
22720,33,57500,MORTGAGE,0,0,1,0,0,0,0,1,0,0,A,15000,6.03,0,0.26,0,7
22734,27,57600,MORTGAGE,3,0,1,0,0,0,0,1,0,0,B,3000,11.11,0,0.05,0,6
22748,33,57800,MORTGAGE,12,0,1,0,0,0,0,1,0,0,A,7000,6.99,0,0.12,0,6
22759,27,57996,MORTGAGE,1,0,1,0,0,0,0,1,0,0,A,4800,8.59,0,0.08,0,9
22795,30,58000,MORTGAGE,2,0,1,0,0,0,0,1,0,0,A,13200,,0,0.23,0,10
22796,27,58000,MORTGAGE,11,0,1,0,0,0,0,1,0,0,B,3250,11.86,0,0.06,0,8
22827,27,58075,MORTGAGE,6,0,1,0,0,0,0,1,0,0,A,4000,5.99,0,0.07,0,6
22866,31,59000,MORTGAGE,13,0,1,0,0,0,0,1,0,0,B,14000,,0,0.24,0,6
22867,27,59000,MORTGAGE,11,0,1,0,0,0,0,1,0,0,A,4000,5.79,0,0.07,0,6
22872,30,59000,MORTGAGE,0,0,1,0,0,0,0,1,0,0,A,10000,7.51,0,0.17,0,8
22879,27,59000,MORTGAGE,3,0,1,0,0,0,0,1,0,0,B,6000,11.83,0,0.1,0,5
22888,27,59147,MORTGAGE,11,0,1,0,0,0,0,1,0,0,B,7000,11.26,0,0.12,0,5
22905,28,60000,MORTGAGE,12,0,1,0,0,0,0,1,0,0,C,14400,13.49,0,0.24,0,7
22906,31,60000,MORTGAGE,5,0,1,0,0,0,0,1,0,0,A,7200,6.03,0,0.12,0,8
22938,32,60000,MORTGAGE,16,0,1,0,0,0,0,1,0,0,A,6000,6.62,0,0.1,0,7
22942,28,60000,MORTGAGE,8,0,1,0,0,0,0,1,0,0,B,20000,11.71,0,0.33,0,5
22999,28,54000,MORTGAGE,12,0,1,0,0,0,0,1,0,0,C,6000,15.23,1,0.11,0,8
23005,28,60000,MORTGAGE,12,0,1,0,0,0,0,1,0,0,B,5000,,0,0.08,0,8
23010,29,60000,MORTGAGE,13,0,1,0,0,0,0,1,0,0,A,8000,5.99,0,0.13,0,9
23014,27,60000,MORTGAGE,7,0,1,0,0,0,0,1,0,0,B,3400,,0,0.06,0,7
23027,33,60000,MORTGAGE,17,0,1,0,0,0,0,1,0,0,A,7000,5.42,0,0.12,0,8
23035,31,54000,MORTGAGE,12,0,1,0,0,0,0,1,0,0,A,15000,8.49,1,0.28,0,6
23039,29,60000,MORTGAGE,3,0,1,0,0,0,0,1,0,0,A,10000,,0,0.17,0,9
23073,27,60000,MORTGAGE,11,0,1,0,0,0,0,1,0,0,C,6000,13.35,0,0.1,0,8
23115,28,60000,MORTGAGE,4,0,1,0,0,0,0,1,0,0,A,9600,7.51,0,0.16,0,10
23128,34,60000,MORTGAGE,6,0,1,0,0,0,0,1,0,0,C,2500,14.72,0,0.04,0,5
23137,35,60000,MORTGAGE,0,0,1,0,0,0,0,1,0,0,B,12000,10.75,0,0.2,0,8
23154,28,60000,MORTGAGE,5,0,1,0,0,0,0,1,0,0,B,6000,10.99,0,0.1,0,6
23189,28,60000,MORTGAGE,12,0,1,0,0,0,0,1,0,0,A,15000,8.94,0,0.25,0,9
23200,27,60000,MORTGAGE,5,0,1,0,0,0,0,1,0,0,A,6000,8.94,0,0.1,0,10
23208,27,60000,MORTGAGE,2,0,1,0,0,0,0,1,0,0,B,4800,11.89,0,0.08,0,7
23222,31,54000,MORTGAGE,5,0,1,0,0,0,0,1,0,0,F,19400,18.53,1,0.36,0,10
23286,27,61000,MORTGAGE,11,0,1,0,0,0,0,1,0,0,B,1200,10.37,0,0.02,0,5
23308,27,61200,MORTGAGE,5,0,1,0,0,0,0,1,0,0,B,4500,11.86,0,0.07,0,7
23360,29,56000,MORTGAGE,4,0,1,0,0,0,0,1,0,0,B,8000,11.49,1,0.14,0,5
23403,29,62004,MORTGAGE,0,0,1,0,0,0,0,1,0,0,B,12000,11.11,0,0.19,0,7
23421,28,62400,MORTGAGE,,0,1,0,0,0,0,1,0,0,A,5400,7.29,0,0.09,0,7
23424,31,56400,MORTGAGE,,0,1,0,0,0,0,1,0,0,C,4000,13.35,1,0.07,0,5
23439,30,62500,MORTGAGE,8,0,1,0,0,0,0,1,0,0,A,15000,6.91,0,0.24,0,10
23467,29,63000,MORTGAGE,5,0,1,0,0,0,0,1,0,0,B,7400,10.99,0,0.12,0,10
23514,27,57504,MORTGAGE,11,0,1,0,0,0,0,1,0,0,B,17000,12.18,1,0.3,0,8
23544,27,64000,MORTGAGE,11,0,1,0,0,0,0,1,0,0,B,3500,11.99,0,0.05,0,8
23551,34,64000,MORTGAGE,1,0,1,0,0,0,0,1,0,0,A,7200,7.29,0,0.11,0,7
23556,27,64000,MORTGAGE,0,0,1,0,0,0,0,1,0,0,A,8000,5.79,0,0.13,0,5
23570,33,64197,MORTGAGE,7,0,1,0,0,0,0,1,0,0,C,7600,12.99,0,0.12,0,7
23572,29,64320,MORTGAGE,13,0,1,0,0,0,0,1,0,0,A,8000,6.03,0,0.12,0,9
23579,35,64500,MORTGAGE,7,0,1,0,0,0,0,1,0,0,C,4500,12.53,0,0.07,0,9
23580,29,64548,MORTGAGE,3,0,1,0,0,0,0,1,0,0,B,15000,,0,0.23,0,7
23591,35,58800,MORTGAGE,5,0,1,0,0,0,0,1,0,0,D,12000,15.7,1,0.2,0,9
23624,29,65000,MORTGAGE,2,0,1,0,0,0,0,1,0,0,A,4800,,0,0.07,0,5
23626,27,65000,MORTGAGE,8,0,1,0,0,0,0,1,0,0,B,3000,12.42,0,0.05,0,10
23645,33,65000,MORTGAGE,1,0,1,0,0,0,0,1,0,0,B,15000,11.99,0,0.23,0,10
23647,31,65000,MORTGAGE,15,0,1,0,0,0,0,1,0,0,B,8000,11.49,0,0.12,0,5
23696,28,65000,MORTGAGE,2,0,1,0,0,0,0,1,0,0,A,7500,7.29,0,0.12,0,8
23697,30,65000,MORTGAGE,4,0,1,0,0,0,0,1,0,0,A,3600,6.92,0,0.06,0,10
23705,32,59000,MORTGAGE,0,0,1,0,0,0,0,1,0,0,C,3500,13.72,1,0.06,0,6
23709,29,65000,MORTGAGE,5,0,1,0,0,0,0,1,0,0,B,6000,10.36,0,0.09,0,7
23717,31,65000,MORTGAGE,3,0,1,0,0,0,0,1,0,0,C,10000,13.61,0,0.15,0,9
23770,30,59000,MORTGAGE,4,0,1,0,0,0,0,1,0,0,A,10000,8,1,0.17,0,9
23784,28,65004,MORTGAGE,7,0,1,0,0,0,0,1,0,0,A,9000,5.99,0,0.14,0,5
23835,29,60000,MORTGAGE,13,0,1,0,0,0,0,1,0,0,G,25000,20.16,1,0.42,0,10
23853,32,66100,MORTGAGE,5,0,1,0,0,0,0,1,0,0,A,5000,6.03,0,0.08,0,8
23876,27,66800,MORTGAGE,11,0,1,0,0,0,0,1,0,0,A,9600,7.51,0,0.14,0,7
23880,29,66901,MORTGAGE,13,0,1,0,0,0,0,1,0,0,C,9475,,0,0.14,0,10
23883,32,66996,MORTGAGE,6,0,1,0,0,0,0,1,0,0,A,8000,,0,0.12,0,9
23905,32,67000,MORTGAGE,12,0,1,0,0,0,0,1,0,0,B,10000,10.25,0,0.15,0,9
23919,32,52020,MORTGAGE,5,0,1,0,0,0,0,1,0,0,C,15000,11.03,1,0.25,0,6
23954,29,68000,MORTGAGE,2,0,1,0,0,0,0,1,0,0,C,5000,12.99,0,0.07,0,9
23969,32,68000,MORTGAGE,1,0,1,0,0,0,0,1,0,0,B,6100,10.25,0,0.09,0,7
23971,29,68000,MORTGAGE,9,0,1,0,0,0,0,1,0,0,C,3000,12.73,0,0.04,0,9
23988,31,68004,MORTGAGE,15,0,1,0,0,0,0,1,0,0,B,6000,10.95,0,0.09,0,9
24012,28,69000,MORTGAGE,9,0,1,0,0,0,0,1,0,0,B,4000,9.91,0,0.06,0,6
24031,29,69000,MORTGAGE,13,0,1,0,0,0,0,1,0,0,B,15000,10.62,0,0.22,0,6
24045,27,69500,MORTGAGE,11,0,1,0,0,0,0,1,0,0,A,14750,7.49,0,0.21,0,9
24048,27,69592,MORTGAGE,4,0,1,0,0,0,0,1,0,0,B,6500,10.74,0,0.09,0,10
24060,33,69996,MORTGAGE,11,0,1,0,0,0,0,1,0,0,B,3200,9.99,0,0.05,0,8
24075,31,70000,MORTGAGE,9,0,1,0,0,0,0,1,0,0,A,18000,8.9,0,0.26,0,10
24082,31,70000,MORTGAGE,0,0,1,0,0,0,0,1,0,0,A,3000,8.9,0,0.04,0,8
24084,30,70000,MORTGAGE,4,0,1,0,0,0,0,1,0,0,B,10200,12.42,0,0.15,0,6
24085,30,70000,MORTGAGE,9,0,1,0,0,0,0,1,0,0,A,7000,8.9,0,0.1,0,9
24094,30,70000,MORTGAGE,5,0,1,0,0,0,0,1,0,0,B,31825,12.69,0,0.45,0,8
24098,35,70000,MORTGAGE,0,0,1,0,0,0,0,1,0,0,B,12000,11.71,0,0.17,0,10
24126,29,70000,MORTGAGE,13,0,1,0,0,0,0,1,0,0,A,10000,6.99,0,0.14,0,5
24132,31,70000,MORTGAGE,9,0,1,0,0,0,0,1,0,0,A,6000,7.49,0,0.09,0,7
24135,27,70000,MORTGAGE,0,0,1,0,0,0,0,1,0,0,B,33000,,0,0.47,0,7
24151,31,54400,MORTGAGE,1,0,1,0,0,0,0,1,0,0,D,27050,14.54,1,0.42,0,7
24160,31,70000,MORTGAGE,4,0,1,0,0,0,0,1,0,0,A,12000,6.91,0,0.17,0,7
24163,27,70000,MORTGAGE,8,0,1,0,0,0,0,1,0,0,A,1300,5.79,0,0.02,0,9
24175,30,54400,MORTGAGE,3,0,1,0,0,0,0,1,0,0,A,23500,6.91,1,0.37,0,7
24186,28,70000,MORTGAGE,7,0,1,0,0,0,0,1,0,0,A,4000,6.39,0,0.06,0,8
24191,29,70000,MORTGAGE,7,0,1,0,0,0,0,1,0,0,B,4000,11.86,0,0.06,0,5
24195,33,54400,MORTGAGE,2,0,1,0,0,0,0,1,0,0,B,5000,11.86,1,0.08,0,9
24205,30,70000,MORTGAGE,14,0,1,0,0,0,0,1,0,0,A,6000,,0,0.09,0,7
24206,28,54400,MORTGAGE,6,0,1,0,0,0,0,1,0,0,D,5000,16.07,1,0.08,0,8
24208,31,70000,MORTGAGE,2,0,1,0,0,0,0,1,0,0,B,4625,10.62,0,0.07,0,6
24255,29,70008,MORTGAGE,8,0,1,0,0,0,0,1,0,0,A,5000,5.99,0,0.07,0,5
24271,33,70632,MORTGAGE,,0,1,0,0,0,0,1,0,0,B,1500,10.65,0,0.02,0,5
24284,33,71000,MORTGAGE,4,0,1,0,0,0,0,1,0,0,B,5300,11.49,0,0.07,0,7
24329,28,72000,MORTGAGE,12,0,1,0,0,0,0,1,0,0,A,4500,6.62,0,0.06,0,8
24330,27,72000,MORTGAGE,2,0,1,0,0,0,0,1,0,0,A,21100,8.9,0,0.29,0,8
24334,29,72000,MORTGAGE,3,0,1,0,0,0,0,1,0,0,B,14000,10.65,0,0.19,0,7
24335,27,72000,MORTGAGE,6,0,1,0,0,0,0,1,0,0,A,17000,6.03,0,0.24,0,6
24337,31,72000,MORTGAGE,15,0,1,0,0,0,0,1,0,0,A,1900,7.51,0,0.03,0,6
24341,27,72000,MORTGAGE,7,0,1,0,0,0,0,1,0,0,A,6500,6.03,0,0.09,0,5
24355,30,72000,MORTGAGE,3,0,1,0,0,0,0,1,0,0,A,14000,6.99,0,0.19,0,9
24356,27,72000,MORTGAGE,11,0,1,0,0,0,0,1,0,0,C,9500,13.99,0,0.13,0,6
24363,27,72000,MORTGAGE,11,0,1,0,0,0,0,1,0,0,B,6150,,0,0.09,0,5
24364,29,72000,MORTGAGE,3,0,1,0,0,0,0,1,0,0,B,12000,11.49,0,0.17,0,5
24366,28,56100,MORTGAGE,12,0,1,0,0,0,0,1,0,0,A,10000,8.49,1,0.15,0,8
24369,31,72000,MORTGAGE,14,0,1,0,0,0,0,1,0,0,A,7000,5.42,0,0.1,0,8
24373,35,72000,MORTGAGE,4,0,1,0,0,0,0,1,0,0,B,15000,10.59,0,0.21,0,6
24376,30,72000,MORTGAGE,12,0,1,0,0,0,0,1,0,0,B,10000,10,0,0.14,0,7
24383,29,72000,MORTGAGE,13,0,1,0,0,0,0,1,0,0,A,7400,5.42,0,0.1,0,8
24389,27,72000,MORTGAGE,5,0,1,0,0,0,0,1,0,0,A,11500,6.91,0,0.16,0,10
24401,30,72000,MORTGAGE,5,0,1,0,0,0,0,1,0,0,B,20000,10.38,0,0.28,0,5
24402,29,72000,MORTGAGE,7,0,1,0,0,0,0,1,0,0,A,24000,7.88,0,0.33,0,9
24411,28,72000,MORTGAGE,,0,1,0,0,0,0,1,0,0,B,22000,10.25,0,0.31,0,6
24467,34,72960,MORTGAGE,1,0,1,0,0,0,0,1,0,0,B,11000,12.21,0,0.15,0,8
24506,27,73400,MORTGAGE,10,0,1,0,0,0,0,1,0,0,A,2100,6.76,0,0.03,0,5
24517,27,57800,MORTGAGE,11,0,1,0,0,0,0,1,0,0,D,16000,16.29,1,0.24,0,8
24530,33,74000,MORTGAGE,2,0,1,0,0,0,0,1,0,0,A,20500,6.54,0,0.28,0,10
24555,32,74346,MORTGAGE,16,0,1,0,0,0,0,1,0,0,A,7000,7.9,0,0.09,0,9
24557,28,74400,MORTGAGE,7,0,1,0,0,0,0,1,0,0,B,12000,,0,0.16,0,6
24571,27,74800,MORTGAGE,1,0,1,0,0,0,0,1,0,0,B,21000,10.59,0,0.28,0,7
24590,28,75000,MORTGAGE,5,0,1,0,0,0,0,1,0,0,A,16800,6.03,0,0.22,0,8
24604,32,75000,MORTGAGE,8,0,1,0,0,0,0,1,0,0,A,14000,6.03,0,0.19,0,10
24606,33,75000,MORTGAGE,6,0,1,0,0,0,0,1,0,0,A,6000,7.51,0,0.08,0,8
24609,34,75000,MORTGAGE,3,0,1,0,0,0,0,1,0,0,A,3000,7.9,0,0.04,0,5
24614,33,75000,MORTGAGE,13,0,1,0,0,0,0,1,0,0,B,25000,10.65,0,0.33,0,7
24617,29,75000,MORTGAGE,2,0,1,0,0,0,0,1,0,0,C,8000,12.99,0,0.11,0,10
24618,29,75000,MORTGAGE,8,0,1,0,0,0,0,1,0,0,A,4200,5.42,0,0.06,0,9
24622,31,75000,MORTGAGE,4,0,1,0,0,0,0,1,0,0,B,13800,,0,0.18,0,9
24623,29,75000,MORTGAGE,6,0,1,0,0,0,0,1,0,0,A,8000,5.42,0,0.11,0,5
24641,27,58650,MORTGAGE,11,0,1,0,0,0,0,1,0,0,A,4000,5.42,1,0.06,0,6
24664,34,75000,MORTGAGE,14,0,1,0,0,0,0,1,0,0,B,10000,11.11,0,0.13,0,10
24668,29,75000,MORTGAGE,11,0,1,0,0,0,0,1,0,0,A,10000,5.42,0,0.13,0,9
24679,27,75000,MORTGAGE,6,0,1,0,0,0,0,1,0,0,A,10000,5.79,0,0.13,0,7
24691,33,75000,MORTGAGE,2,0,1,0,0,0,0,1,0,0,A,10000,7.88,0,0.13,0,9
24692,30,75000,MORTGAGE,11,0,1,0,0,0,0,1,0,0,A,15000,7.88,0,0.2,0,9
24693,29,58650,MORTGAGE,5,0,1,0,0,0,0,1,0,0,E,3000,17.19,1,0.04,0,6
24733,28,75000,MORTGAGE,2,0,1,0,0,0,0,1,0,0,B,20000,12.18,0,0.27,0,5
24737,28,75000,MORTGAGE,10,0,1,0,0,0,0,1,0,0,A,9800,,0,0.13,0,7
24743,29,75000,MORTGAGE,1,0,1,0,0,0,0,1,0,0,A,12000,9.63,0,0.16,0,6
24776,27,75288,MORTGAGE,12,0,1,0,0,0,0,1,0,0,B,18050,10,0,0.24,0,10
24778,27,75400,MORTGAGE,3,0,1,0,0,0,0,1,0,0,A,6000,7.74,0,0.08,0,9
24786,27,75670,MORTGAGE,0,0,1,0,0,0,0,1,0,0,A,10000,8.94,0,0.13,0,10
24793,30,59497,MORTGAGE,4,0,1,0,0,0,0,1,0,0,D,17000,16.89,1,0.24,0,8
24818,29,76176,MORTGAGE,12,0,1,0,0,0,0,1,0,0,A,4800,6.99,0,0.06,0,7
24821,33,76248,MORTGAGE,17,0,1,0,0,0,0,1,0,0,A,10400,7.66,0,0.14,0,5
24824,30,76404,MORTGAGE,14,0,1,0,0,0,0,1,0,0,A,12000,6.54,0,0.16,0,5
24826,28,76500,MORTGAGE,12,0,1,0,0,0,0,1,0,0,B,10000,12.42,0,0.13,0,7
24832,27,60174,MORTGAGE,11,0,1,0,0,0,0,1,0,0,B,3025,10.99,1,0.04,0,10
24848,35,60350,MORTGAGE,15,0,1,0,0,0,0,1,0,0,E,25000,16.82,1,0.35,0,5
24878,33,78000,MORTGAGE,17,0,1,0,0,0,0,1,0,0,C,3200,13.49,0,0.04,0,6
24880,33,78000,MORTGAGE,6,0,1,0,0,0,0,1,0,0,C,20000,15.96,0,0.26,0,10
24886,28,78000,MORTGAGE,12,0,1,0,0,0,0,1,0,0,B,12000,10.99,0,0.15,0,10
24888,27,61200,MORTGAGE,3,0,1,0,0,0,0,1,0,0,A,13000,8.49,1,0.18,0,10
24913,27,78000,MORTGAGE,2,0,1,0,0,0,0,1,0,0,B,7000,9.62,0,0.09,0,6
24931,33,78000,MORTGAGE,3,0,1,0,0,0,0,1,0,0,B,20000,12.18,0,0.26,0,8
24937,29,61200,MORTGAGE,2,0,1,0,0,0,0,1,0,0,F,15000,17.58,1,0.21,0,5
24983,31,79100,MORTGAGE,4,0,1,0,0,0,0,1,0,0,A,19150,6.99,0,0.24,0,7
25042,30,62900,MORTGAGE,2,0,1,0,0,0,0,1,0,0,B,10000,,1,0.14,0,6
25048,29,80000,MORTGAGE,5,0,1,0,0,0,0,1,0,0,B,22000,10.59,0,0.28,0,10
25060,27,80000,MORTGAGE,6,0,1,0,0,0,0,1,0,0,B,23750,10.99,0,0.3,0,9
25083,31,80000,MORTGAGE,10,0,1,0,0,0,0,1,0,0,A,10000,,0,0.13,0,5
25099,27,80000,MORTGAGE,4,0,1,0,0,0,0,1,0,0,A,15000,6.54,0,0.19,0,8
25137,33,80000,MORTGAGE,4,0,1,0,0,0,0,1,0,0,B,12000,11.14,0,0.15,0,6
25143,34,62900,MORTGAGE,11,0,1,0,0,0,0,1,0,0,A,18000,8.94,1,0.24,0,5
25155,31,80000,MORTGAGE,0,0,1,0,0,0,0,1,0,0,B,15000,10.95,0,0.19,0,8
25158,27,62900,MORTGAGE,1,0,1,0,0,0,0,1,0,0,B,8000,11.46,1,0.11,0,8
25168,31,80004,MORTGAGE,9,0,1,0,0,0,0,1,0,0,C,3500,12.61,0,0.04,0,10
25170,28,80004,MORTGAGE,5,0,1,0,0,0,0,1,0,0,A,12000,6.91,0,0.15,0,6
25171,31,80004,MORTGAGE,9,0,1,0,0,0,0,1,0,0,B,5500,10.75,0,0.07,0,8
25197,28,80748,MORTGAGE,5,0,1,0,0,0,0,1,0,0,A,5000,7.51,0,0.06,0,9
25216,27,81000,MORTGAGE,2,0,1,0,0,0,0,1,0,0,A,5500,8,0,0.07,0,8
25245,29,82000,MORTGAGE,5,0,1,0,0,0,0,1,0,0,B,20000,10.99,0,0.24,0,7
25265,32,64600,MORTGAGE,12,0,1,0,0,0,0,1,0,0,B,25000,11.36,1,0.33,0,5
25278,28,82500,MORTGAGE,12,0,1,0,0,0,0,1,0,0,A,11000,7.49,0,0.13,0,9
25305,31,83000,MORTGAGE,11,0,1,0,0,0,0,1,0,0,A,7500,,0,0.09,0,6
25321,28,83137,MORTGAGE,12,0,1,0,0,0,0,1,0,0,C,3600,14.72,0,0.04,0,9
25351,29,84000,MORTGAGE,11,0,1,0,0,0,0,1,0,0,A,15000,6.99,0,0.18,0,7
25364,28,84000,MORTGAGE,12,0,1,0,0,0,0,1,0,0,B,20500,10,0,0.24,0,5
25367,32,84000,MORTGAGE,15,0,1,0,0,0,0,1,0,0,A,15000,6.91,0,0.18,0,7
25376,33,66300,MORTGAGE,3,0,1,0,0,0,0,1,0,0,D,22000,14.59,1,0.28,0,8
25407,32,84996,MORTGAGE,5,0,1,0,0,0,0,1,0,0,B,20000,8.88,0,0.24,0,5
25422,27,85000,MORTGAGE,9,0,1,0,0,0,0,1,0,0,B,24000,11.71,0,0.28,0,10
25423,35,85000,MORTGAGE,2,0,1,0,0,0,0,1,0,0,B,14000,10.65,0,0.16,0,5
25432,29,85000,MORTGAGE,9,0,1,0,0,0,0,1,0,0,B,15000,10.65,0,0.18,0,9
25457,29,62050,MORTGAGE,13,0,1,0,0,0,0,1,0,0,E,3600,17.99,1,0.05,0,9
25461,30,85000,MORTGAGE,14,0,1,0,0,0,0,1,0,0,A,6000,5.42,0,0.07,0,8
25472,28,85000,MORTGAGE,1,0,1,0,0,0,0,1,0,0,A,5000,6.92,0,0.06,0,8
25503,28,85000,MORTGAGE,12,0,1,0,0,0,0,1,0,0,B,18000,12.53,0,0.21,0,10
25544,32,86000,MORTGAGE,4,0,1,0,0,0,0,1,0,0,B,10800,12.42,0,0.13,0,7
25545,32,86000,MORTGAGE,4,0,1,0,0,0,0,1,0,0,A,8400,6.62,0,0.1,0,8
25553,35,86000,MORTGAGE,19,0,1,0,0,0,0,1,0,0,A,20000,6.54,0,0.23,0,10
25568,32,86400,MORTGAGE,16,0,1,0,0,0,0,1,0,0,A,8000,6.03,0,0.09,0,10
25581,30,86706,MORTGAGE,6,0,1,0,0,0,0,1,0,0,A,8500,6.62,0,0.1,0,10
25600,32,87000,MORTGAGE,8,0,1,0,0,0,0,1,0,0,B,24800,12.53,0,0.29,0,5
25611,29,87204,MORTGAGE,7,0,1,0,0,0,0,1,0,0,A,10000,9.32,0,0.11,0,8
25615,31,87504,MORTGAGE,14,0,1,0,0,0,0,1,0,0,A,12650,8.9,0,0.14,0,10
25629,35,88000,MORTGAGE,18,0,1,0,0,0,0,1,0,0,B,9800,12.69,0,0.11,0,10
25650,32,88500,MORTGAGE,5,0,1,0,0,0,0,1,0,0,C,2700,14.27,0,0.03,0,10
25659,28,65450,MORTGAGE,5,0,1,0,0,0,0,1,0,0,D,15000,16.89,1,0.19,0,9
25699,27,90000,MORTGAGE,6,0,1,0,0,0,0,1,0,0,A,24400,8.9,0,0.27,0,10
25719,31,90000,MORTGAGE,6,0,1,0,0,0,0,1,0,0,B,18000,,0,0.2,0,8
25725,30,90000,MORTGAGE,14,0,1,0,0,0,0,1,0,0,A,18000,8.49,0,0.2,0,9
25742,28,90000,MORTGAGE,3,0,1,0,0,0,0,1,0,0,B,21000,10.74,0,0.23,0,7
25743,29,90000,MORTGAGE,1,0,1,0,0,0,0,1,0,0,A,12000,5.79,0,0.13,0,9
25749,31,90000,MORTGAGE,9,0,1,0,0,0,0,1,0,0,A,14400,7.66,0,0.16,0,6
25764,35,90000,MORTGAGE,3,0,1,0,0,0,0,1,0,0,A,14500,6.54,0,0.16,0,10
25765,32,90000,MORTGAGE,7,0,1,0,0,0,0,1,0,0,B,3000,9.25,0,0.03,0,9
25772,28,90000,MORTGAGE,0,0,1,0,0,0,0,1,0,0,A,15000,7.88,0,0.17,0,6
25774,27,90000,MORTGAGE,0,0,1,0,0,0,0,1,0,0,A,10000,7.14,0,0.11,0,10
25787,27,90000,MORTGAGE,6,0,1,0,0,0,0,1,0,0,B,5500,10.25,0,0.06,0,9
25790,27,66300,MORTGAGE,0,0,1,0,0,0,0,1,0,0,E,20000,17.56,1,0.26,0,8
25827,28,66300,MORTGAGE,11,0,1,0,0,0,0,1,0,0,D,12000,14.11,1,0.15,0,6
25839,28,90080,MORTGAGE,9,0,1,0,0,0,0,1,0,0,A,5500,7.49,0,0.06,0,7
25845,31,90400,MORTGAGE,9,0,1,0,0,0,0,1,0,0,B,9500,10.37,0,0.11,0,6
25876,27,91224,MORTGAGE,6,0,1,0,0,0,0,1,0,0,A,15000,7.88,0,0.16,0,10
25900,35,92000,MORTGAGE,19,0,1,0,0,0,0,1,0,0,A,14400,6.99,0,0.16,0,10
25912,34,92000,MORTGAGE,5,0,1,0,0,0,0,1,0,0,A,10000,7.51,0,0.11,0,10
25934,28,92800,MORTGAGE,0,0,1,0,0,0,0,1,0,0,A,12500,9.63,0,0.13,0,9
25942,31,93000,MORTGAGE,10,0,1,0,0,0,0,1,0,0,A,3000,8.49,0,0.03,0,8
25951,30,93000,MORTGAGE,14,0,1,0,0,0,0,1,0,0,B,22500,11.83,0,0.24,0,9
25965,29,94000,MORTGAGE,13,0,1,0,0,0,0,1,0,0,B,4800,10.99,0,0.05,0,5
25971,34,94000,MORTGAGE,3,0,1,0,0,0,0,1,0,0,A,15000,6.54,0,0.16,0,5
25977,35,94500,MORTGAGE,0,0,1,0,0,0,0,1,0,0,A,12000,6.62,0,0.13,0,7
26011,30,95000,MORTGAGE,4,0,1,0,0,0,0,1,0,0,B,5600,11.63,0,0.06,0,5
26016,33,95000,MORTGAGE,17,0,1,0,0,0,0,1,0,0,A,3600,8.49,0,0.04,0,10
26027,33,95000,MORTGAGE,17,0,1,0,0,0,0,1,0,0,A,12000,7.29,0,0.13,0,6
26051,28,95000,MORTGAGE,0,0,1,0,0,0,0,1,0,0,B,4500,10.99,0,0.05,0,7
26073,32,95200,MORTGAGE,15,0,1,0,0,0,0,1,0,0,A,15000,5.99,0,0.16,0,8
26095,35,96000,MORTGAGE,5,0,1,0,0,0,0,1,0,0,A,14000,7.49,0,0.15,0,10
26096,33,96000,MORTGAGE,5,0,1,0,0,0,0,1,0,0,A,9000,7.49,0,0.09,0,7
26101,29,71400,MORTGAGE,1,0,1,0,0,0,0,1,0,0,A,8000,8.49,1,0.1,0,10
26111,30,96000,MORTGAGE,11,0,1,0,0,0,0,1,0,0,B,12000,9.99,0,0.13,0,7
26122,31,96000,MORTGAGE,1,0,1,0,0,0,0,1,0,0,B,22500,11.36,0,0.23,0,5
26142,29,96339,MORTGAGE,7,0,1,0,0,0,0,1,0,0,B,15000,11.36,0,0.16,0,7
26149,28,96636,MORTGAGE,10,0,1,0,0,0,0,1,0,0,A,30000,8.49,0,0.31,0,5
26186,35,97500,MORTGAGE,19,0,1,0,0,0,0,1,0,0,A,8000,5.42,0,0.08,0,9
26187,31,97500,MORTGAGE,3,0,1,0,0,0,0,1,0,0,A,6000,7.51,0,0.06,0,9
26207,28,98000,MORTGAGE,6,0,1,0,0,0,0,1,0,0,A,1000,7.74,0,0.01,0,9
26227,33,98784,MORTGAGE,3,0,1,0,0,0,0,1,0,0,B,10000,,0,0.1,0,7
26232,35,99000,MORTGAGE,12,0,1,0,0,0,0,1,0,0,B,3000,10.99,0,0.03,0,9
26235,33,99000,MORTGAGE,8,0,1,0,0,0,0,1,0,0,B,24000,11.36,0,0.24,0,7
26240,33,99300,MORTGAGE,11,0,1,0,0,0,0,1,0,0,A,7500,5.79,0,0.08,0,7
26242,28,99400,MORTGAGE,6,0,1,0,0,0,0,1,0,0,B,4800,,0,0.05,0,7
26271,30,100000,MORTGAGE,9,0,1,0,0,0,0,1,0,0,A,12000,8.9,0,0.12,0,10
26276,33,100000,MORTGAGE,16,0,1,0,0,0,0,1,0,0,B,15000,11.71,0,0.15,0,9
26278,35,100000,MORTGAGE,19,0,1,0,0,0,0,1,0,0,B,9000,10.99,0,0.09,0,8
26283,31,100000,MORTGAGE,6,0,1,0,0,0,0,1,0,0,B,6000,10.99,0,0.06,0,6
26292,31,100000,MORTGAGE,2,0,1,0,0,0,0,1,0,0,A,5000,5.42,0,0.05,0,8
26312,32,100000,MORTGAGE,2,0,1,0,0,0,0,1,0,0,C,35000,,0,0.35,0,10
26314,32,100000,MORTGAGE,17,0,1,0,0,0,0,1,0,0,A,4500,5.42,0,0.04,0,10
26319,31,100000,MORTGAGE,10,0,1,0,0,0,0,1,0,0,A,9950,5.42,0,0.1,0,7
26329,27,100000,MORTGAGE,2,0,1,0,0,0,0,1,0,0,A,16000,6.54,0,0.16,0,5
26337,29,100000,MORTGAGE,13,0,1,0,0,0,0,1,0,0,A,20000,6.54,0,0.2,0,5
26371,30,100000,MORTGAGE,14,0,1,0,0,0,0,1,0,0,B,15000,11.14,0,0.15,0,9
26373,28,100000,MORTGAGE,6,0,1,0,0,0,0,1,0,0,B,24000,11.48,0,0.24,0,9
26391,27,100000,MORTGAGE,2,0,1,0,0,0,0,1,0,0,A,2000,8,0,0.02,0,5
26403,29,100000,MORTGAGE,7,0,1,0,0,0,0,1,0,0,C,15000,12.04,0,0.15,0,5
26404,27,100000,MORTGAGE,10,0,1,0,0,0,0,1,0,0,B,12000,9.96,0,0.12,0,10
26414,35,100843,MORTGAGE,6,0,1,0,0,0,0,1,0,0,C,2800,12.87,0,0.03,0,5
26425,28,101000,MORTGAGE,8,0,1,0,0,0,0,1,0,0,A,15000,8.94,0,0.15,0,9
26429,27,101004,MORTGAGE,2,0,1,0,0,0,0,1,0,0,A,11025,7.9,0,0.11,0,5
26430,27,101004,MORTGAGE,3,0,1,0,0,0,0,1,0,0,B,12000,,0,0.12,0,9
26448,29,102000,MORTGAGE,13,0,1,0,0,0,0,1,0,0,A,6000,7.88,0,0.06,0,9
26464,28,102500,MORTGAGE,12,0,1,0,0,0,0,1,0,0,A,6000,5.79,0,0.06,0,8
26471,32,103000,MORTGAGE,3,0,1,0,0,0,0,1,0,0,A,6000,7.49,0,0.06,0,8
26475,29,103000,MORTGAGE,13,0,1,0,0,0,0,1,0,0,A,4500,7.29,0,0.04,0,6
26476,27,103000,MORTGAGE,8,0,1,0,0,0,0,1,0,0,A,8800,7.29,0,0.09,0,8
26497,33,104000,MORTGAGE,15,0,1,0,0,0,0,1,0,0,B,3500,10.74,0,0.03,0,6
26510,32,105000,MORTGAGE,17,0,1,0,0,0,0,1,0,0,C,5000,14.65,0,0.05,0,9
26522,30,105000,MORTGAGE,14,0,1,0,0,0,0,1,0,0,B,7725,,0,0.07,0,9
26535,32,105000,MORTGAGE,11,0,1,0,0,0,0,1,0,0,A,20000,6.54,0,0.19,0,9
26537,33,79050,MORTGAGE,17,0,1,0,0,0,0,1,0,0,D,12750,15.95,1,0.14,0,10
26538,34,105000,MORTGAGE,2,0,1,0,0,0,0,1,0,0,A,10000,7.51,0,0.1,0,7
26540,28,105000,MORTGAGE,1,0,1,0,0,0,0,1,0,0,B,25000,11.12,0,0.24,0,9
26576,32,106000,MORTGAGE,3,0,1,0,0,0,0,1,0,0,A,10000,,0,0.09,0,7
26577,34,106000,MORTGAGE,3,0,1,0,0,0,0,1,0,0,A,9000,7.88,0,0.08,0,6
26578,31,106000,MORTGAGE,3,0,1,0,0,0,0,1,0,0,B,6000,10.99,0,0.06,0,7
26585,35,106369,MORTGAGE,2,0,1,0,0,0,0,1,0,0,A,8325,6.99,0,0.08,0,10
26619,27,108000,MORTGAGE,6,0,1,0,0,0,0,1,0,0,A,10000,6.54,0,0.09,0,8
26637,33,109000,MORTGAGE,,0,1,0,0,0,0,1,0,0,B,15000,11.49,0,0.14,0,5
26640,29,82450,MORTGAGE,11,0,1,0,0,0,0,1,0,0,E,7500,14.5,1,0.08,0,9
26650,29,110000,MORTGAGE,6,0,1,0,0,0,0,1,0,0,B,5000,9.91,0,0.05,0,9
26654,28,110000,MORTGAGE,12,0,1,0,0,0,0,1,0,0,A,6000,6.03,0,0.05,0,5
26663,30,110000,MORTGAGE,12,0,1,0,0,0,0,1,0,0,B,5000,,0,0.05,0,10
26670,30,110000,MORTGAGE,8,0,1,0,0,0,0,1,0,0,A,4800,5.99,0,0.04,0,5
26675,33,110000,MORTGAGE,10,0,1,0,0,0,0,1,0,0,A,18000,6.99,0,0.16,0,9
26679,34,110000,MORTGAGE,2,0,1,0,0,0,0,1,0,0,A,10000,7.29,0,0.09,0,10
26684,30,110000,MORTGAGE,0,0,1,0,0,0,0,1,0,0,A,6000,6.92,0,0.05,0,8
26686,27,110000,MORTGAGE,0,0,1,0,0,0,0,1,0,0,B,10000,10.37,0,0.09,0,9
26690,30,110000,MORTGAGE,4,0,1,0,0,0,0,1,0,0,B,12000,10.74,0,0.11,0,8
26695,32,110000,MORTGAGE,3,0,1,0,0,0,0,1,0,0,A,9200,5.79,0,0.08,0,10
26698,33,110000,MORTGAGE,2,0,1,0,0,0,0,1,0,0,A,5000,7.51,0,0.05,0,7
26712,27,83300,MORTGAGE,3,0,1,0,0,0,0,1,0,0,D,12000,15.21,1,0.12,0,6
26717,33,110000,MORTGAGE,7,0,1,0,0,0,0,1,0,0,B,23800,10.25,0,0.22,0,5
26725,27,110000,MORTGAGE,3,0,1,0,0,0,0,1,0,0,A,4800,7.74,0,0.04,0,7
26732,31,110000,MORTGAGE,2,0,1,0,0,0,0,1,0,0,A,6000,7.4,0,0.05,0,6
26738,35,110000,MORTGAGE,4,0,1,0,0,0,0,1,0,0,C,4000,13.79,0,0.04,0,6
26744,29,110004,MORTGAGE,13,0,1,0,0,0,0,1,0,0,B,12000,10.36,0,0.11,0,6
26746,33,110004,MORTGAGE,15,0,1,0,0,0,0,1,0,0,B,12000,,0,0.11,0,7
26751,32,110888,MORTGAGE,0,0,1,0,0,0,0,1,0,0,B,10400,9.91,0,0.09,0,6
26800,27,113800,MORTGAGE,3,0,1,0,0,0,0,1,0,0,A,7500,8.63,0,0.07,0,10
26804,30,114000,MORTGAGE,14,0,1,0,0,0,0,1,0,0,A,7200,6.03,0,0.06,0,8
26812,29,114000,MORTGAGE,11,0,1,0,0,0,0,1,0,0,A,14000,,0,0.12,0,6
26813,32,86700,MORTGAGE,16,0,1,0,0,0,0,1,0,0,D,20000,14.74,1,0.2,0,9
26829,31,115000,MORTGAGE,15,0,1,0,0,0,0,1,0,0,B,10000,12.42,0,0.09,0,6
26837,28,115000,MORTGAGE,3,0,1,0,0,0,0,1,0,0,A,18500,,0,0.16,0,7
26838,27,115000,MORTGAGE,2,0,1,0,0,0,0,1,0,0,A,1000,5.99,0,0.01,0,8
26840,28,115000,MORTGAGE,8,0,1,0,0,0,0,1,0,0,A,28000,,0,0.24,0,5
26842,33,115000,MORTGAGE,6,0,1,0,0,0,0,1,0,0,C,10500,13.49,0,0.09,0,9
26857,34,115000,MORTGAGE,11,0,1,0,0,0,0,1,0,0,A,6000,5.79,0,0.05,0,9
26859,27,115000,MORTGAGE,11,0,1,0,0,0,0,1,0,0,A,8000,7.51,0,0.07,0,7
26860,33,115000,MORTGAGE,10,0,1,0,0,0,0,1,0,0,B,25000,11.86,0,0.22,0,8
26867,27,115000,MORTGAGE,4,0,1,0,0,0,0,1,0,0,C,9600,12.87,0,0.08,0,9
26872,32,115200,MORTGAGE,3,0,1,0,0,0,0,1,0,0,A,10200,,0,0.09,0,9
26882,28,116000,MORTGAGE,10,0,1,0,0,0,0,1,0,0,B,25000,12.18,0,0.22,0,10
26885,33,116004,MORTGAGE,12,0,1,0,0,0,0,1,0,0,C,8200,13.85,0,0.07,0,9
26886,31,116004,MORTGAGE,13,0,1,0,0,0,0,1,0,0,A,6775,8.59,0,0.06,0,10
26900,31,117516,MORTGAGE,3,0,1,0,0,0,0,1,0,0,C,21000,13.49,0,0.18,0,5
26905,31,118000,MORTGAGE,8,0,1,0,0,0,0,1,0,0,B,6000,12.69,0,0.05,0,9
26913,27,119000,MORTGAGE,0,0,1,0,0,0,0,1,0,0,B,8800,,0,0.07,0,7
26915,28,119000,MORTGAGE,2,0,1,0,0,0,0,1,0,0,B,5325,10.38,0,0.04,0,7
26921,32,119000,MORTGAGE,10,0,1,0,0,0,0,1,0,0,C,9000,13.47,0,0.08,0,7
26934,29,120000,MORTGAGE,8,0,1,0,0,0,0,1,0,0,A,28000,7.9,0,0.23,0,8
26952,34,120000,MORTGAGE,0,0,1,0,0,0,0,1,0,0,A,7100,8.9,0,0.06,0,8
26953,31,120000,MORTGAGE,6,0,1,0,0,0,0,1,0,0,A,28000,8.9,0,0.23,0,9
26967,28,120000,MORTGAGE,3,0,1,0,0,0,0,1,0,0,A,14500,5.42,0,0.12,0,8
26984,35,120000,MORTGAGE,4,0,1,0,0,0,0,1,0,0,B,8850,10.99,0,0.07,0,7
26985,33,120000,MORTGAGE,6,0,1,0,0,0,0,1,0,0,A,4500,5.99,0,0.04,0,5
26994,33,120000,MORTGAGE,3,0,1,0,0,0,0,1,0,0,A,14000,7.29,0,0.12,0,8
26996,30,120000,MORTGAGE,6,0,1,0,0,0,0,1,0,0,A,9600,7.66,0,0.08,0,9
27005,28,91800,MORTGAGE,4,0,1,0,0,0,0,1,0,0,D,20000,15.28,1,0.19,0,6
27012,34,120000,MORTGAGE,4,0,1,0,0,0,0,1,0,0,A,16800,6.91,0,0.14,0,6
27037,29,120000,MORTGAGE,5,0,1,0,0,0,0,1,0,0,B,9000,10.25,0,0.07,0,10
27038,31,120000,MORTGAGE,9,0,1,0,0,0,0,1,0,0,A,10000,7.51,0,0.08,0,7
27039,27,91800,MORTGAGE,4,0,1,0,0,0,0,1,0,0,D,25000,16.07,1,0.23,0,9
27062,27,120000,MORTGAGE,2,0,1,0,0,0,0,1,0,0,B,16000,12.21,0,0.13,0,8
27074,31,91800,MORTGAGE,0,0,1,0,0,0,0,1,0,0,A,2225,7.43,1,0.02,0,5
27079,30,120000,MORTGAGE,15,0,1,0,0,0,0,1,0,0,B,8275,9.01,0,0.07,0,8
27085,34,120602,MORTGAGE,4,0,1,0,0,0,0,1,0,0,C,20000,14.79,0,0.17,0,8
27105,34,122400,MORTGAGE,5,0,1,0,0,0,0,1,0,0,B,6800,10.65,0,0.06,0,10
27106,32,122400,MORTGAGE,16,0,1,0,0,0,0,1,0,0,A,10000,7.88,0,0.08,0,6
27110,31,123000,MORTGAGE,7,0,1,0,0,0,0,1,0,0,A,15000,6.91,0,0.12,0,7
27114,31,94350,MORTGAGE,5,0,1,0,0,0,0,1,0,0,D,15000,15.37,1,0.14,0,8
27118,27,123996,MORTGAGE,11,0,1,0,0,0,0,1,0,0,A,6500,8,0,0.05,0,6
27123,29,124000,MORTGAGE,13,0,1,0,0,0,0,1,0,0,A,8100,7.51,0,0.07,0,7
27143,29,125000,MORTGAGE,4,0,1,0,0,0,0,1,0,0,C,24000,13.49,0,0.19,0,7
27145,34,125000,MORTGAGE,0,0,1,0,0,0,0,1,0,0,B,9175,10.99,0,0.07,0,5
27146,33,125000,MORTGAGE,17,0,1,0,0,0,0,1,0,0,B,8800,10.59,0,0.07,0,7
27147,27,125000,MORTGAGE,11,0,1,0,0,0,0,1,0,0,B,30000,10.99,0,0.24,0,10
27149,31,125000,MORTGAGE,5,0,1,0,0,0,0,1,0,0,B,18000,11.99,0,0.14,0,7
27170,33,125000,MORTGAGE,2,0,1,0,0,0,0,1,0,0,A,20000,7.88,0,0.16,0,5
27173,29,125000,MORTGAGE,2,0,1,0,0,0,0,1,0,0,C,3500,13.98,0,0.03,0,8
27181,30,125000,MORTGAGE,5,0,1,0,0,0,0,1,0,0,A,8000,7.74,0,0.06,0,10
27188,34,125000,MORTGAGE,4,0,1,0,0,0,0,1,0,0,A,12000,8.94,0,0.1,0,9
27198,30,96053,MORTGAGE,15,0,1,0,0,0,0,1,0,0,D,30000,15.62,1,0.27,0,5
27225,35,126696,MORTGAGE,19,0,1,0,0,0,0,1,0,0,B,24250,10.38,0,0.19,0,6
27242,27,129900,MORTGAGE,11,0,1,0,0,0,0,1,0,0,B,3100,11.11,0,0.02,0,8
27253,32,130000,MORTGAGE,7,0,1,0,0,0,0,1,0,0,B,13000,12.69,0,0.1,0,8
27258,32,130000,MORTGAGE,12,0,1,0,0,0,0,1,0,0,A,16500,5.42,0,0.13,0,8
27269,31,130000,MORTGAGE,10,0,1,0,0,0,0,1,0,0,A,9800,8.49,0,0.08,0,5
27282,34,130000,MORTGAGE,5,0,1,0,0,0,0,1,0,0,C,6450,13.23,0,0.05,0,7
27305,30,130000,MORTGAGE,14,0,1,0,0,0,0,1,0,0,B,6000,12.21,0,0.05,0,9
27328,28,132650,MORTGAGE,12,0,1,0,0,0,0,1,0,0,B,20000,10.65,0,0.15,0,5
27346,33,135000,MORTGAGE,6,0,1,0,0,0,0,1,0,0,B,22250,,0,0.16,0,9
27348,29,135000,MORTGAGE,14,0,1,0,0,0,0,1,0,0,A,24000,5.99,0,0.18,0,10
27349,28,135000,MORTGAGE,0,0,1,0,0,0,0,1,0,0,A,14400,5.42,0,0.11,0,8
27357,27,135000,MORTGAGE,3,0,1,0,0,0,0,1,0,0,B,25000,11.12,0,0.19,0,8
27362,31,135000,MORTGAGE,2,0,1,0,0,0,0,1,0,0,B,20000,11.36,0,0.15,0,9
27364,31,135000,MORTGAGE,12,0,1,0,0,0,0,1,0,0,C,15000,13.85,0,0.11,0,10
27368,27,104550,MORTGAGE,0,0,1,0,0,0,0,1,0,0,F,23000,18.43,1,0.19,0,9
27384,32,136000,MORTGAGE,11,0,1,0,0,0,0,1,0,0,B,12000,10,0,0.09,0,8
27394,28,138000,MORTGAGE,11,0,1,0,0,0,0,1,0,0,A,5000,6.62,0,0.04,0,5
27399,31,138000,MORTGAGE,15,0,1,0,0,0,0,1,0,0,B,24000,10.62,0,0.17,0,6
27419,28,140000,MORTGAGE,8,0,1,0,0,0,0,1,0,0,A,22000,7.9,0,0.16,0,6
27420,31,140000,MORTGAGE,5,0,1,0,0,0,0,1,0,0,B,30000,11.71,0,0.21,0,7
27433,27,140000,MORTGAGE,11,0,1,0,0,0,0,1,0,0,A,2700,,0,0.02,0,9
27439,29,108800,MORTGAGE,1,0,1,0,0,0,0,1,0,0,F,18500,17.8,1,0.14,0,10
27441,33,140000,MORTGAGE,14,0,1,0,0,0,0,1,0,0,A,9600,6.91,0,0.07,0,10
27442,28,140000,MORTGAGE,12,0,1,0,0,0,0,1,0,0,B,15000,8.88,0,0.11,0,5
27448,29,140000,MORTGAGE,4,0,1,0,0,0,0,1,0,0,A,24000,7.88,0,0.17,0,5
27450,29,140000,MORTGAGE,12,0,1,0,0,0,0,1,0,0,B,24250,11.12,0,0.17,0,8
27458,33,140000,MORTGAGE,6,0,1,0,0,0,0,1,0,0,A,13000,7.51,0,0.09,0,6
27461,30,108800,MORTGAGE,2,0,1,0,0,0,0,1,0,0,E,15000,16.35,1,0.12,0,8
27466,35,140000,MORTGAGE,3,0,1,0,0,0,0,1,0,0,B,25000,12.21,0,0.18,0,10
27470,32,140304,MORTGAGE,8,0,1,0,0,0,0,1,0,0,A,20000,6.91,0,0.14,0,10
27482,30,110925,MORTGAGE,1,0,1,0,0,0,0,1,0,0,D,25000,15.33,1,0.19,0,9
27492,33,144000,MORTGAGE,1,0,1,0,0,0,0,1,0,0,A,5000,8.9,0,0.03,0,10
27493,28,144000,MORTGAGE,12,0,1,0,0,0,0,1,0,0,A,35000,8.9,0,0.24,0,7
27496,29,144000,MORTGAGE,11,0,1,0,0,0,0,1,0,0,B,7000,10.59,0,0.05,0,10
27497,30,144000,MORTGAGE,7,0,1,0,0,0,0,1,0,0,A,6000,8.49,0,0.04,0,8
27500,27,144000,MORTGAGE,6,0,1,0,0,0,0,1,0,0,A,5000,7.49,0,0.03,0,5
27525,27,145986,MORTGAGE,2,0,1,0,0,0,0,1,0,0,A,5500,5.42,0,0.04,0,6
27526,34,113900,MORTGAGE,5,0,1,0,0,0,0,1,0,0,E,35000,18.64,1,0.26,0,10
27527,27,146000,MORTGAGE,5,0,1,0,0,0,0,1,0,0,A,2500,8.49,0,0.02,0,5
27528,29,146000,MORTGAGE,12,0,1,0,0,0,0,1,0,0,A,3800,6.39,0,0.03,0,6
27543,32,150000,MORTGAGE,16,0,1,0,0,0,0,1,0,0,A,16000,6.03,0,0.11,0,10
27559,33,117300,MORTGAGE,3,0,1,0,0,0,0,1,0,0,D,16000,15.99,1,0.12,0,5
27565,29,150000,MORTGAGE,1,0,1,0,0,0,0,1,0,0,C,10000,13.49,0,0.07,0,10
27567,29,150000,MORTGAGE,4,0,1,0,0,0,0,1,0,0,A,7200,7.29,0,0.05,0,7
27578,27,150000,MORTGAGE,2,0,1,0,0,0,0,1,0,0,A,18000,,0,0.12,0,5
27643,34,156000,MORTGAGE,9,0,1,0,0,0,0,1,0,0,A,25000,,0,0.16,0,9
27654,28,158000,MORTGAGE,6,0,1,0,0,0,0,1,0,0,A,15000,7.9,0,0.09,0,5
27660,28,158367,MORTGAGE,5,0,1,0,0,0,0,1,0,0,A,12000,6.62,0,0.08,0,8
27686,27,165000,MORTGAGE,6,0,1,0,0,0,0,1,0,0,B,35000,12.42,0,0.21,0,10
27708,28,170000,MORTGAGE,3,0,1,0,0,0,0,1,0,0,B,4000,,0,0.02,0,10
27717,27,175000,MORTGAGE,7,0,1,0,0,0,0,1,0,0,A,15000,7.49,0,0.09,0,8
27737,31,179000,MORTGAGE,13,0,1,0,0,0,0,1,0,0,C,11200,14.27,0,0.06,0,5
27738,30,180000,MORTGAGE,5,0,1,0,0,0,0,1,0,0,A,14000,6.03,0,0.08,0,9
27742,29,180000,MORTGAGE,2,0,1,0,0,0,0,1,0,0,A,20000,,0,0.11,0,10
27764,31,200000,MORTGAGE,1,0,1,0,0,0,0,1,0,0,B,7800,9.63,0,0.04,0,8
27769,29,200000,MORTGAGE,4,0,1,0,0,0,0,1,0,0,A,12000,7.88,0,0.06,0,7
27775,29,200000,MORTGAGE,9,0,1,0,0,0,0,1,0,0,B,6000,,0,0.03,0,8
27786,29,210000,MORTGAGE,2,0,1,0,0,0,0,1,0,0,B,14000,12.42,0,0.07,0,6
27790,31,215000,MORTGAGE,2,0,1,0,0,0,0,1,0,0,B,15000,10.99,0,0.07,0,10
27797,34,222000,MORTGAGE,0,0,1,0,0,0,0,1,0,0,A,13000,8.49,0,0.06,0,7
27801,34,225000,MORTGAGE,4,0,1,0,0,0,0,1,0,0,C,3000,13.35,0,0.01,0,10
27817,28,191250,MORTGAGE,11,0,1,0,0,0,0,1,0,0,E,9000,16.95,1,0.04,0,6
27835,32,262000,MORTGAGE,12,0,1,0,0,0,0,1,0,0,B,12800,9.91,0,0.05,0,8
27836,27,264000,MORTGAGE,0,0,1,0,0,0,0,1,0,0,A,35000,,0,0.13,0,5
27847,27,290000,MORTGAGE,0,0,1,0,0,0,0,1,0,0,B,7875,9.99,0,0.03,0,6
27856,32,300000,MORTGAGE,2,0,1,0,0,0,0,1,0,0,C,24000,12.87,0,0.08,0,10
27858,30,300000,MORTGAGE,14,0,1,0,0,0,0,1,0,0,B,20000,11.58,0,0.07,0,9
27863,31,325000,MORTGAGE,4,0,1,0,0,0,0,1,0,0,A,10000,5.99,0,0.03,0,7
27864,28,270300,MORTGAGE,3,0,1,0,0,0,0,1,0,0,E,25000,17.88,1,0.08,0,6
27865,35,273700,MORTGAGE,8,0,1,0,0,0,0,1,0,0,D,25000,14.59,1,0.08,0,6
27876,29,480000,MORTGAGE,6,0,1,0,0,0,0,1,0,0,A,6500,5.42,0,0.01,0,6
27883,31,741600,MORTGAGE,3,0,1,0,0,0,0,1,0,0,B,12000,10.25,0,0.02,0,6
27931,29,45600,MORTGAGE,9,0,1,0,0,0,0,1,0,0,A,2000,7.88,0,0.04,0,8
27933,30,56628,MORTGAGE,2,0,1,0,0,0,0,1,0,0,A,12000,8.94,0,0.21,0,9
27943,27,42000,MORTGAGE,0,0,1,0,0,0,0,1,0,0,A,4200,6.76,0,0.1,0,9
27973,30,60000,MORTGAGE,8,0,1,0,0,0,0,1,0,0,C,7400,13.11,0,0.12,0,8
28005,27,56525,MORTGAGE,4,0,1,0,0,0,0,1,0,0,D,12000,15.95,1,0.18,0,10
28009,32,122004,MORTGAGE,13,0,1,0,0,0,0,1,0,0,A,10000,8.59,0,0.08,0,10
28014,27,104000,MORTGAGE,11,0,1,0,0,0,0,1,0,0,B,10000,10.65,0,0.1,0,7
28023,28,70000,MORTGAGE,13,0,1,0,0,0,0,1,0,0,A,5000,6.99,0,0.07,0,9
28025,29,60000,MORTGAGE,2,0,1,0,0,0,0,1,0,0,A,1500,6.03,0,0.03,0,5
28027,27,99000,MORTGAGE,4,0,1,0,0,0,0,1,0,0,A,9000,7.14,0,0.09,0,5
28071,29,80400,MORTGAGE,13,0,1,0,0,0,0,1,0,0,A,8000,7.14,0,0.1,0,7
28076,28,64000,MORTGAGE,3,0,1,0,0,0,0,1,0,0,C,5000,13.23,0,0.08,0,6
28087,29,30000,MORTGAGE,3,0,1,0,0,0,0,1,0,0,B,4000,,0,0.13,0,7
28140,32,50000,MORTGAGE,5,0,1,0,0,0,0,1,0,0,A,9600,6.76,0,0.19,0,10
28148,29,54000,MORTGAGE,8,0,1,0,0,0,0,1,0,0,A,7500,7.49,1,0.14,0,7
28151,28,80004,MORTGAGE,5,0,1,0,0,0,0,1,0,0,A,12000,6.91,0,0.15,0,6
28161,35,48000,MORTGAGE,8,0,1,0,0,0,0,1,0,0,C,2000,11.97,0,0.04,0,10
28165,29,70000,MORTGAGE,13,0,1,0,0,0,0,1,0,0,A,10000,6.99,0,0.14,0,10
28173,31,72000,MORTGAGE,6,0,1,0,0,0,0,1,0,0,A,9800,6.62,0,0.14,0,7
28194,27,85000,MORTGAGE,12,0,1,0,0,0,0,1,0,0,A,3800,6.03,0,0.04,0,8
28221,31,68000,MORTGAGE,15,0,1,0,0,0,0,1,0,0,A,13600,7.88,0,0.2,0,5
28234,29,70000,MORTGAGE,7,0,1,0,0,0,0,1,0,0,B,4000,11.86,0,0.06,0,6
28250,30,102540,MORTGAGE,6,0,1,0,0,0,0,1,0,0,A,1500,7.9,0,0.01,0,10
28252,29,175000,MORTGAGE,2,0,1,0,0,0,0,1,0,0,A,10000,,0,0.06,0,7
28256,27,91800,MORTGAGE,5,0,1,0,0,0,0,1,0,0,D,25000,15.95,1,0.23,0,9
28258,34,108000,MORTGAGE,,0,1,0,0,0,0,1,0,0,A,10000,6.91,0,0.09,0,8
28297,34,64000,MORTGAGE,2,0,1,0,0,0,0,1,0,0,A,8000,6.91,0,0.13,0,5
28308,29,127000,MORTGAGE,1,0,1,0,0,0,0,1,0,0,B,24250,11.36,0,0.19,0,10
28313,32,71000,MORTGAGE,10,0,1,0,0,0,0,1,0,0,A,14000,6.99,0,0.2,0,5
28314,30,219300,MORTGAGE,7,0,1,0,0,0,0,1,0,0,E,35000,19.69,1,0.14,0,9
28327,31,83000,MORTGAGE,11,0,1,0,0,0,0,1,0,0,A,7500,,0,0.09,0,10
28387,28,33600,MORTGAGE,12,0,1,0,0,0,0,1,0,0,A,3000,5.42,0,0.09,0,5
28388,28,145000,MORTGAGE,9,0,1,0,0,0,0,1,0,0,B,25000,,0,0.17,0,7
28402,29,50004,MORTGAGE,1,0,1,0,0,0,0,1,0,0,C,1500,13.11,0,0.03,0,8
28406,28,110000,MORTGAGE,12,0,1,0,0,0,0,1,0,0,B,15000,10,0,0.14,0,6
28412,35,64000,MORTGAGE,11,0,1,0,0,0,0,1,0,0,A,14500,7.66,0,0.23,0,8
28417,29,60000,MORTGAGE,13,0,1,0,0,0,0,1,0,0,A,13500,7.51,0,0.23,0,5
28418,28,110000,MORTGAGE,1,0,1,0,0,0,0,1,0,0,A,12000,8.94,0,0.11,0,7
28432,31,60000,MORTGAGE,9,0,1,0,0,0,0,1,0,0,E,22000,16.63,1,0.37,0,6
28450,34,84000,MORTGAGE,15,0,1,0,0,0,0,1,0,0,B,9250,11.36,0,0.11,0,7
28454,35,39996,MORTGAGE,0,0,1,0,0,0,0,1,0,0,D,15000,14.42,1,0.38,0,6
28457,30,200000,MORTGAGE,0,0,1,0,0,0,0,1,0,0,A,10000,8.59,0,0.05,0,10
28471,29,76596,MORTGAGE,14,0,1,0,0,0,0,1,0,0,C,17600,13.16,0,0.23,0,10
28481,29,60000,MORTGAGE,7,0,1,0,0,0,0,1,0,0,A,8500,6.92,0,0.14,0,7
28505,34,42000,MORTGAGE,18,0,1,0,0,0,0,1,0,0,A,2000,5.79,0,0.05,0,7
28525,28,78000,MORTGAGE,12,0,1,0,0,0,0,1,0,0,B,13000,,0,0.17,0,9
28526,34,91000,MORTGAGE,19,0,1,0,0,0,0,1,0,0,B,15000,,0,0.16,0,8
28532,30,60600,MORTGAGE,1,0,1,0,0,0,0,1,0,0,A,3000,7.12,0,0.05,0,5
28549,27,115000,MORTGAGE,0,0,1,0,0,0,0,1,0,0,A,12000,7.29,0,0.1,0,6
28556,27,80000,MORTGAGE,7,0,1,0,0,0,0,1,0,0,B,7400,12.69,0,0.09,0,10
28570,29,75000,MORTGAGE,3,0,1,0,0,0,0,1,0,0,B,4000,10.75,0,0.05,0,9
28578,27,62400,MORTGAGE,12,0,1,0,0,0,0,1,0,0,A,12000,5.42,0,0.19,0,6
28588,29,105000,MORTGAGE,13,0,1,0,0,0,0,1,0,0,A,12000,7.88,0,0.11,0,10
28602,29,62500,MORTGAGE,13,0,1,0,0,0,0,1,0,0,B,5000,11.36,0,0.08,0,5
28620,28,47004,MORTGAGE,12,0,1,0,0,0,0,1,0,0,C,10000,13.61,1,0.21,0,10
28623,31,90000,MORTGAGE,11,0,1,0,0,0,0,1,0,0,A,12000,6.92,0,0.13,0,6
28645,35,72000,MORTGAGE,3,0,1,0,0,0,0,1,0,0,A,12800,6.62,0,0.18,0,10
28664,33,37000,MORTGAGE,2,0,1,0,0,0,0,1,0,0,B,13000,10.36,0,0.35,0,9
28670,32,45000,MORTGAGE,6,0,1,0,0,0,0,1,0,0,A,6400,7.49,0,0.14,0,9
28720,31,62000,MORTGAGE,4,0,1,0,0,0,0,1,0,0,A,6550,5.79,0,0.11,0,10
28736,33,400000,MORTGAGE,9,0,1,0,0,0,0,1,0,0,A,15000,6.03,0,0.04,0,6
28741,29,48000,MORTGAGE,8,0,1,0,0,0,0,1,0,0,A,4500,5.42,0,0.09,0,7
28757,27,44004,MORTGAGE,2,0,1,0,0,0,0,1,0,0,A,10000,6.92,0,0.23,0,6
28759,29,61455,MORTGAGE,1,0,1,0,0,0,0,1,0,0,F,10000,18.09,1,0.14,0,9
28775,29,92004,MORTGAGE,12,0,1,0,0,0,0,1,0,0,B,10000,9.63,0,0.11,0,9
28787,31,56000,MORTGAGE,4,0,1,0,0,0,0,1,0,0,A,8000,8.59,0,0.14,0,6
28804,28,64600,MORTGAGE,12,0,1,0,0,0,0,1,0,0,A,5000,8.94,1,0.07,0,9
28807,32,240000,MORTGAGE,5,0,1,0,0,0,0,1,0,0,A,8400,7.51,0,0.04,0,6
28812,30,24000,MORTGAGE,,0,1,0,0,0,0,1,0,0,A,7000,6.62,0,0.29,0,9
28816,27,49000,MORTGAGE,11,0,1,0,0,0,0,1,0,0,B,8500,10.59,0,0.17,0,10
28834,31,96000,MORTGAGE,4,0,1,0,0,0,0,1,0,0,A,9600,5.99,0,0.1,0,5
28844,27,61200,MORTGAGE,11,0,1,0,0,0,0,1,0,0,B,5000,11.86,1,0.07,0,5
28871,30,55536,MORTGAGE,14,0,1,0,0,0,0,1,0,0,C,1000,,0,0.02,0,7
28913,27,75288,MORTGAGE,12,0,1,0,0,0,0,1,0,0,B,18050,10,0,0.24,0,7
28919,32,40000,MORTGAGE,16,0,1,0,0,0,0,1,0,0,A,16000,5.99,0,0.4,0,9
28925,29,65000,MORTGAGE,7,0,1,0,0,0,0,1,0,0,B,7000,,0,0.11,0,5
28941,34,54072,MORTGAGE,12,0,1,0,0,0,0,1,0,0,B,7000,11.89,0,0.13,0,9
28950,34,138000,MORTGAGE,14,0,1,0,0,0,0,1,0,0,B,25000,11.12,0,0.18,0,6
28966,32,66300,MORTGAGE,5,0,1,0,0,0,0,1,0,0,A,6075,6.03,0,0.09,0,6
28975,31,200000,MORTGAGE,1,0,1,0,0,0,0,1,0,0,B,7800,9.63,0,0.04,0,5
28984,28,86400,MORTGAGE,,0,1,0,0,0,0,1,0,0,A,5000,7.9,0,0.06,0,5
28990,34,135000,MORTGAGE,2,0,1,0,0,0,0,1,0,0,A,15000,5.42,0,0.11,0,6
28998,32,60000,MORTGAGE,16,0,1,0,0,0,0,1,0,0,A,6000,6.62,0,0.1,0,5
29001,31,33600,MORTGAGE,1,0,1,0,0,0,0,1,0,0,B,15250,12.53,0,0.45,0,8
29030,32,91800,MORTGAGE,13,0,1,0,0,0,0,1,0,0,D,8400,15.99,1,0.08,0,9
29032,30,96000,MORTGAGE,7,0,1,0,0,0,0,1,0,0,A,8000,6.99,0,0.08,0,8
29039,28,50000,MORTGAGE,0,0,1,0,0,0,0,1,0,0,A,9000,,0,0.18,0,10
29053,28,120000,MORTGAGE,11,0,1,0,0,0,0,1,0,0,B,14400,10.74,0,0.12,0,7
29065,28,125000,MORTGAGE,8,0,1,0,0,0,0,1,0,0,B,8000,11.14,0,0.06,0,6
29074,28,56864,MORTGAGE,5,0,1,0,0,0,0,1,0,0,A,12300,7.88,0,0.22,0,8
29121,40,1200000,MORTGAGE,1,0,1,0,0,0,0,1,0,0,A,10000,,0,0.01,0,16
29133,39,403750,MORTGAGE,10,0,1,0,0,0,0,1,0,0,B,35000,,1,0.07,0,11
29139,43,350000,MORTGAGE,3,0,1,0,0,0,0,1,0,0,B,18000,11.49,0,0.05,0,16
29166,40,233000,MORTGAGE,6,0,1,0,0,0,0,1,0,0,B,15000,11.83,0,0.06,0,15
29186,36,200000,MORTGAGE,8,0,1,0,0,0,0,1,0,0,A,14000,7.49,0,0.07,0,15
29211,45,180000,MORTGAGE,8,0,1,0,0,0,0,1,0,0,A,10000,5.99,0,0.06,0,11
29212,49,142800,MORTGAGE,3,0,1,0,0,0,0,1,0,0,B,24000,,1,0.14,0,14
29215,36,175000,MORTGAGE,2,0,1,0,0,0,0,1,0,0,A,11800,7.51,0,0.07,0,11
29231,39,170000,MORTGAGE,16,0,1,0,0,0,0,1,0,0,A,32000,7.49,0,0.19,0,13
29251,36,16908,MORTGAGE,,0,1,0,0,0,0,1,0,0,A,3000,5.42,1,0.18,0,11
29294,39,19404,MORTGAGE,0,0,1,0,0,0,0,1,0,0,B,6000,11.14,1,0.31,0,13
29312,36,20112,MORTGAGE,,0,1,0,0,0,0,1,0,0,A,3900,5.99,0,0.19,0,12
29361,41,24000,MORTGAGE,5,0,1,0,0,0,0,1,0,0,A,1500,,0,0.06,0,15
29393,36,25000,MORTGAGE,4,0,1,0,0,0,0,1,0,0,A,11500,7.29,0,0.46,0,12
29444,38,27500,MORTGAGE,5,0,1,0,0,0,0,1,0,0,C,4700,13.92,0,0.17,0,13
29472,39,28650,MORTGAGE,1,0,1,0,0,0,0,1,0,0,B,8000,10.37,0,0.28,0,14
29483,49,28800,MORTGAGE,5,0,1,0,0,0,0,1,0,0,A,12000,,0,0.42,0,16
29589,48,32304,MORTGAGE,22,0,1,0,0,0,0,1,0,0,B,15000,9.63,0,0.46,0,17
29607,40,33000,MORTGAGE,2,0,1,0,0,0,0,1,0,0,B,1000,,0,0.03,0,16
29640,40,34560,MORTGAGE,3,0,1,0,0,0,0,1,0,0,B,10000,,0,0.29,0,12
29694,43,35300,MORTGAGE,5,0,1,0,0,0,0,1,0,0,B,10000,10.25,0,0.28,0,13
29770,42,38000,MORTGAGE,9,0,1,0,0,0,0,1,0,0,A,6500,,0,0.17,0,14
29817,46,33099,MORTGAGE,2,0,1,0,0,0,0,1,0,0,E,12000,,1,0.36,0,14
29850,37,40000,MORTGAGE,2,0,1,0,0,0,0,1,0,0,B,16000,10.99,0,0.4,0,15
29858,38,40000,MORTGAGE,5,0,1,0,0,0,0,1,0,0,A,10000,5.99,0,0.25,0,17
29865,41,40000,MORTGAGE,5,0,1,0,0,0,0,1,0,0,B,1500,10.36,0,0.04,0,16
29880,43,40000,MORTGAGE,3,0,1,0,0,0,0,1,0,0,B,18000,11.83,0,0.45,0,15
29912,41,41004,MORTGAGE,4,0,1,0,0,0,0,1,0,0,B,10000,11.99,0,0.24,0,14
29920,40,41760,MORTGAGE,,0,1,0,0,0,0,1,0,0,A,18000,5.79,0,0.43,0,14
29931,49,42000,MORTGAGE,12,0,1,0,0,0,0,1,0,0,A,3000,8.9,0,0.07,0,15
29936,43,42000,MORTGAGE,0,0,1,0,0,0,0,1,0,0,A,7775,5.99,0,0.19,0,16
29952,44,42000,MORTGAGE,4,0,1,0,0,0,0,1,0,0,A,13200,6.17,0,0.31,0,14
29992,43,43000,MORTGAGE,5,0,1,0,0,0,0,1,0,0,B,15000,8.88,0,0.35,0,12
29999,40,43000,MORTGAGE,18,0,1,0,0,0,0,1,0,0,C,2500,12.84,0,0.06,0,14
30014,39,44000,MORTGAGE,2,0,1,0,0,0,0,1,0,0,B,8000,9.63,0,0.18,0,17
30055,46,45000,MORTGAGE,7,0,1,0,0,0,0,1,0,0,A,12250,6.54,0,0.27,0,16
30056,43,45000,MORTGAGE,3,0,1,0,0,0,0,1,0,0,A,5700,6.91,0,0.13,0,11
30089,36,45600,MORTGAGE,6,0,1,0,0,0,0,1,0,0,C,10000,13.49,0,0.22,0,16
30092,36,45600,MORTGAGE,8,0,1,0,0,0,0,1,0,0,A,18000,6.91,0,0.39,0,11
30172,42,48000,MORTGAGE,26,0,1,0,0,0,0,1,0,0,A,6500,7.29,0,0.14,0,11
30181,47,48000,MORTGAGE,13,0,1,0,0,0,0,1,0,0,B,16750,10.62,0,0.35,0,12
30256,43,50000,MORTGAGE,11,0,1,0,0,0,0,1,0,0,A,11500,,0,0.23,0,12
30267,37,50000,MORTGAGE,6,0,1,0,0,0,0,1,0,0,B,16000,,0,0.32,0,12
30270,36,50000,MORTGAGE,2,0,1,0,0,0,0,1,0,0,C,16000,13.48,0,0.32,0,15
30295,36,44004,MORTGAGE,1,0,1,0,0,0,0,1,0,0,B,1800,10,1,0.04,0,13
30318,45,51000,MORTGAGE,2,0,1,0,0,0,0,1,0,0,A,7000,7.88,0,0.14,0,12
30338,36,51996,MORTGAGE,8,0,1,0,0,0,0,1,0,0,B,7500,10.51,0,0.14,0,15
30345,47,52000,MORTGAGE,4,0,1,0,0,0,0,1,0,0,A,12000,7.29,0,0.23,0,16
30376,36,46800,MORTGAGE,20,0,1,0,0,0,0,1,0,0,A,2800,7.51,1,0.06,0,12
30377,46,52800,MORTGAGE,1,0,1,0,0,0,0,1,0,0,A,2800,6.76,0,0.05,0,14
30387,40,53000,MORTGAGE,2,0,1,0,0,0,0,1,0,0,B,3000,10.62,0,0.06,0,17
30388,36,47000,MORTGAGE,4,0,1,0,0,0,0,1,0,0,D,4900,14.11,1,0.1,0,11
30411,36,54000,MORTGAGE,5,0,1,0,0,0,0,1,0,0,A,5000,,0,0.09,0,16
30422,47,54996,MORTGAGE,7,0,1,0,0,0,0,1,0,0,B,9000,10.38,0,0.16,0,16
30426,46,55000,MORTGAGE,3,0,1,0,0,0,0,1,0,0,B,5000,9.91,0,0.09,0,14
30469,38,55000,MORTGAGE,3,0,1,0,0,0,0,1,0,0,C,14000,13.22,0,0.25,0,13
30472,37,49000,MORTGAGE,3,0,1,0,0,0,0,1,0,0,D,4000,15.65,1,0.08,0,17
30513,36,51000,MORTGAGE,2,0,1,0,0,0,0,1,0,0,E,10000,15.68,1,0.2,0,16
30528,44,57700,MORTGAGE,4,0,1,0,0,0,0,1,0,0,A,3600,6.99,0,0.06,0,14
30557,45,59000,MORTGAGE,5,0,1,0,0,0,0,1,0,0,A,9000,7.9,0,0.15,0,16
30562,37,59000,MORTGAGE,7,0,1,0,0,0,0,1,0,0,A,11000,,0,0.19,0,17
30586,42,60000,MORTGAGE,1,0,1,0,0,0,0,1,0,0,A,8000,5.42,0,0.13,0,13
30605,48,60000,MORTGAGE,8,0,1,0,0,0,0,1,0,0,B,8000,10.37,0,0.13,0,17
30620,43,60000,MORTGAGE,2,0,1,0,0,0,0,1,0,0,A,9250,5.79,0,0.15,0,17
30627,41,60000,MORTGAGE,5,0,1,0,0,0,0,1,0,0,C,3850,13.35,0,0.06,0,13
30635,36,60000,MORTGAGE,6,0,1,0,0,0,0,1,0,0,A,13750,7.51,0,0.23,0,12
30657,40,60000,MORTGAGE,1,0,1,0,0,0,0,1,0,0,A,12000,8.94,0,0.2,0,15
30660,39,60000,MORTGAGE,20,0,1,0,0,0,0,1,0,0,A,7000,7.68,0,0.12,0,15
30671,43,60000,MORTGAGE,6,0,1,0,0,0,0,1,0,0,B,4800,9.64,0,0.08,0,13
30692,37,61260,MORTGAGE,2,0,1,0,0,0,0,1,0,0,A,6350,7.51,0,0.1,0,14
30742,36,63000,MORTGAGE,7,0,1,0,0,0,0,1,0,0,A,4200,7.14,0,0.07,0,13
30744,36,63177,MORTGAGE,3,0,1,0,0,0,0,1,0,0,A,6250,7.49,0,0.1,0,12
30753,45,64000,MORTGAGE,3,0,1,0,0,0,0,1,0,0,A,6000,7.29,0,0.09,0,14
30755,43,64000,MORTGAGE,6,0,1,0,0,0,0,1,0,0,A,15000,7.88,0,0.23,0,17
30772,38,65000,MORTGAGE,7,0,1,0,0,0,0,1,0,0,C,10000,13.49,0,0.15,0,12
30790,42,65000,MORTGAGE,25,0,1,0,0,0,0,1,0,0,B,10000,10.74,0,0.15,0,13
30804,38,65000,MORTGAGE,6,0,1,0,0,0,0,1,0,0,C,11500,13.92,0,0.18,0,16
30819,37,65004,MORTGAGE,5,0,1,0,0,0,0,1,0,0,B,17000,11.26,0,0.26,0,13
30823,36,65458,MORTGAGE,4,0,1,0,0,0,0,1,0,0,A,8000,7.29,0,0.12,0,13
30840,38,66420,MORTGAGE,8,0,1,0,0,0,0,1,0,0,A,5550,5.99,0,0.08,0,11
30861,45,52569,MORTGAGE,0,0,1,0,0,0,0,1,0,0,F,10400,19.47,1,0.17,0,12
30905,40,70000,MORTGAGE,6,0,1,0,0,0,0,1,0,0,A,18000,7.9,0,0.26,0,12
30907,39,70000,MORTGAGE,11,0,1,0,0,0,0,1,0,0,A,19500,7.9,0,0.28,0,14
30935,45,70000,MORTGAGE,15,0,1,0,0,0,0,1,0,0,A,10000,8.59,0,0.14,0,12
30937,40,54400,MORTGAGE,16,0,1,0,0,0,0,1,0,0,F,25000,18.09,1,0.39,0,12
30947,37,70000,MORTGAGE,7,0,1,0,0,0,0,1,0,0,B,25000,9.76,0,0.36,0,12
30948,42,70000,MORTGAGE,3,0,1,0,0,0,0,1,0,0,B,2825,9.64,0,0.04,0,17
30972,36,72000,MORTGAGE,8,0,1,0,0,0,0,1,0,0,A,3500,6.99,0,0.05,0,13
30986,50,72000,MORTGAGE,13,0,1,0,0,0,0,1,0,0,B,8000,11.49,0,0.11,0,14
30991,39,56100,MORTGAGE,23,0,1,0,0,0,0,1,0,0,D,8000,16.07,1,0.12,0,14
30993,49,56100,MORTGAGE,11,0,1,0,0,0,0,1,0,0,B,15000,,1,0.23,0,13
30996,43,72000,MORTGAGE,9,0,1,0,0,0,0,1,0,0,B,10000,,0,0.14,0,11
31016,43,74000,MORTGAGE,5,0,1,0,0,0,0,1,0,0,B,11000,9.91,0,0.15,0,15
31038,45,75000,MORTGAGE,7,0,1,0,0,0,0,1,0,0,C,10000,14.27,0,0.13,0,17
31045,37,75000,MORTGAGE,,0,1,0,0,0,0,1,0,0,A,6000,6.03,0,0.08,0,11
31047,39,75000,MORTGAGE,13,0,1,0,0,0,0,1,0,0,B,6000,,0,0.08,0,15
31052,36,75000,MORTGAGE,6,0,1,0,0,0,0,1,0,0,A,10000,6.99,0,0.13,0,13
31064,36,58650,MORTGAGE,0,0,1,0,0,0,0,1,0,0,B,10000,,1,0.14,0,15
31082,41,58650,MORTGAGE,15,0,1,0,0,0,0,1,0,0,B,12000,11.14,1,0.17,0,16
31097,40,75996,MORTGAGE,0,0,1,0,0,0,0,1,0,0,C,3600,12.87,0,0.05,0,11
31115,37,77000,MORTGAGE,,0,1,0,0,0,0,1,0,0,A,4500,6.99,0,0.06,0,12
31146,42,78456,MORTGAGE,5,0,1,0,0,0,0,1,0,0,B,25000,10.36,0,0.32,0,16
31163,44,80000,MORTGAGE,14,0,1,0,0,0,0,1,0,0,A,10000,6.03,0,0.13,0,15
31172,42,62900,MORTGAGE,26,0,1,0,0,0,0,1,0,0,C,3000,,1,0.04,0,14
31202,38,80000,MORTGAGE,2,0,1,0,0,0,0,1,0,0,C,5000,13.85,0,0.06,0,15
31207,37,80000,MORTGAGE,18,0,1,0,0,0,0,1,0,0,B,20000,11.83,0,0.25,0,13
31215,41,62903,MORTGAGE,4,0,1,0,0,0,0,1,0,0,B,9600,10,1,0.13,0,12
31219,44,80100,MORTGAGE,16,0,1,0,0,0,0,1,0,0,B,8000,10.38,0,0.1,0,16
31230,50,81510,MORTGAGE,6,0,1,0,0,0,0,1,0,0,A,5000,,0,0.06,0,14
31233,42,64464,MORTGAGE,13,0,1,0,0,0,0,1,0,0,E,30000,19.03,1,0.4,0,17
31243,36,82500,MORTGAGE,20,0,1,0,0,0,0,1,0,0,B,11000,10.65,0,0.13,0,11
31244,40,82531,MORTGAGE,1,0,1,0,0,0,0,1,0,0,A,6000,,0,0.07,0,14
31268,49,84240,MORTGAGE,4,0,1,0,0,0,0,1,0,0,B,14000,11.89,0,0.17,0,17
31303,36,62900,MORTGAGE,5,0,1,0,0,0,0,1,0,0,C,6250,13.49,1,0.08,0,12
31315,47,86500,MORTGAGE,13,0,1,0,0,0,0,1,0,0,C,24000,,0,0.28,0,17
31356,37,90000,MORTGAGE,11,0,1,0,0,0,0,1,0,0,A,4000,6.62,0,0.04,0,16
31362,39,90000,MORTGAGE,0,0,1,0,0,0,0,1,0,0,B,18000,10.99,0,0.2,0,11
31398,44,91000,MORTGAGE,14,0,1,0,0,0,0,1,0,0,A,7900,8.59,0,0.09,0,14
31404,36,92000,MORTGAGE,18,0,1,0,0,0,0,1,0,0,A,4000,7.29,0,0.04,0,11
31405,41,92000,MORTGAGE,15,0,1,0,0,0,0,1,0,0,A,12000,7.66,0,0.13,0,15
31411,38,92904,MORTGAGE,8,0,1,0,0,0,0,1,0,0,B,5375,10.51,0,0.06,0,16
31467,43,97000,MORTGAGE,0,0,1,0,0,0,0,1,0,0,B,14000,11.71,0,0.14,0,13
31476,41,98000,MORTGAGE,18,0,1,0,0,0,0,1,0,0,B,5000,10.99,0,0.05,0,17
31479,38,98000,MORTGAGE,7,0,1,0,0,0,0,1,0,0,B,12000,10.37,0,0.12,0,17
31496,36,100000,MORTGAGE,5,0,1,0,0,0,0,1,0,0,A,9350,7.51,0,0.09,0,14
31528,40,100010,MORTGAGE,11,0,1,0,0,0,0,1,0,0,B,8000,9.99,0,0.08,0,15
31532,36,100671,MORTGAGE,6,0,1,0,0,0,0,1,0,0,B,12000,,0,0.12,0,14
31535,36,101004,MORTGAGE,11,0,1,0,0,0,0,1,0,0,A,12000,5.79,0,0.12,0,11
31542,41,102300,MORTGAGE,9,0,1,0,0,0,0,1,0,0,B,8800,11.58,0,0.09,0,11
31566,50,106000,MORTGAGE,2,0,1,0,0,0,0,1,0,0,A,10200,9.32,0,0.1,0,15
31578,36,108000,MORTGAGE,1,0,1,0,0,0,0,1,0,0,A,7000,7.74,0,0.06,0,14
31579,43,108639,MORTGAGE,3,0,1,0,0,0,0,1,0,0,B,18000,10.75,0,0.17,0,13
31588,38,110000,MORTGAGE,16,0,1,0,0,0,0,1,0,0,A,3000,8.49,0,0.03,0,17
31592,36,110000,MORTGAGE,3,0,1,0,0,0,0,1,0,0,A,9000,,0,0.08,0,16
31598,37,110000,MORTGAGE,0,0,1,0,0,0,0,1,0,0,B,24000,11.36,0,0.22,0,11
31615,40,114000,MORTGAGE,11,0,1,0,0,0,0,1,0,0,A,6000,5.42,0,0.05,0,17
31632,39,88400,MORTGAGE,20,0,1,0,0,0,0,1,0,0,F,25000,18.3,1,0.24,0,13
31642,38,117960,MORTGAGE,0,0,1,0,0,0,0,1,0,0,A,12000,,0,0.1,0,17
31648,41,118075,MORTGAGE,5,0,1,0,0,0,0,1,0,0,B,28000,11.71,0,0.24,0,13
31654,36,120000,MORTGAGE,11,0,1,0,0,0,0,1,0,0,A,30000,6.62,0,0.25,0,11
31670,39,120000,MORTGAGE,9,0,1,0,0,0,0,1,0,0,A,12000,5.79,0,0.1,0,11
31672,43,91800,MORTGAGE,0,0,1,0,0,0,0,1,0,0,D,8400,14.84,1,0.08,0,14
31675,41,120000,MORTGAGE,8,0,1,0,0,0,0,1,0,0,B,20000,10.25,0,0.17,0,11
31677,49,120000,MORTGAGE,12,0,1,0,0,0,0,1,0,0,B,12000,10.99,0,0.1,0,12
31703,42,125000,MORTGAGE,5,0,1,0,0,0,0,1,0,0,A,35000,7.9,0,0.28,0,12
31709,36,125000,MORTGAGE,14,0,1,0,0,0,0,1,0,0,A,14500,,0,0.12,0,16
31723,39,126000,MORTGAGE,3,0,1,0,0,0,0,1,0,0,B,14000,9.99,0,0.11,0,14
31729,42,98603,MORTGAGE,19,0,1,0,0,0,0,1,0,0,C,24250,14.22,1,0.21,0,14
31738,40,100300,MORTGAGE,2,0,1,0,0,0,0,1,0,0,D,25000,14.83,1,0.21,0,16
31749,41,135000,MORTGAGE,2,0,1,0,0,0,0,1,0,0,B,20000,9.25,0,0.15,0,13
31755,50,137000,MORTGAGE,2,0,1,0,0,0,0,1,0,0,A,23000,7.9,0,0.17,0,13
31767,41,108800,MORTGAGE,2,0,1,0,0,0,0,1,0,0,E,15000,17.88,1,0.12,0,16
31780,38,140000,MORTGAGE,2,0,1,0,0,0,0,1,0,0,B,8000,10.95,0,0.06,0,14
31784,43,141000,MORTGAGE,24,0,1,0,0,0,0,1,0,0,B,6000,10.99,0,0.04,0,14
31790,43,142500,MORTGAGE,7,0,1,0,0,0,0,1,0,0,B,20000,11.49,0,0.14,0,15
31805,40,150000,MORTGAGE,18,0,1,0,0,0,0,1,0,0,A,24000,6.62,0,0.16,0,14
31818,38,150000,MORTGAGE,5,0,1,0,0,0,0,1,0,0,B,12000,11.14,0,0.08,0,17
31820,37,117300,MORTGAGE,12,0,1,0,0,0,0,1,0,0,A,10000,,1,0.07,0,11
31844,42,160000,MORTGAGE,0,0,1,0,0,0,0,1,0,0,A,22000,6.99,0,0.14,0,16
31859,41,170000,MORTGAGE,11,0,1,0,0,0,0,1,0,0,B,20000,11.11,0,0.12,0,11
31864,41,138550,MORTGAGE,8,0,1,0,0,0,0,1,0,0,D,23000,14.96,1,0.14,0,12
31898,40,275004,MORTGAGE,2,0,1,0,0,0,0,1,0,0,B,24500,10.99,0,0.09,0,13
31900,37,244800,MORTGAGE,20,0,1,0,0,0,0,1,0,0,E,35000,18.39,1,0.12,0,14
31905,36,261800,MORTGAGE,16,0,1,0,0,0,0,1,0,0,B,24000,10.62,1,0.08,0,16
31913,40,550000,MORTGAGE,5,0,1,0,0,0,0,1,0,0,B,8000,10.75,0,0.01,0,14
31933,47,79500,MORTGAGE,0,0,1,0,0,0,0,1,0,0,A,16000,7.51,0,0.2,0,14
31939,44,94128,MORTGAGE,14,0,1,0,0,0,0,1,0,0,A,4400,7.29,0,0.05,0,11
31957,36,38795,MORTGAGE,,0,1,0,0,0,0,1,0,0,B,2000,,0,0.05,0,13
31958,36,155000,MORTGAGE,9,0,1,0,0,0,0,1,0,0,A,30000,7.9,0,0.19,0,14
31991,36,56900,MORTGAGE,16,0,1,0,0,0,0,1,0,0,G,6200,,1,0.11,0,13
32006,38,200000,MORTGAGE,0,0,1,0,0,0,0,1,0,0,B,20000,11.48,0,0.1,0,11
32009,36,48000,MORTGAGE,3,0,1,0,0,0,0,1,0,0,C,1500,13.92,1,0.03,0,11
32012,36,25000,MORTGAGE,0,0,1,0,0,0,0,1,0,0,B,3000,8.7,0,0.12,0,14
32018,36,130000,MORTGAGE,9,0,1,0,0,0,0,1,0,0,B,12000,,0,0.09,0,14
32038,36,828000,MORTGAGE,3,0,1,0,0,0,0,1,0,0,B,4200,,0,0.01,0,13
32111,36,150000,MORTGAGE,20,0,1,0,0,0,0,1,0,0,A,10000,,0,0.07,0,14
32116,39,48000,MORTGAGE,,0,1,0,0,0,0,1,0,0,A,3000,5.42,0,0.06,0,16
32140,40,21408,MORTGAGE,,0,1,0,0,0,0,1,0,0,B,1500,11.12,0,0.07,0,17
32169,36,24000,MORTGAGE,2,0,1,0,0,0,0,1,0,0,A,1500,9.63,0,0.06,0,14
32173,49,120000,MORTGAGE,12,0,1,0,0,0,0,1,0,0,B,12000,10.99,0,0.1,0,12
32184,46,88400,MORTGAGE,1,0,1,0,0,0,0,1,0,0,E,30000,18.39,1,0.29,0,16
32189,49,64600,MORTGAGE,4,0,1,0,0,0,0,1,0,0,D,10000,16.49,1,0.13,0,12
32235,40,46000,MORTGAGE,5,0,1,0,0,0,0,1,0,0,A,10000,7.9,0,0.22,0,16
32240,47,47000,MORTGAGE,9,0,1,0,0,0,0,1,0,0,A,7500,6.62,0,0.16,0,13
32259,38,67870,MORTGAGE,6,0,1,0,0,0,0,1,0,0,B,5000,,0,0.07,0,13
32261,39,80000,MORTGAGE,18,0,1,0,0,0,0,1,0,0,C,5600,13.43,0,0.07,0,17
32264,46,180000,MORTGAGE,31,0,1,0,0,0,0,1,0,0,B,18000,9.91,0,0.1,0,12
32266,42,64464,MORTGAGE,13,0,1,0,0,0,0,1,0,0,E,30000,19.03,1,0.4,0,14
32269,39,150000,MORTGAGE,9,0,1,0,0,0,0,1,0,0,A,30000,8.9,0,0.2,0,11
32279,46,56000,MORTGAGE,1,0,1,0,0,0,0,1,0,0,A,6000,,0,0.11,0,13
32294,38,110000,MORTGAGE,5,0,1,0,0,0,0,1,0,0,B,16000,11.99,0,0.15,0,13
32358,53,34000,MORTGAGE,0,0,1,0,0,0,0,1,0,0,B,10000,10.39,1,0.29,0,30
32432,52,52000,MORTGAGE,1,0,1,0,0,0,0,1,0,0,A,17000,7.88,1,0.33,0,18
31,21,11520,OWN,5,1,0,0,0,0,0,1,0,0,B,2000,11.12,1,0.17,0,3
71,25,12000,OWN,0,1,0,0,0,0,0,1,0,0,C,3000,,1,0.25,0,3
97,24,12360,OWN,2,1,0,0,0,0,0,1,0,0,C,1600,13.57,0,0.13,0,3
120,25,12996,OWN,1,1,0,0,0,0,0,1,0,0,D,3600,14.59,1,0.28,0,3
159,24,203500,OWN,8,1,0,0,0,0,0,1,0,0,C,20000,13.04,0,0.1,0,3
200,22,14400,OWN,2,1,0,0,0,0,0,1,0,0,B,4000,10.99,1,0.28,0,3
269,23,15000,OWN,7,1,0,0,0,0,0,1,0,0,B,4475,,1,0.3,0,4
352,23,16000,OWN,7,1,0,0,0,0,0,1,0,0,A,6000,7.9,1,0.38,0,2
473,22,18000,OWN,2,1,0,0,0,0,0,1,0,0,C,4000,,1,0.22,0,2
508,22,19000,OWN,6,1,0,0,0,0,0,1,0,0,A,3625,8.49,1,0.19,0,3
510,21,19000,OWN,5,1,0,0,0,0,0,1,0,0,A,6000,8.49,1,0.32,0,3
513,24,19000,OWN,3,1,0,0,0,0,0,1,0,0,C,7400,13.85,1,0.39,0,2
602,23,20000,OWN,7,1,0,0,0,0,0,1,0,0,A,1200,7.49,0,0.06,0,3
674,21,20400,OWN,5,1,0,0,0,0,0,1,0,0,B,2400,11.49,0,0.12,0,4
746,26,21600,OWN,,1,0,0,0,0,0,1,0,0,B,4200,9.99,0,0.19,0,3
934,22,24000,OWN,5,1,0,0,0,0,0,1,0,0,B,8000,9.91,0,0.33,0,2
1038,21,24000,OWN,2,1,0,0,0,0,0,1,0,0,B,7000,11.86,0,0.29,0,2
1067,25,24000,OWN,4,1,0,0,0,0,0,1,0,0,B,5000,10.95,0,0.21,0,3
1070,22,24000,OWN,6,1,0,0,0,0,0,1,0,0,B,5000,12.21,0,0.21,0,3
1073,25,24000,OWN,0,1,0,0,0,0,0,1,0,0,A,7000,9.63,0,0.29,0,3
1092,21,24300,OWN,3,1,0,0,0,0,0,1,0,0,B,4500,11.83,0,0.19,0,4
1164,23,25000,OWN,5,1,0,0,0,0,0,1,0,0,A,7200,8.49,0,0.29,0,2
1238,25,25000,OWN,7,1,0,0,0,0,0,1,0,0,B,1525,10.95,0,0.06,0,2
1248,21,25000,OWN,0,1,0,0,0,0,0,1,0,0,B,8800,9.33,0,0.35,0,3
1456,22,27000,OWN,1,1,0,0,0,0,0,1,0,0,B,4800,11.99,0,0.18,0,2
1464,22,27000,OWN,0,1,0,0,0,0,0,1,0,0,B,7750,10.37,0,0.29,0,3
1470,22,27000,OWN,3,1,0,0,0,0,0,1,0,0,A,6000,6.54,0,0.22,0,4
1486,24,27000,OWN,9,1,0,0,0,0,0,1,0,0,A,9475,8.94,0,0.35,0,3
1533,24,27600,OWN,8,1,0,0,0,0,0,1,0,0,A,7000,7.9,0,0.25,0,4
1550,24,27600,OWN,2,1,0,0,0,0,0,1,0,0,D,10000,,0,0.36,0,2
1573,22,27996,OWN,5,1,0,0,0,0,0,1,0,0,A,5000,5.79,0,0.18,0,2
1575,23,27996,OWN,2,1,0,0,0,0,0,1,0,0,B,9250,10.75,0,0.33,0,2
1651,25,28176,OWN,3,1,0,0,0,0,0,1,0,0,B,1000,9.63,0,0.04,0,4
1803,22,29184,OWN,,1,0,0,0,0,0,1,0,0,A,1800,5.42,0,0.06,0,4
1925,21,30000,OWN,5,1,0,0,0,0,0,1,0,0,A,9000,5.99,0,0.3,0,4
2446,22,32000,OWN,1,1,0,0,0,0,0,1,0,0,B,1200,9.96,0,0.04,0,2
2477,21,32268,OWN,0,1,0,0,0,0,0,1,0,0,A,8000,8,0,0.25,0,3
2650,22,33600,OWN,1,1,0,0,0,0,0,1,0,0,D,5000,18.25,0,0.15,0,2
2703,24,33996,OWN,,1,0,0,0,0,0,1,0,0,B,5100,11.12,0,0.15,0,4
2840,23,35000,OWN,7,1,0,0,0,0,0,1,0,0,B,5000,11.71,0,0.14,0,4
2868,24,35000,OWN,1,1,0,0,0,0,0,1,0,0,A,10000,7.9,0,0.29,0,4
2910,25,35000,OWN,2,1,0,0,0,0,0,1,0,0,A,6400,,0,0.18,0,2
3074,22,35004,OWN,0,1,0,0,0,0,0,1,0,0,A,10000,7.51,0,0.29,0,4
3199,25,36000,OWN,2,1,0,0,0,0,0,1,0,0,A,8400,5.99,0,0.23,0,3
3470,23,36996,OWN,4,1,0,0,0,0,0,1,0,0,A,10000,7.51,0,0.27,0,3
3703,21,38000,OWN,1,1,0,0,0,0,0,1,0,0,A,5000,8.94,0,0.13,0,2
3918,23,39120,OWN,4,1,0,0,0,0,0,1,0,0,B,7000,11.71,0,0.18,0,3
3968,24,39828,OWN,,1,0,0,0,0,0,1,0,0,B,3000,8.88,0,0.08,0,4
3991,23,39996,OWN,1,1,0,0,0,0,0,1,0,0,B,11000,9.63,0,0.28,0,3
4122,23,40000,OWN,7,1,0,0,0,0,0,1,0,0,A,5000,8.49,0,0.13,0,4
4166,25,40000,OWN,0,1,0,0,0,0,0,1,0,0,A,11000,8.49,0,0.28,0,2
4178,26,40000,OWN,0,1,0,0,0,0,0,1,0,0,B,4300,10.74,0,0.11,0,2
4216,22,40000,OWN,5,1,0,0,0,0,0,1,0,0,B,6000,9.25,0,0.15,0,3
4395,24,40000,OWN,4,1,0,0,0,0,0,1,0,0,A,1000,7.37,0,0.03,0,2
4408,26,40000,OWN,0,1,0,0,0,0,0,1,0,0,B,15000,9.64,0,0.38,0,4
4410,24,40000,OWN,6,1,0,0,0,0,0,1,0,0,D,5000,11.86,0,0.13,0,4
4466,23,40800,OWN,,1,0,0,0,0,0,1,0,0,A,21000,6.17,0,0.51,0,3
4484,23,40900,OWN,5,1,0,0,0,0,0,1,0,0,B,12200,11.36,0,0.3,0,4
4588,25,41520,OWN,9,1,0,0,0,0,0,1,0,0,A,4400,7.29,0,0.11,0,2
4701,21,42000,OWN,5,1,0,0,0,0,0,1,0,0,B,8000,9.99,0,0.19,0,4
4796,24,42000,OWN,7,1,0,0,0,0,0,1,0,0,A,3000,7.51,0,0.07,0,2
4939,23,42900,OWN,6,1,0,0,0,0,0,1,0,0,A,1000,6.76,0,0.02,0,3
5193,23,44004,OWN,7,1,0,0,0,0,0,1,0,0,A,17000,6.62,0,0.39,0,2
5426,25,45000,OWN,9,1,0,0,0,0,0,1,0,0,A,3000,6.17,0,0.07,0,4
5542,23,45000,OWN,3,1,0,0,0,0,0,1,0,0,A,7000,9.63,0,0.16,0,3
5590,26,45000,OWN,2,1,0,0,0,0,0,1,0,0,C,7000,,0,0.16,0,3
5647,23,45600,OWN,7,1,0,0,0,0,0,1,0,0,B,1000,9.62,0,0.02,0,4
5652,22,45600,OWN,6,1,0,0,0,0,0,1,0,0,C,1800,13.48,0,0.04,0,4
5854,22,47000,OWN,6,1,0,0,0,0,0,1,0,0,A,3000,5.42,0,0.06,0,3
5875,23,47000,OWN,4,1,0,0,0,0,0,1,0,0,A,7000,7.51,0,0.15,0,3
5982,23,48000,OWN,5,1,0,0,0,0,0,1,0,0,B,2400,12.69,0,0.05,0,4
6021,23,48000,OWN,7,1,0,0,0,0,0,1,0,0,A,2500,5.42,0,0.05,0,3
6289,23,48600,OWN,2,1,0,0,0,0,0,1,0,0,A,5000,7.49,0,0.1,0,2
6583,22,50000,OWN,1,1,0,0,0,0,0,1,0,0,A,3600,,0,0.07,0,2
6606,26,50000,OWN,7,1,0,0,0,0,0,1,0,0,A,12000,8.49,0,0.24,0,4
6702,25,50000,OWN,3,1,0,0,0,0,0,1,0,0,A,10000,,0,0.2,0,3
6734,26,50000,OWN,5,1,0,0,0,0,0,1,0,0,A,3250,7.51,0,0.07,0,2
6856,23,50000,OWN,0,1,0,0,0,0,0,1,0,0,A,10200,9.63,0,0.2,0,4
6874,22,50000,OWN,6,1,0,0,0,0,0,1,0,0,A,15000,8.63,0,0.3,0,2
6894,24,50004,OWN,2,1,0,0,0,0,0,1,0,0,B,10000,11.12,0,0.2,0,2
7319,23,52000,OWN,3,1,0,0,0,0,0,1,0,0,C,9250,13.16,0,0.18,0,3
7379,22,52800,OWN,,1,0,0,0,0,0,1,0,0,A,7000,6.99,0,0.13,0,4
7411,21,53000,OWN,5,1,0,0,0,0,0,1,0,0,A,3000,7.51,0,0.06,0,4
7467,24,53000,OWN,8,1,0,0,0,0,0,1,0,0,A,3350,6.76,0,0.06,0,2
7864,22,55000,OWN,6,1,0,0,0,0,0,1,0,0,B,4800,11.99,0,0.09,0,2
7967,24,55000,OWN,3,1,0,0,0,0,0,1,0,0,B,16000,,0,0.29,0,3
8042,23,55000,OWN,6,1,0,0,0,0,0,1,0,0,C,18500,13.16,0,0.34,0,4
8193,23,56000,OWN,2,1,0,0,0,0,0,1,0,0,B,15000,10.62,0,0.27,0,3
8232,26,56004,OWN,2,1,0,0,0,0,0,1,0,0,A,10000,9.32,0,0.18,0,3
8258,23,56600,OWN,3,1,0,0,0,0,0,1,0,0,B,12000,10.38,0,0.21,0,2
8302,25,57000,OWN,9,1,0,0,0,0,0,1,0,0,B,12000,10.59,0,0.21,0,3
8347,25,57000,OWN,4,1,0,0,0,0,0,1,0,0,A,900,8.63,0,0.02,0,4
8456,22,58000,OWN,6,1,0,0,0,0,0,1,0,0,B,20000,11.99,0,0.34,0,4
8493,23,58000,OWN,4,1,0,0,0,0,0,1,0,0,B,15000,10.25,0,0.26,0,3
8712,23,60000,OWN,2,1,0,0,0,0,0,1,0,0,A,5000,6.03,0,0.08,0,3
8759,22,60000,OWN,6,1,0,0,0,0,0,1,0,0,B,1000,10.99,0,0.02,0,2
8885,23,60000,OWN,3,1,0,0,0,0,0,1,0,0,A,10000,6.92,0,0.17,0,4
8992,25,60000,OWN,9,1,0,0,0,0,0,1,0,0,A,16000,7.88,0,0.27,0,4
9030,25,60000,OWN,9,1,0,0,0,0,0,1,0,0,A,4000,6.39,0,0.07,0,4
9057,25,60000,OWN,8,1,0,0,0,0,0,1,0,0,B,25000,10.99,0,0.42,0,3
9121,23,60000,OWN,2,1,0,0,0,0,0,1,0,0,D,18500,15.33,0,0.31,0,2
9139,24,60000,OWN,9,1,0,0,0,0,0,1,0,0,B,15000,11.83,0,0.25,0,4
9364,23,61360,OWN,3,1,0,0,0,0,0,1,0,0,A,6125,8.59,0,0.1,0,4
9527,22,62236,OWN,,1,0,0,0,0,0,1,0,0,B,5000,9.99,0,0.08,0,4
9536,25,62400,OWN,,1,0,0,0,0,0,1,0,0,D,15000,17.58,0,0.24,0,4
9750,21,64000,OWN,5,1,0,0,0,0,0,1,0,0,A,10000,7.66,0,0.16,0,3
9822,26,64800,OWN,11,1,0,0,0,0,0,1,0,0,A,3000,,0,0.05,0,4
10015,21,65000,OWN,5,1,0,0,0,0,0,1,0,0,A,5000,5.79,0,0.08,0,4
10024,23,65000,OWN,7,1,0,0,0,0,0,1,0,0,C,10000,13.98,0,0.15,0,4
10178,23,65280,OWN,4,1,0,0,0,0,0,1,0,0,B,18000,10.99,0,0.28,0,4
10338,24,67000,OWN,2,1,0,0,0,0,0,1,0,0,B,16000,12.69,0,0.24,0,4
10537,24,68400,OWN,8,1,0,0,0,0,0,1,0,0,A,6000,6.54,0,0.09,0,4
10581,23,69000,OWN,7,1,0,0,0,0,0,1,0,0,A,9000,5.99,0,0.13,0,3
10658,24,69996,OWN,4,1,0,0,0,0,0,1,0,0,A,10000,,0,0.14,0,2
10843,22,70000,OWN,3,1,0,0,0,0,0,1,0,0,A,8000,5.79,0,0.11,0,3
10926,22,70000,OWN,6,1,0,0,0,0,0,1,0,0,B,12000,12.53,0,0.17,0,2
10949,22,70000,OWN,0,1,0,0,0,0,0,1,0,0,B,15000,11.26,0,0.21,0,3
11088,22,72000,OWN,2,1,0,0,0,0,0,1,0,0,A,15000,7.9,0,0.21,0,2
11211,26,72000,OWN,10,1,0,0,0,0,0,1,0,0,A,10000,7.74,0,0.14,0,4
11392,22,74004,OWN,0,1,0,0,0,0,0,1,0,0,A,3000,6.54,0,0.04,0,4
11476,26,75000,OWN,10,1,0,0,0,0,0,1,0,0,B,9250,12.69,0,0.12,0,4
11507,25,75000,OWN,6,1,0,0,0,0,0,1,0,0,A,11000,8.49,0,0.15,0,3
11689,24,75000,OWN,4,1,0,0,0,0,0,1,0,0,A,9600,8.94,0,0.13,0,3
11706,24,75000,OWN,8,1,0,0,0,0,0,1,0,0,B,16500,12.18,0,0.22,0,2
11789,26,59497,OWN,2,1,0,0,0,0,0,1,0,0,E,7000,17.88,1,0.1,0,2
11955,21,40000,OWN,5,1,0,0,0,0,0,1,0,0,A,12000,8.9,0,0.3,0,2
12047,22,78996,OWN,6,1,0,0,0,0,0,1,0,0,B,10000,11.11,0,0.13,0,2
12369,24,80000,OWN,8,1,0,0,0,0,0,1,0,0,B,20000,9.51,0,0.25,0,2
12420,23,80832,OWN,0,1,0,0,0,0,0,1,0,0,D,15000,15.65,0,0.19,0,2
12436,22,39000,OWN,6,1,0,0,0,0,0,1,0,0,A,1000,,0,0.03,0,3
12453,25,39000,OWN,3,1,0,0,0,0,0,1,0,0,B,3600,11.86,0,0.09,0,2
12454,25,39000,OWN,0,1,0,0,0,0,0,1,0,0,C,8500,14.35,0,0.22,0,3
12459,23,39000,OWN,7,1,0,0,0,0,0,1,0,0,B,3000,10.62,0,0.08,0,2
12578,22,38272,OWN,6,1,0,0,0,0,0,1,0,0,B,4800,9.99,0,0.13,0,2
12697,24,38000,OWN,6,1,0,0,0,0,0,1,0,0,B,1000,10.08,0,0.03,0,4
12836,23,37000,OWN,6,1,0,0,0,0,0,1,0,0,A,1125,5.79,0,0.03,0,3
12846,25,37000,OWN,6,1,0,0,0,0,0,1,0,0,B,9000,10.25,0,0.24,0,3
13124,24,88494,OWN,8,1,0,0,0,0,0,1,0,0,B,24000,,0,0.27,0,2
13140,26,88900,OWN,2,1,0,0,0,0,0,1,0,0,B,5000,11.83,0,0.06,0,4
13184,23,36000,OWN,2,1,0,0,0,0,0,1,0,0,C,12000,12.53,0,0.33,0,2
13219,23,90000,OWN,7,1,0,0,0,0,0,1,0,0,A,35000,8.9,0,0.39,0,4
13222,21,90000,OWN,6,1,0,0,0,0,0,1,0,0,A,12000,6.03,0,0.13,0,3
13289,24,90000,OWN,8,1,0,0,0,0,0,1,0,0,C,12000,13.35,0,0.13,0,3
13298,23,90000,OWN,7,1,0,0,0,0,0,1,0,0,A,8500,5.79,0,0.09,0,4
13418,21,35000,OWN,2,1,0,0,0,0,0,1,0,0,A,11000,7.88,0,0.31,0,2
13437,23,35000,OWN,7,1,0,0,0,0,0,1,0,0,B,10000,10.25,0,0.29,0,2
13453,22,35000,OWN,6,1,0,0,0,0,0,1,0,0,B,5000,11.14,0,0.14,0,2
13468,24,92000,OWN,4,1,0,0,0,0,0,1,0,0,B,7200,9.88,0,0.08,0,2
13509,22,34800,OWN,4,1,0,0,0,0,0,1,0,0,C,7350,14.22,0,0.21,0,2
13675,21,33600,OWN,5,1,0,0,0,0,0,1,0,0,A,10000,7.88,0,0.3,0,2
13700,26,95000,OWN,0,1,0,0,0,0,0,1,0,0,A,1000,8.94,0,0.01,0,4
13776,23,96000,OWN,8,1,0,0,0,0,0,1,0,0,C,8000,13.49,0,0.08,0,3
13804,26,32956,OWN,10,1,0,0,0,0,0,1,0,0,A,10000,8.49,0,0.3,0,3
13824,25,32500,OWN,9,1,0,0,0,0,0,1,0,0,B,3600,,0,0.11,0,4
13827,26,71400,OWN,9,1,0,0,0,0,0,1,0,0,E,16500,16.45,1,0.2,0,3
13864,23,97000,OWN,7,1,0,0,0,0,0,1,0,0,B,15000,9.63,0,0.15,0,4
13903,22,32000,OWN,2,1,0,0,0,0,0,1,0,0,A,3000,6.99,0,0.09,0,4
14000,24,100000,OWN,4,1,0,0,0,0,0,1,0,0,A,6000,8.9,0,0.06,0,2
14051,26,100000,OWN,10,1,0,0,0,0,0,1,0,0,B,10000,10.59,0,0.1,0,2
14169,25,100000,OWN,4,1,0,0,0,0,0,1,0,0,C,15000,11.28,0,0.15,0,4
14197,22,30000,OWN,3,1,0,0,0,0,0,1,0,0,B,7200,10.99,0,0.24,0,2
14203,24,101000,OWN,5,1,0,0,0,0,0,1,0,0,B,24250,12.53,0,0.24,0,4
14223,25,102000,OWN,9,1,0,0,0,0,0,1,0,0,B,8000,12.42,0,0.08,0,4
14248,24,102000,OWN,8,1,0,0,0,0,0,1,0,0,B,24250,11.83,0,0.24,0,3
14249,22,102000,OWN,1,1,0,0,0,0,0,1,0,0,C,7000,12.87,0,0.07,0,3
14456,24,30000,OWN,1,1,0,0,0,0,0,1,0,0,E,15000,15.68,1,0.5,0,3
14595,23,28800,OWN,7,1,0,0,0,0,0,1,0,0,A,12250,7.51,0,0.43,0,4
14875,21,26300,OWN,,1,0,0,0,0,0,1,0,0,A,7500,6.62,0,0.29,0,4
14881,22,26232,OWN,,1,0,0,0,0,0,1,0,0,A,6000,6.03,0,0.23,0,2
14943,24,91800,OWN,8,1,0,0,0,0,0,1,0,0,E,10000,19.29,1,0.09,0,2
15045,25,25000,OWN,4,1,0,0,0,0,0,1,0,0,C,17500,14.22,0,0.7,0,2
15141,25,124000,OWN,9,1,0,0,0,0,0,1,0,0,B,2000,,0,0.02,0,4
15181,26,125000,OWN,10,1,0,0,0,0,0,1,0,0,A,6000,5.42,0,0.05,0,4
15216,22,24000,OWN,0,1,0,0,0,0,0,1,0,0,C,5000,13.35,0,0.21,0,4
15252,26,24000,OWN,0,1,0,0,0,0,0,1,0,0,B,2500,11.83,0,0.1,0,4
15351,22,22800,OWN,1,1,0,0,0,0,0,1,0,0,A,9000,5.99,0,0.39,0,2
15374,24,22320,OWN,4,1,0,0,0,0,0,1,0,0,E,1000,16.32,1,0.04,0,2
15375,23,22300,OWN,1,1,0,0,0,0,0,1,0,0,B,7500,11.12,0,0.34,0,4
15471,25,138000,OWN,9,1,0,0,0,0,0,1,0,0,B,21600,,0,0.16,0,4
15518,21,20004,OWN,2,1,0,0,0,0,0,1,0,0,B,2500,9.63,0,0.12,0,2
15784,21,15300,OWN,5,1,0,0,0,0,0,1,0,0,A,2500,6.03,1,0.16,0,2
16119,24,22800,OWN,3,1,0,0,0,0,0,1,0,0,B,4750,11.36,0,0.21,0,4
16215,25,74000,OWN,1,1,0,0,0,0,0,1,0,0,A,16000,8.49,0,0.22,0,3
16242,21,19200,OWN,0,1,0,0,0,0,0,1,0,0,B,2400,9.91,0,0.13,0,4
16498,23,29120,OWN,0,1,0,0,0,0,0,1,0,0,A,6400,8.94,0,0.22,0,4
16523,25,36000,OWN,10,1,0,0,0,0,0,1,0,0,B,11200,9.76,0,0.31,0,2
16774,25,59000,OWN,6,1,0,0,0,0,0,1,0,0,A,5000,6.17,0,0.08,0,2
16966,24,35000,OWN,1,1,0,0,0,0,0,1,0,0,D,7000,16.29,0,0.2,0,4
17140,21,37000,OWN,3,1,0,0,0,0,0,1,0,0,C,7200,13.61,0,0.19,0,2
17481,22,39000,OWN,6,1,0,0,0,0,0,1,0,0,A,1000,,0,0.03,0,2
17773,24,67000,OWN,2,1,0,0,0,0,0,1,0,0,B,16000,12.69,0,0.24,0,2
17921,28,12000,OWN,,1,0,0,0,0,0,1,0,0,B,2000,10.75,1,0.17,0,6
18058,27,190000,OWN,11,1,0,0,0,0,0,1,0,0,B,23000,11.83,0,0.12,0,8
18091,30,14400,OWN,0,1,0,0,0,0,0,1,0,0,D,5000,14.96,1,0.35,0,9
18213,28,16800,OWN,,1,0,0,0,0,0,1,0,0,C,5000,13.98,1,0.3,0,8
18235,35,17640,OWN,,1,0,0,0,0,0,1,0,0,D,4000,16.29,1,0.23,0,7
18238,27,17795,OWN,4,1,0,0,0,0,0,1,0,0,A,2650,,0,0.15,0,8
18269,28,18000,OWN,2,1,0,0,0,0,0,1,0,0,C,6350,13.57,1,0.35,0,5
18336,28,20000,OWN,0,1,0,0,0,0,0,1,0,0,E,10000,,1,0.5,0,7
18374,35,20800,OWN,2,1,0,0,0,0,0,1,0,0,B,7000,10.62,0,0.34,0,8
18487,27,22896,OWN,1,1,0,0,0,0,0,1,0,0,B,5000,11.48,0,0.22,0,8
18556,32,24000,OWN,1,1,0,0,0,0,0,1,0,0,A,2000,7.29,0,0.08,0,6
18585,30,24000,OWN,,1,0,0,0,0,0,1,0,0,A,7500,7.88,0,0.31,0,9
18665,32,25000,OWN,15,1,0,0,0,0,0,1,0,0,B,9175,10.99,0,0.37,0,10
18666,31,25000,OWN,3,1,0,0,0,0,0,1,0,0,C,3500,13.49,0,0.14,0,9
18721,32,25200,OWN,17,1,0,0,0,0,0,1,0,0,A,4000,6.54,0,0.16,0,6
18790,34,26496,OWN,7,1,0,0,0,0,0,1,0,0,B,4400,10.59,0,0.17,0,8
18881,28,28000,OWN,0,1,0,0,0,0,0,1,0,0,B,3250,12.53,0,0.12,0,9
18964,33,30000,OWN,8,1,0,0,0,0,0,1,0,0,A,5000,7.51,0,0.17,0,9
19056,34,30000,OWN,0,1,0,0,0,0,0,1,0,0,A,6000,7.29,0,0.2,0,9
19277,32,31776,OWN,4,1,0,0,0,0,0,1,0,0,C,3400,13.16,0,0.11,0,8
19576,30,35000,OWN,8,1,0,0,0,0,0,1,0,0,B,10000,10.65,0,0.29,0,6
19932,27,37000,OWN,3,1,0,0,0,0,0,1,0,0,B,5000,9.91,0,0.14,0,6
20014,28,37584,OWN,2,1,0,0,0,0,0,1,0,0,B,20000,11.48,0,0.53,0,5
20044,30,38000,OWN,14,1,0,0,0,0,0,1,0,0,B,12600,,0,0.33,0,8
20053,27,38000,OWN,,1,0,0,0,0,0,1,0,0,A,6500,5.42,0,0.17,0,6
20057,33,38000,OWN,4,1,0,0,0,0,0,1,0,0,B,10000,10.99,0,0.26,0,10
20133,32,38400,OWN,4,1,0,0,0,0,0,1,0,0,B,2400,9.99,0,0.06,0,7
20384,33,40000,OWN,2,1,0,0,0,0,0,1,0,0,A,14000,6.91,0,0.35,0,8
20386,29,40000,OWN,0,1,0,0,0,0,0,1,0,0,A,5000,5.42,0,0.13,0,10
20420,34,40000,OWN,18,1,0,0,0,0,0,1,0,0,B,8000,11.36,0,0.2,0,10
20424,34,40000,OWN,7,1,0,0,0,0,0,1,0,0,A,4200,6.76,0,0.1,0,7
20530,29,41000,OWN,6,1,0,0,0,0,0,1,0,0,B,5000,11.99,0,0.12,0,5
20561,35,41235,OWN,7,1,0,0,0,0,0,1,0,0,A,3000,7.14,0,0.07,0,9
20643,30,42000,OWN,8,1,0,0,0,0,0,1,0,0,C,8000,12.99,0,0.19,0,9
20684,29,42000,OWN,13,1,0,0,0,0,0,1,0,0,A,2500,6.76,0,0.06,0,5
20725,28,42000,OWN,2,1,0,0,0,0,0,1,0,0,C,6000,12.84,0,0.14,0,9
20727,32,42000,OWN,15,1,0,0,0,0,0,1,0,0,B,1800,10.2,0,0.04,0,9
20746,28,42240,OWN,2,1,0,0,0,0,0,1,0,0,B,12000,11.86,0,0.28,0,6
20943,27,44630,OWN,10,1,0,0,0,0,0,1,0,0,B,10825,10.99,0,0.24,0,8
20980,28,45000,OWN,11,1,0,0,0,0,0,1,0,0,C,10500,15.96,0,0.23,0,8
20987,27,45000,OWN,9,1,0,0,0,0,0,1,0,0,A,12000,6.03,0,0.27,0,7
21116,28,45000,OWN,,1,0,0,0,0,0,1,0,0,B,15000,9.88,0,0.33,0,6
21152,29,45000,OWN,8,1,0,0,0,0,0,1,0,0,B,8000,12.21,0,0.18,0,10
21184,28,45500,OWN,1,1,0,0,0,0,0,1,0,0,A,8400,,0,0.18,0,5
21217,27,45760,OWN,6,1,0,0,0,0,0,1,0,0,B,14000,,0,0.31,0,6
21357,27,47232,OWN,10,1,0,0,0,0,0,1,0,0,A,8000,5.42,0,0.17,0,9
21374,28,47820,OWN,12,1,0,0,0,0,0,1,0,0,A,6000,5.42,0,0.13,0,9
21593,30,49000,OWN,3,1,0,0,0,0,0,1,0,0,A,3500,6.99,0,0.07,0,5
21615,27,49536,OWN,11,1,0,0,0,0,0,1,0,0,B,12000,10.38,0,0.24,0,10
21720,35,50000,OWN,6,1,0,0,0,0,0,1,0,0,A,13650,6.99,0,0.27,0,10
21732,29,50000,OWN,6,1,0,0,0,0,0,1,0,0,A,4000,5.42,0,0.08,0,8
21862,27,50000,OWN,3,1,0,0,0,0,0,1,0,0,C,9000,12.53,0,0.18,0,8
21893,27,50004,OWN,5,1,0,0,0,0,0,1,0,0,B,10200,10.37,0,0.2,0,10
21972,29,51000,OWN,6,1,0,0,0,0,0,1,0,0,A,19750,7.49,0,0.39,0,8
22309,34,54000,OWN,8,1,0,0,0,0,0,1,0,0,B,5000,10.62,0,0.09,0,7
22597,34,56000,OWN,0,1,0,0,0,0,0,1,0,0,B,5600,11.86,0,0.1,0,7
22636,34,56400,OWN,8,1,0,0,0,0,0,1,0,0,A,12100,5.79,0,0.21,0,9
22649,29,56700,OWN,14,1,0,0,0,0,0,1,0,0,B,11000,10.62,0,0.19,0,6
22686,29,57000,OWN,5,1,0,0,0,0,0,1,0,0,B,5000,11.86,0,0.09,0,10
22714,29,57300,OWN,13,1,0,0,0,0,0,1,0,0,B,12000,11.48,0,0.21,0,8
22791,31,58000,OWN,15,1,0,0,0,0,0,1,0,0,C,14500,13.06,0,0.25,0,7
22797,34,58000,OWN,8,1,0,0,0,0,0,1,0,0,A,3000,6.76,0,0.05,0,10
22864,28,59000,OWN,12,1,0,0,0,0,0,1,0,0,A,10000,7.49,0,0.17,0,6
22884,27,59004,OWN,8,1,0,0,0,0,0,1,0,0,B,24250,11.49,0,0.41,0,9
23081,30,60000,OWN,11,1,0,0,0,0,0,1,0,0,A,20000,6.17,0,0.33,0,5
23123,28,60000,OWN,7,1,0,0,0,0,0,1,0,0,A,12000,7.51,0,0.2,0,5
23166,28,60000,OWN,5,1,0,0,0,0,0,1,0,0,B,20000,,0,0.33,0,5
23248,27,60000,OWN,4,1,0,0,0,0,0,1,0,0,B,10425,9.45,0,0.17,0,8
23437,35,62500,OWN,2,1,0,0,0,0,0,1,0,0,A,1600,5.42,0,0.03,0,5
23456,31,63000,OWN,,1,0,0,0,0,0,1,0,0,A,5000,6.03,0,0.08,0,5
23480,29,63000,OWN,0,1,0,0,0,0,0,1,0,0,B,9000,,0,0.14,0,9
23502,27,63000,OWN,2,1,0,0,0,0,0,1,0,0,A,9500,8.07,0,0.15,0,6
23713,27,65000,OWN,8,1,0,0,0,0,0,1,0,0,A,5000,7.88,0,0.08,0,5
23829,33,66000,OWN,16,1,0,0,0,0,0,1,0,0,A,3500,,0,0.05,0,9
23902,29,67000,OWN,14,1,0,0,0,0,0,1,0,0,A,3600,7.51,0,0.05,0,10
24188,32,70000,OWN,1,1,0,0,0,0,0,1,0,0,A,14400,7.88,0,0.21,0,10
24295,29,71000,OWN,13,1,0,0,0,0,0,1,0,0,A,14000,7.14,0,0.2,0,5
24324,34,72000,OWN,2,1,0,0,0,0,0,1,0,0,A,13150,6.03,0,0.18,0,10
24342,27,72000,OWN,2,1,0,0,0,0,0,1,0,0,A,10000,6.62,0,0.14,0,9
24386,28,72000,OWN,6,1,0,0,0,0,0,1,0,0,B,25000,11.11,0,0.35,0,8
24527,30,74000,OWN,13,1,0,0,0,0,0,1,0,0,B,10500,10.74,0,0.14,0,8
24556,29,74360,OWN,7,1,0,0,0,0,0,1,0,0,A,8725,5.99,0,0.12,0,7
24567,34,74700,OWN,10,1,0,0,0,0,0,1,0,0,B,14000,9.91,0,0.19,0,5
24719,35,75000,OWN,2,1,0,0,0,0,0,1,0,0,B,25000,10.99,0,0.33,0,7
24798,29,76000,OWN,13,1,0,0,0,0,0,1,0,0,D,28000,16.77,0,0.37,0,10
24914,28,78000,OWN,12,1,0,0,0,0,0,1,0,0,A,5250,5.79,0,0.07,0,10
24920,27,78000,OWN,3,1,0,0,0,0,0,1,0,0,D,12000,15.58,0,0.15,0,7
25097,28,80000,OWN,1,1,0,0,0,0,0,1,0,0,A,3000,6.54,0,0.04,0,9
25100,31,80000,OWN,13,1,0,0,0,0,0,1,0,0,A,12000,5.79,0,0.15,0,10
25220,27,39000,OWN,3,1,0,0,0,0,0,1,0,0,A,9600,5.79,0,0.25,0,10
25437,32,37440,OWN,0,1,0,0,0,0,0,1,0,0,D,5000,15.37,0,0.13,0,5
25543,30,36000,OWN,6,1,0,0,0,0,0,1,0,0,B,10000,12.69,0,0.28,0,10
25546,35,86000,OWN,5,1,0,0,0,0,0,1,0,0,B,18000,,0,0.21,0,6
25617,30,87580,OWN,15,1,0,0,0,0,0,1,0,0,A,4700,,0,0.05,0,7
25673,32,36000,OWN,0,1,0,0,0,0,0,1,0,0,C,4900,13.22,0,0.14,0,10
25675,29,89520,OWN,13,1,0,0,0,0,0,1,0,0,C,8000,13.23,0,0.09,0,10
25805,28,90000,OWN,7,1,0,0,0,0,0,1,0,0,C,8400,12.87,0,0.09,0,8
26170,29,97000,OWN,3,1,0,0,0,0,0,1,0,0,D,14600,15.65,0,0.15,0,9
26330,35,31000,OWN,0,1,0,0,0,0,0,1,0,0,C,4275,10.28,0,0.14,0,7
26370,33,100000,OWN,3,1,0,0,0,0,0,1,0,0,B,25000,12.18,0,0.25,0,10
26433,27,75905,OWN,0,1,0,0,0,0,0,1,0,0,F,18000,17.26,1,0.2,0,8
26456,29,102000,OWN,10,1,0,0,0,0,0,1,0,0,B,18000,9.33,0,0.18,0,7
26604,32,107400,OWN,2,1,0,0,0,0,0,1,0,0,D,25000,15.21,0,0.23,0,10
26757,30,28000,OWN,14,1,0,0,0,0,0,1,0,0,B,14400,12.18,0,0.51,0,5
26878,27,116000,OWN,3,1,0,0,0,0,0,1,0,0,A,6000,7.29,0,0.05,0,7
26929,34,26000,OWN,0,1,0,0,0,0,0,1,0,0,A,3000,8.49,0,0.12,0,9
26963,27,120000,OWN,11,1,0,0,0,0,0,1,0,0,B,4800,10.99,0,0.04,0,10
26993,29,120000,OWN,5,1,0,0,0,0,0,1,0,0,B,8000,11.11,0,0.07,0,10
27003,29,25000,OWN,8,1,0,0,0,0,0,1,0,0,C,6500,13.49,0,0.26,0,9
27099,27,24840,OWN,0,1,0,0,0,0,0,1,0,0,A,11500,8.49,0,0.46,0,6
27139,31,125000,OWN,5,1,0,0,0,0,0,1,0,0,A,30000,7.51,0,0.24,0,9
27248,27,130000,OWN,3,1,0,0,0,0,0,1,0,0,A,15000,6.03,0,0.12,0,10
27316,30,22584,OWN,,1,0,0,0,0,0,1,0,0,A,5000,7.51,0,0.22,0,10
27540,27,149616,OWN,0,1,0,0,0,0,0,1,0,0,C,15000,11.03,0,0.1,0,10
27633,32,155000,OWN,6,1,0,0,0,0,0,1,0,0,B,15000,12.42,0,0.1,0,7
27638,33,18000,OWN,17,1,0,0,0,0,0,1,0,0,A,7000,8,1,0.39,0,9
27659,29,158000,OWN,1,1,0,0,0,0,0,1,0,0,A,20000,6.54,0,0.13,0,5
27698,28,168000,OWN,12,1,0,0,0,0,0,1,0,0,A,6800,,0,0.04,0,7
27729,35,175000,OWN,19,1,0,0,0,0,0,1,0,0,C,24000,12.73,0,0.14,0,10
27815,31,235000,OWN,5,1,0,0,0,0,0,1,0,0,D,11200,15.65,0,0.05,0,5
27821,29,242400,OWN,12,1,0,0,0,0,0,1,0,0,B,35000,10.37,0,0.14,0,8
27885,35,762000,OWN,8,1,0,0,0,0,0,1,0,0,A,10000,8.94,0,0.01,0,10
27913,29,50000,OWN,3,1,0,0,0,0,0,1,0,0,B,4200,9.91,0,0.08,0,6
28043,35,15000,OWN,3,1,0,0,0,0,0,1,0,0,A,3700,9.32,1,0.25,0,5
28109,33,18720,OWN,0,1,0,0,0,0,0,1,0,0,C,3500,13.16,1,0.19,0,5
28230,29,35000,OWN,11,1,0,0,0,0,0,1,0,0,C,4200,12.99,0,0.12,0,8
28254,35,762000,OWN,8,1,0,0,0,0,0,1,0,0,A,10000,8.94,0,0.01,0,8
28270,34,98000,OWN,19,1,0,0,0,0,0,1,0,0,B,16000,10.99,0,0.16,0,10
28309,35,91000,OWN,0,1,0,0,0,0,0,1,0,0,A,10000,8.59,0,0.11,0,8
28473,27,78000,OWN,4,1,0,0,0,0,0,1,0,0,B,6000,12.18,0,0.08,0,5
28630,32,50000,OWN,16,1,0,0,0,0,0,1,0,0,A,8000,7.49,0,0.16,0,10
28746,33,170000,OWN,15,1,0,0,0,0,0,1,0,0,C,21000,14.26,0,0.12,0,9
28756,35,40000,OWN,0,1,0,0,0,0,0,1,0,0,A,5000,6.92,0,0.13,0,7
28781,28,55000,OWN,13,1,0,0,0,0,0,1,0,0,A,18000,7.9,0,0.33,0,10
28792,27,57240,OWN,4,1,0,0,0,0,0,1,0,0,B,15000,11.99,0,0.26,0,10
28836,29,97000,OWN,3,1,0,0,0,0,0,1,0,0,B,12000,11.83,0,0.12,0,7
28841,29,69000,OWN,11,1,0,0,0,0,0,1,0,0,B,6000,11.12,0,0.09,0,8
28937,35,54000,OWN,,1,0,0,0,0,0,1,0,0,A,6000,6.62,0,0.11,0,5
28940,28,40000,OWN,2,1,0,0,0,0,0,1,0,0,A,3600,6.99,0,0.09,0,10
29060,29,40000,OWN,0,1,0,0,0,0,0,1,0,0,A,5000,5.42,0,0.13,0,5
29120,36,1200000,OWN,16,1,0,0,0,0,0,1,0,0,A,10000,6.54,0,0.01,0,11
29148,47,12000,OWN,,1,0,0,0,0,0,1,0,0,B,1950,12.69,1,0.16,0,12
29207,42,14400,OWN,3,1,0,0,0,0,0,1,0,0,A,3500,,1,0.24,0,11
29262,38,17760,OWN,,1,0,0,0,0,0,1,0,0,C,2800,,1,0.16,0,16
29263,39,17760,OWN,0,1,0,0,0,0,0,1,0,0,A,4375,5.42,1,0.25,0,17
29324,39,21600,OWN,0,1,0,0,0,0,0,1,0,0,A,6000,6.03,0,0.28,0,12
29341,39,23000,OWN,6,1,0,0,0,0,0,1,0,0,A,6400,8.9,0,0.28,0,14
29347,40,23004,OWN,2,1,0,0,0,0,0,1,0,0,A,7750,7.88,0,0.34,0,16
29418,37,26000,OWN,2,1,0,0,0,0,0,1,0,0,A,6000,8.59,0,0.23,0,12
29430,45,26748,OWN,8,1,0,0,0,0,0,1,0,0,A,4000,7.88,0,0.15,0,12
29431,36,26880,OWN,0,1,0,0,0,0,0,1,0,0,A,4500,7.66,0,0.17,0,11
29495,43,29004,OWN,3,1,0,0,0,0,0,1,0,0,A,5000,7.88,0,0.17,0,11
29558,37,30480,OWN,1,1,0,0,0,0,0,1,0,0,B,1200,11.99,0,0.04,0,15
29610,41,33240,OWN,,1,0,0,0,0,0,1,0,0,A,1000,7.29,0,0.03,0,17
29658,37,35000,OWN,,1,0,0,0,0,0,1,0,0,A,16000,8.9,0,0.46,0,11
29847,38,40000,OWN,6,1,0,0,0,0,0,1,0,0,A,9000,7.49,0,0.23,0,16
30019,43,44000,OWN,18,1,0,0,0,0,0,1,0,0,A,8000,9.32,0,0.18,0,15
30033,47,45000,OWN,10,1,0,0,0,0,0,1,0,0,A,11200,6.62,0,0.25,0,12
30059,43,45000,OWN,,1,0,0,0,0,0,1,0,0,B,2000,11.49,0,0.04,0,17
30470,36,55000,OWN,6,1,0,0,0,0,0,1,0,0,C,9000,,0,0.16,0,16
30774,43,65000,OWN,4,1,0,0,0,0,0,1,0,0,B,15000,11.71,0,0.23,0,13
31213,39,80000,OWN,0,1,0,0,0,0,0,1,0,0,C,5000,11.22,0,0.06,0,13
31409,37,92000,OWN,15,1,0,0,0,0,0,1,0,0,B,12000,11.14,0,0.13,0,14
31448,40,95892,OWN,19,1,0,0,0,0,0,1,0,0,B,15000,12.18,0,0.16,0,14
31679,40,120000,OWN,15,1,0,0,0,0,0,1,0,0,B,20000,,0,0.17,0,11
31691,43,122000,OWN,20,1,0,0,0,0,0,1,0,0,B,12000,11.83,0,0.1,0,11
31705,42,24000,OWN,10,1,0,0,0,0,0,1,0,0,A,5000,,0,0.21,0,11
31869,41,180000,OWN,13,1,0,0,0,0,0,1,0,0,A,14000,5.99,0,0.08,0,11
31950,48,19200,OWN,1,1,0,0,0,0,0,1,0,0,C,7000,,1,0.36,0,16
31996,44,140000,OWN,14,1,0,0,0,0,0,1,0,0,B,21500,11.83,0,0.15,0,11
32064,40,40000,OWN,12,1,0,0,0,0,0,1,0,0,B,13750,8.88,0,0.34,0,14
32115,40,95000,OWN,12,1,0,0,0,0,0,1,0,0,B,5000,10.65,0,0.05,0,11
32289,38,99996,OWN,22,1,0,0,0,0,0,1,0,0,D,25000,14.96,0,0.25,0,11
4,23,65500,RENT,4,0,0,1,0,0,0,1,0,0,C,35000,15.23,1,0.53,0,2
8,24,78956,RENT,5,0,0,1,0,0,0,1,0,0,B,35000,11.11,1,0.44,0,4
18,23,92111,RENT,7,0,0,1,0,0,0,1,0,0,F,35000,20.25,1,0.32,0,4
41,26,62050,RENT,6,0,0,1,0,0,0,1,0,0,E,30000,17.99,1,0.41,0,2
49,22,66300,RENT,4,0,0,1,0,0,0,1,0,0,B,30000,12.69,1,0.38,0,3
70,25,250000,RENT,2,0,0,1,0,0,0,1,0,0,C,25000,13.49,0,0.1,0,4
72,22,56950,RENT,6,0,0,1,0,0,0,1,0,0,A,28000,,1,0.49,0,2
95,23,62500,RENT,7,0,0,1,0,0,0,1,0,0,B,26000,11.71,1,0.42,0,2
115,24,225000,RENT,0,0,0,1,0,0,0,1,0,0,B,6000,,0,0.03,0,4
166,24,200000,RENT,8,0,0,1,0,0,0,1,0,0,B,12000,12.69,0,0.06,0,2
173,25,61959,RENT,9,0,0,1,0,0,0,1,0,0,C,25000,12.73,1,0.4,0,2
203,24,56100,RENT,7,0,0,1,0,0,0,1,0,0,D,25000,16.49,1,0.38,0,4
207,25,72612,RENT,9,0,0,1,0,0,0,1,0,0,C,25000,13.11,1,0.34,0,2
208,23,74000,RENT,3,0,0,1,0,0,0,1,0,0,B,25000,10.36,1,0.34,0,3
233,22,185000,RENT,4,0,0,1,0,0,0,1,0,0,B,25000,11.36,0,0.14,0,2
244,23,81600,RENT,1,0,0,1,0,0,0,1,0,0,B,25000,11.36,1,0.31,0,3
253,24,85000,RENT,5,0,0,1,0,0,0,1,0,0,B,25000,10.62,0,0.29,0,4
262,25,90000,RENT,9,0,0,1,0,0,0,1,0,0,B,25000,10.99,0,0.28,0,4
288,25,74800,RENT,2,0,0,1,0,0,0,1,0,0,B,25000,10.99,1,0.28,0,2
315,24,83300,RENT,0,0,0,1,0,0,0,1,0,0,D,25000,,1,0.26,0,2
318,25,134300,RENT,3,0,0,1,0,0,0,1,0,0,D,5000,16.49,1,0.03,0,2
323,25,120000,RENT,6,0,0,1,0,0,0,1,0,0,B,25000,10.74,0,0.21,0,2
341,25,134000,RENT,7,0,0,1,0,0,0,1,0,0,B,25000,10.62,0,0.19,0,2
370,24,84200,RENT,8,0,0,1,0,0,0,1,0,0,C,24500,13.85,0,0.29,0,4
372,24,92000,RENT,8,0,0,1,0,0,0,1,0,0,B,24500,11.46,0,0.27,0,4
382,26,56045,RENT,1,0,0,1,0,0,0,1,0,0,D,24250,14.96,1,0.37,0,2
384,24,65453,RENT,9,0,0,1,0,0,0,1,0,0,D,24250,15.7,1,0.31,0,2
406,26,48000,RENT,4,0,0,1,0,0,0,1,0,0,A,24000,,1,0.5,0,3
412,22,49000,RENT,2,0,0,1,0,0,0,1,0,0,E,24000,17.56,1,0.49,0,4
416,21,60000,RENT,5,0,0,1,0,0,0,1,0,0,B,24000,10.75,1,0.4,0,2
430,24,75000,RENT,9,0,0,1,0,0,0,1,0,0,B,24000,10.37,1,0.32,0,3
435,24,80000,RENT,2,0,0,1,0,0,0,1,0,0,B,24000,10.25,0,0.3,0,2
468,23,120000,RENT,4,0,0,1,0,0,0,1,0,0,C,23750,13.47,0,0.2,0,2
488,22,58600,RENT,5,0,0,1,0,0,0,1,0,0,B,22750,11.36,1,0.39,0,4
499,25,58000,RENT,0,0,0,1,0,0,0,1,0,0,C,22000,14.65,1,0.38,0,2
503,26,56000,RENT,7,0,0,1,0,0,0,1,0,0,E,22000,17.19,1,0.39,0,3
511,24,80000,RENT,0,0,0,1,0,0,0,1,0,0,A,22000,,0,0.28,0,4
529,24,112140,RENT,8,0,0,1,0,0,0,1,0,0,A,21600,7.9,0,0.19,0,2
532,24,59000,RENT,5,0,0,1,0,0,0,1,0,0,D,21500,16.89,1,0.36,0,3
540,22,53000,RENT,3,0,0,1,0,0,0,1,0,0,B,21250,10.25,1,0.4,0,3
547,26,40000,RENT,3,0,0,1,0,0,0,1,0,0,A,21000,6.54,1,0.53,0,4
550,23,63000,RENT,2,0,0,1,0,0,0,1,0,0,B,21000,11.36,1,0.33,0,2
559,23,80000,RENT,3,0,0,1,0,0,0,1,0,0,B,21000,11.99,0,0.26,0,3
560,24,84000,RENT,8,0,0,1,0,0,0,1,0,0,B,21000,10.75,0,0.25,0,4
582,24,35364,RENT,1,0,0,1,0,0,0,1,0,0,B,20000,12.53,1,0.57,0,4
583,25,38000,RENT,4,0,0,1,0,0,0,1,0,0,D,20000,14.59,1,0.53,0,4
585,25,38004,RENT,6,0,0,1,0,0,0,1,0,0,C,20000,13.11,1,0.53,0,2
598,25,38000,RENT,9,0,0,1,0,0,0,1,0,0,B,20000,11.11,1,0.53,0,4
601,24,45000,RENT,8,0,0,1,0,0,0,1,0,0,E,20000,,1,0.44,0,2
604,24,39000,RENT,5,0,0,1,0,0,0,1,0,0,D,20000,14.74,1,0.51,0,2
617,24,50866,RENT,6,0,0,1,0,0,0,1,0,0,B,20000,,1,0.39,0,3
630,22,47000,RENT,5,0,0,1,0,0,0,1,0,0,D,20000,16.77,1,0.43,0,3
632,23,48000,RENT,7,0,0,1,0,0,0,1,0,0,D,20000,15.65,1,0.42,0,4
633,23,48000,RENT,0,0,0,1,0,0,0,1,0,0,D,20000,14.96,1,0.42,0,3
635,24,48912,RENT,0,0,0,1,0,0,0,1,0,0,C,20000,11.66,1,0.41,0,4
651,26,59000,RENT,10,0,0,1,0,0,0,1,0,0,A,20000,6.17,1,0.34,0,3
653,23,60000,RENT,7,0,0,1,0,0,0,1,0,0,A,20000,7.9,1,0.33,0,2
681,25,62000,RENT,3,0,0,1,0,0,0,1,0,0,A,20000,6.54,1,0.32,0,3
686,25,63000,RENT,3,0,0,1,0,0,0,1,0,0,B,20000,12.42,1,0.32,0,3
688,23,65000,RENT,0,0,0,1,0,0,0,1,0,0,B,20000,10.65,1,0.31,0,3
690,23,65000,RENT,0,0,0,1,0,0,0,1,0,0,B,20000,10.37,1,0.31,0,2
702,23,67000,RENT,0,0,0,1,0,0,0,1,0,0,B,20000,11.11,0,0.3,0,2
715,24,72000,RENT,5,0,0,1,0,0,0,1,0,0,B,20000,11.83,0,0.28,0,2
726,26,75000,RENT,5,0,0,1,0,0,0,1,0,0,A,20000,6.91,0,0.27,0,4
735,23,59497,RENT,0,0,0,1,0,0,0,1,0,0,E,20000,16,1,0.29,0,3
736,23,76000,RENT,7,0,0,1,0,0,0,1,0,0,B,20000,10.37,0,0.26,0,3
749,23,61200,RENT,4,0,0,1,0,0,0,1,0,0,B,20000,11.14,1,0.28,0,2
755,23,80000,RENT,4,0,0,1,0,0,0,1,0,0,A,20000,7.9,0,0.25,0,4
757,22,62900,RENT,6,0,0,1,0,0,0,1,0,0,D,20000,14.91,1,0.27,0,4
763,26,62900,RENT,2,0,0,1,0,0,0,1,0,0,C,20000,13.85,1,0.27,0,3
767,23,80700,RENT,7,0,0,1,0,0,0,1,0,0,B,20000,11.71,0,0.25,0,2
780,23,85000,RENT,0,0,0,1,0,0,0,1,0,0,A,20000,7.49,0,0.24,0,2
792,23,90000,RENT,2,0,0,1,0,0,0,1,0,0,B,20000,11.49,0,0.22,0,4
793,26,90000,RENT,10,0,0,1,0,0,0,1,0,0,B,20000,11.49,0,0.22,0,3
801,25,92407,RENT,9,0,0,1,0,0,0,1,0,0,B,20000,9.25,0,0.22,0,2
811,23,96000,RENT,1,0,0,1,0,0,0,1,0,0,C,20000,13.04,0,0.21,0,3
844,25,85000,RENT,7,0,0,1,0,0,0,1,0,0,E,20000,17.39,1,0.2,0,2
847,23,120000,RENT,4,0,0,1,0,0,0,1,0,0,B,20000,10.37,0,0.17,0,4
870,25,58000,RENT,9,0,0,1,0,0,0,1,0,0,B,19900,11.83,1,0.34,0,4
871,26,116000,RENT,10,0,0,1,0,0,0,1,0,0,B,19800,11.48,0,0.17,0,4
872,26,19500,RENT,0,0,0,1,0,0,0,1,0,0,C,500,11.41,0,0.03,0,2
882,23,10500,RENT,,0,0,1,0,0,0,1,0,0,B,1000,10.25,1,0.1,0,2
883,22,11220,RENT,,0,0,1,0,0,0,1,0,0,C,1000,12.99,0,0.09,0,4
903,25,47000,RENT,4,0,0,1,0,0,0,1,0,0,B,19000,11.99,1,0.4,0,2
905,25,52000,RENT,5,0,0,1,0,0,0,1,0,0,B,19000,,1,0.37,0,4
911,26,62004,RENT,5,0,0,1,0,0,0,1,0,0,A,19000,7.49,1,0.31,0,2
912,22,70000,RENT,1,0,0,1,0,0,0,1,0,0,B,19000,8.88,0,0.27,0,4
913,23,72000,RENT,3,0,0,1,0,0,0,1,0,0,B,19000,10.99,0,0.26,0,4
927,24,34300,RENT,4,0,0,1,0,0,0,1,0,0,B,18500,10.71,1,0.54,0,2
929,22,38000,RENT,2,0,0,1,0,0,0,1,0,0,A,18500,7.66,1,0.49,0,4
947,23,42504,RENT,0,0,0,1,0,0,0,1,0,0,B,18250,10.25,1,0.43,0,3
975,24,43000,RENT,9,0,0,1,0,0,0,1,0,0,A,18000,7.9,1,0.42,0,2
978,25,39000,RENT,3,0,0,1,0,0,0,1,0,0,E,18000,17.19,1,0.46,0,3
984,24,50000,RENT,1,0,0,1,0,0,0,1,0,0,B,18000,12.42,1,0.36,0,4
1005,21,52240,RENT,5,0,0,1,0,0,0,1,0,0,E,18000,19.69,1,0.34,0,2
1044,23,81000,RENT,7,0,0,1,0,0,0,1,0,0,C,18000,13.98,0,0.22,0,2
1046,23,82000,RENT,7,0,0,1,0,0,0,1,0,0,A,18000,,0,0.22,0,2
1063,23,87550,RENT,7,0,0,1,0,0,0,1,0,0,A,18000,7.51,1,0.17,0,3
1082,25,59256,RENT,,0,0,1,0,0,0,1,0,0,C,17600,12.99,0,0.3,0,2
1091,21,37232,RENT,3,0,0,1,0,0,0,1,0,0,B,17500,12.53,1,0.47,0,2
1094,24,40800,RENT,6,0,0,1,0,0,0,1,0,0,B,17500,10.62,1,0.43,0,4
1098,23,47500,RENT,5,0,0,1,0,0,0,1,0,0,C,17500,13.61,1,0.37,0,4
1099,22,49176,RENT,7,0,0,1,0,0,0,1,0,0,C,17500,13.85,1,0.36,0,2
1122,22,41400,RENT,2,0,0,1,0,0,0,1,0,0,C,17000,12.87,1,0.41,0,3
1124,24,43275,RENT,4,0,0,1,0,0,0,1,0,0,C,17000,13.47,1,0.39,0,3
1137,23,54660,RENT,6,0,0,1,0,0,0,1,0,0,B,17000,9.88,1,0.31,0,4
1148,25,72000,RENT,,0,0,1,0,0,0,1,0,0,A,17000,7.88,0,0.24,0,3
1151,23,78000,RENT,5,0,0,1,0,0,0,1,0,0,B,17000,10.99,0,0.22,0,3
1166,22,50000,RENT,1,0,0,1,0,0,0,1,0,0,B,16800,12.53,1,0.34,0,3
1168,24,55000,RENT,8,0,0,1,0,0,0,1,0,0,B,16800,,1,0.31,0,4
1175,22,58650,RENT,6,0,0,1,0,0,0,1,0,0,D,16800,16.77,1,0.24,0,2
1178,26,97000,RENT,4,0,0,1,0,0,0,1,0,0,A,16800,6.17,0,0.17,0,4
1184,26,45000,RENT,10,0,0,1,0,0,0,1,0,0,C,16750,12.41,1,0.37,0,3
1195,22,40428,RENT,4,0,0,1,0,0,0,1,0,0,B,16500,10.75,1,0.41,0,2
1196,26,47000,RENT,0,0,0,1,0,0,0,1,0,0,A,16500,,1,0.35,0,4
1198,22,48000,RENT,6,0,0,1,0,0,0,1,0,0,A,16500,8.9,1,0.34,0,4
1205,26,83300,RENT,2,0,0,1,0,0,0,1,0,0,D,16500,16.77,1,0.17,0,4
1217,24,35000,RENT,2,0,0,1,0,0,0,1,0,0,B,16000,11.71,1,0.46,0,3
1224,24,39996,RENT,1,0,0,1,0,0,0,1,0,0,B,16000,10.71,1,0.4,0,2
1241,24,44000,RENT,8,0,0,1,0,0,0,1,0,0,A,16000,7.49,1,0.36,0,2
1266,24,51000,RENT,8,0,0,1,0,0,0,1,0,0,C,16000,13.85,1,0.31,0,3
1281,22,52500,RENT,1,0,0,1,0,0,0,1,0,0,B,16000,12.69,1,0.3,0,3
1293,22,57336,RENT,6,0,0,1,0,0,0,1,0,0,D,16000,17.27,1,0.28,0,3
1296,24,58575,RENT,2,0,0,1,0,0,0,1,0,0,F,16000,19.47,1,0.27,0,2
1300,22,65000,RENT,6,0,0,1,0,0,0,1,0,0,A,16000,8.49,0,0.25,0,4
1303,24,59000,RENT,2,0,0,1,0,0,0,1,0,0,E,16000,16.45,1,0.27,0,2
1307,22,59000,RENT,4,0,0,1,0,0,0,1,0,0,E,16000,16.32,1,0.27,0,3
1331,25,23712,RENT,9,0,0,1,0,0,0,1,0,0,B,1000,11.49,0,0.04,0,2
1334,21,24000,RENT,0,0,0,1,0,0,0,1,0,0,B,1000,10.99,1,0.04,0,2
1346,24,28000,RENT,8,0,0,1,0,0,0,1,0,0,B,1000,12.53,0,0.04,0,4
1350,26,29000,RENT,2,0,0,1,0,0,0,1,0,0,A,1000,7.74,0,0.03,0,4
1370,23,34000,RENT,0,0,0,1,0,0,0,1,0,0,A,1000,7.37,0,0.03,0,4
1380,22,36000,RENT,,0,0,1,0,0,0,1,0,0,B,1000,9.88,0,0.03,0,3
1385,25,32000,RENT,2,0,0,1,0,0,0,1,0,0,E,1000,19.03,1,0.03,0,4
1395,24,40000,RENT,1,0,0,1,0,0,0,1,0,0,B,1000,10.99,0,0.03,0,3
1423,23,69000,RENT,0,0,0,1,0,0,0,1,0,0,A,1000,7.29,0,0.01,0,3
1440,24,13000,RENT,1,0,0,1,0,0,0,1,0,0,B,1200,11.89,0,0.09,0,2
1443,24,14400,RENT,0,0,0,1,0,0,0,1,0,0,A,1200,7.29,0,0.08,0,4
1448,25,16800,RENT,4,0,0,1,0,0,0,1,0,0,B,1200,10.38,0,0.07,0,2
1454,23,20400,RENT,2,0,0,1,0,0,0,1,0,0,A,1200,7.9,0,0.06,0,2
1455,22,21600,RENT,0,0,0,1,0,0,0,1,0,0,A,1200,5.99,0,0.06,0,2
1460,22,28000,RENT,0,0,0,1,0,0,0,1,0,0,B,1200,12.69,0,0.04,0,3
1474,22,34560,RENT,2,0,0,1,0,0,0,1,0,0,E,1200,19.29,1,0.03,0,4
1479,23,36000,RENT,0,0,0,1,0,0,0,1,0,0,B,1200,10.37,0,0.03,0,3
1483,25,43000,RENT,9,0,0,1,0,0,0,1,0,0,A,1200,8.49,0,0.03,0,2
1496,25,60000,RENT,0,0,0,1,0,0,0,1,0,0,A,1200,7.66,0,0.02,0,3
1498,22,100000,RENT,3,0,0,1,0,0,0,1,0,0,A,1200,8.59,0,0.01,0,2
1500,26,41000,RENT,1,0,0,1,0,0,0,1,0,0,A,1300,7.9,0,0.03,0,4
1508,24,26000,RENT,2,0,0,1,0,0,0,1,0,0,C,1325,12.87,1,0.05,0,4
1523,25,30000,RENT,4,0,0,1,0,0,0,1,0,0,C,1400,13.11,0,0.05,0,2
1526,26,40000,RENT,1,0,0,1,0,0,0,1,0,0,A,1400,7.74,0,0.04,0,3
1539,21,10000,RENT,,0,0,1,0,0,0,1,0,0,A,1450,7.51,0,0.14,0,4
1540,24,21600,RENT,0,0,0,1,0,0,0,1,0,0,A,1450,,0,0.07,0,3
1542,24,47000,RENT,0,0,0,1,0,0,0,1,0,0,B,1450,10.74,0,0.03,0,4
1544,26,55560,RENT,5,0,0,1,0,0,0,1,0,0,C,1450,14.27,0,0.03,0,3
1548,25,27996,RENT,0,0,0,1,0,0,0,1,0,0,B,1500,11.89,0,0.05,0,3
1555,23,28800,RENT,0,0,0,1,0,0,0,1,0,0,A,1500,7.74,0,0.05,0,3
1571,24,32304,RENT,8,0,0,1,0,0,0,1,0,0,B,1500,9.91,1,0.05,0,3
1578,26,33600,RENT,6,0,0,1,0,0,0,1,0,0,F,1500,19.41,0,0.04,0,4
1582,25,35000,RENT,1,0,0,1,0,0,0,1,0,0,B,1500,10,0,0.04,0,4
1599,25,33996,RENT,8,0,0,1,0,0,0,1,0,0,E,1500,16.82,1,0.04,0,4
1621,25,48000,RENT,2,0,0,1,0,0,0,1,0,0,B,1500,10.36,0,0.03,0,3
1627,25,50500,RENT,0,0,0,1,0,0,0,1,0,0,B,1500,11.89,0,0.03,0,3
1640,26,55400,RENT,1,0,0,1,0,0,0,1,0,0,C,1500,12.84,0,0.03,0,4
1643,22,57160,RENT,2,0,0,1,0,0,0,1,0,0,B,1500,11.36,0,0.03,0,3
1654,23,155004,RENT,4,0,0,1,0,0,0,1,0,0,C,1500,,0,0.01,0,3
1659,24,15120,RENT,4,0,0,1,0,0,0,1,0,0,A,1600,7.51,0,0.11,0,3
1667,23,24960,RENT,3,0,0,1,0,0,0,1,0,0,B,1675,11.11,0,0.07,0,3
1687,26,22000,RENT,2,0,0,1,0,0,0,1,0,0,B,1750,,0,0.08,0,3
1701,22,18000,RENT,1,0,0,1,0,0,0,1,0,0,B,1800,12.18,1,0.1,0,3
1705,24,21000,RENT,2,0,0,1,0,0,0,1,0,0,B,1800,10.65,0,0.09,0,2
1710,24,24000,RENT,0,0,0,1,0,0,0,1,0,0,B,1800,11.26,0,0.07,0,2
1711,23,25000,RENT,2,0,0,1,0,0,0,1,0,0,B,1800,12.69,1,0.07,0,3
1714,25,28000,RENT,0,0,0,1,0,0,0,1,0,0,B,1800,12.53,0,0.06,0,3
1754,21,14000,RENT,0,0,0,1,0,0,0,1,0,0,A,2000,,0,0.14,0,4
1761,26,14400,RENT,,0,0,1,0,0,0,1,0,0,A,2000,6.92,0,0.14,0,4
1764,25,15000,RENT,0,0,0,1,0,0,0,1,0,0,A,2000,7.88,0,0.13,0,4
1765,21,15600,RENT,0,0,0,1,0,0,0,1,0,0,A,2000,7.9,0,0.13,0,2
1775,24,19200,RENT,2,0,0,1,0,0,0,1,0,0,C,2000,13.49,0,0.1,0,4
1777,26,19200,RENT,3,0,0,1,0,0,0,1,0,0,A,2000,6.17,0,0.1,0,4
1779,21,20000,RENT,0,0,0,1,0,0,0,1,0,0,A,2000,,0,0.1,0,3
1793,24,24000,RENT,8,0,0,1,0,0,0,1,0,0,B,2000,,0,0.08,0,3
1795,25,24000,RENT,4,0,0,1,0,0,0,1,0,0,D,2000,16.59,0,0.08,0,2
1822,22,28800,RENT,3,0,0,1,0,0,0,1,0,0,A,2000,8.49,0,0.07,0,2
1824,25,30000,RENT,0,0,0,1,0,0,0,1,0,0,B,2000,12.42,0,0.07,0,2
1841,25,96000,RENT,5,0,0,1,0,0,0,1,0,0,B,15000,11.58,0,0.16,0,4
1846,24,100000,RENT,4,0,0,1,0,0,0,1,0,0,A,15000,7.49,0,0.15,0,2
1865,24,120000,RENT,5,0,0,1,0,0,0,1,0,0,A,15000,,0,0.13,0,3
1866,23,121000,RENT,7,0,0,1,0,0,0,1,0,0,B,15000,,0,0.12,0,2
1886,22,58900,RENT,2,0,0,1,0,0,0,1,0,0,C,14900,13.57,0,0.25,0,3
1889,25,28800,RENT,6,0,0,1,0,0,0,1,0,0,A,14800,7.49,1,0.51,0,3
1893,25,30000,RENT,2,0,0,1,0,0,0,1,0,0,B,2000,10.38,0,0.07,0,2
1896,24,30000,RENT,0,0,0,1,0,0,0,1,0,0,A,2000,8.07,0,0.07,0,4
1910,24,40000,RENT,5,0,0,1,0,0,0,1,0,0,B,2000,,0,0.05,0,4
1919,25,57000,RENT,8,0,0,1,0,0,0,1,0,0,B,2000,11.36,0,0.04,0,2
1926,26,61000,RENT,1,0,0,1,0,0,0,1,0,0,A,2000,7.9,0,0.03,0,3
1931,24,57996,RENT,8,0,0,1,0,0,0,1,0,0,D,2000,15.37,1,0.03,0,4
1933,26,65000,RENT,3,0,0,1,0,0,0,1,0,0,A,2000,7.51,0,0.03,0,2
1942,24,75000,RENT,2,0,0,1,0,0,0,1,0,0,B,2000,9.99,0,0.03,0,2
1957,23,100000,RENT,4,0,0,1,0,0,0,1,0,0,B,2000,10.62,0,0.02,0,2
1966,23,12000,RENT,0,0,0,1,0,0,0,1,0,0,A,2100,8.94,1,0.17,0,2
1969,22,21600,RENT,3,0,0,1,0,0,0,1,0,0,B,2100,9.99,0,0.1,0,4
1975,22,34560,RENT,1,0,0,1,0,0,0,1,0,0,E,2100,17.04,1,0.06,0,3
1989,24,79050,RENT,2,0,0,1,0,0,0,1,0,0,B,2100,9.91,1,0.02,0,4
1993,22,17772,RENT,0,0,0,1,0,0,0,1,0,0,A,2150,,0,0.12,0,4
1997,21,30000,RENT,3,0,0,1,0,0,0,1,0,0,B,14000,10.65,1,0.47,0,2
2001,23,30000,RENT,1,0,0,1,0,0,0,1,0,0,B,14000,11.26,1,0.47,0,3
2006,24,32500,RENT,4,0,0,1,0,0,0,1,0,0,C,14000,14.17,1,0.43,0,2
2013,22,39000,RENT,4,0,0,1,0,0,0,1,0,0,B,14000,10.37,1,0.36,0,3
2016,24,40000,RENT,4,0,0,1,0,0,0,1,0,0,A,14000,6.03,1,0.35,0,2
2030,21,16200,RENT,2,0,0,1,0,0,0,1,0,0,D,2200,16.49,1,0.14,0,2
2031,24,22000,RENT,,0,0,1,0,0,0,1,0,0,A,2200,,0,0.1,0,3
2034,25,27500,RENT,4,0,0,1,0,0,0,1,0,0,B,2200,12.53,0,0.08,0,4
2044,22,55000,RENT,3,0,0,1,0,0,0,1,0,0,A,2200,5.79,0,0.04,0,4
2056,26,30000,RENT,1,0,0,1,0,0,0,1,0,0,B,2300,10.99,0,0.08,0,2
2059,25,62400,RENT,7,0,0,1,0,0,0,1,0,0,B,2300,11.71,0,0.04,0,3
2064,26,14400,RENT,,0,0,1,0,0,0,1,0,0,B,2350,9.91,1,0.16,0,4
2066,24,12000,RENT,4,0,0,1,0,0,0,1,0,0,A,2400,6.92,1,0.2,0,2
2090,25,22800,RENT,1,0,0,1,0,0,0,1,0,0,B,2400,10.36,0,0.11,0,4
2107,25,30720,RENT,4,0,0,1,0,0,0,1,0,0,A,2400,7.9,0,0.08,0,3
2110,22,32000,RENT,0,0,0,1,0,0,0,1,0,0,B,2400,11.99,0,0.07,0,3
2136,25,44000,RENT,5,0,0,1,0,0,0,1,0,0,A,2400,7.66,0,0.05,0,4
2139,22,45000,RENT,3,0,0,1,0,0,0,1,0,0,B,2400,12.18,0,0.05,0,4
2143,23,48000,RENT,1,0,0,1,0,0,0,1,0,0,A,2400,8.49,0,0.05,0,4
2152,23,56000,RENT,2,0,0,1,0,0,0,1,0,0,A,2400,8.9,0,0.04,0,3
2172,21,12000,RENT,,0,0,1,0,0,0,1,0,0,B,2500,11.99,1,0.21,0,4
2193,26,71000,RENT,5,0,0,1,0,0,0,1,0,0,B,13500,12.69,0,0.19,0,3
2201,23,29000,RENT,4,0,0,1,0,0,0,1,0,0,D,13450,12.61,1,0.46,0,3
2202,24,35000,RENT,8,0,0,1,0,0,0,1,0,0,B,13400,,1,0.38,0,3
2253,26,34000,RENT,2,0,0,1,0,0,0,1,0,0,B,13000,9.63,1,0.38,0,2
2254,25,35000,RENT,5,0,0,1,0,0,0,1,0,0,C,13000,13.22,1,0.37,0,2
2280,23,44100,RENT,8,0,0,1,0,0,0,1,0,0,A,13000,8.9,0,0.29,0,4
2287,22,48000,RENT,1,0,0,1,0,0,0,1,0,0,B,13000,9.99,0,0.27,0,2
2295,22,21996,RENT,0,0,0,1,0,0,0,1,0,0,B,2500,11.89,0,0.11,0,2
2304,24,24000,RENT,1,0,0,1,0,0,0,1,0,0,B,2500,10.74,0,0.1,0,3
2311,22,24996,RENT,0,0,0,1,0,0,0,1,0,0,B,2500,10.99,1,0.1,0,3
2330,23,30000,RENT,7,0,0,1,0,0,0,1,0,0,B,2500,9.88,0,0.08,0,2
2343,26,35000,RENT,2,0,0,1,0,0,0,1,0,0,A,2500,8.9,0,0.07,0,3
2345,24,29000,RENT,2,0,0,1,0,0,0,1,0,0,D,2500,,1,0.09,0,4
2358,25,40000,RENT,3,0,0,1,0,0,0,1,0,0,B,2500,9.99,0,0.06,0,3
2362,22,35500,RENT,6,0,0,1,0,0,0,1,0,0,D,2500,15.62,1,0.07,0,2
2364,21,42000,RENT,5,0,0,1,0,0,0,1,0,0,B,2500,9.99,0,0.06,0,2
2369,25,36228,RENT,4,0,0,1,0,0,0,1,0,0,A,2500,7.66,1,0.07,0,2
2374,25,45000,RENT,5,0,0,1,0,0,0,1,0,0,B,2500,12.69,0,0.06,0,4
2408,26,64000,RENT,3,0,0,1,0,0,0,1,0,0,B,2500,10.99,0,0.04,0,3
2409,25,65004,RENT,10,0,0,1,0,0,0,1,0,0,B,2500,10.08,0,0.04,0,2
2432,21,15600,RENT,0,0,0,1,0,0,0,1,0,0,A,2800,7.4,1,0.18,0,4
2437,22,23000,RENT,1,0,0,1,0,0,0,1,0,0,F,2800,21.74,1,0.12,0,4
2439,23,24000,RENT,2,0,0,1,0,0,0,1,0,0,B,2800,11.49,1,0.12,0,4
2445,22,27000,RENT,3,0,0,1,0,0,0,1,0,0,A,2800,7.51,1,0.1,0,3
2454,24,45000,RENT,3,0,0,1,0,0,0,1,0,0,D,2850,11.86,0,0.06,0,2
2463,26,31200,RENT,0,0,0,1,0,0,0,1,0,0,B,2900,9.91,0,0.09,0,2
2497,21,17916,RENT,1,0,0,1,0,0,0,1,0,0,A,3000,6,1,0.17,0,3
2511,21,18008,RENT,1,0,0,1,0,0,0,1,0,0,B,3000,9.7,1,0.17,0,2
2534,22,22800,RENT,3,0,0,1,0,0,0,1,0,0,A,3000,6.62,0,0.13,0,3
2535,22,23000,RENT,4,0,0,1,0,0,0,1,0,0,A,3000,5.79,0,0.13,0,2
2539,22,30000,RENT,6,0,0,1,0,0,0,1,0,0,B,3000,,0,0.1,0,4
2545,23,30000,RENT,0,0,0,1,0,0,0,1,0,0,A,3000,5.79,0,0.1,0,3
2552,24,30000,RENT,8,0,0,1,0,0,0,1,0,0,B,3000,11.86,0,0.1,0,4
2554,25,30000,RENT,4,0,0,1,0,0,0,1,0,0,B,3000,,0,0.1,0,4
2561,24,30960,RENT,5,0,0,1,0,0,0,1,0,0,D,3000,15.62,0,0.1,0,4
2578,26,33000,RENT,7,0,0,1,0,0,0,1,0,0,A,3000,5.99,0,0.09,0,4
2585,25,29000,RENT,9,0,0,1,0,0,0,1,0,0,A,3000,6.62,1,0.1,0,2
2592,23,36000,RENT,0,0,0,1,0,0,0,1,0,0,A,3000,7.29,0,0.08,0,3
2597,25,37000,RENT,2,0,0,1,0,0,0,1,0,0,B,3000,11.71,0,0.08,0,2
2610,26,33000,RENT,2,0,0,1,0,0,0,1,0,0,B,3000,11.49,1,0.09,0,3
2619,25,40000,RENT,2,0,0,1,0,0,0,1,0,0,B,3000,10.25,0,0.07,0,2
2620,24,40000,RENT,1,0,0,1,0,0,0,1,0,0,C,3000,14.22,0,0.07,0,4
2630,23,43949,RENT,7,0,0,1,0,0,0,1,0,0,B,3000,11.49,0,0.07,0,3
2631,23,44000,RENT,2,0,0,1,0,0,0,1,0,0,B,3000,9.25,0,0.07,0,3
2637,25,45000,RENT,4,0,0,1,0,0,0,1,0,0,A,3000,7.9,0,0.07,0,4
2639,24,45000,RENT,8,0,0,1,0,0,0,1,0,0,A,3000,7.49,0,0.07,0,4
2646,21,39327,RENT,5,0,0,1,0,0,0,1,0,0,D,3000,13.67,1,0.08,0,2
2653,25,46250,RENT,2,0,0,1,0,0,0,1,0,0,A,3000,,0,0.06,0,3
2666,26,48000,RENT,4,0,0,1,0,0,0,1,0,0,B,3000,10.14,0,0.06,0,3
2690,25,48600,RENT,0,0,0,1,0,0,0,1,0,0,A,12000,,0,0.25,0,4
2714,23,44000,RENT,2,0,0,1,0,0,0,1,0,0,D,12000,,1,0.27,0,4
2728,22,45449,RENT,6,0,0,1,0,0,0,1,0,0,B,12000,,1,0.26,0,4
2729,25,51996,RENT,8,0,0,1,0,0,0,1,0,0,B,12000,12.21,0,0.23,0,4
2784,26,57000,RENT,0,0,0,1,0,0,0,1,0,0,B,12000,10.99,0,0.21,0,4
2792,25,51780,RENT,8,0,0,1,0,0,0,1,0,0,C,12000,13.47,1,0.23,0,3
2798,24,52260,RENT,6,0,0,1,0,0,0,1,0,0,B,12000,9.99,1,0.23,0,4
2803,24,52000,RENT,3,0,0,1,0,0,0,1,0,0,A,3000,,0,0.06,0,2
2804,23,52800,RENT,6,0,0,1,0,0,0,1,0,0,B,3000,10.99,0,0.06,0,4
2810,22,54000,RENT,2,0,0,1,0,0,0,1,0,0,A,3000,,0,0.06,0,4
2822,25,55000,RENT,0,0,0,1,0,0,0,1,0,0,A,3000,6.39,0,0.05,0,4
2823,22,55500,RENT,6,0,0,1,0,0,0,1,0,0,B,3000,10.59,0,0.05,0,3
2826,24,50000,RENT,3,0,0,1,0,0,0,1,0,0,C,3000,,1,0.06,0,2
2833,24,57000,RENT,1,0,0,1,0,0,0,1,0,0,A,3000,7.88,0,0.05,0,3
2838,23,59300,RENT,1,0,0,1,0,0,0,1,0,0,A,3000,9.63,0,0.05,0,3
2847,23,60000,RENT,1,0,0,1,0,0,0,1,0,0,B,3000,10.25,0,0.05,0,4
2863,26,64000,RENT,2,0,0,1,0,0,0,1,0,0,A,3000,,0,0.05,0,4
2877,23,67000,RENT,7,0,0,1,0,0,0,1,0,0,B,3000,10.99,0,0.04,0,2
2884,26,54400,RENT,2,0,0,1,0,0,0,1,0,0,E,3000,19.42,1,0.05,0,2
2890,22,71000,RENT,5,0,0,1,0,0,0,1,0,0,C,3000,14.65,0,0.04,0,4
2891,26,71000,RENT,9,0,0,1,0,0,0,1,0,0,B,3000,,0,0.04,0,4
2893,23,72000,RENT,8,0,0,1,0,0,0,1,0,0,B,3000,11.99,0,0.04,0,2
2922,26,90000,RENT,5,0,0,1,0,0,0,1,0,0,B,3000,,0,0.03,0,4
2939,26,125000,RENT,10,0,0,1,0,0,0,1,0,0,B,3000,12.21,0,0.02,0,4
2948,23,24000,RENT,0,0,0,1,0,0,0,1,0,0,A,3050,7.49,0,0.13,0,4
2953,26,44000,RENT,0,0,0,1,0,0,0,1,0,0,B,3075,10.99,0,0.07,0,3
2955,25,20000,RENT,0,0,0,1,0,0,0,1,0,0,B,3100,11.71,0,0.15,0,4
2969,26,15000,RENT,8,0,0,1,0,0,0,1,0,0,B,3200,12.21,1,0.21,0,2
2981,23,22000,RENT,2,0,0,1,0,0,0,1,0,0,B,3200,12.69,0,0.15,0,4
2990,25,30000,RENT,0,0,0,1,0,0,0,1,0,0,C,3200,13.99,0,0.11,0,2
2992,21,30000,RENT,3,0,0,1,0,0,0,1,0,0,B,3200,11.14,0,0.11,0,3
2993,25,30000,RENT,2,0,0,1,0,0,0,1,0,0,A,3200,8,0,0.11,0,4
2999,25,33000,RENT,9,0,0,1,0,0,0,1,0,0,A,3200,5.42,0,0.1,0,4
3011,24,44000,RENT,1,0,0,1,0,0,0,1,0,0,A,3200,8,0,0.07,0,2
3029,22,60000,RENT,6,0,0,1,0,0,0,1,0,0,B,3200,11.71,0,0.05,0,2
3036,24,59000,RENT,8,0,0,1,0,0,0,1,0,0,C,3200,13.8,1,0.05,0,3
3076,26,33600,RENT,4,0,0,1,0,0,0,1,0,0,D,3300,15.65,0,0.1,0,4
3088,25,11000,RENT,3,0,0,1,0,0,0,1,0,0,B,3400,,1,0.31,0,2
3089,23,24290,RENT,0,0,0,1,0,0,0,1,0,0,A,3400,7.51,0,0.14,0,4
3102,24,114750,RENT,1,0,0,1,0,0,0,1,0,0,B,3400,12.21,1,0.03,0,4
3109,22,12996,RENT,2,0,0,1,0,0,0,1,0,0,A,3500,8.59,1,0.27,0,4
3117,24,19000,RENT,4,0,0,1,0,0,0,1,0,0,A,3500,7.88,1,0.18,0,2
3125,22,21600,RENT,2,0,0,1,0,0,0,1,0,0,D,3500,,1,0.16,0,2
3144,24,30000,RENT,0,0,0,1,0,0,0,1,0,0,A,3500,5.99,0,0.12,0,2
3146,22,30000,RENT,3,0,0,1,0,0,0,1,0,0,C,3500,13.92,0,0.12,0,4
3150,25,31200,RENT,7,0,0,1,0,0,0,1,0,0,A,3500,6.92,0,0.11,0,3
3152,21,33000,RENT,0,0,0,1,0,0,0,1,0,0,B,3500,11.71,0,0.11,0,4
3157,26,34200,RENT,1,0,0,1,0,0,0,1,0,0,C,3500,12.84,0,0.1,0,4
3159,21,35000,RENT,0,0,0,1,0,0,0,1,0,0,B,3500,9.62,0,0.1,0,2
3168,23,30000,RENT,,0,0,1,0,0,0,1,0,0,B,3500,11.49,1,0.12,0,2
3172,22,39000,RENT,6,0,0,1,0,0,0,1,0,0,B,3500,9.91,0,0.09,0,4
3196,22,45000,RENT,0,0,0,1,0,0,0,1,0,0,B,3500,12.53,0,0.08,0,3
3198,25,47000,RENT,6,0,0,1,0,0,0,1,0,0,B,3500,9.99,0,0.07,0,3
3221,22,55000,RENT,7,0,0,1,0,0,0,1,0,0,B,3500,9.99,0,0.06,0,3
3226,24,59000,RENT,5,0,0,1,0,0,0,1,0,0,A,3500,8.9,0,0.06,0,3
3238,25,59000,RENT,3,0,0,1,0,0,0,1,0,0,D,3500,15.65,1,0.06,0,2
3258,23,94000,RENT,7,0,0,1,0,0,0,1,0,0,B,3500,11.49,0,0.04,0,3
3261,23,26000,RENT,2,0,0,1,0,0,0,1,0,0,A,3525,6.62,0,0.14,0,4
3264,26,45000,RENT,6,0,0,1,0,0,0,1,0,0,A,3575,,0,0.08,0,2
3275,22,18000,RENT,0,0,0,1,0,0,0,1,0,0,B,3600,,1,0.2,0,3
3278,24,20000,RENT,3,0,0,1,0,0,0,1,0,0,B,3600,11.71,0,0.18,0,4
3283,26,24000,RENT,0,0,0,1,0,0,0,1,0,0,D,3600,14.96,1,0.15,0,4
3285,21,24996,RENT,1,0,0,1,0,0,0,1,0,0,D,3600,14.09,1,0.14,0,3
3287,26,30000,RENT,3,0,0,1,0,0,0,1,0,0,D,3600,15.99,1,0.12,0,4
3307,24,32000,RENT,9,0,0,1,0,0,0,1,0,0,A,3600,7.49,0,0.11,0,3
3309,25,33000,RENT,4,0,0,1,0,0,0,1,0,0,B,3600,10,1,0.11,0,3
3331,24,40000,RENT,1,0,0,1,0,0,0,1,0,0,C,3600,13.49,0,0.09,0,3
3333,21,40000,RENT,5,0,0,1,0,0,0,1,0,0,A,3600,5.42,0,0.09,0,4
3352,23,39500,RENT,7,0,0,1,0,0,0,1,0,0,A,11000,,0,0.28,0,2
3368,25,44975,RENT,2,0,0,1,0,0,0,1,0,0,A,11000,6.99,0,0.24,0,4
3373,22,45000,RENT,6,0,0,1,0,0,0,1,0,0,B,11000,9.88,0,0.24,0,2
3381,25,48000,RENT,8,0,0,1,0,0,0,1,0,0,A,11000,7.51,0,0.23,0,4
3386,22,50000,RENT,1,0,0,1,0,0,0,1,0,0,A,11000,,0,0.22,0,2
3399,23,54996,RENT,2,0,0,1,0,0,0,1,0,0,C,11000,,0,0.2,0,2
3417,24,85000,RENT,1,0,0,1,0,0,0,1,0,0,A,11000,6.91,0,0.13,0,2
3418,21,87000,RENT,5,0,0,1,0,0,0,1,0,0,B,11000,11.58,0,0.13,0,2
3442,26,45000,RENT,0,0,0,1,0,0,0,1,0,0,A,10800,6.17,0,0.24,0,3
3455,23,55000,RENT,2,0,0,1,0,0,0,1,0,0,B,10800,8.88,0,0.2,0,2
3463,23,72000,RENT,3,0,0,1,0,0,0,1,0,0,A,10800,7.88,0,0.15,0,2
3465,23,58650,RENT,7,0,0,1,0,0,0,1,0,0,D,10800,16.29,1,0.16,0,3
3467,22,75000,RENT,0,0,0,1,0,0,0,1,0,0,B,10800,9.62,0,0.14,0,3
3490,25,24000,RENT,2,0,0,1,0,0,0,1,0,0,A,10625,6.03,1,0.44,0,2
3500,22,31200,RENT,0,0,0,1,0,0,0,1,0,0,C,10600,12.99,1,0.34,0,2
3510,25,30600,RENT,,0,0,1,0,0,0,1,0,0,C,10500,13.35,1,0.34,0,3
3515,24,37000,RENT,8,0,0,1,0,0,0,1,0,0,D,10500,,0,0.28,0,2
3525,23,43500,RENT,0,0,0,1,0,0,0,1,0,0,C,10450,13.57,0,0.24,0,2
3531,22,32400,RENT,2,0,0,1,0,0,0,1,0,0,D,10400,14.84,1,0.32,0,2
3544,25,59000,RENT,9,0,0,1,0,0,0,1,0,0,D,10400,16.29,1,0.18,0,4
3563,24,45000,RENT,0,0,0,1,0,0,0,1,0,0,A,3600,6.91,0,0.08,0,4
3575,23,54000,RENT,0,0,0,1,0,0,0,1,0,0,B,3600,12.42,0,0.07,0,3
3592,23,65000,RENT,7,0,0,1,0,0,0,1,0,0,B,3600,10.59,0,0.06,0,3
3595,25,51850,RENT,2,0,0,1,0,0,0,1,0,0,C,3600,13.99,1,0.06,0,2
3608,25,19800,RENT,9,0,0,1,0,0,0,1,0,0,D,3625,16.29,1,0.18,0,2
3619,24,48000,RENT,,0,0,1,0,0,0,1,0,0,A,3700,6.99,0,0.08,0,4
3642,23,55000,RENT,1,0,0,1,0,0,0,1,0,0,A,3800,6.76,0,0.07,0,4
3646,24,14400,RENT,,0,0,1,0,0,0,1,0,0,D,3825,,1,0.27,0,2
3659,22,26000,RENT,2,0,0,1,0,0,0,1,0,0,A,3900,7.51,0,0.15,0,3
3687,24,15600,RENT,3,0,0,1,0,0,0,1,0,0,E,4000,16.32,1,0.26,0,2
3694,22,18000,RENT,6,0,0,1,0,0,0,1,0,0,B,4000,11.49,1,0.22,0,4
3721,26,21000,RENT,0,0,0,1,0,0,0,1,0,0,B,4000,11.36,0,0.19,0,2
3724,24,22000,RENT,3,0,0,1,0,0,0,1,0,0,C,4000,13.92,0,0.18,0,3
3725,25,23400,RENT,3,0,0,1,0,0,0,1,0,0,B,4000,12.42,0,0.17,0,3
3726,25,23920,RENT,0,0,0,1,0,0,0,1,0,0,C,4000,14.35,0,0.17,0,2
3734,23,24000,RENT,4,0,0,1,0,0,0,1,0,0,C,4000,11.66,0,0.17,0,4
3744,22,25200,RENT,1,0,0,1,0,0,0,1,0,0,B,4000,,0,0.16,0,2
3756,24,26400,RENT,4,0,0,1,0,0,0,1,0,0,C,4000,13.72,0,0.15,0,2
3758,24,27000,RENT,8,0,0,1,0,0,0,1,0,0,B,4000,10.75,0,0.15,0,4
3763,22,27600,RENT,3,0,0,1,0,0,0,1,0,0,A,4000,5.42,0,0.14,0,4
3765,25,27993,RENT,2,0,0,1,0,0,0,1,0,0,C,4000,12.99,0,0.14,0,2
3769,24,28000,RENT,8,0,0,1,0,0,0,1,0,0,A,4000,,0,0.14,0,2
3771,25,28008,RENT,5,0,0,1,0,0,0,1,0,0,B,4000,10,0,0.14,0,2
3797,23,30000,RENT,0,0,0,1,0,0,0,1,0,0,B,4000,10.36,0,0.13,0,4
3822,25,32000,RENT,1,0,0,1,0,0,0,1,0,0,B,4000,11.49,0,0.13,0,4
3825,26,32400,RENT,9,0,0,1,0,0,0,1,0,0,C,4000,14.27,0,0.12,0,2
3826,25,32400,RENT,6,0,0,1,0,0,0,1,0,0,B,4000,10.08,0,0.12,0,2
3833,23,32993,RENT,6,0,0,1,0,0,0,1,0,0,B,4000,11.71,1,0.12,0,4
3844,23,34000,RENT,4,0,0,1,0,0,0,1,0,0,B,4000,12.69,0,0.12,0,2
3860,24,29000,RENT,1,0,0,1,0,0,0,1,0,0,B,4000,9.96,1,0.14,0,3
3862,25,35500,RENT,5,0,0,1,0,0,0,1,0,0,B,4000,10.99,0,0.11,0,3
3865,22,36000,RENT,0,0,0,1,0,0,0,1,0,0,A,4000,5.42,0,0.11,0,3
3877,23,38000,RENT,3,0,0,1,0,0,0,1,0,0,C,4000,14.26,0,0.11,0,4
3888,25,39000,RENT,4,0,0,1,0,0,0,1,0,0,A,4000,7.88,0,0.1,0,4
3910,23,41004,RENT,1,0,0,1,0,0,0,1,0,0,A,4000,7.68,0,0.1,0,4
3911,24,41160,RENT,2,0,0,1,0,0,0,1,0,0,A,4000,,0,0.1,0,4
3917,23,36000,RENT,7,0,0,1,0,0,0,1,0,0,B,4000,10.99,1,0.11,0,4
3924,22,42000,RENT,3,0,0,1,0,0,0,1,0,0,B,4000,8.88,0,0.1,0,4
3930,25,42500,RENT,0,0,0,1,0,0,0,1,0,0,C,4000,12.99,0,0.09,0,3
3936,25,43000,RENT,9,0,0,1,0,0,0,1,0,0,C,4000,12.99,0,0.09,0,4
3938,25,45600,RENT,2,0,0,1,0,0,0,1,0,0,A,4000,6.54,0,0.09,0,3
3966,23,50000,RENT,1,0,0,1,0,0,0,1,0,0,A,4000,5.42,0,0.08,0,2
3970,25,50000,RENT,6,0,0,1,0,0,0,1,0,0,A,4000,6.92,0,0.08,0,4
3975,22,50000,RENT,7,0,0,1,0,0,0,1,0,0,A,4000,7.4,0,0.08,0,2
3992,24,52000,RENT,3,0,0,1,0,0,0,1,0,0,B,4000,9.88,0,0.08,0,2
4001,23,55000,RENT,8,0,0,1,0,0,0,1,0,0,B,4000,10.99,0,0.07,0,2
4005,23,55000,RENT,4,0,0,1,0,0,0,1,0,0,B,4000,12.53,0,0.07,0,2
4019,23,58320,RENT,4,0,0,1,0,0,0,1,0,0,B,4000,10.37,0,0.07,0,2
4026,26,54000,RENT,0,0,0,1,0,0,0,1,0,0,C,4000,13.47,1,0.07,0,2
4043,24,65000,RENT,1,0,0,1,0,0,0,1,0,0,A,4000,5.42,0,0.06,0,2
4083,24,93000,RENT,8,0,0,1,0,0,0,1,0,0,A,4000,5.42,0,0.04,0,2
4108,23,23520,RENT,8,0,0,1,0,0,0,1,0,0,A,4200,,0,0.18,0,3
4111,22,28080,RENT,,0,0,1,0,0,0,1,0,0,B,4200,9.91,1,0.15,0,4
4116,25,30000,RENT,3,0,0,1,0,0,0,1,0,0,D,4200,15.99,0,0.14,0,3
4119,22,22000,RENT,6,0,0,1,0,0,0,1,0,0,C,4350,11.54,0,0.2,0,3
4132,26,24480,RENT,0,0,0,1,0,0,0,1,0,0,A,4375,5.79,0,0.18,0,4
4145,23,43000,RENT,7,0,0,1,0,0,0,1,0,0,B,4400,11.99,1,0.1,0,4
4181,21,20004,RENT,4,0,0,1,0,0,0,1,0,0,A,4500,8,0,0.22,0,2
4191,26,24000,RENT,10,0,0,1,0,0,0,1,0,0,B,4500,12.42,0,0.19,0,4
4197,23,25596,RENT,2,0,0,1,0,0,0,1,0,0,B,4500,9.99,0,0.18,0,4
4198,23,26000,RENT,3,0,0,1,0,0,0,1,0,0,A,4500,8.49,1,0.17,0,2
4200,24,32000,RENT,,0,0,1,0,0,0,1,0,0,A,4500,7.29,0,0.14,0,4
4221,22,32000,RENT,5,0,0,1,0,0,0,1,0,0,A,4500,9.63,1,0.14,0,2
4222,24,38000,RENT,8,0,0,1,0,0,0,1,0,0,B,4500,10.83,0,0.12,0,2
4228,26,40000,RENT,0,0,0,1,0,0,0,1,0,0,A,4500,7.74,0,0.11,0,2
4230,24,40000,RENT,8,0,0,1,0,0,0,1,0,0,C,4500,12.84,0,0.11,0,3
4242,25,43500,RENT,0,0,0,1,0,0,0,1,0,0,A,4500,6.76,0,0.1,0,2
4244,26,44004,RENT,2,0,0,1,0,0,0,1,0,0,A,4500,7.74,0,0.1,0,3
4259,26,54396,RENT,10,0,0,1,0,0,0,1,0,0,C,4500,,0,0.08,0,3
4267,26,58947,RENT,10,0,0,1,0,0,0,1,0,0,A,4500,6.03,0,0.08,0,2
4292,23,27864,RENT,0,0,0,1,0,0,0,1,0,0,A,4600,6.03,0,0.17,0,3
4312,24,73000,RENT,2,0,0,1,0,0,0,1,0,0,B,4600,9.99,0,0.06,0,2
4315,24,22392,RENT,,0,0,1,0,0,0,1,0,0,B,4650,9.99,0,0.21,0,4
4319,22,48000,RENT,2,0,0,1,0,0,0,1,0,0,B,4650,10.99,0,0.1,0,4
4326,26,19800,RENT,0,0,0,1,0,0,0,1,0,0,C,4725,11.22,1,0.24,0,3
4327,26,27600,RENT,0,0,0,1,0,0,0,1,0,0,A,4725,6.54,0,0.17,0,2
4343,25,24000,RENT,9,0,0,1,0,0,0,1,0,0,B,4750,10.38,0,0.2,0,4
4351,22,13440,RENT,1,0,0,1,0,0,0,1,0,0,B,4800,12.53,1,0.36,0,4
4357,24,20000,RENT,5,0,0,1,0,0,0,1,0,0,B,4800,11.14,0,0.24,0,4
4363,22,21000,RENT,5,0,0,1,0,0,0,1,0,0,B,4800,10.75,0,0.23,0,3
4365,22,21600,RENT,0,0,0,1,0,0,0,1,0,0,C,4800,13.49,0,0.22,0,3
4366,21,22000,RENT,1,0,0,1,0,0,0,1,0,0,A,4800,7.88,0,0.22,0,2
4374,22,24500,RENT,3,0,0,1,0,0,0,1,0,0,B,4800,10.65,0,0.2,0,2
4376,22,26004,RENT,5,0,0,1,0,0,0,1,0,0,B,4800,10.99,0,0.18,0,4
4383,26,27880,RENT,1,0,0,1,0,0,0,1,0,0,B,4800,9.25,0,0.17,0,4
4398,24,32000,RENT,6,0,0,1,0,0,0,1,0,0,B,4800,10.59,0,0.15,0,2
4406,22,33000,RENT,3,0,0,1,0,0,0,1,0,0,A,4800,7.49,0,0.15,0,4
4414,24,33600,RENT,0,0,0,1,0,0,0,1,0,0,B,4800,11.86,0,0.14,0,2
4419,25,35000,RENT,1,0,0,1,0,0,0,1,0,0,C,4800,10.28,0,0.14,0,2
4430,25,38000,RENT,9,0,0,1,0,0,0,1,0,0,B,4800,11.71,0,0.13,0,4
4445,26,45000,RENT,1,0,0,1,0,0,0,1,0,0,A,4800,5.42,0,0.11,0,2
4469,23,48000,RENT,3,0,0,1,0,0,0,1,0,0,A,4800,5.42,0,0.1,0,3
4473,25,48000,RENT,9,0,0,1,0,0,0,1,0,0,B,4800,,0,0.1,0,3
4477,23,48756,RENT,5,0,0,1,0,0,0,1,0,0,B,4800,11.36,0,0.1,0,4
4488,22,50000,RENT,7,0,0,1,0,0,0,1,0,0,C,4800,12.68,0,0.1,0,3
4497,25,55200,RENT,2,0,0,1,0,0,0,1,0,0,A,4800,7.9,0,0.09,0,3
4501,26,52000,RENT,6,0,0,1,0,0,0,1,0,0,E,4800,17.99,1,0.09,0,4
4518,23,69000,RENT,7,0,0,1,0,0,0,1,0,0,B,4800,10.75,0,0.07,0,2
4532,23,92000,RENT,5,0,0,1,0,0,0,1,0,0,B,4800,10,0,0.05,0,3
4540,22,115000,RENT,4,0,0,1,0,0,0,1,0,0,A,4800,7.88,0,0.04,0,2
4581,26,102000,RENT,5,0,0,1,0,0,0,1,0,0,A,10000,8.59,0,0.1,0,2
4584,23,107500,RENT,7,0,0,1,0,0,0,1,0,0,A,10000,7.66,0,0.09,0,2
4599,25,115000,RENT,6,0,0,1,0,0,0,1,0,0,A,10000,7.29,0,0.09,0,4
4602,25,115000,RENT,3,0,0,1,0,0,0,1,0,0,B,10000,10.37,0,0.09,0,2
4612,24,120000,RENT,3,0,0,1,0,0,0,1,0,0,A,10000,7.88,0,0.08,0,2
4614,23,91800,RENT,7,0,0,1,0,0,0,1,0,0,B,10000,,1,0.09,0,4
4618,26,122500,RENT,1,0,0,1,0,0,0,1,0,0,B,10000,10.65,0,0.08,0,3
4672,23,44000,RENT,7,0,0,1,0,0,0,1,0,0,C,9800,13.11,1,0.22,0,2
4679,24,82500,RENT,8,0,0,1,0,0,0,1,0,0,A,9800,7.51,0,0.12,0,4
4684,26,107000,RENT,2,0,0,1,0,0,0,1,0,0,A,9800,8.9,0,0.09,0,3
4688,25,32400,RENT,2,0,0,1,0,0,0,1,0,0,B,4900,11.49,1,0.15,0,2
4696,24,51630,RENT,0,0,0,1,0,0,0,1,0,0,B,4900,9.99,0,0.09,0,3
4711,22,95000,RENT,0,0,0,1,0,0,0,1,0,0,A,4975,6.17,0,0.05,0,3
4719,23,28000,RENT,0,0,0,1,0,0,0,1,0,0,C,5000,11.78,0,0.18,0,4
4720,24,28000,RENT,0,0,0,1,0,0,0,1,0,0,A,5000,7.68,0,0.18,0,3
4741,26,30000,RENT,11,0,0,1,0,0,0,1,0,0,B,5000,,0,0.17,0,2
4763,22,31000,RENT,2,0,0,1,0,0,0,1,0,0,B,5000,10.62,0,0.16,0,4
4778,24,32000,RENT,1,0,0,1,0,0,0,1,0,0,A,5000,,0,0.16,0,3
4784,23,32400,RENT,0,0,0,1,0,0,0,1,0,0,B,5000,,0,0.15,0,2
4789,26,33000,RENT,2,0,0,1,0,0,0,1,0,0,B,5000,12.69,0,0.15,0,4
4794,24,33000,RENT,8,0,0,1,0,0,0,1,0,0,C,5000,,0,0.15,0,3
4815,24,35000,RENT,4,0,0,1,0,0,0,1,0,0,B,5000,11.71,0,0.14,0,3
4816,25,35000,RENT,0,0,0,1,0,0,0,1,0,0,B,5000,11.71,0,0.14,0,2
4817,21,35000,RENT,5,0,0,1,0,0,0,1,0,0,B,5000,10.65,0,0.14,0,3
4818,22,35000,RENT,2,0,0,1,0,0,0,1,0,0,B,5000,11.71,0,0.14,0,2
4823,22,35000,RENT,6,0,0,1,0,0,0,1,0,0,B,5000,,0,0.14,0,4
4824,23,35000,RENT,3,0,0,1,0,0,0,1,0,0,B,5000,,0,0.14,0,2
4825,25,35000,RENT,3,0,0,1,0,0,0,1,0,0,B,5000,10.36,0,0.14,0,3
4843,22,30000,RENT,3,0,0,1,0,0,0,1,0,0,D,5000,18.25,1,0.17,0,2
4853,22,30000,RENT,6,0,0,1,0,0,0,1,0,0,E,5000,17.43,1,0.17,0,2
4858,22,36000,RENT,,0,0,1,0,0,0,1,0,0,C,5000,13.48,0,0.14,0,3
4859,23,36000,RENT,1,0,0,1,0,0,0,1,0,0,C,5000,13.22,0,0.14,0,4
4865,26,36400,RENT,3,0,0,1,0,0,0,1,0,0,A,5000,8.9,0,0.14,0,4
4870,22,36996,RENT,0,0,0,1,0,0,0,1,0,0,A,5000,5.42,0,0.14,0,2
4880,24,38000,RENT,8,0,0,1,0,0,0,1,0,0,C,5000,13.99,0,0.13,0,4
4885,23,38000,RENT,0,0,0,1,0,0,0,1,0,0,B,5000,11.58,0,0.13,0,3
4895,24,38400,RENT,3,0,0,1,0,0,0,1,0,0,B,5000,10.99,0,0.13,0,2
4898,22,39000,RENT,4,0,0,1,0,0,0,1,0,0,A,5000,6.99,0,0.13,0,2
4899,25,39000,RENT,9,0,0,1,0,0,0,1,0,0,A,5000,7.49,0,0.13,0,4
4900,24,33000,RENT,1,0,0,1,0,0,0,1,0,0,F,5000,21.36,1,0.15,0,2
4906,26,39516,RENT,0,0,0,1,0,0,0,1,0,0,A,5000,7.74,0,0.13,0,3
4907,24,39862,RENT,8,0,0,1,0,0,0,1,0,0,C,5000,14.22,0,0.13,0,4
4908,25,39996,RENT,3,0,0,1,0,0,0,1,0,0,A,5000,6.92,0,0.13,0,3
4926,24,40000,RENT,6,0,0,1,0,0,0,1,0,0,A,5000,6.17,0,0.13,0,3
4931,23,40000,RENT,2,0,0,1,0,0,0,1,0,0,C,5000,,0,0.13,0,3
4941,22,40000,RENT,6,0,0,1,0,0,0,1,0,0,A,5000,7.43,0,0.13,0,4
4943,22,34500,RENT,2,0,0,1,0,0,0,1,0,0,D,5000,16.89,1,0.14,0,3
4949,25,41000,RENT,9,0,0,1,0,0,0,1,0,0,B,5000,11.71,0,0.12,0,2
4966,24,42000,RENT,8,0,0,1,0,0,0,1,0,0,A,5000,5.42,0,0.12,0,2
4969,22,36000,RENT,5,0,0,1,0,0,0,1,0,0,D,5000,16.32,1,0.14,0,4
4972,25,42000,RENT,3,0,0,1,0,0,0,1,0,0,A,5000,7.51,0,0.12,0,3
4974,22,42000,RENT,2,0,0,1,0,0,0,1,0,0,C,5000,12.87,0,0.12,0,4
4988,24,42996,RENT,5,0,0,1,0,0,0,1,0,0,A,5000,7.14,0,0.12,0,4
4992,24,37000,RENT,3,0,0,1,0,0,0,1,0,0,E,5000,16.45,1,0.14,0,3
4998,26,43680,RENT,5,0,0,1,0,0,0,1,0,0,B,5000,10.65,0,0.11,0,4
4999,22,37900,RENT,2,0,0,1,0,0,0,1,0,0,B,5000,12.18,1,0.13,0,2
5001,26,44000,RENT,4,0,0,1,0,0,0,1,0,0,A,5000,8.9,0,0.11,0,3
5003,24,38500,RENT,0,0,0,1,0,0,0,1,0,0,D,5000,14.84,1,0.13,0,2
5008,22,45000,RENT,3,0,0,1,0,0,0,1,0,0,B,5000,9.91,0,0.11,0,3
5010,25,45000,RENT,2,0,0,1,0,0,0,1,0,0,C,5000,,0,0.11,0,4
5020,24,45000,RENT,0,0,0,1,0,0,0,1,0,0,A,5000,7.88,0,0.11,0,3
5039,25,46800,RENT,9,0,0,1,0,0,0,1,0,0,A,5000,6.76,0,0.11,0,3
5043,25,47000,RENT,0,0,0,1,0,0,0,1,0,0,B,5000,12.42,0,0.11,0,4
5051,23,47233,RENT,7,0,0,1,0,0,0,1,0,0,B,5000,11.36,0,0.11,0,3
5081,22,48048,RENT,2,0,0,1,0,0,0,1,0,0,B,5000,11.36,0,0.1,0,4
5083,24,48200,RENT,3,0,0,1,0,0,0,1,0,0,B,5000,10.38,0,0.1,0,2
5091,24,49000,RENT,4,0,0,1,0,0,0,1,0,0,B,5000,10.65,0,0.1,0,3
5106,23,49029,RENT,1,0,0,1,0,0,0,1,0,0,A,9000,,1,0.18,0,2
5114,23,57500,RENT,2,0,0,1,0,0,0,1,0,0,B,9000,10.37,0,0.16,0,3
5130,23,60000,RENT,2,0,0,1,0,0,0,1,0,0,A,9000,6.17,0,0.15,0,2
5159,26,65000,RENT,3,0,0,1,0,0,0,1,0,0,B,9000,11.86,0,0.14,0,4
5194,26,84996,RENT,0,0,0,1,0,0,0,1,0,0,B,9000,11.26,0,0.11,0,2
5195,24,85000,RENT,1,0,0,1,0,0,0,1,0,0,C,9000,13.92,0,0.11,0,4
5199,25,87000,RENT,7,0,0,1,0,0,0,1,0,0,C,9000,13.49,0,0.1,0,4
5200,23,88000,RENT,5,0,0,1,0,0,0,1,0,0,B,9000,,0,0.1,0,2
5225,24,24000,RENT,5,0,0,1,0,0,0,1,0,0,B,8975,11.83,1,0.37,0,2
5234,25,63000,RENT,3,0,0,1,0,0,0,1,0,0,A,8900,7.29,0,0.14,0,3
5245,24,26400,RENT,4,0,0,1,0,0,0,1,0,0,A,8875,6.62,1,0.34,0,4
5250,24,30000,RENT,0,0,0,1,0,0,0,1,0,0,B,8850,,0,0.29,0,4
5258,22,60000,RENT,3,0,0,1,0,0,0,1,0,0,A,8800,8.9,0,0.15,0,3
5268,24,50000,RENT,6,0,0,1,0,0,0,1,0,0,A,5000,6.54,0,0.1,0,2
5270,24,50000,RENT,8,0,0,1,0,0,0,1,0,0,B,5000,9.25,0,0.1,0,3
5291,21,50500,RENT,0,0,0,1,0,0,0,1,0,0,B,5000,10.37,0,0.1,0,3
5308,26,25000,RENT,3,0,0,1,0,0,0,1,0,0,B,8500,11.71,1,0.34,0,2
5322,25,28500,RENT,0,0,0,1,0,0,0,1,0,0,B,8500,11.14,0,0.3,0,3
5333,23,32000,RENT,0,0,0,1,0,0,0,1,0,0,C,8500,13.16,0,0.27,0,4
5335,26,34000,RENT,1,0,0,1,0,0,0,1,0,0,A,8500,7.88,0,0.25,0,3
5353,26,42000,RENT,0,0,0,1,0,0,0,1,0,0,B,8500,11.14,0,0.2,0,4
5354,26,42996,RENT,10,0,0,1,0,0,0,1,0,0,B,8500,10.2,0,0.2,0,2
5358,24,44000,RENT,0,0,0,1,0,0,0,1,0,0,A,8500,7.51,0,0.19,0,4
5367,25,44000,RENT,9,0,0,1,0,0,0,1,0,0,C,8500,14.27,1,0.19,0,4
5372,24,52582,RENT,5,0,0,1,0,0,0,1,0,0,B,8500,10.62,0,0.16,0,2
5377,25,55000,RENT,7,0,0,1,0,0,0,1,0,0,C,8500,14.22,0,0.15,0,2
5387,23,65000,RENT,3,0,0,1,0,0,0,1,0,0,B,8500,12.21,0,0.13,0,2
5400,23,30000,RENT,0,0,0,1,0,0,0,1,0,0,C,8400,14.65,0,0.28,0,3
5442,26,51000,RENT,10,0,0,1,0,0,0,1,0,0,B,5000,12.42,1,0.1,0,4
5448,24,58000,RENT,5,0,0,1,0,0,0,1,0,0,A,5000,7.49,0,0.09,0,2
5462,22,52880,RENT,6,0,0,1,0,0,0,1,0,0,D,5000,14.59,1,0.09,0,4
5479,21,60000,RENT,2,0,0,1,0,0,0,1,0,0,A,5000,8.49,0,0.08,0,4
5497,22,61000,RENT,3,0,0,1,0,0,0,1,0,0,B,5000,9.99,0,0.08,0,2
5531,21,59000,RENT,4,0,0,1,0,0,0,1,0,0,C,5000,14.22,1,0.08,0,3
5551,26,67500,RENT,1,0,0,1,0,0,0,1,0,0,B,5000,12.18,0,0.07,0,3
5563,23,54400,RENT,2,0,0,1,0,0,0,1,0,0,D,5000,16.49,1,0.08,0,4
5567,22,71000,RENT,5,0,0,1,0,0,0,1,0,0,B,5000,,0,0.07,0,3
5568,23,55488,RENT,4,0,0,1,0,0,0,1,0,0,D,5000,15.21,1,0.08,0,2
5573,22,72000,RENT,1,0,0,1,0,0,0,1,0,0,B,5000,11.49,0,0.07,0,3
5576,24,72000,RENT,6,0,0,1,0,0,0,1,0,0,A,5000,,0,0.07,0,3
5578,25,56950,RENT,9,0,0,1,0,0,0,1,0,0,C,5000,13.92,1,0.07,0,4
5581,24,74000,RENT,2,0,0,1,0,0,0,1,0,0,A,5000,,0,0.07,0,4
5615,23,62900,RENT,7,0,0,1,0,0,0,1,0,0,D,5000,14.84,1,0.07,0,4
5618,24,81000,RENT,6,0,0,1,0,0,0,1,0,0,A,5000,5.42,0,0.06,0,3
5676,24,80155,RENT,8,0,0,1,0,0,0,1,0,0,F,5000,,1,0.05,0,3
5688,24,88400,RENT,8,0,0,1,0,0,0,1,0,0,D,5000,,1,0.05,0,4
5695,26,135000,RENT,10,0,0,1,0,0,0,1,0,0,B,5000,11.36,0,0.04,0,4
5705,25,21600,RENT,0,0,0,1,0,0,0,1,0,0,B,5200,11.86,1,0.24,0,3
5710,21,26000,RENT,5,0,0,1,0,0,0,1,0,0,B,5200,12.53,0,0.2,0,2
5718,23,38000,RENT,1,0,0,1,0,0,0,1,0,0,A,5200,7.88,0,0.14,0,3
5723,23,45000,RENT,3,0,0,1,0,0,0,1,0,0,B,5275,10.39,0,0.12,0,2
5731,24,28800,RENT,0,0,0,1,0,0,0,1,0,0,C,5300,15.27,0,0.18,0,3
5736,21,47000,RENT,1,0,0,1,0,0,0,1,0,0,A,5300,7.66,0,0.11,0,2
5743,24,24000,RENT,0,0,0,1,0,0,0,1,0,0,B,5375,10.99,0,0.22,0,3
5762,23,35000,RENT,5,0,0,1,0,0,0,1,0,0,C,5400,12.84,0,0.15,0,4
5768,22,57500,RENT,4,0,0,1,0,0,0,1,0,0,A,5400,5.42,0,0.09,0,4
5771,23,60000,RENT,4,0,0,1,0,0,0,1,0,0,A,5400,7.49,0,0.09,0,3
5775,22,58617,RENT,6,0,0,1,0,0,0,1,0,0,D,5400,15.21,1,0.09,0,2
5789,21,14400,RENT,4,0,0,1,0,0,0,1,0,0,B,5500,11.48,1,0.38,0,3
5806,24,23000,RENT,4,0,0,1,0,0,0,1,0,0,A,5500,6.54,0,0.24,0,3
5821,23,27996,RENT,3,0,0,1,0,0,0,1,0,0,C,5500,12.53,0,0.2,0,2
5837,25,33280,RENT,1,0,0,1,0,0,0,1,0,0,B,5500,,0,0.17,0,4
5870,25,48000,RENT,3,0,0,1,0,0,0,1,0,0,A,5500,7.49,0,0.11,0,4
5889,22,60000,RENT,0,0,0,1,0,0,0,1,0,0,A,5500,7.88,0,0.09,0,2
5907,22,31000,RENT,5,0,0,1,0,0,0,1,0,0,B,5550,11.36,1,0.18,0,3
5920,21,20000,RENT,,0,0,1,0,0,0,1,0,0,B,5600,10.75,0,0.28,0,4
5923,24,24000,RENT,0,0,0,1,0,0,0,1,0,0,C,5600,12.73,0,0.23,0,4
5925,23,25000,RENT,3,0,0,1,0,0,0,1,0,0,B,5600,11.11,0,0.22,0,4
5936,24,30996,RENT,2,0,0,1,0,0,0,1,0,0,A,5600,7.49,0,0.18,0,2
5939,25,33600,RENT,6,0,0,1,0,0,0,1,0,0,B,5600,9.25,0,0.17,0,3
5944,23,36000,RENT,1,0,0,1,0,0,0,1,0,0,A,5600,7.9,0,0.16,0,4
5960,25,42000,RENT,6,0,0,1,0,0,0,1,0,0,A,5600,7.49,0,0.13,0,2
5968,24,47700,RENT,0,0,0,1,0,0,0,1,0,0,B,5600,9.99,0,0.12,0,2
5969,24,48000,RENT,7,0,0,1,0,0,0,1,0,0,B,5600,11.14,0,0.12,0,3
5971,23,50000,RENT,3,0,0,1,0,0,0,1,0,0,B,5600,11.49,0,0.11,0,4
5976,24,52000,RENT,2,0,0,1,0,0,0,1,0,0,A,5600,7.29,0,0.11,0,2
5985,26,56000,RENT,4,0,0,1,0,0,0,1,0,0,A,5600,8.59,0,0.1,0,4
5986,22,56000,RENT,6,0,0,1,0,0,0,1,0,0,A,5600,8.32,0,0.1,0,2
6000,25,68515,RENT,2,0,0,1,0,0,0,1,0,0,C,5600,12.61,0,0.08,0,3
6007,25,70000,RENT,3,0,0,1,0,0,0,1,0,0,A,5600,7.9,0,0.08,0,4
6015,25,58650,RENT,7,0,0,1,0,0,0,1,0,0,D,5600,14.84,1,0.08,0,4
6016,23,79000,RENT,4,0,0,1,0,0,0,1,0,0,B,5600,11.12,0,0.07,0,4
6022,26,102552,RENT,10,0,0,1,0,0,0,1,0,0,B,5600,9.99,0,0.05,0,3
6033,24,11476,RENT,0,0,0,1,0,0,0,1,0,0,A,5700,7.49,1,0.5,0,4
6040,21,17000,RENT,3,0,0,1,0,0,0,1,0,0,A,5750,8.9,1,0.34,0,2
6057,23,25000,RENT,0,0,0,1,0,0,0,1,0,0,B,5800,9.91,0,0.23,0,4
6060,26,27000,RENT,1,0,0,1,0,0,0,1,0,0,B,5800,10.65,0,0.21,0,3
6063,24,35020,RENT,0,0,0,1,0,0,0,1,0,0,A,5800,8.32,0,0.17,0,3
6069,22,45000,RENT,3,0,0,1,0,0,0,1,0,0,A,5800,7.88,0,0.13,0,3
6075,22,25000,RENT,4,0,0,1,0,0,0,1,0,0,C,5825,14.27,0,0.23,0,2
6078,23,50000,RENT,8,0,0,1,0,0,0,1,0,0,B,5825,10.65,0,0.12,0,2
6102,25,13440,RENT,3,0,0,1,0,0,0,1,0,0,A,6000,7.49,1,0.45,0,3
6104,22,15000,RENT,6,0,0,1,0,0,0,1,0,0,A,6000,6.03,1,0.4,0,3
6114,22,18000,RENT,1,0,0,1,0,0,0,1,0,0,B,6000,,1,0.33,0,3
6123,25,19200,RENT,3,0,0,1,0,0,0,1,0,0,A,6000,7.14,1,0.31,0,3
6133,26,21600,RENT,3,0,0,1,0,0,0,1,0,0,B,6000,10.59,0,0.28,0,4
6134,23,21600,RENT,2,0,0,1,0,0,0,1,0,0,D,6000,14.42,1,0.28,0,4
6140,25,22800,RENT,,0,0,1,0,0,0,1,0,0,B,6000,,0,0.26,0,3
6141,25,22800,RENT,0,0,0,1,0,0,0,1,0,0,C,6000,13.35,1,0.26,0,4
6151,22,24000,RENT,6,0,0,1,0,0,0,1,0,0,B,6000,10.65,0,0.25,0,4
6153,26,24000,RENT,5,0,0,1,0,0,0,1,0,0,A,6000,8.9,0,0.25,0,3
6158,24,24000,RENT,1,0,0,1,0,0,0,1,0,0,B,6000,11.99,0,0.25,0,4
6168,21,24000,RENT,2,0,0,1,0,0,0,1,0,0,B,6000,11.36,0,0.25,0,3
6180,24,25200,RENT,6,0,0,1,0,0,0,1,0,0,A,6000,7.49,0,0.24,0,2
6190,24,25800,RENT,0,0,0,1,0,0,0,1,0,0,A,6000,7.14,0,0.23,0,4
6195,26,26400,RENT,6,0,0,1,0,0,0,1,0,0,C,6000,6,0,0.23,0,4
6222,23,28800,RENT,4,0,0,1,0,0,0,1,0,0,B,6000,,0,0.21,0,3
6227,24,29000,RENT,5,0,0,1,0,0,0,1,0,0,C,6000,15.27,0,0.21,0,2
6234,22,30000,RENT,4,0,0,1,0,0,0,1,0,0,B,6000,12.42,0,0.2,0,4
6239,24,30000,RENT,0,0,0,1,0,0,0,1,0,0,C,6000,13.49,0,0.2,0,2
6241,24,30000,RENT,6,0,0,1,0,0,0,1,0,0,A,6000,7.51,0,0.2,0,3
6260,26,30000,RENT,2,0,0,1,0,0,0,1,0,0,A,6000,6.54,0,0.2,0,2
6262,21,30000,RENT,4,0,0,1,0,0,0,1,0,0,A,6000,7.51,0,0.2,0,3
6265,21,30000,RENT,3,0,0,1,0,0,0,1,0,0,A,6000,8.94,0,0.2,0,2
6269,21,31000,RENT,6,0,0,1,0,0,0,1,0,0,A,6000,6.03,0,0.19,0,3
6282,25,32000,RENT,2,0,0,1,0,0,0,1,0,0,B,6000,10.62,1,0.19,0,2
6312,25,29000,RENT,0,0,0,1,0,0,0,1,0,0,C,6000,13.49,1,0.21,0,3
6313,22,35000,RENT,2,0,0,1,0,0,0,1,0,0,A,6000,7.49,0,0.17,0,2
6325,21,35324,RENT,4,0,0,1,0,0,0,1,0,0,B,6000,,0,0.17,0,4
6334,25,36000,RENT,9,0,0,1,0,0,0,1,0,0,B,6000,,0,0.17,0,4
6351,23,36000,RENT,2,0,0,1,0,0,0,1,0,0,B,6000,11.86,0,0.17,0,4
6367,24,36000,RENT,5,0,0,1,0,0,0,1,0,0,D,6000,14.96,0,0.17,0,2
6374,26,30000,RENT,1,0,0,1,0,0,0,1,0,0,E,6000,15.45,1,0.2,0,4
6387,24,37000,RENT,8,0,0,1,0,0,0,1,0,0,A,6000,6.76,0,0.16,0,4
6392,22,37500,RENT,6,0,0,1,0,0,0,1,0,0,B,6000,12.42,0,0.16,0,2
6423,25,40000,RENT,2,0,0,1,0,0,0,1,0,0,B,6000,10.65,0,0.15,0,3
6424,22,40000,RENT,1,0,0,1,0,0,0,1,0,0,B,6000,12.69,0,0.15,0,4
6426,24,40000,RENT,2,0,0,1,0,0,0,1,0,0,B,6000,,0,0.15,0,3
6441,23,40000,RENT,5,0,0,1,0,0,0,1,0,0,A,6000,8.94,0,0.15,0,3
6455,23,41000,RENT,3,0,0,1,0,0,0,1,0,0,B,6000,10.99,0,0.15,0,2
6461,25,35196,RENT,2,0,0,1,0,0,0,1,0,0,D,6000,14.54,1,0.17,0,3
6463,25,42000,RENT,5,0,0,1,0,0,0,1,0,0,B,6000,12.42,0,0.14,0,2
6472,25,42000,RENT,1,0,0,1,0,0,0,1,0,0,B,6000,,0,0.14,0,4
6475,26,42000,RENT,8,0,0,1,0,0,0,1,0,0,C,6000,12.73,0,0.14,0,4
6491,24,44000,RENT,1,0,0,1,0,0,0,1,0,0,A,6000,8,0,0.14,0,2
6507,26,45000,RENT,3,0,0,1,0,0,0,1,0,0,A,6000,7.49,0,0.13,0,2
6522,21,45000,RENT,5,0,0,1,0,0,0,1,0,0,A,6000,9.38,0,0.13,0,4
6546,22,47000,RENT,2,0,0,1,0,0,0,1,0,0,A,6000,5.42,0,0.13,0,3
6552,24,47928,RENT,1,0,0,1,0,0,0,1,0,0,B,6000,12.53,0,0.13,0,2
6579,23,48500,RENT,1,0,0,1,0,0,0,1,0,0,A,6000,9.32,0,0.12,0,3
6591,22,50000,RENT,4,0,0,1,0,0,0,1,0,0,B,6000,10.65,0,0.12,0,2
6596,24,50000,RENT,5,0,0,1,0,0,0,1,0,0,C,6000,14.79,0,0.12,0,4
6605,24,50000,RENT,1,0,0,1,0,0,0,1,0,0,A,6000,5.79,0,0.12,0,4
6610,21,50000,RENT,5,0,0,1,0,0,0,1,0,0,B,6000,10.75,0,0.12,0,2
6627,24,50740,RENT,0,0,0,1,0,0,0,1,0,0,A,6000,9.63,0,0.12,0,3
6628,24,45000,RENT,0,0,0,1,0,0,0,1,0,0,E,6000,17.19,1,0.13,0,3
6631,26,51500,RENT,3,0,0,1,0,0,0,1,0,0,B,6000,10.75,0,0.12,0,3
6659,26,48700,RENT,0,0,0,1,0,0,0,1,0,0,D,6000,14.59,1,0.12,0,3
6674,26,55000,RENT,10,0,0,1,0,0,0,1,0,0,A,6000,5.42,0,0.11,0,4
6685,21,55600,RENT,2,0,0,1,0,0,0,1,0,0,A,6000,,0,0.11,0,4
6697,25,58000,RENT,3,0,0,1,0,0,0,1,0,0,B,6000,12.18,0,0.1,0,4
6706,25,59366,RENT,4,0,0,1,0,0,0,1,0,0,B,6000,11.11,0,0.1,0,2
6715,22,60000,RENT,6,0,0,1,0,0,0,1,0,0,B,6000,11.99,0,0.1,0,3
6719,21,60000,RENT,5,0,0,1,0,0,0,1,0,0,A,6000,,0,0.1,0,4
6726,24,60000,RENT,9,0,0,1,0,0,0,1,0,0,A,6000,7.51,0,0.1,0,3
6733,23,60495,RENT,8,0,0,1,0,0,0,1,0,0,A,6000,,0,0.1,0,3
6749,26,15000,RENT,2,0,0,1,0,0,0,1,0,0,B,7100,9.99,1,0.47,0,4
6782,26,22884,RENT,2,0,0,1,0,0,0,1,0,0,A,7000,7.51,1,0.31,0,4
6789,25,23460,RENT,5,0,0,1,0,0,0,1,0,0,B,7000,,0,0.3,0,2
6815,24,65000,RENT,3,0,0,1,0,0,0,1,0,0,A,6000,,0,0.09,0,2
6824,26,66400,RENT,6,0,0,1,0,0,0,1,0,0,A,6000,7.29,0,0.09,0,4
6834,23,69000,RENT,7,0,0,1,0,0,0,1,0,0,A,6000,7.88,0,0.09,0,2
6848,26,70000,RENT,4,0,0,1,0,0,0,1,0,0,A,6000,6.17,0,0.09,0,4
6858,22,71000,RENT,4,0,0,1,0,0,0,1,0,0,B,6000,,0,0.08,0,4
6871,23,73000,RENT,4,0,0,1,0,0,0,1,0,0,B,6000,12.53,0,0.08,0,4
6875,23,57800,RENT,2,0,0,1,0,0,0,1,0,0,B,6000,10.99,1,0.09,0,4
6881,25,74500,RENT,3,0,0,1,0,0,0,1,0,0,B,6000,9.99,0,0.08,0,4
6882,26,74970,RENT,5,0,0,1,0,0,0,1,0,0,A,6000,7.88,0,0.08,0,2
6893,23,75000,RENT,0,0,0,1,0,0,0,1,0,0,B,6000,11.48,0,0.08,0,2
6896,23,78000,RENT,0,0,0,1,0,0,0,1,0,0,B,6000,9.99,0,0.08,0,2
6908,23,80607,RENT,2,0,0,1,0,0,0,1,0,0,B,6000,12.21,0,0.07,0,2
6909,25,82000,RENT,5,0,0,1,0,0,0,1,0,0,C,6000,,0,0.07,0,3
6922,24,84996,RENT,1,0,0,1,0,0,0,1,0,0,A,6000,6.03,0,0.07,0,3
6925,25,85000,RENT,4,0,0,1,0,0,0,1,0,0,B,6000,10,0,0.07,0,3
6932,22,86000,RENT,6,0,0,1,0,0,0,1,0,0,A,6000,5.42,0,0.07,0,3
6954,26,95000,RENT,0,0,0,1,0,0,0,1,0,0,B,6000,10.99,0,0.06,0,2
6997,23,19200,RENT,1,0,0,1,0,0,0,1,0,0,G,6200,19.82,1,0.32,0,3
7013,25,50606,RENT,3,0,0,1,0,0,0,1,0,0,A,6200,,0,0.12,0,4
7046,22,23000,RENT,6,0,0,1,0,0,0,1,0,0,C,6250,12.73,0,0.27,0,2
7051,24,26000,RENT,8,0,0,1,0,0,0,1,0,0,A,6250,6.91,0,0.24,0,4
7056,24,55000,RENT,1,0,0,1,0,0,0,1,0,0,A,7000,7.88,0,0.13,0,4
7065,25,50000,RENT,2,0,0,1,0,0,0,1,0,0,E,7000,15.57,1,0.14,0,3
7066,25,56004,RENT,3,0,0,1,0,0,0,1,0,0,C,7000,14.22,0,0.12,0,4
7068,23,52000,RENT,3,0,0,1,0,0,0,1,0,0,C,7000,13.85,1,0.13,0,4
7082,26,60000,RENT,3,0,0,1,0,0,0,1,0,0,A,7000,6.91,0,0.12,0,2
7084,25,60000,RENT,0,0,0,1,0,0,0,1,0,0,B,7000,9.25,0,0.12,0,2
7087,25,60000,RENT,9,0,0,1,0,0,0,1,0,0,B,7000,10.36,0,0.12,0,4
7090,22,60000,RENT,5,0,0,1,0,0,0,1,0,0,B,7000,9.99,0,0.12,0,4
7109,23,62100,RENT,3,0,0,1,0,0,0,1,0,0,B,7000,,0,0.11,0,2
7115,23,64600,RENT,7,0,0,1,0,0,0,1,0,0,B,7000,11.86,0,0.11,0,3
7148,26,67550,RENT,3,0,0,1,0,0,0,1,0,0,A,7000,8.9,0,0.1,0,2
7160,23,72000,RENT,0,0,0,1,0,0,0,1,0,0,A,7000,7.9,0,0.1,0,2
7169,25,75000,RENT,4,0,0,1,0,0,0,1,0,0,A,7000,7.49,0,0.09,0,2
7199,25,66300,RENT,3,0,0,1,0,0,0,1,0,0,B,7000,9.25,1,0.09,0,3
7219,24,90000,RENT,0,0,0,1,0,0,0,1,0,0,C,7000,13.99,0,0.08,0,4
7226,22,70550,RENT,0,0,0,1,0,0,0,1,0,0,E,7000,15.88,1,0.08,0,3
7232,22,105000,RENT,6,0,0,1,0,0,0,1,0,0,A,7000,7.74,0,0.07,0,3
7233,24,110000,RENT,1,0,0,1,0,0,0,1,0,0,A,7000,7.51,0,0.06,0,2
7247,26,150000,RENT,3,0,0,1,0,0,0,1,0,0,B,7000,9.63,0,0.05,0,4
7265,25,25000,RENT,3,0,0,1,0,0,0,1,0,0,A,6325,8.9,0,0.25,0,4
7273,25,18000,RENT,2,0,0,1,0,0,0,1,0,0,A,6500,,1,0.36,0,3
7292,26,25596,RENT,0,0,0,1,0,0,0,1,0,0,B,6500,9.99,0,0.25,0,4
7298,26,28000,RENT,7,0,0,1,0,0,0,1,0,0,A,6500,7.51,0,0.23,0,3
7306,22,33000,RENT,4,0,0,1,0,0,0,1,0,0,A,6500,6.17,0,0.2,0,4
7339,26,45600,RENT,2,0,0,1,0,0,0,1,0,0,B,6500,10.99,0,0.14,0,4
7344,22,45012,RENT,6,0,0,1,0,0,0,1,0,0,D,6500,13.99,1,0.14,0,2
7354,21,62467,RENT,0,0,0,1,0,0,0,1,0,0,B,6500,,0,0.1,0,4
7386,23,45000,RENT,2,0,0,1,0,0,0,1,0,0,A,6575,8,0,0.15,0,4
7393,22,30004,RENT,6,0,0,1,0,0,0,1,0,0,B,6600,10.33,0,0.22,0,2
7395,26,35000,RENT,0,0,0,1,0,0,0,1,0,0,A,6600,8.59,0,0.19,0,4
7396,25,36000,RENT,1,0,0,1,0,0,0,1,0,0,B,6600,11.49,0,0.18,0,4
7398,22,39000,RENT,3,0,0,1,0,0,0,1,0,0,B,6600,,0,0.17,0,2
7402,25,42000,RENT,2,0,0,1,0,0,0,1,0,0,B,6600,10.65,0,0.16,0,4
7403,22,41838,RENT,0,0,0,1,0,0,0,1,0,0,D,6600,16.89,1,0.16,0,3
7418,22,64000,RENT,5,0,0,1,0,0,0,1,0,0,A,6600,8.9,0,0.1,0,3
7435,24,50000,RENT,3,0,0,1,0,0,0,1,0,0,C,6625,11.22,0,0.13,0,2
7460,25,42000,RENT,2,0,0,1,0,0,0,1,0,0,D,6750,17.27,1,0.16,0,2
7466,22,27800,RENT,3,0,0,1,0,0,0,1,0,0,A,6800,8.49,0,0.24,0,3
7509,25,96050,RENT,9,0,0,1,0,0,0,1,0,0,D,6500,14.61,1,0.06,0,2
7518,24,70000,RENT,0,0,0,1,0,0,0,1,0,0,C,6425,13.72,0,0.09,0,2
7524,24,26400,RENT,2,0,0,1,0,0,0,1,0,0,B,6400,10.37,0,0.24,0,3
7532,23,30000,RENT,2,0,0,1,0,0,0,1,0,0,A,6400,,0,0.21,0,3
7538,25,30500,RENT,5,0,0,1,0,0,0,1,0,0,B,6400,11.49,0,0.21,0,4
7543,22,31224,RENT,0,0,0,1,0,0,0,1,0,0,A,6400,9.32,0,0.2,0,4
7553,24,33000,RENT,8,0,0,1,0,0,0,1,0,0,B,6400,9.99,0,0.19,0,2
7556,21,35000,RENT,3,0,0,1,0,0,0,1,0,0,B,6400,12.69,0,0.18,0,4
7562,26,36000,RENT,10,0,0,1,0,0,0,1,0,0,A,6400,5.99,0,0.18,0,3
7572,25,41508,RENT,,0,0,1,0,0,0,1,0,0,C,6400,14.79,0,0.15,0,3
7576,26,46000,RENT,2,0,0,1,0,0,0,1,0,0,B,6400,9.67,0,0.14,0,4
7595,24,49200,RENT,2,0,0,1,0,0,0,1,0,0,D,6400,,1,0.13,0,3
7624,24,80000,RENT,6,0,0,1,0,0,0,1,0,0,A,6400,7.49,0,0.08,0,4
7628,22,110000,RENT,6,0,0,1,0,0,0,1,0,0,A,6400,9.32,0,0.06,0,4
7644,24,24000,RENT,0,0,0,1,0,0,0,1,0,0,A,6825,5.42,0,0.28,0,4
7649,25,57000,RENT,3,0,0,1,0,0,0,1,0,0,A,6850,,0,0.12,0,4
7652,25,80266,RENT,5,0,0,1,0,0,0,1,0,0,B,6875,11.86,0,0.09,0,2
7656,24,47480,RENT,8,0,0,1,0,0,0,1,0,0,B,6900,9.88,0,0.15,0,2
7681,23,26400,RENT,0,0,0,1,0,0,0,1,0,0,A,7000,7.4,0,0.27,0,2
7691,25,27600,RENT,2,0,0,1,0,0,0,1,0,0,B,7000,9.76,0,0.25,0,4
7697,26,28608,RENT,2,0,0,1,0,0,0,1,0,0,A,7000,6.92,0,0.24,0,3
7700,26,28800,RENT,4,0,0,1,0,0,0,1,0,0,A,7000,5.42,0,0.24,0,4
7701,23,28800,RENT,4,0,0,1,0,0,0,1,0,0,A,7000,7.49,0,0.24,0,4
7703,22,30000,RENT,0,0,0,1,0,0,0,1,0,0,A,7000,8.9,0,0.23,0,4
7709,22,30000,RENT,6,0,0,1,0,0,0,1,0,0,B,7000,9.62,1,0.23,0,4
7710,25,30000,RENT,1,0,0,1,0,0,0,1,0,0,B,7000,10.62,0,0.23,0,3
7712,25,30000,RENT,4,0,0,1,0,0,0,1,0,0,A,7000,7.74,0,0.23,0,2
7713,22,30000,RENT,2,0,0,1,0,0,0,1,0,0,F,7000,17.58,1,0.23,0,2
7715,26,30000,RENT,2,0,0,1,0,0,0,1,0,0,B,7000,10.71,0,0.23,0,4
7743,24,33198,RENT,3,0,0,1,0,0,0,1,0,0,C,7000,14.27,1,0.21,0,3
7748,23,34800,RENT,0,0,0,1,0,0,0,1,0,0,B,7000,11.99,1,0.2,0,2
7751,24,35000,RENT,8,0,0,1,0,0,0,1,0,0,B,7000,12.69,0,0.2,0,2
7770,24,36000,RENT,1,0,0,1,0,0,0,1,0,0,A,7000,6.03,0,0.19,0,3
7782,24,37000,RENT,2,0,0,1,0,0,0,1,0,0,A,7000,7.51,0,0.19,0,4
7792,22,37740,RENT,6,0,0,1,0,0,0,1,0,0,A,7000,,0,0.19,0,3
7797,23,38500,RENT,2,0,0,1,0,0,0,1,0,0,B,7000,11.14,0,0.18,0,2
7803,24,39996,RENT,1,0,0,1,0,0,0,1,0,0,C,7000,13.11,0,0.18,0,3
7805,22,40000,RENT,6,0,0,1,0,0,0,1,0,0,A,7000,7.9,0,0.17,0,2
7816,23,40000,RENT,4,0,0,1,0,0,0,1,0,0,B,7000,11.58,0,0.17,0,3
7822,24,40800,RENT,0,0,0,1,0,0,0,1,0,0,B,7000,11.86,0,0.17,0,2
7831,24,41000,RENT,1,0,0,1,0,0,0,1,0,0,C,7000,12.53,0,0.17,0,2
7841,25,42000,RENT,8,0,0,1,0,0,0,1,0,0,A,7000,5.79,0,0.17,0,2
7846,22,42000,RENT,4,0,0,1,0,0,0,1,0,0,C,7000,13.61,0,0.17,0,2
7852,22,36614,RENT,5,0,0,1,0,0,0,1,0,0,B,7000,9.99,1,0.19,0,4
7855,26,43000,RENT,2,0,0,1,0,0,0,1,0,0,B,7000,9.99,0,0.16,0,3
7861,26,43000,RENT,8,0,0,1,0,0,0,1,0,0,A,7000,7.29,0,0.16,0,4
7891,26,45600,RENT,0,0,0,1,0,0,0,1,0,0,B,7000,9.99,0,0.15,0,3
7892,25,46000,RENT,9,0,0,1,0,0,0,1,0,0,A,7000,8.49,0,0.15,0,3
7903,24,47000,RENT,3,0,0,1,0,0,0,1,0,0,A,7000,6.54,0,0.15,0,4
7910,26,48000,RENT,10,0,0,1,0,0,0,1,0,0,B,7000,12.69,0,0.15,0,2
7911,26,48000,RENT,5,0,0,1,0,0,0,1,0,0,A,7000,5.79,0,0.15,0,3
7913,26,48000,RENT,10,0,0,1,0,0,0,1,0,0,A,7000,9.63,0,0.15,0,2
7915,25,48226,RENT,9,0,0,1,0,0,0,1,0,0,A,7000,7.9,0,0.15,0,3
7916,23,49500,RENT,2,0,0,1,0,0,0,1,0,0,C,7000,,0,0.14,0,4
7924,21,50000,RENT,1,0,0,1,0,0,0,1,0,0,B,7000,10.37,0,0.14,0,4
7940,23,51000,RENT,1,0,0,1,0,0,0,1,0,0,A,7000,6.99,0,0.14,0,3
7951,24,52000,RENT,1,0,0,1,0,0,0,1,0,0,A,7000,7.74,0,0.13,0,4
7975,23,90000,RENT,1,0,0,1,0,0,0,1,0,0,B,7000,10.65,0,0.08,0,2
7997,22,27600,RENT,7,0,0,1,0,0,0,1,0,0,B,7200,10.59,0,0.26,0,3
8002,22,30000,RENT,7,0,0,1,0,0,0,1,0,0,A,7200,8.9,1,0.24,0,2
8005,24,31944,RENT,8,0,0,1,0,0,0,1,0,0,C,7200,13.79,0,0.23,0,2
8007,25,32004,RENT,0,0,0,1,0,0,0,1,0,0,C,7200,12.84,0,0.22,0,4
8009,25,32496,RENT,9,0,0,1,0,0,0,1,0,0,B,7200,9.51,0,0.22,0,4
8014,26,34099,RENT,2,0,0,1,0,0,0,1,0,0,C,7200,12.73,0,0.21,0,3
8015,25,35000,RENT,9,0,0,1,0,0,0,1,0,0,A,7200,8.9,0,0.21,0,3
8023,24,35004,RENT,6,0,0,1,0,0,0,1,0,0,D,7200,,0,0.21,0,2
8031,26,38400,RENT,2,0,0,1,0,0,0,1,0,0,B,7200,9.91,0,0.19,0,2
8057,22,48000,RENT,1,0,0,1,0,0,0,1,0,0,B,7200,9.62,0,0.15,0,4
8068,25,50000,RENT,5,0,0,1,0,0,0,1,0,0,A,7200,7.29,0,0.14,0,4
8081,25,55000,RENT,1,0,0,1,0,0,0,1,0,0,A,7200,7.9,0,0.13,0,2
8095,23,60036,RENT,7,0,0,1,0,0,0,1,0,0,B,7200,9.91,0,0.12,0,4
8102,23,64000,RENT,0,0,0,1,0,0,0,1,0,0,C,7200,15.96,0,0.11,0,3
8143,25,149000,RENT,9,0,0,1,0,0,0,1,0,0,A,7200,,0,0.05,0,2
8148,25,26729,RENT,5,0,0,1,0,0,0,1,0,0,B,7300,11.14,0,0.27,0,3
8155,23,38000,RENT,1,0,0,1,0,0,0,1,0,0,A,7300,,0,0.19,0,2
8173,24,33000,RENT,1,0,0,1,0,0,0,1,0,0,B,7350,11.71,0,0.22,0,3
8195,25,21500,RENT,2,0,0,1,0,0,0,1,0,0,C,7500,11.34,1,0.35,0,2
8196,22,22596,RENT,4,0,0,1,0,0,0,1,0,0,B,7500,9.76,1,0.33,0,4
8202,22,25200,RENT,7,0,0,1,0,0,0,1,0,0,D,7500,14.96,1,0.3,0,3
8218,21,30028,RENT,5,0,0,1,0,0,0,1,0,0,B,7500,10.75,0,0.25,0,4
8249,23,38000,RENT,0,0,0,1,0,0,0,1,0,0,A,7500,7.88,0,0.2,0,4
8250,26,38400,RENT,10,0,0,1,0,0,0,1,0,0,D,7500,17.58,0,0.2,0,2
8296,26,45450,RENT,2,0,0,1,0,0,0,1,0,0,B,7500,11.14,0,0.17,0,3
8303,23,48000,RENT,4,0,0,1,0,0,0,1,0,0,A,7500,5.79,0,0.16,0,4
8315,21,44000,RENT,5,0,0,1,0,0,0,1,0,0,A,7500,7.9,1,0.17,0,3
8319,22,50000,RENT,1,0,0,1,0,0,0,1,0,0,A,7500,8.94,0,0.15,0,3
8320,25,44000,RENT,7,0,0,1,0,0,0,1,0,0,C,7500,13.92,1,0.17,0,3
8352,23,57600,RENT,5,0,0,1,0,0,0,1,0,0,C,7500,13.85,0,0.13,0,3
8359,25,53000,RENT,3,0,0,1,0,0,0,1,0,0,D,7500,12.92,1,0.14,0,4
8366,22,60000,RENT,6,0,0,1,0,0,0,1,0,0,B,7500,9.99,0,0.13,0,3
8383,25,67000,RENT,7,0,0,1,0,0,0,1,0,0,B,7500,12.18,0,0.11,0,4
8414,25,58650,RENT,5,0,0,1,0,0,0,1,0,0,D,7500,15.37,1,0.11,0,4
8427,22,66300,RENT,3,0,0,1,0,0,0,1,0,0,D,7500,14.96,1,0.1,0,2
8434,24,100300,RENT,3,0,0,1,0,0,0,1,0,0,B,7500,11.49,0,0.07,0,4
8453,26,56950,RENT,10,0,0,1,0,0,0,1,0,0,B,7550,9.99,1,0.11,0,3
8459,25,41412,RENT,,0,0,1,0,0,0,1,0,0,B,7600,11.12,0,0.18,0,3
8460,25,39000,RENT,3,0,0,1,0,0,0,1,0,0,C,7600,12.84,1,0.19,0,3
8496,26,29760,RENT,6,0,0,1,0,0,0,1,0,0,B,7750,9.62,0,0.26,0,4
8505,25,49000,RENT,2,0,0,1,0,0,0,1,0,0,A,7750,9.63,0,0.16,0,4
8520,24,40000,RENT,1,0,0,1,0,0,0,1,0,0,A,7800,,0,0.2,0,2
8526,26,43000,RENT,5,0,0,1,0,0,0,1,0,0,A,7800,7.88,0,0.18,0,2
8540,26,85757,RENT,0,0,0,1,0,0,0,1,0,0,B,7800,11.83,0,0.09,0,3
8542,24,26000,RENT,3,0,0,1,0,0,0,1,0,0,B,7850,9.96,0,0.3,0,2
8564,22,19800,RENT,4,0,0,1,0,0,0,1,0,0,A,8000,,1,0.4,0,4
8567,21,20000,RENT,4,0,0,1,0,0,0,1,0,0,B,8000,12.21,1,0.4,0,4
8582,22,21600,RENT,3,0,0,1,0,0,0,1,0,0,B,8000,11.49,1,0.37,0,3
8593,22,23400,RENT,2,0,0,1,0,0,0,1,0,0,A,8000,8.59,1,0.34,0,2
8602,26,25000,RENT,1,0,0,1,0,0,0,1,0,0,B,8000,11.71,1,0.32,0,4
8614,25,26000,RENT,4,0,0,1,0,0,0,1,0,0,C,8000,12.87,1,0.31,0,4
8641,24,28800,RENT,5,0,0,1,0,0,0,1,0,0,A,8000,,0,0.28,0,2
8646,21,28800,RENT,5,0,0,1,0,0,0,1,0,0,B,8000,9.88,0,0.28,0,2
8651,22,30000,RENT,6,0,0,1,0,0,0,1,0,0,A,8000,5.42,0,0.27,0,4
8658,26,30000,RENT,1,0,0,1,0,0,0,1,0,0,B,8000,10,0,0.27,0,3
8664,26,30000,RENT,4,0,0,1,0,0,0,1,0,0,C,8000,13.98,0,0.27,0,2
8669,23,30000,RENT,4,0,0,1,0,0,0,1,0,0,B,8000,12.18,0,0.27,0,2
8682,24,31200,RENT,7,0,0,1,0,0,0,1,0,0,B,8000,11.49,0,0.26,0,2
8753,25,31008,RENT,7,0,0,1,0,0,0,1,0,0,D,8000,,1,0.26,0,3
8758,24,37648,RENT,0,0,0,1,0,0,0,1,0,0,A,8000,7.29,0,0.21,0,2
8763,24,37876,RENT,4,0,0,1,0,0,0,1,0,0,B,8000,9.63,0,0.21,0,2
8771,26,38000,RENT,4,0,0,1,0,0,0,1,0,0,B,8000,12.69,0,0.21,0,4
8772,24,38000,RENT,8,0,0,1,0,0,0,1,0,0,B,8000,11.49,0,0.21,0,2
8780,23,38000,RENT,0,0,0,1,0,0,0,1,0,0,A,8000,6.17,0,0.21,0,2
8807,24,40000,RENT,4,0,0,1,0,0,0,1,0,0,B,8000,9.63,0,0.2,0,3
8828,24,41600,RENT,0,0,0,1,0,0,0,1,0,0,B,8000,10.59,0,0.19,0,4
8831,23,36000,RENT,2,0,0,1,0,0,0,1,0,0,A,8000,7.51,1,0.22,0,2
8866,24,43300,RENT,4,0,0,1,0,0,0,1,0,0,A,8000,7.29,0,0.18,0,4
8916,24,42000,RENT,8,0,0,1,0,0,0,1,0,0,D,8000,16.29,1,0.19,0,4
8932,24,48500,RENT,5,0,0,1,0,0,0,1,0,0,C,8000,15.96,0,0.16,0,3
8934,26,48701,RENT,3,0,0,1,0,0,0,1,0,0,B,8000,11.48,0,0.16,0,4
8939,24,50000,RENT,3,0,0,1,0,0,0,1,0,0,B,8000,12.42,0,0.16,0,2
8969,25,44000,RENT,1,0,0,1,0,0,0,1,0,0,D,8000,12.92,1,0.18,0,4
8974,23,50004,RENT,5,0,0,1,0,0,0,1,0,0,C,8000,12.73,0,0.16,0,4
8981,25,51996,RENT,6,0,0,1,0,0,0,1,0,0,B,8000,10.37,0,0.15,0,2
8983,24,52000,RENT,2,0,0,1,0,0,0,1,0,0,A,8000,7.51,0,0.15,0,4
9004,24,54000,RENT,7,0,0,1,0,0,0,1,0,0,A,8000,7.88,0,0.15,0,3
9006,24,54000,RENT,3,0,0,1,0,0,0,1,0,0,A,8000,8.07,0,0.15,0,4
9017,23,55000,RENT,1,0,0,1,0,0,0,1,0,0,A,8000,5.42,0,0.15,0,4
9040,24,56000,RENT,2,0,0,1,0,0,0,1,0,0,A,8000,7.51,0,0.14,0,3
9069,25,60000,RENT,3,0,0,1,0,0,0,1,0,0,B,8000,11.86,0,0.13,0,4
9071,26,60000,RENT,2,0,0,1,0,0,0,1,0,0,C,8000,13.61,0,0.13,0,4
9075,22,60000,RENT,6,0,0,1,0,0,0,1,0,0,A,8000,7.88,0,0.13,0,2
9105,23,54000,RENT,4,0,0,1,0,0,0,1,0,0,B,5200,11.71,0,0.1,0,2
9108,26,62000,RENT,1,0,0,1,0,0,0,1,0,0,C,5200,15.96,0,0.08,0,4
9119,22,60000,RENT,2,0,0,1,0,0,0,1,0,0,B,5125,11.86,0,0.09,0,3
9125,21,37200,RENT,2,0,0,1,0,0,0,1,0,0,A,5100,7.49,0,0.14,0,4
9127,25,45000,RENT,4,0,0,1,0,0,0,1,0,0,B,5100,10,0,0.11,0,4
9137,26,34000,RENT,8,0,0,1,0,0,0,1,0,0,D,5050,16.89,1,0.15,0,4
9167,25,15600,RENT,6,0,0,1,0,0,0,1,0,0,B,5000,10.75,1,0.32,0,3
9180,23,17004,RENT,3,0,0,1,0,0,0,1,0,0,A,5000,6.54,1,0.29,0,2
9198,21,19968,RENT,4,0,0,1,0,0,0,1,0,0,C,5000,,1,0.25,0,3
9210,21,21000,RENT,5,0,0,1,0,0,0,1,0,0,F,5000,20.89,1,0.24,0,2
9255,21,24000,RENT,2,0,0,1,0,0,0,1,0,0,C,5000,12.98,0,0.21,0,2
9267,26,25000,RENT,2,0,0,1,0,0,0,1,0,0,B,5000,12.69,0,0.2,0,3
9290,24,26400,RENT,5,0,0,1,0,0,0,1,0,0,A,5000,7.9,0,0.19,0,4
9306,21,27200,RENT,0,0,0,1,0,0,0,1,0,0,C,5000,,0,0.18,0,3
9389,23,70000,RENT,5,0,0,1,0,0,0,1,0,0,B,8000,11.99,0,0.11,0,4
9408,22,72000,RENT,0,0,0,1,0,0,0,1,0,0,A,8000,7.9,0,0.11,0,4
9421,23,75000,RENT,2,0,0,1,0,0,0,1,0,0,A,8000,7.9,0,0.11,0,4
9433,25,76460,RENT,1,0,0,1,0,0,0,1,0,0,A,8000,6.03,0,0.1,0,3
9439,24,79000,RENT,0,0,0,1,0,0,0,1,0,0,B,8000,11.49,0,0.1,0,2
9461,22,66300,RENT,4,0,0,1,0,0,0,1,0,0,E,8000,18.39,1,0.1,0,4
9471,25,87000,RENT,3,0,0,1,0,0,0,1,0,0,B,8000,10.37,0,0.09,0,2
9483,23,90000,RENT,5,0,0,1,0,0,0,1,0,0,A,8000,6.92,0,0.09,0,3
9511,26,100000,RENT,6,0,0,1,0,0,0,1,0,0,A,8000,6.54,0,0.08,0,3
9535,25,123000,RENT,1,0,0,1,0,0,0,1,0,0,B,8000,12.53,0,0.07,0,3
9537,26,125000,RENT,0,0,0,1,0,0,0,1,0,0,B,8000,9.63,0,0.06,0,3
9541,23,130000,RENT,3,0,0,1,0,0,0,1,0,0,B,8000,11.99,0,0.06,0,3
9574,24,40944,RENT,0,0,0,1,0,0,0,1,0,0,B,8200,11.36,0,0.2,0,2
9579,23,30000,RENT,5,0,0,1,0,0,0,1,0,0,A,8250,7.51,0,0.28,0,4
9619,26,35960,RENT,10,0,0,1,0,0,0,1,0,0,B,8400,11.49,0,0.23,0,3
9633,22,42000,RENT,3,0,0,1,0,0,0,1,0,0,C,8400,14.35,0,0.2,0,4
9646,25,50000,RENT,6,0,0,1,0,0,0,1,0,0,C,8400,13.22,0,0.17,0,3
9663,26,55000,RENT,10,0,0,1,0,0,0,1,0,0,A,8400,8.94,0,0.15,0,3
9695,22,73500,RENT,2,0,0,1,0,0,0,1,0,0,A,8400,6.54,0,0.11,0,4
9699,24,100000,RENT,8,0,0,1,0,0,0,1,0,0,C,8400,13.06,0,0.08,0,4
9702,23,130000,RENT,0,0,0,1,0,0,0,1,0,0,A,8400,,0,0.06,0,4
9703,23,100300,RENT,3,0,0,1,0,0,0,1,0,0,D,8400,14.84,1,0.07,0,2
9715,22,42000,RENT,3,0,0,1,0,0,0,1,0,0,B,8550,11.99,0,0.2,0,2
9716,26,36000,RENT,5,0,0,1,0,0,0,1,0,0,B,8550,10.25,1,0.24,0,2
9735,22,69000,RENT,5,0,0,1,0,0,0,1,0,0,B,8650,11.49,0,0.13,0,3
9747,24,29004,RENT,5,0,0,1,0,0,0,1,0,0,B,8725,12.18,0,0.3,0,2
9762,21,20000,RENT,2,0,0,1,0,0,0,1,0,0,A,9000,7.51,1,0.45,0,4
9765,25,25000,RENT,5,0,0,1,0,0,0,1,0,0,B,9000,11.49,1,0.36,0,2
9768,24,25000,RENT,2,0,0,1,0,0,0,1,0,0,B,9000,11.48,1,0.36,0,2
9771,22,25920,RENT,1,0,0,1,0,0,0,1,0,0,C,9000,10.59,1,0.35,0,2
9777,21,26785,RENT,6,0,0,1,0,0,0,1,0,0,A,9000,7.9,1,0.34,0,4
9782,22,28800,RENT,5,0,0,1,0,0,0,1,0,0,B,9000,10.99,1,0.31,0,2
9804,25,33000,RENT,5,0,0,1,0,0,0,1,0,0,A,9000,7.14,0,0.27,0,2
9814,21,35000,RENT,5,0,0,1,0,0,0,1,0,0,A,9000,8.94,0,0.26,0,3
9816,22,29000,RENT,7,0,0,1,0,0,0,1,0,0,B,9000,,1,0.31,0,2
9839,22,37500,RENT,0,0,0,1,0,0,0,1,0,0,B,9000,9.63,0,0.24,0,4
9846,22,38500,RENT,1,0,0,1,0,0,0,1,0,0,B,9000,10.83,0,0.23,0,2
9876,25,42900,RENT,9,0,0,1,0,0,0,1,0,0,A,9000,6.76,0,0.21,0,4
9885,25,44000,RENT,9,0,0,1,0,0,0,1,0,0,A,9000,7.29,0,0.2,0,3
9886,25,44000,RENT,0,0,0,1,0,0,0,1,0,0,A,9000,8.94,0,0.2,0,3
9892,21,45000,RENT,3,0,0,1,0,0,0,1,0,0,A,9000,8.49,0,0.2,0,3
9907,24,45888,RENT,5,0,0,1,0,0,0,1,0,0,A,9000,5.79,0,0.2,0,3
9911,25,46500,RENT,9,0,0,1,0,0,0,1,0,0,C,9000,,0,0.19,0,3
9937,24,51000,RENT,3,0,0,1,0,0,0,1,0,0,A,9000,5.79,0,0.18,0,3
9946,22,52000,RENT,0,0,0,1,0,0,0,1,0,0,B,9000,10.65,0,0.17,0,3
9981,24,54996,RENT,6,0,0,1,0,0,0,1,0,0,B,9100,,0,0.17,0,2
9984,22,30000,RENT,6,0,0,1,0,0,0,1,0,0,B,9150,10.59,0,0.3,0,2
9992,21,43000,RENT,2,0,0,1,0,0,0,1,0,0,A,9200,8.94,0,0.21,0,2
10000,23,66000,RENT,0,0,0,1,0,0,0,1,0,0,B,9200,11.86,0,0.14,0,2
10005,25,82000,RENT,2,0,0,1,0,0,0,1,0,0,A,9200,6.03,0,0.11,0,3
10014,25,25716,RENT,1,0,0,1,0,0,0,1,0,0,A,9250,6.54,1,0.36,0,3
10023,24,27456,RENT,1,0,0,1,0,0,0,1,0,0,C,9250,12.87,1,0.34,0,3
10033,22,31000,RENT,7,0,0,1,0,0,0,1,0,0,D,9250,14.11,1,0.3,0,4
10067,24,25000,RENT,3,0,0,1,0,0,0,1,0,0,A,9450,6.62,1,0.38,0,4
10073,26,34200,RENT,9,0,0,1,0,0,0,1,0,0,D,9450,15.62,1,0.28,0,3
10082,24,28000,RENT,1,0,0,1,0,0,0,1,0,0,A,9500,5.99,1,0.34,0,3
10083,26,28000,RENT,4,0,0,1,0,0,0,1,0,0,A,9500,8.94,1,0.34,0,4
10087,24,37157,RENT,4,0,0,1,0,0,0,1,0,0,B,9500,10.99,0,0.26,0,2
10095,25,46000,RENT,1,0,0,1,0,0,0,1,0,0,B,9500,,0,0.21,0,3
10102,24,48602,RENT,0,0,0,1,0,0,0,1,0,0,C,9500,12.73,0,0.2,0,4
10105,22,50000,RENT,6,0,0,1,0,0,0,1,0,0,A,9500,6.99,0,0.19,0,2
10108,23,54000,RENT,7,0,0,1,0,0,0,1,0,0,C,9500,14.65,0,0.18,0,2
10123,24,58650,RENT,4,0,0,1,0,0,0,1,0,0,D,9500,16.49,1,0.14,0,3
10147,26,33996,RENT,1,0,0,1,0,0,0,1,0,0,B,9600,9.88,0,0.28,0,2
10152,25,34000,RENT,3,0,0,1,0,0,0,1,0,0,A,9600,7.88,0,0.28,0,4
10193,21,45000,RENT,3,0,0,1,0,0,0,1,0,0,B,9600,12.18,0,0.21,0,3
10224,22,55000,RENT,3,0,0,1,0,0,0,1,0,0,A,9600,8.9,0,0.17,0,4
10252,22,65000,RENT,3,0,0,1,0,0,0,1,0,0,C,9600,11.97,0,0.15,0,2
10263,23,70560,RENT,1,0,0,1,0,0,0,1,0,0,A,9600,7.9,0,0.14,0,4
10290,23,85000,RENT,2,0,0,1,0,0,0,1,0,0,B,9600,10.99,0,0.11,0,4
10315,21,70000,RENT,5,0,0,1,0,0,0,1,0,0,B,9700,12.53,0,0.14,0,4
10349,24,21600,RENT,,0,0,1,0,0,0,1,0,0,B,10000,9.91,1,0.46,0,3
10355,22,23000,RENT,6,0,0,1,0,0,0,1,0,0,B,10000,9.88,1,0.43,0,2
10362,26,24000,RENT,3,0,0,1,0,0,0,1,0,0,A,10000,,1,0.42,0,2
10379,22,24996,RENT,3,0,0,1,0,0,0,1,0,0,A,10000,8.94,1,0.4,0,4
10416,21,26400,RENT,3,0,0,1,0,0,0,1,0,0,A,10000,,1,0.38,0,2
10417,24,26400,RENT,5,0,0,1,0,0,0,1,0,0,A,10000,6.54,1,0.38,0,4
10420,23,27000,RENT,6,0,0,1,0,0,0,1,0,0,B,10000,10.65,1,0.37,0,3
10421,23,27000,RENT,5,0,0,1,0,0,0,1,0,0,B,10000,,1,0.37,0,2
10427,24,28000,RENT,8,0,0,1,0,0,0,1,0,0,A,10000,6.91,1,0.36,0,3
10431,22,29000,RENT,6,0,0,1,0,0,0,1,0,0,A,10000,7.29,1,0.34,0,3
10458,24,30000,RENT,3,0,0,1,0,0,0,1,0,0,A,10000,5.79,1,0.33,0,4
10460,25,30000,RENT,9,0,0,1,0,0,0,1,0,0,A,10000,7.51,1,0.33,0,2
10472,25,30000,RENT,4,0,0,1,0,0,0,1,0,0,A,10000,7.51,1,0.33,0,3
10476,23,30000,RENT,7,0,0,1,0,0,0,1,0,0,B,10000,12.18,1,0.33,0,3
10478,21,30000,RENT,1,0,0,1,0,0,0,1,0,0,B,10000,11.14,1,0.33,0,2
10482,24,30000,RENT,0,0,0,1,0,0,0,1,0,0,D,10000,14.61,1,0.33,0,3
10487,22,30000,RENT,1,0,0,1,0,0,0,1,0,0,A,10000,9.63,1,0.33,0,4
10489,22,30000,RENT,1,0,0,1,0,0,0,1,0,0,C,10000,12.53,1,0.33,0,4
10507,23,31000,RENT,0,0,0,1,0,0,0,1,0,0,A,10000,7.51,1,0.32,0,2
10509,25,31200,RENT,3,0,0,1,0,0,0,1,0,0,B,10000,9.91,1,0.32,0,4
10523,23,32000,RENT,5,0,0,1,0,0,0,1,0,0,A,10000,7.29,1,0.31,0,3
10543,23,33000,RENT,1,0,0,1,0,0,0,1,0,0,A,10000,5.42,0,0.3,0,3
10545,26,33200,RENT,2,0,0,1,0,0,0,1,0,0,B,10000,11.49,0,0.3,0,2
10556,22,33600,RENT,2,0,0,1,0,0,0,1,0,0,B,10000,,0,0.3,0,4
10614,23,36000,RENT,5,0,0,1,0,0,0,1,0,0,B,10000,9.99,0,0.28,0,4
10617,22,36000,RENT,5,0,0,1,0,0,0,1,0,0,C,10000,13.49,0,0.28,0,2
10618,25,36000,RENT,2,0,0,1,0,0,0,1,0,0,A,10000,7.49,0,0.28,0,4
10634,21,36000,RENT,3,0,0,1,0,0,0,1,0,0,C,10000,13.22,0,0.28,0,4
10692,26,38004,RENT,3,0,0,1,0,0,0,1,0,0,C,10000,13.48,0,0.26,0,3
10700,21,32400,RENT,2,0,0,1,0,0,0,1,0,0,C,10000,13.23,1,0.31,0,4
10703,24,38700,RENT,2,0,0,1,0,0,0,1,0,0,B,10000,,0,0.26,0,3
10717,25,39500,RENT,2,0,0,1,0,0,0,1,0,0,A,10000,5.99,0,0.25,0,2
10720,22,33948,RENT,4,0,0,1,0,0,0,1,0,0,A,10000,8.32,1,0.29,0,2
10723,23,39996,RENT,8,0,0,1,0,0,0,1,0,0,B,10000,,0,0.25,0,2
10729,21,40000,RENT,2,0,0,1,0,0,0,1,0,0,B,10000,11.71,0,0.25,0,4
10758,24,40000,RENT,0,0,0,1,0,0,0,1,0,0,A,10000,5.79,0,0.25,0,2
10759,25,40000,RENT,6,0,0,1,0,0,0,1,0,0,B,10000,10,0,0.25,0,4
10778,22,40000,RENT,6,0,0,1,0,0,0,1,0,0,B,10000,12.21,0,0.25,0,2
10805,25,42000,RENT,9,0,0,1,0,0,0,1,0,0,C,10000,14.27,0,0.24,0,2
10809,23,42000,RENT,0,0,0,1,0,0,0,1,0,0,B,10000,,0,0.24,0,4
10817,26,42000,RENT,1,0,0,1,0,0,0,1,0,0,A,10000,6.54,0,0.24,0,4
10836,24,43000,RENT,4,0,0,1,0,0,0,1,0,0,B,10000,9.63,0,0.23,0,3
10839,24,43000,RENT,2,0,0,1,0,0,0,1,0,0,C,10000,13.16,0,0.23,0,4
10844,22,44000,RENT,6,0,0,1,0,0,0,1,0,0,B,10000,10.65,0,0.23,0,4
10859,25,45000,RENT,4,0,0,1,0,0,0,1,0,0,B,10000,12.69,0,0.22,0,2
10867,22,45000,RENT,6,0,0,1,0,0,0,1,0,0,B,10000,9.91,0,0.22,0,2
10923,25,23000,RENT,4,0,0,1,0,0,0,1,0,0,B,4300,11.86,0,0.19,0,3
10924,24,30000,RENT,1,0,0,1,0,0,0,1,0,0,B,4300,9.63,0,0.14,0,4
10934,22,50000,RENT,7,0,0,1,0,0,0,1,0,0,B,4250,12.69,0,0.09,0,4
10946,23,45756,RENT,8,0,0,1,0,0,0,1,0,0,A,10000,7.29,0,0.22,0,2
10964,25,31200,RENT,4,0,0,1,0,0,0,1,0,0,A,4200,8.9,0,0.13,0,3
10968,26,34400,RENT,5,0,0,1,0,0,0,1,0,0,A,4200,8.9,0,0.12,0,3
10975,21,36895,RENT,6,0,0,1,0,0,0,1,0,0,A,4200,9.32,0,0.11,0,3
10977,25,36996,RENT,4,0,0,1,0,0,0,1,0,0,B,4200,11.11,0,0.11,0,3
10979,21,40000,RENT,0,0,0,1,0,0,0,1,0,0,A,4200,7.51,0,0.1,0,4
10987,22,36000,RENT,4,0,0,1,0,0,0,1,0,0,B,4200,9.91,1,0.12,0,2
10993,26,48000,RENT,10,0,0,1,0,0,0,1,0,0,A,4200,6.92,0,0.09,0,3
11003,23,55000,RENT,7,0,0,1,0,0,0,1,0,0,B,4200,9.91,0,0.08,0,3
11011,23,54000,RENT,2,0,0,1,0,0,0,1,0,0,B,4200,10.99,1,0.08,0,2
11016,23,62000,RENT,2,0,0,1,0,0,0,1,0,0,A,4200,5.42,0,0.07,0,3
11030,21,30000,RENT,2,0,0,1,0,0,0,1,0,0,A,4150,6.76,0,0.14,0,3
11036,22,38004,RENT,0,0,0,1,0,0,0,1,0,0,B,4100,11.49,0,0.11,0,4
11037,23,42000,RENT,1,0,0,1,0,0,0,1,0,0,A,4100,7.88,0,0.1,0,2
11038,23,38000,RENT,1,0,0,1,0,0,0,1,0,0,D,4100,,1,0.11,0,4
11042,26,57000,RENT,10,0,0,1,0,0,0,1,0,0,B,4100,10.59,0,0.07,0,3
11045,24,14400,RENT,4,0,0,1,0,0,0,1,0,0,A,4050,6.91,1,0.28,0,4
11054,21,12000,RENT,0,0,0,1,0,0,0,1,0,0,B,4000,10.65,1,0.33,0,4
11099,26,48000,RENT,2,0,0,1,0,0,0,1,0,0,B,10000,12.21,0,0.21,0,3
11108,22,48132,RENT,5,0,0,1,0,0,0,1,0,0,B,10000,11.71,0,0.21,0,4
11113,22,43000,RENT,3,0,0,1,0,0,0,1,0,0,D,10000,16.77,1,0.23,0,2
11120,24,49639,RENT,8,0,0,1,0,0,0,1,0,0,C,10000,,0,0.2,0,3
11147,22,50000,RENT,0,0,0,1,0,0,0,1,0,0,C,10000,12.99,0,0.2,0,4
11164,23,50000,RENT,7,0,0,1,0,0,0,1,0,0,A,10000,,0,0.2,0,2
11172,22,50000,RENT,4,0,0,1,0,0,0,1,0,0,A,10000,6.17,0,0.2,0,2
11177,22,50000,RENT,6,0,0,1,0,0,0,1,0,0,A,10000,7.88,0,0.2,0,3
11188,23,50000,RENT,5,0,0,1,0,0,0,1,0,0,A,10000,8.94,0,0.2,0,3
11189,26,50000,RENT,0,0,0,1,0,0,0,1,0,0,B,10000,10.95,0,0.2,0,4
11243,22,53000,RENT,3,0,0,1,0,0,0,1,0,0,B,10000,9.99,0,0.19,0,4
11251,25,53004,RENT,3,0,0,1,0,0,0,1,0,0,A,10000,9.32,0,0.19,0,4
11268,26,54316,RENT,10,0,0,1,0,0,0,1,0,0,B,10000,11.86,0,0.18,0,2
11272,24,54996,RENT,5,0,0,1,0,0,0,1,0,0,C,10000,12.99,0,0.18,0,2
11295,22,55000,RENT,7,0,0,1,0,0,0,1,0,0,B,10000,10.37,0,0.18,0,2
11308,26,55000,RENT,7,0,0,1,0,0,0,1,0,0,A,10000,8.59,0,0.18,0,3
11320,24,56000,RENT,3,0,0,1,0,0,0,1,0,0,B,10000,12.21,0,0.18,0,2
11352,23,58216,RENT,5,0,0,1,0,0,0,1,0,0,A,10000,7.49,0,0.17,0,4
11372,24,60000,RENT,1,0,0,1,0,0,0,1,0,0,B,10000,,0,0.17,0,3
11374,22,60000,RENT,2,0,0,1,0,0,0,1,0,0,B,10000,11.71,0,0.17,0,2
11387,24,60000,RENT,4,0,0,1,0,0,0,1,0,0,A,10000,7.49,0,0.17,0,4
11394,24,60000,RENT,4,0,0,1,0,0,0,1,0,0,A,10000,6.54,0,0.17,0,2
11414,22,60000,RENT,0,0,0,1,0,0,0,1,0,0,B,10000,11.14,0,0.17,0,4
11421,21,60000,RENT,3,0,0,1,0,0,0,1,0,0,B,10000,12.18,0,0.17,0,2
11440,22,61500,RENT,3,0,0,1,0,0,0,1,0,0,C,10000,14.22,0,0.16,0,2
11443,23,62000,RENT,0,0,0,1,0,0,0,1,0,0,C,10000,14.27,0,0.16,0,3
11457,21,45000,RENT,4,0,0,1,0,0,0,1,0,0,A,4000,7.9,0,0.09,0,3
11477,24,45000,RENT,8,0,0,1,0,0,0,1,0,0,B,4000,11.83,0,0.09,0,2
11543,24,65000,RENT,4,0,0,1,0,0,0,1,0,0,B,10000,10.25,0,0.15,0,3
11557,23,66000,RENT,2,0,0,1,0,0,0,1,0,0,A,10000,9.32,0,0.15,0,4
11561,25,67000,RENT,9,0,0,1,0,0,0,1,0,0,C,10000,13.92,0,0.15,0,3
11567,24,67000,RENT,0,0,0,1,0,0,0,1,0,0,B,10000,9.64,0,0.15,0,4
11610,23,70000,RENT,1,0,0,1,0,0,0,1,0,0,B,10000,9.99,0,0.14,0,4
11618,25,70000,RENT,0,0,0,1,0,0,0,1,0,0,B,10000,10.95,0,0.14,0,3
11626,22,71000,RENT,3,0,0,1,0,0,0,1,0,0,A,10000,7.29,0,0.14,0,2
11654,25,73000,RENT,4,0,0,1,0,0,0,1,0,0,B,10000,11.71,0,0.14,0,3
11665,24,58650,RENT,1,0,0,1,0,0,0,1,0,0,D,10000,18.25,1,0.14,0,4
11720,26,78513,RENT,1,0,0,1,0,0,0,1,0,0,A,10000,8.94,0,0.13,0,4
11740,25,80000,RENT,0,0,0,1,0,0,0,1,0,0,B,10000,10.37,0,0.13,0,2
11764,26,81996,RENT,5,0,0,1,0,0,0,1,0,0,A,10000,7.29,0,0.12,0,4
11774,23,83000,RENT,3,0,0,1,0,0,0,1,0,0,A,10000,6.54,0,0.12,0,3
11816,23,85000,RENT,7,0,0,1,0,0,0,1,0,0,B,10000,11.89,0,0.12,0,4
11875,23,94000,RENT,0,0,0,1,0,0,0,1,0,0,B,10000,9.45,0,0.11,0,3
11877,25,70550,RENT,6,0,0,1,0,0,0,1,0,0,E,10000,16.77,1,0.12,0,3
11880,25,44966,RENT,3,0,0,1,0,0,0,1,0,0,A,10025,5.42,0,0.22,0,4
11894,26,40000,RENT,3,0,0,1,0,0,0,1,0,0,C,10200,,0,0.26,0,3
11910,22,90000,RENT,6,0,0,1,0,0,0,1,0,0,B,10200,11.71,0,0.11,0,3
11916,22,27300,RENT,1,0,0,1,0,0,0,1,0,0,B,11000,11.48,1,0.4,0,4
11918,21,29004,RENT,5,0,0,1,0,0,0,1,0,0,C,11000,14.22,1,0.38,0,2
11957,24,30852,RENT,4,0,0,1,0,0,0,1,0,0,A,11200,5.79,1,0.36,0,4
11967,26,36000,RENT,4,0,0,1,0,0,0,1,0,0,A,11200,,1,0.31,0,3
11971,24,41600,RENT,2,0,0,1,0,0,0,1,0,0,B,11200,10.62,0,0.27,0,3
11990,22,52000,RENT,,0,0,1,0,0,0,1,0,0,A,11200,6.62,0,0.22,0,4
12039,21,35000,RENT,5,0,0,1,0,0,0,1,0,0,C,11300,13.49,1,0.32,0,3
12048,23,71000,RENT,7,0,0,1,0,0,0,1,0,0,A,11300,7.49,0,0.16,0,2
12052,25,36000,RENT,7,0,0,1,0,0,0,1,0,0,B,11325,12.69,1,0.31,0,4
12056,24,43000,RENT,3,0,0,1,0,0,0,1,0,0,A,11400,,0,0.27,0,2
12139,26,71000,RENT,0,0,0,1,0,0,0,1,0,0,B,11600,10.99,0,0.16,0,2
12142,23,57996,RENT,1,0,0,1,0,0,0,1,0,0,C,11650,13.47,0,0.2,0,2
12143,26,30000,RENT,6,0,0,1,0,0,0,1,0,0,B,11700,11.71,1,0.39,0,2
12180,24,26000,RENT,5,0,0,1,0,0,0,1,0,0,A,12000,7.9,1,0.46,0,2
12181,25,26000,RENT,5,0,0,1,0,0,0,1,0,0,B,12000,11.99,1,0.46,0,3
12213,22,30000,RENT,0,0,0,1,0,0,0,1,0,0,A,12000,9.32,1,0.4,0,3
12227,24,32000,RENT,4,0,0,1,0,0,0,1,0,0,A,12000,7.51,1,0.38,0,2
12231,24,32000,RENT,1,0,0,1,0,0,0,1,0,0,A,12000,7.29,1,0.38,0,2
12236,26,32000,RENT,6,0,0,1,0,0,0,1,0,0,A,12000,8.94,1,0.38,0,3
12239,22,32500,RENT,0,0,0,1,0,0,0,1,0,0,B,12000,11.49,1,0.37,0,2
12246,21,33600,RENT,2,0,0,1,0,0,0,1,0,0,B,12000,11.12,1,0.36,0,3
12248,24,34000,RENT,8,0,0,1,0,0,0,1,0,0,B,12000,11.71,1,0.35,0,4
12266,24,34500,RENT,4,0,0,1,0,0,0,1,0,0,B,12000,10.38,1,0.35,0,2
12286,25,36000,RENT,0,0,0,1,0,0,0,1,0,0,B,12000,9.91,1,0.33,0,3
12291,24,36000,RENT,7,0,0,1,0,0,0,1,0,0,B,12000,8.88,1,0.33,0,4
12341,25,38340,RENT,9,0,0,1,0,0,0,1,0,0,B,12000,11.71,1,0.31,0,2
12348,26,38400,RENT,0,0,0,1,0,0,0,1,0,0,A,12000,5.99,1,0.31,0,2
12349,25,38599,RENT,3,0,0,1,0,0,0,1,0,0,B,12000,10.38,1,0.31,0,4
12354,23,39000,RENT,7,0,0,1,0,0,0,1,0,0,B,12000,10.83,1,0.31,0,3
12357,25,39600,RENT,2,0,0,1,0,0,0,1,0,0,B,12000,10.99,0,0.3,0,2
12373,24,40000,RENT,6,0,0,1,0,0,0,1,0,0,C,12000,13.49,0,0.3,0,2
12380,26,40000,RENT,2,0,0,1,0,0,0,1,0,0,A,12000,7.51,0,0.3,0,2
12383,26,40000,RENT,2,0,0,1,0,0,0,1,0,0,A,12000,7.88,0,0.3,0,2
12392,23,40100,RENT,7,0,0,1,0,0,0,1,0,0,B,12000,9.91,0,0.3,0,2
12469,25,45000,RENT,0,0,0,1,0,0,0,1,0,0,A,12000,7.66,0,0.27,0,4
12478,21,45176,RENT,1,0,0,1,0,0,0,1,0,0,B,12000,11.49,0,0.27,0,3
12479,24,45204,RENT,0,0,0,1,0,0,0,1,0,0,A,12000,7.51,0,0.27,0,4
12480,25,45600,RENT,5,0,0,1,0,0,0,1,0,0,C,12000,13.23,0,0.26,0,4
12494,22,46000,RENT,1,0,0,1,0,0,0,1,0,0,C,12000,12.84,0,0.26,0,3
12501,25,47000,RENT,3,0,0,1,0,0,0,1,0,0,B,12000,10.37,0,0.26,0,2
12509,23,47840,RENT,7,0,0,1,0,0,0,1,0,0,B,12000,12.69,0,0.25,0,4
12521,26,48000,RENT,0,0,0,1,0,0,0,1,0,0,C,12000,11.66,0,0.25,0,3
12537,23,60000,RENT,4,0,0,1,0,0,0,1,0,0,A,12000,6.03,0,0.2,0,3
12548,22,60000,RENT,2,0,0,1,0,0,0,1,0,0,B,12000,10.37,0,0.2,0,3
12550,26,60000,RENT,7,0,0,1,0,0,0,1,0,0,B,12000,,0,0.2,0,3
12566,24,60000,RENT,5,0,0,1,0,0,0,1,0,0,A,12000,9.63,0,0.2,0,2
12612,24,25000,RENT,3,0,0,1,0,0,0,1,0,0,B,3000,10.95,0,0.12,0,2
12621,24,26400,RENT,7,0,0,1,0,0,0,1,0,0,A,3000,,0,0.11,0,2
12623,25,26500,RENT,1,0,0,1,0,0,0,1,0,0,B,3000,10.62,0,0.11,0,3
12632,22,27996,RENT,4,0,0,1,0,0,0,1,0,0,A,3000,,0,0.11,0,2
12634,24,28000,RENT,4,0,0,1,0,0,0,1,0,0,B,3000,10.25,0,0.11,0,3
12664,25,62300,RENT,9,0,0,1,0,0,0,1,0,0,A,12000,7.9,0,0.19,0,4
12685,22,58000,RENT,3,0,0,1,0,0,0,1,0,0,B,12000,,1,0.21,0,3
12717,26,66000,RENT,3,0,0,1,0,0,0,1,0,0,B,12000,11.83,0,0.18,0,2
12745,25,70000,RENT,4,0,0,1,0,0,0,1,0,0,B,12000,10.37,0,0.17,0,3
12752,23,70000,RENT,4,0,0,1,0,0,0,1,0,0,A,12000,,0,0.17,0,2
12774,22,72000,RENT,6,0,0,1,0,0,0,1,0,0,B,12000,10.99,0,0.17,0,4
12783,24,72000,RENT,8,0,0,1,0,0,0,1,0,0,A,12000,7.88,0,0.17,0,4
12795,25,57424,RENT,2,0,0,1,0,0,0,1,0,0,D,12000,15.31,1,0.18,0,4
12817,26,41004,RENT,2,0,0,1,0,0,0,1,0,0,B,3000,11.14,0,0.07,0,2
12821,23,42000,RENT,2,0,0,1,0,0,0,1,0,0,A,3000,6.62,0,0.07,0,3
12826,22,36000,RENT,6,0,0,1,0,0,0,1,0,0,B,3000,11.49,1,0.08,0,4
12851,24,42000,RENT,0,0,0,1,0,0,0,1,0,0,C,3000,12.73,0,0.07,0,4
12855,26,42000,RENT,10,0,0,1,0,0,0,1,0,0,B,3000,11.83,0,0.07,0,2
12873,23,74000,RENT,6,0,0,1,0,0,0,1,0,0,B,12000,12.53,0,0.16,0,4
12881,23,75000,RENT,4,0,0,1,0,0,0,1,0,0,A,12000,6.03,0,0.16,0,3
12898,26,75000,RENT,0,0,0,1,0,0,0,1,0,0,B,12000,10.38,0,0.16,0,3
12912,24,77000,RENT,6,0,0,1,0,0,0,1,0,0,B,12000,11.49,0,0.16,0,4
12915,25,78500,RENT,2,0,0,1,0,0,0,1,0,0,B,12000,10.99,0,0.15,0,2
12925,24,80000,RENT,5,0,0,1,0,0,0,1,0,0,B,12000,12.69,0,0.15,0,2
12932,23,80000,RENT,5,0,0,1,0,0,0,1,0,0,B,12000,12.42,0,0.15,0,2
12933,23,80000,RENT,1,0,0,1,0,0,0,1,0,0,A,12000,6.62,0,0.15,0,4
12945,23,62900,RENT,2,0,0,1,0,0,0,1,0,0,D,12000,14.96,1,0.16,0,4
13009,23,85000,RENT,3,0,0,1,0,0,0,1,0,0,A,12000,,0,0.14,0,2
13019,23,85000,RENT,1,0,0,1,0,0,0,1,0,0,A,12000,9.63,0,0.14,0,2
13054,23,90000,RENT,0,0,0,1,0,0,0,1,0,0,A,12000,8.9,0,0.13,0,3
13085,26,90000,RENT,0,0,0,1,0,0,0,1,0,0,A,12000,9.38,0,0.13,0,3
13114,22,70550,RENT,4,0,0,1,0,0,0,1,0,0,E,12000,15.68,1,0.14,0,3
13146,25,78200,RENT,9,0,0,1,0,0,0,1,0,0,E,12000,16.4,1,0.13,0,4
13176,25,123144,RENT,2,0,0,1,0,0,0,1,0,0,B,12000,10.75,0,0.1,0,2
13178,26,125000,RENT,3,0,0,1,0,0,0,1,0,0,A,12000,6.99,0,0.1,0,4
13207,24,125375,RENT,0,0,0,1,0,0,0,1,0,0,C,12000,14.27,1,0.08,0,2
13239,24,26000,RENT,1,0,0,1,0,0,0,1,0,0,B,12250,11.49,1,0.47,0,2
13241,24,28800,RENT,5,0,0,1,0,0,0,1,0,0,B,12250,9.99,1,0.43,0,4
13256,23,36000,RENT,4,0,0,1,0,0,0,1,0,0,B,12250,10.74,1,0.34,0,3
13262,25,45600,RENT,3,0,0,1,0,0,0,1,0,0,D,12250,14.84,1,0.27,0,3
13270,23,39000,RENT,7,0,0,1,0,0,0,1,0,0,A,12300,,1,0.32,0,2
13306,26,39000,RENT,5,0,0,1,0,0,0,1,0,0,B,2800,10,0,0.07,0,2
13309,24,40000,RENT,8,0,0,1,0,0,0,1,0,0,B,2800,10.25,0,0.07,0,2
13316,26,36120,RENT,3,0,0,1,0,0,0,1,0,0,C,2800,13.35,1,0.08,0,4
13335,23,50000,RENT,4,0,0,1,0,0,0,1,0,0,B,2800,11.86,0,0.06,0,2
13406,21,22240,RENT,5,0,0,1,0,0,0,1,0,0,B,2650,9.88,0,0.12,0,3
13495,25,45000,RENT,1,0,0,1,0,0,0,1,0,0,B,12500,10.37,0,0.28,0,3
13502,22,50000,RENT,4,0,0,1,0,0,0,1,0,0,A,12500,7.29,0,0.25,0,2
13514,21,52000,RENT,5,0,0,1,0,0,0,1,0,0,B,12500,,0,0.24,0,3
13516,24,54996,RENT,0,0,0,1,0,0,0,1,0,0,C,12500,12.87,0,0.23,0,2
13530,22,62000,RENT,6,0,0,1,0,0,0,1,0,0,A,12500,7.29,0,0.2,0,2
13545,26,95000,RENT,3,0,0,1,0,0,0,1,0,0,C,12500,12.61,0,0.13,0,2
13555,22,30000,RENT,0,0,0,1,0,0,0,1,0,0,B,12600,11.99,1,0.42,0,4
13556,25,42504,RENT,0,0,0,1,0,0,0,1,0,0,B,12600,11.26,0,0.3,0,3
13573,22,52000,RENT,3,0,0,1,0,0,0,1,0,0,D,12750,18.25,1,0.25,0,4
13581,22,40000,RENT,0,0,0,1,0,0,0,1,0,0,A,12800,8.9,1,0.32,0,2
13598,23,58000,RENT,1,0,0,1,0,0,0,1,0,0,B,12800,12.42,0,0.22,0,2
13613,24,77385,RENT,4,0,0,1,0,0,0,1,0,0,A,12800,,0,0.17,0,4
13623,26,35000,RENT,10,0,0,1,0,0,0,1,0,0,B,12875,,1,0.37,0,2
13633,22,50000,RENT,3,0,0,1,0,0,0,1,0,0,C,13000,12.23,0,0.26,0,3
13639,26,50000,RENT,0,0,0,1,0,0,0,1,0,0,C,13000,12.09,0,0.26,0,3
13687,23,60000,RENT,3,0,0,1,0,0,0,1,0,0,A,13000,7.66,1,0.22,0,4
13719,24,84000,RENT,3,0,0,1,0,0,0,1,0,0,B,13000,11.83,0,0.15,0,3
13743,24,90100,RENT,6,0,0,1,0,0,0,1,0,0,B,13000,12.69,1,0.12,0,4
13760,25,57840,RENT,5,0,0,1,0,0,0,1,0,0,B,13600,9.99,0,0.24,0,2
13778,26,64900,RENT,4,0,0,1,0,0,0,1,0,0,B,13625,,0,0.21,0,3
13795,25,45000,RENT,3,0,0,1,0,0,0,1,0,0,E,13650,18.79,1,0.3,0,2
13840,24,42996,RENT,2,0,0,1,0,0,0,1,0,0,A,14000,7.51,1,0.33,0,2
13910,22,54000,RENT,0,0,0,1,0,0,0,1,0,0,A,14000,7.14,0,0.26,0,2
13950,24,56004,RENT,2,0,0,1,0,0,0,1,0,0,C,14000,12.61,0,0.25,0,2
13957,26,60000,RENT,2,0,0,1,0,0,0,1,0,0,B,14000,12.69,0,0.23,0,4
14001,22,65000,RENT,3,0,0,1,0,0,0,1,0,0,A,14000,7.49,0,0.22,0,2
14015,26,69575,RENT,3,0,0,1,0,0,0,1,0,0,A,14000,9.63,0,0.2,0,3
14021,24,55845,RENT,1,0,0,1,0,0,0,1,0,0,D,14000,14.96,1,0.21,0,4
14081,23,86000,RENT,4,0,0,1,0,0,0,1,0,0,A,14000,6.62,0,0.16,0,3
14085,25,90996,RENT,5,0,0,1,0,0,0,1,0,0,C,14000,12.23,0,0.15,0,2
14101,24,74800,RENT,4,0,0,1,0,0,0,1,0,0,E,14000,16.45,1,0.16,0,2
14107,24,105000,RENT,0,0,0,1,0,0,0,1,0,0,A,14000,7.88,0,0.13,0,4
14114,24,110004,RENT,5,0,0,1,0,0,0,1,0,0,A,14000,7.88,0,0.13,0,2
14117,23,120000,RENT,3,0,0,1,0,0,0,1,0,0,B,14000,9.99,0,0.12,0,4
14120,24,120000,RENT,2,0,0,1,0,0,0,1,0,0,B,14000,10,0,0.12,0,3
14132,22,140000,RENT,0,0,0,1,0,0,0,1,0,0,C,14000,13.11,0,0.1,0,3
14159,23,32000,RENT,5,0,0,1,0,0,0,1,0,0,A,14125,7.9,1,0.44,0,2
14164,25,33000,RENT,1,0,0,1,0,0,0,1,0,0,B,14125,9.91,1,0.43,0,3
14205,26,43000,RENT,7,0,0,1,0,0,0,1,0,0,B,14400,9.62,1,0.33,0,4
14228,24,57000,RENT,8,0,0,1,0,0,0,1,0,0,A,14400,7.49,0,0.25,0,4
14251,25,64000,RENT,9,0,0,1,0,0,0,1,0,0,B,14400,9.62,0,0.23,0,2
14281,23,80000,RENT,1,0,0,1,0,0,0,1,0,0,C,14400,12.68,0,0.18,0,4
14286,26,81380,RENT,9,0,0,1,0,0,0,1,0,0,B,14400,10.37,0,0.18,0,4
14303,25,100000,RENT,1,0,0,1,0,0,0,1,0,0,B,14400,11.71,0,0.14,0,3
14305,22,100000,RENT,2,0,0,1,0,0,0,1,0,0,B,14400,10.74,0,0.14,0,3
14313,24,135000,RENT,6,0,0,1,0,0,0,1,0,0,B,14400,12.69,0,0.11,0,4
14327,25,30600,RENT,0,0,0,1,0,0,0,1,0,0,E,14500,17.04,1,0.47,0,3
14334,26,35000,RENT,,0,0,1,0,0,0,1,0,0,B,14500,11.49,1,0.41,0,3
14401,26,35000,RENT,7,0,0,1,0,0,0,1,0,0,B,14575,10.65,1,0.42,0,3
14402,23,38800,RENT,2,0,0,1,0,0,0,1,0,0,A,14575,,1,0.38,0,4
14419,26,28800,RENT,10,0,0,1,0,0,0,1,0,0,B,15000,10,1,0.52,0,2
14432,21,31200,RENT,,0,0,1,0,0,0,1,0,0,A,15000,6.62,1,0.48,0,3
14469,21,34800,RENT,3,0,0,1,0,0,0,1,0,0,B,2000,11.71,0,0.06,0,3
14477,26,35000,RENT,9,0,0,1,0,0,0,1,0,0,C,2000,13.99,0,0.06,0,2
14486,25,35400,RENT,2,0,0,1,0,0,0,1,0,0,A,2000,8.49,0,0.06,0,2
14496,26,36108,RENT,7,0,0,1,0,0,0,1,0,0,D,2000,16.49,0,0.06,0,3
14497,24,37000,RENT,2,0,0,1,0,0,0,1,0,0,A,2000,5.42,0,0.05,0,4
14509,24,38000,RENT,1,0,0,1,0,0,0,1,0,0,B,2000,11.83,0,0.05,0,2
14545,21,33800,RENT,5,0,0,1,0,0,0,1,0,0,B,15000,11.71,1,0.44,0,2
14551,25,42000,RENT,2,0,0,1,0,0,0,1,0,0,B,2000,9.25,0,0.05,0,3
14565,23,42870,RENT,7,0,0,1,0,0,0,1,0,0,A,2000,5.42,0,0.05,0,3
14572,26,37680,RENT,5,0,0,1,0,0,0,1,0,0,D,2000,14.96,1,0.05,0,3
14632,25,49029,RENT,8,0,0,1,0,0,0,1,0,0,B,2000,11.99,0,0.04,0,2
14650,21,36000,RENT,3,0,0,1,0,0,0,1,0,0,A,15000,6.62,1,0.42,0,2
14708,26,40000,RENT,4,0,0,1,0,0,0,1,0,0,B,15000,10.99,1,0.38,0,3
14713,24,40000,RENT,0,0,0,1,0,0,0,1,0,0,A,15000,7.88,1,0.38,0,4
14794,23,39000,RENT,7,0,0,1,0,0,0,1,0,0,D,15000,15.28,1,0.38,0,3
14799,23,45000,RENT,0,0,0,1,0,0,0,1,0,0,B,15000,,1,0.33,0,3
14803,25,45000,RENT,0,0,0,1,0,0,0,1,0,0,C,15000,13.48,1,0.33,0,2
14816,26,39000,RENT,3,0,0,1,0,0,0,1,0,0,D,15000,15.37,1,0.38,0,2
14825,26,47000,RENT,7,0,0,1,0,0,0,1,0,0,A,15000,7.9,1,0.32,0,4
14849,24,35000,RENT,0,0,0,1,0,0,0,1,0,0,A,1800,7.14,0,0.05,0,2
14852,26,35000,RENT,3,0,0,1,0,0,0,1,0,0,B,1800,11.36,0,0.05,0,3
14854,25,30000,RENT,9,0,0,1,0,0,0,1,0,0,A,1800,8.49,1,0.06,0,2
14891,22,42000,RENT,6,0,0,1,0,0,0,1,0,0,B,15000,9.63,1,0.36,0,3
14907,22,48000,RENT,5,0,0,1,0,0,0,1,0,0,B,15000,11.89,1,0.31,0,4
14913,25,43000,RENT,9,0,0,1,0,0,0,1,0,0,D,15000,15.57,1,0.35,0,3
14914,25,49000,RENT,5,0,0,1,0,0,0,1,0,0,B,15000,12.18,1,0.31,0,4
14915,24,49812,RENT,4,0,0,1,0,0,0,1,0,0,A,15000,6.17,0,0.3,0,3
14986,24,51000,RENT,6,0,0,1,0,0,0,1,0,0,B,15000,11.12,0,0.29,0,3
14998,24,51996,RENT,2,0,0,1,0,0,0,1,0,0,C,15000,13.22,0,0.29,0,3
15001,23,46000,RENT,3,0,0,1,0,0,0,1,0,0,D,15000,16,1,0.33,0,4
15026,25,25000,RENT,4,0,0,1,0,0,0,1,0,0,C,1600,12.98,0,0.06,0,3
15033,22,28150,RENT,0,0,0,1,0,0,0,1,0,0,A,1600,6.39,0,0.06,0,4
15034,25,28800,RENT,2,0,0,1,0,0,0,1,0,0,A,1600,6.62,0,0.06,0,2
15041,22,31000,RENT,2,0,0,1,0,0,0,1,0,0,A,1600,9.32,0,0.05,0,3
15067,22,48000,RENT,1,0,0,1,0,0,0,1,0,0,C,1600,14.26,0,0.03,0,4
15103,23,14088,RENT,2,0,0,1,0,0,0,1,0,0,B,1500,8.88,0,0.11,0,2
15125,25,16200,RENT,2,0,0,1,0,0,0,1,0,0,A,1500,6.91,0,0.09,0,4
15162,24,20160,RENT,3,0,0,1,0,0,0,1,0,0,C,1500,13.35,0,0.07,0,4
15163,22,21216,RENT,0,0,0,1,0,0,0,1,0,0,B,1500,11.86,0,0.07,0,2
15198,23,48996,RENT,2,0,0,1,0,0,0,1,0,0,D,15000,15.99,1,0.31,0,4
15201,24,54996,RENT,7,0,0,1,0,0,0,1,0,0,B,15000,11.14,0,0.27,0,4
15203,26,55000,RENT,10,0,0,1,0,0,0,1,0,0,B,15000,11.12,0,0.27,0,2
15206,22,49000,RENT,3,0,0,1,0,0,0,1,0,0,D,15000,14.61,1,0.31,0,3
15219,24,49700,RENT,3,0,0,1,0,0,0,1,0,0,E,15000,15.68,1,0.3,0,4
15254,23,59880,RENT,0,0,0,1,0,0,0,1,0,0,B,15000,,0,0.25,0,4
15256,22,60000,RENT,0,0,0,1,0,0,0,1,0,0,B,15000,11.71,0,0.25,0,4
15267,23,54000,RENT,7,0,0,1,0,0,0,1,0,0,C,15000,15.27,1,0.28,0,2
15300,22,60000,RENT,5,0,0,1,0,0,0,1,0,0,A,15000,,0,0.25,0,4
15342,21,56000,RENT,5,0,0,1,0,0,0,1,0,0,E,15000,16,1,0.27,0,2
15382,25,59000,RENT,4,0,0,1,0,0,0,1,0,0,B,15000,9.99,1,0.25,0,3
15395,23,65000,RENT,0,0,0,1,0,0,0,1,0,0,A,15000,7.88,0,0.23,0,3
15396,22,65000,RENT,0,0,0,1,0,0,0,1,0,0,B,15000,11.36,0,0.23,0,3
15398,24,65000,RENT,8,0,0,1,0,0,0,1,0,0,B,15000,9.88,0,0.23,0,2
15432,22,68000,RENT,7,0,0,1,0,0,0,1,0,0,B,15000,10.37,0,0.22,0,3
15437,21,69000,RENT,3,0,0,1,0,0,0,1,0,0,A,15000,8.49,0,0.22,0,2
15491,24,72000,RENT,4,0,0,1,0,0,0,1,0,0,B,15000,10.99,0,0.21,0,4
15496,23,56525,RENT,1,0,0,1,0,0,0,1,0,0,B,15000,11.48,1,0.23,0,4
15510,23,75000,RENT,4,0,0,1,0,0,0,1,0,0,B,15000,,0,0.2,0,3
15515,21,75000,RENT,5,0,0,1,0,0,0,1,0,0,B,15000,10.37,0,0.2,0,4
15599,23,84000,RENT,0,0,0,1,0,0,0,1,0,0,C,15000,11.34,0,0.18,0,3
15614,24,85000,RENT,0,0,0,1,0,0,0,1,0,0,C,15000,13.11,0,0.18,0,3
15622,26,87000,RENT,6,0,0,1,0,0,0,1,0,0,A,15000,5.99,0,0.17,0,2
15632,22,87800,RENT,3,0,0,1,0,0,0,1,0,0,B,15000,11.36,0,0.17,0,4
15646,22,90000,RENT,5,0,0,1,0,0,0,1,0,0,B,15000,11.49,0,0.17,0,4
15702,23,31200,RENT,0,0,0,1,0,0,0,1,0,0,E,15250,17.93,1,0.49,0,2
15718,24,120000,RENT,9,0,0,1,0,0,0,1,0,0,C,15400,14.26,0,0.13,0,2
15748,23,68000,RENT,3,0,0,1,0,0,0,1,0,0,B,15700,11.49,0,0.23,0,2
15755,23,84000,RENT,3,0,0,1,0,0,0,1,0,0,A,15850,8.49,0,0.19,0,4
15757,22,104000,RENT,3,0,0,1,0,0,0,1,0,0,C,15900,13.49,0,0.15,0,2
15770,23,80000,RENT,2,0,0,1,0,0,0,1,0,0,C,16000,13.85,0,0.2,0,3
15772,23,62900,RENT,1,0,0,1,0,0,0,1,0,0,E,16000,16.35,1,0.22,0,4
15813,24,96000,RENT,2,0,0,1,0,0,0,1,0,0,B,16000,11.99,0,0.17,0,3
15871,23,143000,RENT,2,0,0,1,0,0,0,1,0,0,A,16000,6.03,0,0.11,0,2
15919,24,53295,RENT,3,0,0,1,0,0,0,1,0,0,D,19600,16.07,1,0.31,0,3
15926,25,9600,RENT,4,0,0,1,0,0,0,1,0,0,D,2100,15.99,1,0.22,0,2
15928,25,9600,RENT,,0,0,1,0,0,0,1,0,0,C,1200,15.23,0,0.13,0,2
15931,21,9600,RENT,,0,0,1,0,0,0,1,0,0,B,2375,10,1,0.25,0,3
15944,22,8280,RENT,,0,0,1,0,0,0,1,0,0,B,2400,9.91,1,0.29,0,2
15946,23,8088,RENT,,0,0,1,0,0,0,1,0,0,B,1000,10,0,0.12,0,4
15947,21,8004,RENT,4,0,0,1,0,0,0,1,0,0,A,3000,7.88,1,0.37,0,2
15948,22,8000,RENT,,0,0,1,0,0,0,1,0,0,A,2100,7.51,1,0.26,0,2
15956,24,7000,RENT,2,0,0,1,0,0,0,1,0,0,C,1000,,0,0.14,0,2
15982,24,130000,RENT,7,0,0,1,0,0,0,1,0,0,B,24000,11.49,0,0.18,0,3
16016,26,51996,RENT,1,0,0,1,0,0,0,1,0,0,C,10000,13.23,0,0.19,0,4
16021,25,32000,RENT,1,0,0,1,0,0,0,1,0,0,E,2500,16.45,1,0.08,0,3
16049,26,36800,RENT,0,0,0,1,0,0,0,1,0,0,B,5900,10.71,0,0.16,0,4
16052,23,39000,RENT,3,0,0,1,0,0,0,1,0,0,B,10000,11.99,1,0.26,0,2
16061,22,28800,RENT,6,0,0,1,0,0,0,1,0,0,B,8000,11.49,0,0.28,0,2
16064,25,70000,RENT,3,0,0,1,0,0,0,1,0,0,A,5600,7.9,0,0.08,0,3
16086,22,54000,RENT,4,0,0,1,0,0,0,1,0,0,C,8075,13.06,0,0.15,0,3
16104,25,44000,RENT,1,0,0,1,0,0,0,1,0,0,D,8000,12.92,1,0.18,0,2
16106,25,78600,RENT,0,0,0,1,0,0,0,1,0,0,C,8400,13.48,0,0.11,0,4
16107,21,18000,RENT,,0,0,1,0,0,0,1,0,0,C,2400,14.72,0,0.13,0,3
16127,25,30720,RENT,6,0,0,1,0,0,0,1,0,0,B,10000,10.37,1,0.33,0,3
16129,26,18700,RENT,2,0,0,1,0,0,0,1,0,0,A,1500,5.42,0,0.08,0,3
16144,26,41400,RENT,5,0,0,1,0,0,0,1,0,0,B,7300,9.45,0,0.18,0,2
16152,24,23000,RENT,1,0,0,1,0,0,0,1,0,0,C,5000,,0,0.22,0,4
16162,26,16428,RENT,0,0,0,1,0,0,0,1,0,0,C,2400,12.23,0,0.15,0,3
16192,23,30000,RENT,1,0,0,1,0,0,0,1,0,0,A,8400,,1,0.28,0,2
16224,25,80000,RENT,0,0,0,1,0,0,0,1,0,0,B,11200,,0,0.14,0,2
16248,26,24000,RENT,5,0,0,1,0,0,0,1,0,0,A,6000,6.62,0,0.25,0,2
16259,23,122000,RENT,7,0,0,1,0,0,0,1,0,0,C,14000,13.48,0,0.11,0,4
16320,23,32400,RENT,4,0,0,1,0,0,0,1,0,0,A,4500,7.49,0,0.14,0,3
16322,21,36000,RENT,3,0,0,1,0,0,0,1,0,0,C,18500,10.91,1,0.51,0,2
16350,25,67000,RENT,3,0,0,1,0,0,0,1,0,0,A,7000,8.94,0,0.1,0,2
16369,24,42200,RENT,5,0,0,1,0,0,0,1,0,0,A,4450,9.32,0,0.11,0,4
16370,25,41412,RENT,,0,0,1,0,0,0,1,0,0,B,7600,11.12,0,0.18,0,4
16469,24,24000,RENT,5,0,0,1,0,0,0,1,0,0,C,5500,14.27,0,0.23,0,2
16470,23,65000,RENT,0,0,0,1,0,0,0,1,0,0,A,6000,9.63,0,0.09,0,3
16524,25,32000,RENT,2,0,0,1,0,0,0,1,0,0,D,8575,15.62,1,0.27,0,2
16530,24,84000,RENT,1,0,0,1,0,0,0,1,0,0,A,12000,6.91,0,0.14,0,2
16538,26,44000,RENT,5,0,0,1,0,0,0,1,0,0,C,4600,13.99,1,0.1,0,3
16563,24,54400,RENT,4,0,0,1,0,0,0,1,0,0,B,2500,11.14,1,0.04,0,2
16564,25,19200,RENT,3,0,0,1,0,0,0,1,0,0,B,5000,10.99,1,0.26,0,2
16577,24,40000,RENT,0,0,0,1,0,0,0,1,0,0,B,3600,10.59,0,0.09,0,4
16582,21,30000,RENT,0,0,0,1,0,0,0,1,0,0,B,1000,10.99,0,0.03,0,2
16587,23,48500,RENT,5,0,0,1,0,0,0,1,0,0,A,3850,8.49,0,0.08,0,2
16599,23,24000,RENT,2,0,0,1,0,0,0,1,0,0,B,2800,11.49,1,0.12,0,3
16607,25,34800,RENT,9,0,0,1,0,0,0,1,0,0,D,5600,16.77,1,0.16,0,4
16612,21,24000,RENT,,0,0,1,0,0,0,1,0,0,C,10000,13.48,1,0.42,0,2
16632,22,32000,RENT,7,0,0,1,0,0,0,1,0,0,C,14000,12.23,1,0.44,0,3
16662,26,45000,RENT,3,0,0,1,0,0,0,1,0,0,A,6000,7.49,0,0.13,0,3
16671,24,66300,RENT,4,0,0,1,0,0,0,1,0,0,D,30000,,1,0.38,0,3
16673,22,60350,RENT,1,0,0,1,0,0,0,1,0,0,D,25000,15.95,1,0.35,0,4
16688,24,30000,RENT,8,0,0,1,0,0,0,1,0,0,B,8000,9.25,0,0.27,0,2
16689,24,29000,RENT,4,0,0,1,0,0,0,1,0,0,D,14400,15.7,1,0.5,0,4
16690,23,21360,RENT,0,0,0,1,0,0,0,1,0,0,A,7500,7.14,1,0.35,0,4
16691,26,36000,RENT,,0,0,1,0,0,0,1,0,0,A,5400,8.9,0,0.15,0,4
16694,25,49600,RENT,9,0,0,1,0,0,0,1,0,0,A,12000,7.14,0,0.24,0,3
16696,23,43949,RENT,7,0,0,1,0,0,0,1,0,0,B,3000,11.49,0,0.07,0,2
16697,26,40000,RENT,2,0,0,1,0,0,0,1,0,0,A,12000,7.51,0,0.3,0,2
16701,23,70000,RENT,1,0,0,1,0,0,0,1,0,0,B,17000,8.88,0,0.24,0,4
16711,23,126000,RENT,0,0,0,1,0,0,0,1,0,0,C,8000,13.23,0,0.06,0,2
16722,22,52000,RENT,1,0,0,1,0,0,0,1,0,0,A,5000,6.99,0,0.1,0,2
16733,22,37200,RENT,6,0,0,1,0,0,0,1,0,0,B,10000,,1,0.27,0,3
16735,24,72000,RENT,8,0,0,1,0,0,0,1,0,0,A,14000,7.9,0,0.19,0,2
16740,23,28000,RENT,0,0,0,1,0,0,0,1,0,0,A,6000,9.63,0,0.21,0,4
16743,21,40800,RENT,3,0,0,1,0,0,0,1,0,0,D,12000,15.21,1,0.29,0,2
16745,23,33195,RENT,5,0,0,1,0,0,0,1,0,0,B,1800,11.99,0,0.05,0,3
16750,23,168600,RENT,3,0,0,1,0,0,0,1,0,0,B,20000,11.58,0,0.12,0,4
16764,23,75000,RENT,1,0,0,1,0,0,0,1,0,0,A,6000,6.03,0,0.08,0,3
16772,23,74000,RENT,3,0,0,1,0,0,0,1,0,0,B,25000,10.36,1,0.34,0,2
16792,24,35000,RENT,1,0,0,1,0,0,0,1,0,0,B,10000,,0,0.29,0,2
16804,24,62900,RENT,1,0,0,1,0,0,0,1,0,0,D,16800,15.65,1,0.23,0,4
16813,25,38400,RENT,5,0,0,1,0,0,0,1,0,0,B,2200,12.69,0,0.06,0,3
16820,22,48000,RENT,3,0,0,1,0,0,0,1,0,0,A,13000,7.88,1,0.27,0,2
16848,25,72000,RENT,2,0,0,1,0,0,0,1,0,0,B,10000,10.37,0,0.14,0,4
16850,24,65000,RENT,1,0,0,1,0,0,0,1,0,0,B,6400,9.99,0,0.1,0,3
16864,24,28800,RENT,2,0,0,1,0,0,0,1,0,0,B,8875,,1,0.31,0,4
16875,24,74400,RENT,1,0,0,1,0,0,0,1,0,0,A,3500,7.29,0,0.05,0,3
16929,25,57000,RENT,5,0,0,1,0,0,0,1,0,0,D,9600,14.46,1,0.17,0,3
16933,23,105000,RENT,7,0,0,1,0,0,0,1,0,0,B,7200,11.71,0,0.07,0,2
16939,24,47928,RENT,1,0,0,1,0,0,0,1,0,0,B,6000,12.53,0,0.13,0,3
16948,24,95000,RENT,0,0,0,1,0,0,0,1,0,0,A,4000,7.9,0,0.04,0,4
16963,25,36000,RENT,0,0,0,1,0,0,0,1,0,0,B,10000,11.11,0,0.28,0,3
16979,22,29570,RENT,6,0,0,1,0,0,0,1,0,0,D,8000,14.42,1,0.27,0,3
16993,26,39996,RENT,0,0,0,1,0,0,0,1,0,0,B,12000,,0,0.3,0,3
16994,25,30000,RENT,4,0,0,1,0,0,0,1,0,0,B,5000,11.86,0,0.17,0,4
16997,22,42000,RENT,1,0,0,1,0,0,0,1,0,0,B,10000,12.42,0,0.24,0,4
17000,23,78000,RENT,7,0,0,1,0,0,0,1,0,0,A,8100,7.29,0,0.1,0,2
17001,25,60000,RENT,9,0,0,1,0,0,0,1,0,0,B,7000,10.36,0,0.12,0,3
17003,24,29000,RENT,1,0,0,1,0,0,0,1,0,0,B,4000,9.96,1,0.14,0,3
17023,21,18456,RENT,2,0,0,1,0,0,0,1,0,0,C,3500,13.35,1,0.19,0,3
17024,22,150000,RENT,2,0,0,1,0,0,0,1,0,0,A,8200,6.99,0,0.05,0,3
17040,24,24000,RENT,1,0,0,1,0,0,0,1,0,0,A,8500,7.9,1,0.35,0,2
17041,21,55000,RENT,5,0,0,1,0,0,0,1,0,0,B,12000,10.62,0,0.22,0,2
17059,26,59000,RENT,7,0,0,1,0,0,0,1,0,0,D,6000,16.49,1,0.1,0,2
17060,25,29000,RENT,4,0,0,1,0,0,0,1,0,0,D,4000,16.29,1,0.14,0,4
17093,23,33000,RENT,7,0,0,1,0,0,0,1,0,0,D,5500,14.54,1,0.17,0,2
17108,23,60000,RENT,5,0,0,1,0,0,0,1,0,0,A,10000,7.14,0,0.17,0,2
17109,22,32000,RENT,0,0,0,1,0,0,0,1,0,0,B,3200,10.2,0,0.1,0,4
17110,22,91000,RENT,6,0,0,1,0,0,0,1,0,0,A,8000,6.92,0,0.09,0,4
17121,25,39996,RENT,2,0,0,1,0,0,0,1,0,0,B,10000,10.99,0,0.25,0,4
17139,24,85392,RENT,9,0,0,1,0,0,0,1,0,0,A,9600,7.29,0,0.11,0,3
17142,25,32000,RENT,1,0,0,1,0,0,0,1,0,0,D,6000,12.92,1,0.19,0,2
17182,24,79000,RENT,0,0,0,1,0,0,0,1,0,0,B,8000,11.49,0,0.1,0,4
17200,21,21600,RENT,0,0,0,1,0,0,0,1,0,0,B,2000,11.71,1,0.09,0,4
17207,24,51000,RENT,6,0,0,1,0,0,0,1,0,0,B,15000,11.12,0,0.29,0,2
17216,22,40800,RENT,5,0,0,1,0,0,0,1,0,0,A,2000,6.62,0,0.05,0,2
17220,26,45000,RENT,1,0,0,1,0,0,0,1,0,0,B,4000,12.21,0,0.09,0,2
17225,25,33000,RENT,0,0,0,1,0,0,0,1,0,0,A,1000,7.29,0,0.03,0,4
17243,24,40000,RENT,3,0,0,1,0,0,0,1,0,0,A,10000,,0,0.25,0,2
17247,26,80400,RENT,6,0,0,1,0,0,0,1,0,0,B,7000,10.65,0,0.09,0,2
17260,26,28800,RENT,10,0,0,1,0,0,0,1,0,0,B,15000,10,1,0.52,0,3
17268,26,33996,RENT,2,0,0,1,0,0,0,1,0,0,B,10800,11.12,1,0.32,0,3
17275,23,53352,RENT,3,0,0,1,0,0,0,1,0,0,A,17500,6.54,1,0.33,0,4
17300,26,45000,RENT,5,0,0,1,0,0,0,1,0,0,B,2000,11.49,0,0.04,0,3
17302,24,51600,RENT,8,0,0,1,0,0,0,1,0,0,B,3000,10.65,0,0.06,0,3
17314,24,38400,RENT,8,0,0,1,0,0,0,1,0,0,A,4200,6.76,0,0.11,0,4
17321,24,46809,RENT,4,0,0,1,0,0,0,1,0,0,B,5000,12.18,0,0.11,0,2
17328,26,48000,RENT,7,0,0,1,0,0,0,1,0,0,A,9000,8.94,0,0.19,0,3
17331,23,39996,RENT,6,0,0,1,0,0,0,1,0,0,B,12000,9.63,0,0.3,0,3
17344,25,29000,RENT,9,0,0,1,0,0,0,1,0,0,B,1000,11.99,1,0.03,0,2
17348,24,65000,RENT,5,0,0,1,0,0,0,1,0,0,A,12000,8.9,0,0.18,0,3
17360,25,20000,RENT,1,0,0,1,0,0,0,1,0,0,A,12000,8.07,1,0.6,0,2
17361,21,60000,RENT,5,0,0,1,0,0,0,1,0,0,B,10000,12.18,0,0.17,0,4
17363,21,37423,RENT,5,0,0,1,0,0,0,1,0,0,A,2800,7.88,0,0.07,0,4
17406,21,36000,RENT,1,0,0,1,0,0,0,1,0,0,D,4500,17.27,1,0.13,0,4
17412,24,29000,RENT,5,0,0,1,0,0,0,1,0,0,C,6000,15.27,0,0.21,0,2
17416,26,35000,RENT,0,0,0,1,0,0,0,1,0,0,A,6600,8.59,0,0.19,0,3
17418,24,70399,RENT,0,0,0,1,0,0,0,1,0,0,A,1000,8.59,0,0.01,0,3
17419,21,18000,RENT,5,0,0,1,0,0,0,1,0,0,B,1500,12.18,1,0.08,0,3
17428,21,24996,RENT,2,0,0,1,0,0,0,1,0,0,E,5000,16.45,1,0.2,0,4
17446,25,33500,RENT,2,0,0,1,0,0,0,1,0,0,B,10000,10.25,0,0.3,0,3
17449,23,54000,RENT,7,0,0,1,0,0,0,1,0,0,B,4500,,1,0.08,0,3
17478,24,70000,RENT,0,0,0,1,0,0,0,1,0,0,A,10000,7.29,0,0.14,0,3
17480,22,58608,RENT,4,0,0,1,0,0,0,1,0,0,A,10000,7.51,0,0.17,0,2
17503,25,48600,RENT,0,0,0,1,0,0,0,1,0,0,A,12000,,0,0.25,0,2
17519,25,61000,RENT,9,0,0,1,0,0,0,1,0,0,A,6000,,0,0.1,0,3
17560,22,12000,RENT,0,0,0,1,0,0,0,1,0,0,A,6700,7.66,1,0.56,0,4
17563,24,30000,RENT,2,0,0,1,0,0,0,1,0,0,A,3000,6.03,0,0.1,0,4
17577,22,33300,RENT,0,0,0,1,0,0,0,1,0,0,B,13250,,1,0.4,0,3
17597,26,59000,RENT,3,0,0,1,0,0,0,1,0,0,D,12000,,1,0.2,0,4
17612,23,20400,RENT,2,0,0,1,0,0,0,1,0,0,A,1200,7.9,0,0.06,0,2
17616,25,30000,RENT,6,0,0,1,0,0,0,1,0,0,B,4000,9.76,0,0.13,0,3
17619,24,85000,RENT,5,0,0,1,0,0,0,1,0,0,B,25000,10.62,0,0.29,0,4
17626,24,42000,RENT,0,0,0,1,0,0,0,1,0,0,A,12000,7.66,0,0.29,0,2
17643,21,20000,RENT,0,0,0,1,0,0,0,1,0,0,A,2000,,0,0.1,0,3
17645,22,30000,RENT,4,0,0,1,0,0,0,1,0,0,C,6500,13.85,0,0.22,0,3
17656,25,30000,RENT,2,0,0,1,0,0,0,1,0,0,B,2000,10.38,0,0.07,0,3
17672,23,55000,RENT,7,0,0,1,0,0,0,1,0,0,B,4200,9.91,0,0.08,0,4
17678,22,62000,RENT,0,0,0,1,0,0,0,1,0,0,C,8400,13.47,0,0.14,0,3
17689,23,78000,RENT,7,0,0,1,0,0,0,1,0,0,B,20000,,0,0.26,0,4
17693,23,33359,RENT,2,0,0,1,0,0,0,1,0,0,A,9000,,1,0.27,0,4
17697,22,61000,RENT,3,0,0,1,0,0,0,1,0,0,B,5000,9.99,0,0.08,0,2
17743,22,19680,RENT,2,0,0,1,0,0,0,1,0,0,D,7750,14.83,1,0.39,0,4
17759,21,15600,RENT,0,0,0,1,0,0,0,1,0,0,A,2800,7.4,1,0.18,0,4
17760,24,40944,RENT,0,0,0,1,0,0,0,1,0,0,B,8200,11.36,0,0.2,0,4
17777,24,35000,RENT,4,0,0,1,0,0,0,1,0,0,A,1850,7.12,0,0.05,0,3
17778,25,45000,RENT,1,0,0,1,0,0,0,1,0,0,B,10000,11.89,0,0.22,0,3
17808,23,72250,RENT,7,0,0,1,0,0,0,1,0,0,B,30000,10.65,1,0.35,0,2
17809,23,66000,RENT,7,0,0,1,0,0,0,1,0,0,B,5000,10.39,0,0.08,0,4
17826,25,25716,RENT,1,0,0,1,0,0,0,1,0,0,A,9250,6.54,1,0.36,0,2
17828,26,45000,RENT,3,0,0,1,0,0,0,1,0,0,B,1500,10.25,0,0.03,0,4
17866,33,250000,RENT,0,0,0,1,0,0,0,1,0,0,A,35000,7.29,0,0.14,0,7
17879,34,69996,RENT,13,0,0,1,0,0,0,1,0,0,B,32000,10.99,1,0.46,0,8
17889,34,61200,RENT,18,0,0,1,0,0,0,1,0,0,B,30000,11.71,1,0.49,0,8
17891,29,80000,RENT,2,0,0,1,0,0,0,1,0,0,B,30000,12.42,1,0.38,0,9
17894,29,244800,RENT,8,0,0,1,0,0,0,1,0,0,D,8000,14.09,1,0.03,0,5
17938,35,87550,RENT,3,0,0,1,0,0,0,1,0,0,F,28000,18.62,1,0.27,0,10
17949,32,193800,RENT,0,0,0,1,0,0,0,1,0,0,B,20000,11.83,1,0.09,0,6
17950,27,52000,RENT,5,0,0,1,0,0,0,1,0,0,B,26000,10.99,1,0.5,0,10
17957,34,40000,RENT,3,0,0,1,0,0,0,1,0,0,B,25000,10.25,1,0.63,0,8
17960,30,225000,RENT,2,0,0,1,0,0,0,1,0,0,B,25000,12.42,0,0.11,0,10
17977,30,54000,RENT,13,0,0,1,0,0,0,1,0,0,B,25000,10.74,1,0.46,0,6
17994,30,56952,RENT,3,0,0,1,0,0,0,1,0,0,B,25000,11.36,1,0.44,0,9
17996,28,60000,RENT,3,0,0,1,0,0,0,1,0,0,C,25000,13.49,1,0.42,0,10
18011,28,63000,RENT,4,0,0,1,0,0,0,1,0,0,B,25000,11.36,1,0.4,0,8
18028,28,200000,RENT,1,0,0,1,0,0,0,1,0,0,B,24250,12.53,0,0.12,0,5
18038,31,57800,RENT,2,0,0,1,0,0,0,1,0,0,E,25000,17.19,1,0.37,0,8
18039,32,74400,RENT,16,0,0,1,0,0,0,1,0,0,B,25000,10.38,1,0.34,0,8
18066,31,78000,RENT,10,0,0,1,0,0,0,1,0,0,B,25000,10.75,1,0.32,0,8
18079,33,80000,RENT,0,0,0,1,0,0,0,1,0,0,B,25000,11.86,1,0.31,0,8
18081,32,80000,RENT,1,0,0,1,0,0,0,1,0,0,C,25000,12.87,1,0.31,0,9
18087,27,180000,RENT,2,0,0,1,0,0,0,1,0,0,B,15000,12.42,0,0.08,0,10
18106,33,180000,RENT,0,0,0,1,0,0,0,1,0,0,A,7000,7.74,0,0.04,0,6
18114,34,91000,RENT,11,0,0,1,0,0,0,1,0,0,B,25000,11.36,0,0.27,0,5
18163,30,102213,RENT,3,0,0,1,0,0,0,1,0,0,D,25000,15.7,1,0.21,0,7
18182,30,156000,RENT,5,0,0,1,0,0,0,1,0,0,B,25000,9.88,0,0.16,0,7
18195,29,125800,RENT,11,0,0,1,0,0,0,1,0,0,D,9000,16.77,1,0.06,0,8
18197,32,227500,RENT,3,0,0,1,0,0,0,1,0,0,C,25000,12.53,0,0.11,0,5
18224,31,105400,RENT,2,0,0,1,0,0,0,1,0,0,D,24250,15.31,1,0.2,0,5
18244,28,72000,RENT,0,0,0,1,0,0,0,1,0,0,C,24000,13.85,1,0.33,0,5
18246,27,75860,RENT,9,0,0,1,0,0,0,1,0,0,B,24000,10.99,1,0.32,0,5
18250,28,85000,RENT,7,0,0,1,0,0,0,1,0,0,B,24000,,0,0.28,0,10
18251,30,90000,RENT,3,0,0,1,0,0,0,1,0,0,B,24000,11.49,0,0.27,0,6
18270,29,78200,RENT,5,0,0,1,0,0,0,1,0,0,B,23500,11.36,0,0.3,0,8
18277,35,49404,RENT,0,0,0,1,0,0,0,1,0,0,A,22750,6.54,1,0.46,0,9
18284,29,58500,RENT,1,0,0,1,0,0,0,1,0,0,D,22000,13.67,1,0.38,0,6
18289,31,85000,RENT,6,0,0,1,0,0,0,1,0,0,B,22000,11.58,0,0.26,0,5
18295,28,83004,RENT,13,0,0,1,0,0,0,1,0,0,A,21600,6.91,0,0.26,0,10
18298,30,64600,RENT,0,0,0,1,0,0,0,1,0,0,A,21500,6.91,1,0.28,0,10
18343,28,54000,RENT,2,0,0,1,0,0,0,1,0,0,A,20000,7.9,1,0.37,0,8
18345,27,54000,RENT,2,0,0,1,0,0,0,1,0,0,B,20000,10.99,1,0.37,0,8
18351,33,57492,RENT,1,0,0,1,0,0,0,1,0,0,B,20000,12.53,1,0.35,0,10
18365,28,56000,RENT,0,0,0,1,0,0,0,1,0,0,F,20000,18.62,1,0.36,0,7
18385,27,70000,RENT,3,0,0,1,0,0,0,1,0,0,C,20000,,0,0.29,0,5
18386,29,70000,RENT,2,0,0,1,0,0,0,1,0,0,C,20000,13.85,0,0.29,0,5
18399,28,58650,RENT,13,0,0,1,0,0,0,1,0,0,B,20000,10.59,1,0.29,0,8
18407,27,75000,RENT,3,0,0,1,0,0,0,1,0,0,B,20000,11.83,0,0.27,0,10
18408,30,75000,RENT,7,0,0,1,0,0,0,1,0,0,B,20000,12.18,0,0.27,0,7
18454,27,100000,RENT,9,0,0,1,0,0,0,1,0,0,B,20000,12.69,0,0.2,0,5
18455,27,100000,RENT,4,0,0,1,0,0,0,1,0,0,B,20000,11.12,0,0.2,0,9
18476,28,89250,RENT,0,0,0,1,0,0,0,1,0,0,E,20000,,1,0.19,0,8
18483,32,129000,RENT,0,0,0,1,0,0,0,1,0,0,B,20000,,0,0.16,0,10
18500,29,53313,RENT,13,0,0,1,0,0,0,1,0,0,B,19850,,1,0.37,0,7
18505,32,12000,RENT,3,0,0,1,0,0,0,1,0,0,C,900,10.28,1,0.07,0,5
18506,30,23000,RENT,1,0,0,1,0,0,0,1,0,0,B,950,,0,0.04,0,6
18508,27,11808,RENT,,0,0,1,0,0,0,1,0,0,D,1000,14.91,1,0.08,0,8
18518,28,44000,RENT,3,0,0,1,0,0,0,1,0,0,E,19000,16.82,1,0.43,0,8
18537,30,60000,RENT,14,0,0,1,0,0,0,1,0,0,C,18500,12.99,1,0.31,0,5
18544,29,45000,RENT,8,0,0,1,0,0,0,1,0,0,C,18250,14.27,1,0.41,0,6
18570,27,64000,RENT,3,0,0,1,0,0,0,1,0,0,B,18000,11.11,0,0.28,0,8
18575,29,68004,RENT,3,0,0,1,0,0,0,1,0,0,B,18000,10,0,0.26,0,9
18597,30,90000,RENT,14,0,0,1,0,0,0,1,0,0,A,18000,8.94,0,0.2,0,8
18602,31,102000,RENT,11,0,0,1,0,0,0,1,0,0,B,18000,10,0,0.18,0,10
18618,27,32220,RENT,11,0,0,1,0,0,0,1,0,0,B,17725,11.49,1,0.55,0,8
18622,29,77000,RENT,3,0,0,1,0,0,0,1,0,0,C,17600,13.48,0,0.23,0,8
18625,28,205000,RENT,13,0,0,1,0,0,0,1,0,0,C,17600,13.23,0,0.09,0,10
18637,29,35000,RENT,1,0,0,1,0,0,0,1,0,0,A,17475,7.66,1,0.5,0,5
18639,32,58650,RENT,6,0,0,1,0,0,0,1,0,0,D,17400,15.05,1,0.25,0,6
18649,35,48000,RENT,6,0,0,1,0,0,0,1,0,0,A,17000,7.88,1,0.35,0,6
18652,27,60000,RENT,11,0,0,1,0,0,0,1,0,0,C,17000,,0,0.28,0,10
18655,34,65000,RENT,6,0,0,1,0,0,0,1,0,0,A,17000,8.49,0,0.26,0,8
18658,28,80000,RENT,12,0,0,1,0,0,0,1,0,0,A,17000,5.79,0,0.21,0,6
18671,29,91000,RENT,10,0,0,1,0,0,0,1,0,0,B,16800,,0,0.18,0,5
18676,35,39996,RENT,4,0,0,1,0,0,0,1,0,0,D,16750,14.09,1,0.42,0,6
18692,30,42000,RENT,2,0,0,1,0,0,0,1,0,0,B,16200,10.25,1,0.39,0,6
18699,27,30000,RENT,5,0,0,1,0,0,0,1,0,0,A,16000,7.9,1,0.53,0,8
18700,27,30000,RENT,1,0,0,1,0,0,0,1,0,0,B,16000,10,1,0.53,0,5
18703,27,40000,RENT,11,0,0,1,0,0,0,1,0,0,B,16000,9.91,1,0.4,0,9
18713,29,47000,RENT,7,0,0,1,0,0,0,1,0,0,B,16000,11.71,1,0.34,0,8
18716,35,50000,RENT,11,0,0,1,0,0,0,1,0,0,B,16000,9.91,1,0.32,0,5
18737,30,65000,RENT,0,0,0,1,0,0,0,1,0,0,C,16000,13.06,0,0.25,0,8
18755,29,24000,RENT,0,0,0,1,0,0,0,1,0,0,B,1000,9.99,0,0.04,0,7
18759,29,25200,RENT,3,0,0,1,0,0,0,1,0,0,B,1000,10.25,0,0.04,0,5
18761,33,26400,RENT,3,0,0,1,0,0,0,1,0,0,B,1000,10.99,0,0.04,0,7
18766,31,30000,RENT,5,0,0,1,0,0,0,1,0,0,B,1000,9.25,0,0.03,0,6
18767,30,33000,RENT,4,0,0,1,0,0,0,1,0,0,C,1000,14.79,0,0.03,0,10
18771,30,30000,RENT,11,0,0,1,0,0,0,1,0,0,B,1000,,1,0.03,0,10
18774,35,42000,RENT,7,0,0,1,0,0,0,1,0,0,B,1000,11.12,0,0.02,0,5
18776,31,43200,RENT,,0,0,1,0,0,0,1,0,0,B,1000,10.74,0,0.02,0,9
18779,33,48000,RENT,4,0,0,1,0,0,0,1,0,0,B,1000,9.99,0,0.02,0,10
18793,30,100000,RENT,1,0,0,1,0,0,0,1,0,0,B,1000,11.71,0,0.01,0,7
18801,32,22884,RENT,2,0,0,1,0,0,0,1,0,0,C,1200,13.22,0,0.05,0,7
18803,27,24000,RENT,5,0,0,1,0,0,0,1,0,0,F,1200,18.99,0,0.05,0,7
18806,33,30000,RENT,3,0,0,1,0,0,0,1,0,0,A,1200,6.76,0,0.04,0,10
18811,35,43000,RENT,19,0,0,1,0,0,0,1,0,0,C,1200,13.8,0,0.03,0,7
18812,27,44000,RENT,3,0,0,1,0,0,0,1,0,0,C,1200,15.23,0,0.03,0,5
18817,33,53326,RENT,8,0,0,1,0,0,0,1,0,0,D,1200,16.29,1,0.02,0,7
18824,27,47000,RENT,11,0,0,1,0,0,0,1,0,0,B,1300,10.46,0,0.03,0,8
18829,27,18576,RENT,4,0,0,1,0,0,0,1,0,0,B,1400,9.99,0,0.08,0,6
18842,27,24000,RENT,2,0,0,1,0,0,0,1,0,0,A,1450,,0,0.06,0,9
18850,35,30000,RENT,5,0,0,1,0,0,0,1,0,0,A,1500,7.29,1,0.05,0,8
18857,35,32004,RENT,2,0,0,1,0,0,0,1,0,0,A,1500,8.49,0,0.05,0,7
18862,35,38000,RENT,0,0,0,1,0,0,0,1,0,0,A,1500,7.4,0,0.04,0,6
18874,34,45000,RENT,7,0,0,1,0,0,0,1,0,0,A,1500,5.99,0,0.03,0,10
18877,35,48000,RENT,13,0,0,1,0,0,0,1,0,0,B,1500,9.91,0,0.03,0,9
18878,33,48000,RENT,2,0,0,1,0,0,0,1,0,0,B,1500,11.71,0,0.03,0,8
18895,29,18000,RENT,3,0,0,1,0,0,0,1,0,0,B,1700,11.12,0,0.09,0,10
18898,28,40000,RENT,1,0,0,1,0,0,0,1,0,0,C,1700,,0,0.04,0,9
18900,31,12996,RENT,4,0,0,1,0,0,0,1,0,0,A,1750,6.76,0,0.13,0,10
18903,28,15000,RENT,0,0,0,1,0,0,0,1,0,0,B,1800,11.49,0,0.12,0,7
18907,31,23766,RENT,1,0,0,1,0,0,0,1,0,0,C,1800,13.06,0,0.08,0,7
18908,31,24000,RENT,2,0,0,1,0,0,0,1,0,0,A,1800,8.59,0,0.07,0,6
18911,32,45996,RENT,2,0,0,1,0,0,0,1,0,0,B,1800,11.58,0,0.04,0,9
18912,30,49000,RENT,14,0,0,1,0,0,0,1,0,0,B,1800,11.71,0,0.04,0,5
18917,33,145000,RENT,5,0,0,1,0,0,0,1,0,0,C,1800,12.99,0,0.01,0,6
18919,27,18600,RENT,4,0,0,1,0,0,0,1,0,0,B,1850,,0,0.1,0,8
18922,30,31200,RENT,4,0,0,1,0,0,0,1,0,0,A,1900,5.79,0,0.06,0,10
18934,29,20400,RENT,2,0,0,1,0,0,0,1,0,0,C,2000,13.49,0,0.1,0,8
18941,33,22800,RENT,0,0,0,1,0,0,0,1,0,0,A,2000,8.49,0,0.09,0,10
18950,27,26400,RENT,2,0,0,1,0,0,0,1,0,0,A,2000,6.54,0,0.08,0,10
18951,27,26400,RENT,1,0,0,1,0,0,0,1,0,0,C,2000,13.61,0,0.08,0,10
18952,29,27000,RENT,4,0,0,1,0,0,0,1,0,0,A,2000,7.88,0,0.07,0,6
18955,30,28800,RENT,9,0,0,1,0,0,0,1,0,0,B,2000,11.48,0,0.07,0,10
18957,33,30000,RENT,11,0,0,1,0,0,0,1,0,0,A,2000,7.29,0,0.07,0,5
18965,29,100000,RENT,1,0,0,1,0,0,0,1,0,0,B,15000,9.88,0,0.15,0,9
18978,35,110000,RENT,0,0,0,1,0,0,0,1,0,0,B,15000,11.11,0,0.14,0,8
18985,30,120000,RENT,14,0,0,1,0,0,0,1,0,0,A,15000,6.17,0,0.13,0,8
18991,27,130000,RENT,0,0,0,1,0,0,0,1,0,0,A,15000,,0,0.12,0,7
19010,32,50000,RENT,1,0,0,1,0,0,0,1,0,0,B,14800,10.83,0,0.3,0,5
19015,27,37000,RENT,11,0,0,1,0,0,0,1,0,0,A,14700,5.99,1,0.4,0,9
19022,31,40000,RENT,3,0,0,1,0,0,0,1,0,0,B,2000,10.37,0,0.05,0,7
19029,28,50000,RENT,2,0,0,1,0,0,0,1,0,0,D,2000,16.89,1,0.04,0,7
19036,28,54000,RENT,1,0,0,1,0,0,0,1,0,0,D,2000,14.42,1,0.04,0,7
19040,30,68803,RENT,3,0,0,1,0,0,0,1,0,0,A,2000,6.17,0,0.03,0,10
19042,27,69000,RENT,1,0,0,1,0,0,0,1,0,0,A,2000,6.99,0,0.03,0,5
19062,30,11292,RENT,,0,0,1,0,0,0,1,0,0,A,2100,6.76,1,0.19,0,6
19065,34,21000,RENT,2,0,0,1,0,0,0,1,0,0,A,2100,7.88,0,0.1,0,8
19067,27,33500,RENT,0,0,0,1,0,0,0,1,0,0,B,2100,12.21,0,0.06,0,9
19074,28,20000,RENT,0,0,0,1,0,0,0,1,0,0,B,2150,10.37,0,0.11,0,6
19075,27,24000,RENT,1,0,0,1,0,0,0,1,0,0,C,2150,14.72,0,0.09,0,7
19084,30,40000,RENT,2,0,0,1,0,0,0,1,0,0,C,14000,12.73,1,0.35,0,8
19085,27,34000,RENT,4,0,0,1,0,0,0,1,0,0,G,14000,19.82,1,0.41,0,10
19094,31,30000,RENT,4,0,0,1,0,0,0,1,0,0,A,2200,7.49,0,0.07,0,10
19096,35,40000,RENT,2,0,0,1,0,0,0,1,0,0,B,2200,,0,0.06,0,10
19099,32,44004,RENT,5,0,0,1,0,0,0,1,0,0,D,2200,15.65,1,0.05,0,5
19100,30,52416,RENT,13,0,0,1,0,0,0,1,0,0,B,2200,10.99,0,0.04,0,8
19108,28,18000,RENT,0,0,0,1,0,0,0,1,0,0,A,2250,8.49,0,0.13,0,9
19111,28,42000,RENT,7,0,0,1,0,0,0,1,0,0,A,2250,6.99,1,0.05,0,8
19114,30,39000,RENT,1,0,0,1,0,0,0,1,0,0,A,2300,8.59,0,0.06,0,8
19116,32,60000,RENT,3,0,0,1,0,0,0,1,0,0,B,2375,11.83,0,0.04,0,7
19122,27,18000,RENT,2,0,0,1,0,0,0,1,0,0,B,2400,10.65,0,0.13,0,6
19124,34,18000,RENT,4,0,0,1,0,0,0,1,0,0,C,2400,14.79,0,0.13,0,10
19142,31,34000,RENT,2,0,0,1,0,0,0,1,0,0,B,2400,12.21,0,0.07,0,5
19149,27,38400,RENT,6,0,0,1,0,0,0,1,0,0,B,2400,10.65,0,0.06,0,6
19152,31,39996,RENT,4,0,0,1,0,0,0,1,0,0,B,2400,,0,0.06,0,9
19153,30,40000,RENT,6,0,0,1,0,0,0,1,0,0,A,2400,8.49,0,0.06,0,10
19162,31,43812,RENT,2,0,0,1,0,0,0,1,0,0,C,2400,14.35,0,0.05,0,5
19164,29,45000,RENT,5,0,0,1,0,0,0,1,0,0,C,2400,,0,0.05,0,6
19175,27,60500,RENT,6,0,0,1,0,0,0,1,0,0,B,2400,12.69,0,0.04,0,8
19179,34,70000,RENT,19,0,0,1,0,0,0,1,0,0,B,2400,11.99,0,0.03,0,7
19180,34,72000,RENT,17,0,0,1,0,0,0,1,0,0,C,2400,13.16,0,0.03,0,8
19184,31,78100,RENT,4,0,0,1,0,0,0,1,0,0,A,2425,5.42,0,0.03,0,10
19194,27,37200,RENT,0,0,0,1,0,0,0,1,0,0,C,13500,10.78,1,0.36,0,6
19204,31,43000,RENT,15,0,0,1,0,0,0,1,0,0,B,13350,12.42,1,0.31,0,6
19217,29,28000,RENT,9,0,0,1,0,0,0,1,0,0,A,13200,6.17,1,0.47,0,10
19221,32,70000,RENT,6,0,0,1,0,0,0,1,0,0,C,13200,13.49,0,0.19,0,6
19232,31,25000,RENT,0,0,0,1,0,0,0,1,0,0,A,13000,8.9,1,0.52,0,7
19238,30,36000,RENT,0,0,0,1,0,0,0,1,0,0,C,13000,13.61,1,0.36,0,8
19245,28,33600,RENT,0,0,0,1,0,0,0,1,0,0,D,13000,14.61,1,0.39,0,8
19251,27,47000,RENT,1,0,0,1,0,0,0,1,0,0,B,13000,10.99,0,0.28,0,5
19256,27,24000,RENT,2,0,0,1,0,0,0,1,0,0,B,2500,10.65,0,0.1,0,9
19257,32,24000,RENT,2,0,0,1,0,0,0,1,0,0,B,2500,10.37,0,0.1,0,5
19261,32,24000,RENT,2,0,0,1,0,0,0,1,0,0,A,2500,7.74,0,0.1,0,9
19271,29,28080,RENT,1,0,0,1,0,0,0,1,0,0,B,2500,10.99,0,0.09,0,8
19274,27,30000,RENT,3,0,0,1,0,0,0,1,0,0,B,2500,11.14,0,0.08,0,5
19284,32,39400,RENT,2,0,0,1,0,0,0,1,0,0,A,2500,7.14,0,0.06,0,9
19289,34,42000,RENT,2,0,0,1,0,0,0,1,0,0,B,2500,10.59,0,0.06,0,6
19298,28,46000,RENT,0,0,0,1,0,0,0,1,0,0,A,2500,6.91,0,0.05,0,8
19308,34,54600,RENT,2,0,0,1,0,0,0,1,0,0,A,2500,7.88,0,0.05,0,8
19310,30,57000,RENT,1,0,0,1,0,0,0,1,0,0,C,2500,,0,0.04,0,9
19312,31,61200,RENT,,0,0,1,0,0,0,1,0,0,A,2500,6.62,0,0.04,0,10
19321,28,75000,RENT,12,0,0,1,0,0,0,1,0,0,B,2500,11.99,0,0.03,0,9
19326,31,95000,RENT,2,0,0,1,0,0,0,1,0,0,C,2500,13.72,0,0.03,0,5
19347,28,13200,RENT,0,0,0,1,0,0,0,1,0,0,B,3000,10.99,1,0.23,0,6
19350,33,14400,RENT,2,0,0,1,0,0,0,1,0,0,B,3000,11.83,1,0.21,0,5
19353,33,15500,RENT,1,0,0,1,0,0,0,1,0,0,A,3000,7.51,1,0.19,0,5
19362,28,17573,RENT,1,0,0,1,0,0,0,1,0,0,A,3000,7.37,1,0.17,0,8
19379,34,23000,RENT,4,0,0,1,0,0,0,1,0,0,B,3000,11.49,0,0.13,0,6
19389,28,30500,RENT,4,0,0,1,0,0,0,1,0,0,A,3000,9.63,0,0.1,0,8
19399,30,32796,RENT,8,0,0,1,0,0,0,1,0,0,B,3000,11.49,0,0.09,0,7
19406,29,35500,RENT,3,0,0,1,0,0,0,1,0,0,B,3000,11.86,0,0.08,0,9
19414,27,36000,RENT,11,0,0,1,0,0,0,1,0,0,A,3000,8,0,0.08,0,9
19415,28,37090,RENT,2,0,0,1,0,0,0,1,0,0,B,3000,11.12,0,0.08,0,8
19416,29,37440,RENT,2,0,0,1,0,0,0,1,0,0,A,3000,5.42,0,0.08,0,8
19421,27,38000,RENT,5,0,0,1,0,0,0,1,0,0,A,3000,7.49,0,0.08,0,8
19428,27,33600,RENT,,0,0,1,0,0,0,1,0,0,D,3000,16.89,1,0.09,0,8
19433,28,34000,RENT,3,0,0,1,0,0,0,1,0,0,B,3000,10.37,1,0.09,0,10
19434,30,40000,RENT,5,0,0,1,0,0,0,1,0,0,A,3000,7.14,0,0.07,0,7
19440,28,43200,RENT,1,0,0,1,0,0,0,1,0,0,A,3000,7.49,0,0.07,0,9
19447,34,45000,RENT,2,0,0,1,0,0,0,1,0,0,B,3000,11.11,0,0.07,0,7
19449,30,45000,RENT,0,0,0,1,0,0,0,1,0,0,B,3000,10.62,0,0.07,0,10
19458,29,47000,RENT,0,0,0,1,0,0,0,1,0,0,B,3000,10.25,0,0.06,0,7
19471,29,50000,RENT,6,0,0,1,0,0,0,1,0,0,A,3000,7.29,0,0.06,0,6
19517,28,53000,RENT,0,0,0,1,0,0,0,1,0,0,C,12000,14.72,0,0.23,0,8
19518,28,53000,RENT,0,0,0,1,0,0,0,1,0,0,C,12000,14.22,0,0.23,0,10
19538,27,56000,RENT,3,0,0,1,0,0,0,1,0,0,A,12000,,0,0.21,0,8
19551,35,52000,RENT,2,0,0,1,0,0,0,1,0,0,B,3000,11.48,0,0.06,0,6
19566,33,58800,RENT,10,0,0,1,0,0,0,1,0,0,B,3000,11.49,0,0.05,0,9
19567,28,53100,RENT,4,0,0,1,0,0,0,1,0,0,D,3000,,1,0.06,0,9
19594,30,70000,RENT,0,0,0,1,0,0,0,1,0,0,C,3000,13.98,0,0.04,0,9
19607,28,78000,RENT,12,0,0,1,0,0,0,1,0,0,B,3000,12.42,0,0.04,0,7
19639,29,36000,RENT,5,0,0,1,0,0,0,1,0,0,A,3075,5.42,0,0.09,0,5
19640,31,30892,RENT,3,0,0,1,0,0,0,1,0,0,B,3100,10.59,1,0.1,0,9
19643,29,56100,RENT,0,0,0,1,0,0,0,1,0,0,D,3150,15.62,1,0.05,0,10
19647,32,12000,RENT,2,0,0,1,0,0,0,1,0,0,B,3200,,1,0.27,0,7
19655,34,35000,RENT,0,0,0,1,0,0,0,1,0,0,B,3200,11.26,0,0.09,0,6
19666,30,43000,RENT,2,0,0,1,0,0,0,1,0,0,B,3200,11.48,0,0.07,0,9
19667,30,43000,RENT,1,0,0,1,0,0,0,1,0,0,A,3200,8,0,0.07,0,5
19673,27,54000,RENT,5,0,0,1,0,0,0,1,0,0,B,3200,12.69,0,0.06,0,10
19709,31,47756,RENT,3,0,0,1,0,0,0,1,0,0,C,3350,13.98,0,0.07,0,5
19715,32,37500,RENT,4,0,0,1,0,0,0,1,0,0,B,3400,9.88,0,0.09,0,9
19735,31,24000,RENT,0,0,0,1,0,0,0,1,0,0,A,3500,6.17,0,0.15,0,6
19736,32,24000,RENT,,0,0,1,0,0,0,1,0,0,B,3500,11.86,0,0.15,0,10
19739,28,25000,RENT,11,0,0,1,0,0,0,1,0,0,A,3500,7.14,0,0.14,0,10
19746,29,30720,RENT,2,0,0,1,0,0,0,1,0,0,A,3500,5.99,0,0.11,0,8
19747,27,31400,RENT,1,0,0,1,0,0,0,1,0,0,B,3500,11.71,0,0.11,0,8
19761,27,44000,RENT,3,0,0,1,0,0,0,1,0,0,C,3500,12.98,0,0.08,0,10
19786,34,63504,RENT,0,0,0,1,0,0,0,1,0,0,B,3500,10,0,0.06,0,10
19807,27,20000,RENT,2,0,0,1,0,0,0,1,0,0,B,3600,9.25,0,0.18,0,7
19835,28,39500,RENT,4,0,0,1,0,0,0,1,0,0,B,3600,11.99,0,0.09,0,9
19836,35,33996,RENT,2,0,0,1,0,0,0,1,0,0,D,3600,16.32,1,0.11,0,5
19850,30,42000,RENT,5,0,0,1,0,0,0,1,0,0,B,11000,10.36,0,0.26,0,10
19851,29,42000,RENT,0,0,0,1,0,0,0,1,0,0,B,11000,10.38,0,0.26,0,10
19860,28,45000,RENT,6,0,0,1,0,0,0,1,0,0,B,11000,11.99,0,0.24,0,7
19862,31,46992,RENT,1,0,0,1,0,0,0,1,0,0,B,11000,11.14,0,0.23,0,9
19865,32,47900,RENT,2,0,0,1,0,0,0,1,0,0,A,11000,7.51,0,0.23,0,10
19866,27,49000,RENT,0,0,0,1,0,0,0,1,0,0,B,11000,,0,0.22,0,10
19869,32,51250,RENT,2,0,0,1,0,0,0,1,0,0,A,11000,7.29,0,0.21,0,5
19872,30,53000,RENT,1,0,0,1,0,0,0,1,0,0,A,11000,6.62,0,0.21,0,9
19876,28,55000,RENT,3,0,0,1,0,0,0,1,0,0,A,11000,7.49,0,0.2,0,5
19891,27,83604,RENT,2,0,0,1,0,0,0,1,0,0,B,11000,9.76,0,0.13,0,7
19915,28,52300,RENT,1,0,0,1,0,0,0,1,0,0,A,10800,7.88,0,0.21,0,8
19922,27,82600,RENT,4,0,0,1,0,0,0,1,0,0,B,10800,9.76,0,0.13,0,8
19923,28,135000,RENT,8,0,0,1,0,0,0,1,0,0,B,10800,,0,0.08,0,7
19936,27,27900,RENT,3,0,0,1,0,0,0,1,0,0,A,10625,7.9,1,0.38,0,5
19941,27,33000,RENT,4,0,0,1,0,0,0,1,0,0,A,10625,6.62,1,0.32,0,5
19948,34,35000,RENT,3,0,0,1,0,0,0,1,0,0,C,10600,15.96,0,0.3,0,10
19950,33,35000,RENT,12,0,0,1,0,0,0,1,0,0,A,10550,,0,0.3,0,10
19957,34,38000,RENT,3,0,0,1,0,0,0,1,0,0,C,10500,13.49,0,0.28,0,5
19958,33,38400,RENT,6,0,0,1,0,0,0,1,0,0,B,10500,11.99,0,0.27,0,8
19967,28,75000,RENT,0,0,0,1,0,0,0,1,0,0,B,10500,9.63,0,0.14,0,10
19973,29,31400,RENT,3,0,0,1,0,0,0,1,0,0,B,10400,10.71,1,0.33,0,7
19984,27,35000,RENT,5,0,0,1,0,0,0,1,0,0,C,10375,14.27,0,0.3,0,5
19991,28,45000,RENT,6,0,0,1,0,0,0,1,0,0,D,3600,16.29,0,0.08,0,7
20011,30,69000,RENT,4,0,0,1,0,0,0,1,0,0,C,3600,13.99,0,0.05,0,10
20020,31,62050,RENT,0,0,0,1,0,0,0,1,0,0,D,3600,15.95,1,0.05,0,9
20058,31,49000,RENT,2,0,0,1,0,0,0,1,0,0,B,3850,9.62,0,0.08,0,6
20065,28,55000,RENT,2,0,0,1,0,0,0,1,0,0,B,3900,11.99,0,0.07,0,10
20093,27,20000,RENT,2,0,0,1,0,0,0,1,0,0,B,4000,10.65,0,0.2,0,8
20101,27,21000,RENT,5,0,0,1,0,0,0,1,0,0,B,4000,11.49,0,0.19,0,9
20102,29,21000,RENT,1,0,0,1,0,0,0,1,0,0,A,4000,5.79,0,0.19,0,10
20118,27,26000,RENT,6,0,0,1,0,0,0,1,0,0,B,4000,10.25,0,0.15,0,10
20126,29,27996,RENT,4,0,0,1,0,0,0,1,0,0,A,4000,6.92,0,0.14,0,7
20130,33,28800,RENT,5,0,0,1,0,0,0,1,0,0,B,4000,9.88,0,0.14,0,5
20139,34,30000,RENT,0,0,0,1,0,0,0,1,0,0,B,4000,9.63,0,0.13,0,6
20144,27,30000,RENT,6,0,0,1,0,0,0,1,0,0,B,4000,10.39,0,0.13,0,9
20145,28,30996,RENT,7,0,0,1,0,0,0,1,0,0,B,4000,10.65,0,0.13,0,5
20146,27,31000,RENT,0,0,0,1,0,0,0,1,0,0,B,4000,10.74,0,0.13,0,7
20147,28,31150,RENT,4,0,0,1,0,0,0,1,0,0,B,4000,11.49,0,0.13,0,7
20150,32,32004,RENT,16,0,0,1,0,0,0,1,0,0,B,4000,11.49,0,0.12,0,9
20152,27,32160,RENT,1,0,0,1,0,0,0,1,0,0,D,4000,15.99,1,0.12,0,9
20153,27,33000,RENT,5,0,0,1,0,0,0,1,0,0,A,4000,5.99,0,0.12,0,8
20155,30,33280,RENT,1,0,0,1,0,0,0,1,0,0,C,4000,13.79,0,0.12,0,9
20156,31,33600,RENT,0,0,0,1,0,0,0,1,0,0,B,4000,11.49,0,0.12,0,5
20165,29,35000,RENT,1,0,0,1,0,0,0,1,0,0,A,4000,5.99,0,0.11,0,6
20167,35,35000,RENT,13,0,0,1,0,0,0,1,0,0,C,4000,13.35,0,0.11,0,8
20168,33,35000,RENT,0,0,0,1,0,0,0,1,0,0,A,4000,7.88,0,0.11,0,5
20174,31,35600,RENT,0,0,0,1,0,0,0,1,0,0,C,4000,13.61,0,0.11,0,5
20175,27,36000,RENT,1,0,0,1,0,0,0,1,0,0,C,4000,,0,0.11,0,10
20180,34,36000,RENT,1,0,0,1,0,0,0,1,0,0,C,4000,13.61,0,0.11,0,10
20184,33,38196,RENT,1,0,0,1,0,0,0,1,0,0,B,4000,10,0,0.1,0,5
20186,30,39000,RENT,6,0,0,1,0,0,0,1,0,0,C,4000,15.96,0,0.1,0,9
20200,32,40000,RENT,2,0,0,1,0,0,0,1,0,0,C,4000,13.79,0,0.1,0,6
20205,31,41000,RENT,1,0,0,1,0,0,0,1,0,0,B,4000,10,0,0.1,0,10
20224,33,48000,RENT,0,0,0,1,0,0,0,1,0,0,C,4000,14.65,0,0.08,0,5
20227,28,48000,RENT,7,0,0,1,0,0,0,1,0,0,C,4000,14.35,0,0.08,0,8
20238,27,49000,RENT,11,0,0,1,0,0,0,1,0,0,B,4000,10.59,0,0.08,0,8
20250,31,52000,RENT,1,0,0,1,0,0,0,1,0,0,A,4000,7.49,0,0.08,0,5
20280,33,65000,RENT,1,0,0,1,0,0,0,1,0,0,C,4000,12.87,0,0.06,0,7
20295,33,78000,RENT,5,0,0,1,0,0,0,1,0,0,A,4000,7.14,0,0.05,0,7
20296,32,78000,RENT,1,0,0,1,0,0,0,1,0,0,B,4000,9.88,0,0.05,0,6
20300,32,82350,RENT,16,0,0,1,0,0,0,1,0,0,B,4000,9.91,0,0.05,0,9
20311,27,79050,RENT,11,0,0,1,0,0,0,1,0,0,D,4000,14.46,1,0.04,0,9
20313,32,107000,RENT,4,0,0,1,0,0,0,1,0,0,C,4000,13.98,0,0.04,0,7
20325,28,28800,RENT,0,0,0,1,0,0,0,1,0,0,A,4200,7.51,0,0.15,0,5
20339,29,30000,RENT,3,0,0,1,0,0,0,1,0,0,B,4400,11.49,0,0.15,0,6
20366,27,30000,RENT,0,0,0,1,0,0,0,1,0,0,C,4500,14.65,0,0.15,0,9
20368,35,30555,RENT,4,0,0,1,0,0,0,1,0,0,C,4500,13.22,0,0.15,0,10
20369,34,32000,RENT,0,0,0,1,0,0,0,1,0,0,A,4500,6.62,0,0.14,0,6
20371,28,32640,RENT,3,0,0,1,0,0,0,1,0,0,A,4500,7.14,0,0.14,0,8
20380,32,39000,RENT,4,0,0,1,0,0,0,1,0,0,B,4500,9.91,0,0.12,0,7
20391,31,47400,RENT,3,0,0,1,0,0,0,1,0,0,B,4500,10.36,0,0.09,0,5
20414,29,91500,RENT,2,0,0,1,0,0,0,1,0,0,B,4500,10.65,0,0.05,0,5
20426,32,150000,RENT,14,0,0,1,0,0,0,1,0,0,B,4600,9.62,0,0.03,0,6
20435,35,17000,RENT,0,0,0,1,0,0,0,1,0,0,A,4750,9.32,1,0.28,0,6
20440,30,31000,RENT,7,0,0,1,0,0,0,1,0,0,D,4750,14.84,1,0.15,0,9
20449,28,15000,RENT,1,0,0,1,0,0,0,1,0,0,B,4800,10.99,1,0.32,0,8
20451,28,20000,RENT,2,0,0,1,0,0,0,1,0,0,A,4800,,0,0.24,0,8
20464,27,27180,RENT,,0,0,1,0,0,0,1,0,0,A,4800,7.14,0,0.18,0,10
20470,31,30000,RENT,,0,0,1,0,0,0,1,0,0,B,4800,12.42,0,0.16,0,8
20477,28,33763,RENT,5,0,0,1,0,0,0,1,0,0,A,4800,7.14,0,0.14,0,5
20481,28,35000,RENT,2,0,0,1,0,0,0,1,0,0,C,4800,13.49,0,0.14,0,5
20482,27,35000,RENT,3,0,0,1,0,0,0,1,0,0,B,4800,9.99,0,0.14,0,8
20485,28,36000,RENT,1,0,0,1,0,0,0,1,0,0,C,4800,12.61,0,0.13,0,9
20494,28,42000,RENT,5,0,0,1,0,0,0,1,0,0,B,4800,12.42,0,0.11,0,9
20505,30,45000,RENT,0,0,0,1,0,0,0,1,0,0,B,4800,10.37,0,0.11,0,6
20516,30,51000,RENT,14,0,0,1,0,0,0,1,0,0,B,4800,12.69,0,0.09,0,10
20520,30,54996,RENT,2,0,0,1,0,0,0,1,0,0,A,4800,6.03,0,0.09,0,8
20526,30,61000,RENT,4,0,0,1,0,0,0,1,0,0,C,4800,14.79,0,0.08,0,10
20538,27,68004,RENT,2,0,0,1,0,0,0,1,0,0,B,4800,12.21,0,0.07,0,5
20539,29,69000,RENT,13,0,0,1,0,0,0,1,0,0,B,4800,11.11,0,0.07,0,10
20552,28,23350,RENT,8,0,0,1,0,0,0,1,0,0,A,4900,7.88,0,0.21,0,6
20598,27,130000,RENT,3,0,0,1,0,0,0,1,0,0,B,10000,11.49,0,0.08,0,10
20617,32,25200,RENT,9,0,0,1,0,0,0,1,0,0,A,4900,6.17,0,0.19,0,6
20619,27,30000,RENT,11,0,0,1,0,0,0,1,0,0,B,4900,11.71,0,0.16,0,5
20637,28,32400,RENT,3,0,0,1,0,0,0,1,0,0,D,4900,14.12,1,0.15,0,7
20646,29,28000,RENT,2,0,0,1,0,0,0,1,0,0,D,5000,16.07,1,0.18,0,8
20647,29,28140,RENT,0,0,0,1,0,0,0,1,0,0,A,5000,7.29,0,0.18,0,9
20650,32,28800,RENT,16,0,0,1,0,0,0,1,0,0,B,5000,10.59,0,0.17,0,9
20662,29,30000,RENT,3,0,0,1,0,0,0,1,0,0,B,5000,11.49,0,0.17,0,9
20663,27,30000,RENT,0,0,0,1,0,0,0,1,0,0,C,5000,13.72,0,0.17,0,8
20665,28,30000,RENT,3,0,0,1,0,0,0,1,0,0,B,5000,9.88,0,0.17,0,8
20666,33,30000,RENT,0,0,0,1,0,0,0,1,0,0,A,5000,7.74,0,0.17,0,8
20678,35,31577,RENT,6,0,0,1,0,0,0,1,0,0,B,5000,9.99,0,0.16,0,9
20680,28,32000,RENT,5,0,0,1,0,0,0,1,0,0,A,5000,6.99,0,0.16,0,7
20682,29,32400,RENT,,0,0,1,0,0,0,1,0,0,A,5000,8.9,0,0.15,0,8
20683,27,32400,RENT,7,0,0,1,0,0,0,1,0,0,C,5000,,0,0.15,0,6
20689,29,33000,RENT,6,0,0,1,0,0,0,1,0,0,A,5000,8.9,0,0.15,0,7
20701,27,34152,RENT,5,0,0,1,0,0,0,1,0,0,C,5000,13.79,0,0.15,0,10
20703,35,34868,RENT,14,0,0,1,0,0,0,1,0,0,E,5000,6,1,0.14,0,6
20708,29,35000,RENT,1,0,0,1,0,0,0,1,0,0,A,5000,,0,0.14,0,9
20709,27,35004,RENT,7,0,0,1,0,0,0,1,0,0,B,5000,10.75,0,0.14,0,8
20712,35,36000,RENT,,0,0,1,0,0,0,1,0,0,B,5000,9.91,0,0.14,0,5
20720,31,36000,RENT,2,0,0,1,0,0,0,1,0,0,B,5000,10.36,0,0.14,0,9
20733,32,37500,RENT,6,0,0,1,0,0,0,1,0,0,A,5000,6.03,0,0.13,0,9
20741,29,38000,RENT,0,0,0,1,0,0,0,1,0,0,B,5000,11.36,0,0.13,0,5
20745,27,38004,RENT,8,0,0,1,0,0,0,1,0,0,A,5000,9.63,0,0.13,0,10
20747,27,38250,RENT,1,0,0,1,0,0,0,1,0,0,A,5000,7.51,0,0.13,0,5
20748,32,38300,RENT,4,0,0,1,0,0,0,1,0,0,B,5000,10.25,0,0.13,0,9
20752,27,38400,RENT,6,0,0,1,0,0,0,1,0,0,B,5000,9.88,0,0.13,0,10
20760,27,40000,RENT,1,0,0,1,0,0,0,1,0,0,B,5000,11.99,0,0.13,0,9
20768,27,34040,RENT,3,0,0,1,0,0,0,1,0,0,B,5000,10.25,1,0.15,0,10
20769,27,40752,RENT,6,0,0,1,0,0,0,1,0,0,C,5000,13.49,0,0.12,0,8
20774,31,41004,RENT,5,0,0,1,0,0,0,1,0,0,D,5000,15.28,0,0.12,0,10
20776,28,42000,RENT,4,0,0,1,0,0,0,1,0,0,A,5000,5.42,0,0.12,0,5
20778,35,42000,RENT,6,0,0,1,0,0,0,1,0,0,A,5000,6.99,0,0.12,0,10
20782,27,42000,RENT,7,0,0,1,0,0,0,1,0,0,B,5000,11.11,0,0.12,0,9
20784,31,42000,RENT,3,0,0,1,0,0,0,1,0,0,B,5000,11.86,0,0.12,0,9
20785,30,42000,RENT,2,0,0,1,0,0,0,1,0,0,B,5000,,0,0.12,0,7
20789,28,42016,RENT,3,0,0,1,0,0,0,1,0,0,B,5000,10.36,0,0.12,0,5
20794,27,42996,RENT,1,0,0,1,0,0,0,1,0,0,C,5000,13.61,0,0.12,0,6
20795,28,43000,RENT,12,0,0,1,0,0,0,1,0,0,B,5000,11.71,0,0.12,0,9
20796,31,43000,RENT,1,0,0,1,0,0,0,1,0,0,B,5000,9.99,0,0.12,0,10
20804,35,39000,RENT,8,0,0,1,0,0,0,1,0,0,B,5000,9.99,1,0.13,0,6
20810,32,39000,RENT,5,0,0,1,0,0,0,1,0,0,D,5000,14.09,1,0.13,0,10
20819,30,46044,RENT,4,0,0,1,0,0,0,1,0,0,B,5000,,0,0.11,0,9
20838,27,48000,RENT,2,0,0,1,0,0,0,1,0,0,B,5000,11.58,0,0.1,0,5
20852,33,55070,RENT,0,0,0,1,0,0,0,1,0,0,A,9000,8.49,0,0.16,0,5
20862,31,60000,RENT,3,0,0,1,0,0,0,1,0,0,C,9000,13.06,0,0.15,0,7
20864,35,54000,RENT,1,0,0,1,0,0,0,1,0,0,D,9000,14.46,1,0.17,0,9
20935,32,49500,RENT,2,0,0,1,0,0,0,1,0,0,B,8900,,0,0.18,0,7
20936,30,80000,RENT,0,0,0,1,0,0,0,1,0,0,A,8900,6.17,0,0.11,0,10
20945,34,33000,RENT,3,0,0,1,0,0,0,1,0,0,A,8875,7.66,0,0.27,0,7
20952,28,42000,RENT,3,0,0,1,0,0,0,1,0,0,B,8800,12.42,0,0.21,0,10
20957,29,48000,RENT,1,0,0,1,0,0,0,1,0,0,A,8800,8.49,0,0.18,0,9
20958,31,50000,RENT,5,0,0,1,0,0,0,1,0,0,A,8800,6.17,0,0.18,0,9
20968,31,50000,RENT,0,0,0,1,0,0,0,1,0,0,A,5000,6.91,0,0.1,0,7
20971,30,50000,RENT,5,0,0,1,0,0,0,1,0,0,B,5000,11.14,0,0.1,0,8
20979,28,50176,RENT,3,0,0,1,0,0,0,1,0,0,B,5000,10.59,0,0.1,0,9
21008,35,27996,RENT,14,0,0,1,0,0,0,1,0,0,B,8500,11.58,0,0.3,0,6
21013,28,31800,RENT,2,0,0,1,0,0,0,1,0,0,D,8500,16.07,1,0.27,0,10
21017,28,33000,RENT,12,0,0,1,0,0,0,1,0,0,C,8500,13.99,0,0.26,0,9
21022,30,40000,RENT,2,0,0,1,0,0,0,1,0,0,C,8500,12.53,0,0.21,0,8
21029,33,45000,RENT,2,0,0,1,0,0,0,1,0,0,B,8500,10.62,0,0.19,0,6
21031,30,45000,RENT,0,0,0,1,0,0,0,1,0,0,B,8500,11.89,0,0.19,0,7
21035,28,53000,RENT,2,0,0,1,0,0,0,1,0,0,A,8500,5.79,0,0.16,0,9
21044,28,76000,RENT,2,0,0,1,0,0,0,1,0,0,B,8500,,0,0.11,0,5
21046,30,42000,RENT,0,0,0,1,0,0,0,1,0,0,A,8450,8.59,0,0.2,0,7
21061,32,54000,RENT,2,0,0,1,0,0,0,1,0,0,A,5000,7.9,0,0.09,0,7
21087,27,57500,RENT,0,0,0,1,0,0,0,1,0,0,A,5000,,0,0.09,0,6
21102,32,60000,RENT,16,0,0,1,0,0,0,1,0,0,A,5000,7.29,0,0.08,0,9
21103,30,60000,RENT,8,0,0,1,0,0,0,1,0,0,A,5000,,0,0.08,0,8
21137,29,60000,RENT,0,0,0,1,0,0,0,1,0,0,C,5000,14.22,1,0.08,0,9
21153,34,72000,RENT,6,0,0,1,0,0,0,1,0,0,B,5000,10.59,0,0.07,0,9
21155,28,72467,RENT,2,0,0,1,0,0,0,1,0,0,B,5000,8.88,0,0.07,0,7
21158,32,75000,RENT,4,0,0,1,0,0,0,1,0,0,B,5000,9.99,0,0.07,0,8
21159,31,75000,RENT,0,0,0,1,0,0,0,1,0,0,B,5000,10.75,0,0.07,0,6
21160,28,75000,RENT,5,0,0,1,0,0,0,1,0,0,A,5000,7.88,0,0.07,0,10
21183,29,67027,RENT,,0,0,1,0,0,0,1,0,0,A,5000,7.51,1,0.06,0,10
21216,28,99996,RENT,7,0,0,1,0,0,0,1,0,0,B,5000,11.49,0,0.05,0,10
21220,27,100000,RENT,11,0,0,1,0,0,0,1,0,0,B,5000,12.42,0,0.05,0,8
21223,35,100000,RENT,0,0,0,1,0,0,0,1,0,0,A,5000,7.74,0,0.05,0,7
21227,33,113800,RENT,8,0,0,1,0,0,0,1,0,0,B,5000,11.83,0,0.04,0,9
21234,27,145000,RENT,11,0,0,1,0,0,0,1,0,0,B,5000,12.69,0,0.03,0,7
21261,32,47500,RENT,2,0,0,1,0,0,0,1,0,0,B,5300,11.49,0,0.11,0,8
21304,27,20400,RENT,3,0,0,1,0,0,0,1,0,0,A,5500,6.91,0,0.27,0,7
21315,33,25200,RENT,0,0,0,1,0,0,0,1,0,0,B,5500,9.88,0,0.22,0,7
21325,29,34000,RENT,4,0,0,1,0,0,0,1,0,0,B,5500,,0,0.16,0,5
21333,33,42230,RENT,1,0,0,1,0,0,0,1,0,0,A,5500,9.63,0,0.13,0,10
21338,35,45000,RENT,3,0,0,1,0,0,0,1,0,0,A,5500,6.92,0,0.12,0,6
21340,29,51504,RENT,0,0,0,1,0,0,0,1,0,0,B,5500,11.89,0,0.11,0,9
21341,28,46000,RENT,6,0,0,1,0,0,0,1,0,0,B,5500,11.11,1,0.12,0,10
21355,28,56004,RENT,12,0,0,1,0,0,0,1,0,0,C,5525,12.68,0,0.1,0,9
21366,27,30000,RENT,0,0,0,1,0,0,0,1,0,0,C,5600,13.49,0,0.19,0,10
21368,27,30000,RENT,8,0,0,1,0,0,0,1,0,0,A,5600,,0,0.19,0,6
21376,28,40000,RENT,0,0,0,1,0,0,0,1,0,0,C,5600,13.49,0,0.14,0,8
21377,35,40000,RENT,0,0,0,1,0,0,0,1,0,0,B,5600,9.76,0,0.14,0,6
21385,31,49000,RENT,6,0,0,1,0,0,0,1,0,0,A,5600,6.03,0,0.11,0,6
21397,29,57995,RENT,8,0,0,1,0,0,0,1,0,0,B,5600,10.37,0,0.1,0,6
21426,28,36000,RENT,1,0,0,1,0,0,0,1,0,0,B,5700,10.39,0,0.16,0,5
21438,27,36000,RENT,3,0,0,1,0,0,0,1,0,0,B,5800,12.42,0,0.16,0,10
21449,27,38000,RENT,1,0,0,1,0,0,0,1,0,0,C,5850,,0,0.15,0,5
21452,30,70000,RENT,0,0,0,1,0,0,0,1,0,0,A,5850,5.79,0,0.08,0,5
21488,33,22356,RENT,2,0,0,1,0,0,0,1,0,0,A,6000,7.9,0,0.27,0,8
21492,27,23000,RENT,4,0,0,1,0,0,0,1,0,0,A,6000,8.9,0,0.26,0,6
21493,28,23000,RENT,,0,0,1,0,0,0,1,0,0,B,6000,8.88,0,0.26,0,5
21505,27,25200,RENT,3,0,0,1,0,0,0,1,0,0,A,6000,7.9,0,0.24,0,5
21512,32,27000,RENT,2,0,0,1,0,0,0,1,0,0,C,6000,12.73,0,0.22,0,10
21531,27,30000,RENT,2,0,0,1,0,0,0,1,0,0,A,6000,7.66,0,0.2,0,9
21532,28,30000,RENT,10,0,0,1,0,0,0,1,0,0,B,6000,10.37,1,0.2,0,6
21548,30,31200,RENT,5,0,0,1,0,0,0,1,0,0,B,6000,9.91,0,0.19,0,8
21549,27,31200,RENT,0,0,0,1,0,0,0,1,0,0,A,6000,9.63,0,0.19,0,8
21554,30,32000,RENT,0,0,0,1,0,0,0,1,0,0,C,6000,12.99,0,0.19,0,9
21555,30,32000,RENT,0,0,0,1,0,0,0,1,0,0,B,6000,,0,0.19,0,9
21571,27,34000,RENT,3,0,0,1,0,0,0,1,0,0,A,6000,8.9,0,0.18,0,9
21576,30,35000,RENT,8,0,0,1,0,0,0,1,0,0,A,6000,7.9,0,0.17,0,9
21577,29,29000,RENT,0,0,0,1,0,0,0,1,0,0,A,6000,8.49,1,0.21,0,8
21579,27,35000,RENT,3,0,0,1,0,0,0,1,0,0,A,6000,7.49,0,0.17,0,10
21583,27,35000,RENT,2,0,0,1,0,0,0,1,0,0,A,6000,9.32,0,0.17,0,10
21585,31,35000,RENT,0,0,0,1,0,0,0,1,0,0,C,6000,12.84,0,0.17,0,7
21608,35,36500,RENT,0,0,0,1,0,0,0,1,0,0,C,6000,13.61,0,0.16,0,6
21610,32,37000,RENT,4,0,0,1,0,0,0,1,0,0,B,6000,10.36,0,0.16,0,6
21626,32,40000,RENT,0,0,0,1,0,0,0,1,0,0,B,6000,12.69,0,0.15,0,8
21635,35,40000,RENT,1,0,0,1,0,0,0,1,0,0,B,6000,,0,0.15,0,7
21645,27,41000,RENT,2,0,0,1,0,0,0,1,0,0,A,6000,9.32,0,0.15,0,7
21654,28,42328,RENT,5,0,0,1,0,0,0,1,0,0,A,6000,8.63,0,0.14,0,7
21659,29,43000,RENT,1,0,0,1,0,0,0,1,0,0,B,6000,11.14,0,0.14,0,7
21661,28,43000,RENT,5,0,0,1,0,0,0,1,0,0,B,6000,10.39,0,0.14,0,5
21679,30,46000,RENT,5,0,0,1,0,0,0,1,0,0,A,6000,6.99,0,0.13,0,5
21690,31,48000,RENT,1,0,0,1,0,0,0,1,0,0,A,6000,6.03,0,0.13,0,6
21694,30,42000,RENT,1,0,0,1,0,0,0,1,0,0,D,6000,14.46,1,0.14,0,5
21735,34,51000,RENT,1,0,0,1,0,0,0,1,0,0,A,6000,5.99,0,0.12,0,6
21738,29,51000,RENT,2,0,0,1,0,0,0,1,0,0,A,6000,7.29,0,0.12,0,10
21752,28,55000,RENT,3,0,0,1,0,0,0,1,0,0,B,6000,10.74,0,0.11,0,8
21760,30,55840,RENT,6,0,0,1,0,0,0,1,0,0,B,6000,10.25,0,0.11,0,5
21767,29,57600,RENT,1,0,0,1,0,0,0,1,0,0,B,6000,9.91,0,0.1,0,10
21785,32,60000,RENT,6,0,0,1,0,0,0,1,0,0,C,6000,13.98,0,0.1,0,5
21800,32,62000,RENT,6,0,0,1,0,0,0,1,0,0,B,6000,,0,0.1,0,5
21806,27,41200,RENT,1,0,0,1,0,0,0,1,0,0,A,7100,7.88,0,0.17,0,10
21823,27,20000,RENT,,0,0,1,0,0,0,1,0,0,D,7000,,1,0.35,0,5
21825,29,21000,RENT,7,0,0,1,0,0,0,1,0,0,C,7000,13.72,1,0.33,0,10
21828,31,24000,RENT,0,0,0,1,0,0,0,1,0,0,A,7000,7.51,0,0.29,0,7
21833,27,25000,RENT,0,0,0,1,0,0,0,1,0,0,A,7000,8.9,0,0.28,0,10
21840,33,63550,RENT,6,0,0,1,0,0,0,1,0,0,A,6000,,0,0.09,0,8
21841,30,63552,RENT,,0,0,1,0,0,0,1,0,0,B,6000,11.49,0,0.09,0,7
21846,32,65000,RENT,4,0,0,1,0,0,0,1,0,0,A,6000,7.49,0,0.09,0,5
21848,27,65000,RENT,0,0,0,1,0,0,0,1,0,0,B,6000,11.14,0,0.09,0,9
21869,28,71000,RENT,4,0,0,1,0,0,0,1,0,0,A,6000,8.49,0,0.08,0,10
21878,28,72000,RENT,0,0,0,1,0,0,0,1,0,0,A,6000,7.88,0,0.08,0,10
21888,29,75000,RENT,2,0,0,1,0,0,0,1,0,0,A,6000,8.49,0,0.08,0,6
21890,30,75000,RENT,2,0,0,1,0,0,0,1,0,0,C,6000,12.68,0,0.08,0,8
21895,31,59500,RENT,1,0,0,1,0,0,0,1,0,0,B,6000,11.71,1,0.09,0,6
21897,34,76000,RENT,4,0,0,1,0,0,0,1,0,0,B,6000,,0,0.08,0,10
21898,28,77385,RENT,3,0,0,1,0,0,0,1,0,0,A,6000,7.66,0,0.08,0,6
21905,31,80000,RENT,2,0,0,1,0,0,0,1,0,0,A,6000,6.03,0,0.07,0,10
21912,34,82000,RENT,3,0,0,1,0,0,0,1,0,0,A,6000,8.9,0,0.07,0,5
21913,29,84000,RENT,3,0,0,1,0,0,0,1,0,0,B,6000,11.49,0,0.07,0,6
21929,30,90000,RENT,0,0,0,1,0,0,0,1,0,0,B,6000,10.38,0,0.07,0,8
21958,28,240000,RENT,2,0,0,1,0,0,0,1,0,0,B,6000,11.46,0,0.03,0,6
21959,34,564000,RENT,2,0,0,1,0,0,0,1,0,0,A,6000,7.14,0,0.01,0,5
21960,29,48000,RENT,6,0,0,1,0,0,0,1,0,0,B,6025,10.65,0,0.13,0,9
21982,31,60000,RENT,1,0,0,1,0,0,0,1,0,0,A,6200,8.59,0,0.1,0,7
21984,31,20400,RENT,0,0,0,1,0,0,0,1,0,0,B,6225,9.76,1,0.31,0,9
21991,27,23004,RENT,1,0,0,1,0,0,0,1,0,0,B,6250,10.38,0,0.27,0,6
21997,31,56000,RENT,4,0,0,1,0,0,0,1,0,0,A,7000,7.29,0,0.13,0,8
22013,29,56500,RENT,3,0,0,1,0,0,0,1,0,0,B,7000,,1,0.12,0,8
22015,28,64000,RENT,13,0,0,1,0,0,0,1,0,0,B,7000,10.59,0,0.11,0,6
22033,33,68508,RENT,17,0,0,1,0,0,0,1,0,0,A,7000,8,0,0.1,0,6
22036,28,72000,RENT,2,0,0,1,0,0,0,1,0,0,B,7000,11.49,0,0.1,0,7
22058,30,90000,RENT,1,0,0,1,0,0,0,1,0,0,B,7000,9.25,0,0.08,0,8
22061,35,90000,RENT,0,0,0,1,0,0,0,1,0,0,A,7000,8.59,0,0.08,0,10
22071,34,105000,RENT,3,0,0,1,0,0,0,1,0,0,A,7000,9.63,0,0.07,0,10
22086,32,49000,RENT,16,0,0,1,0,0,0,1,0,0,B,6300,9.91,0,0.13,0,8
22106,35,23000,RENT,13,0,0,1,0,0,0,1,0,0,A,6500,8.63,0,0.28,0,6
22114,29,37000,RENT,1,0,0,1,0,0,0,1,0,0,B,6500,,0,0.18,0,8
22116,34,38400,RENT,1,0,0,1,0,0,0,1,0,0,B,6500,9.91,0,0.17,0,7
22123,28,40000,RENT,1,0,0,1,0,0,0,1,0,0,B,6500,10.74,0,0.16,0,6
22131,31,42500,RENT,3,0,0,1,0,0,0,1,0,0,A,6500,7.29,0,0.15,0,10
22135,29,50000,RENT,1,0,0,1,0,0,0,1,0,0,C,6500,15.96,0,0.13,0,7
22158,29,115000,RENT,0,0,0,1,0,0,0,1,0,0,B,6500,10.65,0,0.06,0,10
22163,27,42000,RENT,2,0,0,1,0,0,0,1,0,0,A,6550,7.88,0,0.16,0,8
22166,31,26000,RENT,1,0,0,1,0,0,0,1,0,0,B,6600,,0,0.25,0,6
22201,34,47818,RENT,9,0,0,1,0,0,0,1,0,0,A,6800,6.92,0,0.14,0,9
22240,27,35000,RENT,0,0,0,1,0,0,0,1,0,0,A,6400,7.74,0,0.18,0,5
22250,28,42000,RENT,0,0,0,1,0,0,0,1,0,0,A,6400,5.79,0,0.15,0,6
22252,34,43000,RENT,1,0,0,1,0,0,0,1,0,0,A,6400,9.63,0,0.15,0,5
22270,33,58000,RENT,5,0,0,1,0,0,0,1,0,0,A,6400,7.51,0,0.11,0,8
22282,32,80000,RENT,1,0,0,1,0,0,0,1,0,0,B,6400,10.99,0,0.08,0,10
22284,32,80000,RENT,0,0,0,1,0,0,0,1,0,0,A,6400,7.88,0,0.08,0,8
22288,34,90000,RENT,4,0,0,1,0,0,0,1,0,0,B,6400,,0,0.07,0,7
22302,27,27000,RENT,3,0,0,1,0,0,0,1,0,0,B,6900,9.99,0,0.26,0,7
22307,32,43000,RENT,2,0,0,1,0,0,0,1,0,0,B,6950,9.91,0,0.16,0,9
22316,32,27600,RENT,0,0,0,1,0,0,0,1,0,0,A,7000,6.54,0,0.25,0,9
22322,34,28704,RENT,0,0,0,1,0,0,0,1,0,0,A,7000,9.32,0,0.24,0,10
22324,32,28800,RENT,3,0,0,1,0,0,0,1,0,0,A,7000,7.51,0,0.24,0,10
22327,27,30000,RENT,5,0,0,1,0,0,0,1,0,0,D,7000,15.62,1,0.23,0,6
22328,31,30000,RENT,5,0,0,1,0,0,0,1,0,0,B,7000,11.99,0,0.23,0,8
22338,30,30000,RENT,3,0,0,1,0,0,0,1,0,0,A,7000,,0,0.23,0,8
22349,29,35000,RENT,3,0,0,1,0,0,0,1,0,0,B,7000,8.88,0,0.2,0,5
22350,35,36000,RENT,5,0,0,1,0,0,0,1,0,0,A,7000,6.91,0,0.19,0,9
22364,27,38400,RENT,2,0,0,1,0,0,0,1,0,0,A,7000,7.51,0,0.18,0,6
22370,29,39996,RENT,3,0,0,1,0,0,0,1,0,0,C,7000,12.84,0,0.18,0,5
22390,31,42000,RENT,2,0,0,1,0,0,0,1,0,0,A,7000,7.9,0,0.17,0,7
22401,28,43000,RENT,12,0,0,1,0,0,0,1,0,0,A,7000,,0,0.16,0,8
22406,27,44000,RENT,2,0,0,1,0,0,0,1,0,0,A,7000,7.14,0,0.16,0,7
22422,34,46000,RENT,1,0,0,1,0,0,0,1,0,0,A,7000,8.9,0,0.15,0,8
22430,33,48000,RENT,1,0,0,1,0,0,0,1,0,0,B,7000,11.99,0,0.15,0,8
22432,28,48000,RENT,12,0,0,1,0,0,0,1,0,0,B,7000,11.36,0,0.15,0,9
22434,30,48409,RENT,4,0,0,1,0,0,0,1,0,0,B,7000,,0,0.14,0,10
22436,33,49896,RENT,8,0,0,1,0,0,0,1,0,0,A,7000,,0,0.14,0,9
22457,27,53250,RENT,1,0,0,1,0,0,0,1,0,0,B,7000,10.37,0,0.13,0,6
22461,34,55000,RENT,4,0,0,1,0,0,0,1,0,0,B,7000,8.88,0,0.13,0,9
22480,29,26400,RENT,4,0,0,1,0,0,0,1,0,0,A,7200,7.49,0,0.27,0,10
22484,27,29120,RENT,6,0,0,1,0,0,0,1,0,0,C,7200,13.11,0,0.25,0,6
22493,33,31500,RENT,16,0,0,1,0,0,0,1,0,0,A,7200,5.79,0,0.23,0,6
22495,35,32000,RENT,3,0,0,1,0,0,0,1,0,0,C,7200,12.61,0,0.23,0,5
22499,28,35000,RENT,2,0,0,1,0,0,0,1,0,0,A,7200,7.66,0,0.21,0,6
22510,34,35316,RENT,5,0,0,1,0,0,0,1,0,0,D,7200,14.84,1,0.2,0,10
22511,30,42000,RENT,2,0,0,1,0,0,0,1,0,0,B,7200,10.99,0,0.17,0,6
22518,33,49000,RENT,6,0,0,1,0,0,0,1,0,0,B,7200,12.42,0,0.15,0,7
22534,29,65000,RENT,1,0,0,1,0,0,0,1,0,0,B,7200,11.12,0,0.11,0,8
22538,31,74076,RENT,9,0,0,1,0,0,0,1,0,0,B,7200,,0,0.1,0,9
22543,29,76000,RENT,2,0,0,1,0,0,0,1,0,0,B,7200,,0,0.09,0,8
22570,29,125004,RENT,3,0,0,1,0,0,0,1,0,0,B,7200,9.99,0,0.06,0,6
22573,30,20800,RENT,0,0,0,1,0,0,0,1,0,0,A,7250,8,1,0.35,0,10
22577,29,35000,RENT,6,0,0,1,0,0,0,1,0,0,B,7300,11.71,0,0.21,0,9
22581,27,50000,RENT,5,0,0,1,0,0,0,1,0,0,A,7300,7.29,0,0.15,0,9
22594,27,62900,RENT,9,0,0,1,0,0,0,1,0,0,D,7450,15.99,1,0.1,0,10
22598,28,20000,RENT,0,0,0,1,0,0,0,1,0,0,B,7500,9.76,1,0.38,0,9
22602,30,21996,RENT,4,0,0,1,0,0,0,1,0,0,B,7500,10.37,1,0.34,0,9
22608,27,27000,RENT,2,0,0,1,0,0,0,1,0,0,B,7500,12.69,0,0.28,0,10
22619,29,34000,RENT,4,0,0,1,0,0,0,1,0,0,A,7500,,0,0.22,0,10
22620,31,34000,RENT,0,0,0,1,0,0,0,1,0,0,A,7500,8.94,0,0.22,0,8
22627,30,35004,RENT,0,0,0,1,0,0,0,1,0,0,A,7500,8.63,0,0.21,0,5
22657,28,40000,RENT,2,0,0,1,0,0,0,1,0,0,C,7500,,0,0.19,0,7
22667,29,44875,RENT,0,0,0,1,0,0,0,1,0,0,A,7500,8.32,0,0.17,0,8
22668,27,45000,RENT,4,0,0,1,0,0,0,1,0,0,C,7500,15.27,0,0.17,0,8
22676,27,46000,RENT,4,0,0,1,0,0,0,1,0,0,C,7500,13.49,0,0.16,0,5
22679,30,48000,RENT,4,0,0,1,0,0,0,1,0,0,A,7500,7.49,0,0.16,0,6
22681,27,42996,RENT,11,0,0,1,0,0,0,1,0,0,C,7500,11.91,1,0.17,0,7
22694,30,45063,RENT,7,0,0,1,0,0,0,1,0,0,D,7500,15.05,1,0.17,0,6
22726,31,65000,RENT,8,0,0,1,0,0,0,1,0,0,B,7500,10.95,0,0.12,0,10
22733,27,70000,RENT,4,0,0,1,0,0,0,1,0,0,A,7500,7.88,0,0.11,0,5
22766,35,160000,RENT,3,0,0,1,0,0,0,1,0,0,A,7500,8,0,0.05,0,8
22772,35,40000,RENT,2,0,0,1,0,0,0,1,0,0,C,7550,13.92,0,0.19,0,9
22781,27,33000,RENT,2,0,0,1,0,0,0,1,0,0,A,7600,8,0,0.23,0,10
22783,30,44208,RENT,1,0,0,1,0,0,0,1,0,0,A,7600,7.74,0,0.17,0,8
22794,28,30000,RENT,2,0,0,1,0,0,0,1,0,0,B,7700,12.42,0,0.26,0,8
22808,29,26400,RENT,5,0,0,1,0,0,0,1,0,0,C,7750,14.27,1,0.29,0,7
22810,27,29000,RENT,3,0,0,1,0,0,0,1,0,0,B,7750,11.86,0,0.27,0,5
22824,29,40320,RENT,6,0,0,1,0,0,0,1,0,0,B,7800,8.88,0,0.19,0,10
22825,27,41004,RENT,11,0,0,1,0,0,0,1,0,0,B,7800,11.14,0,0.19,0,7
22836,28,47000,RENT,9,0,0,1,0,0,0,1,0,0,B,7875,,0,0.17,0,10
22839,31,36572,RENT,,0,0,1,0,0,0,1,0,0,A,7900,,0,0.22,0,7
22842,28,24000,RENT,,0,0,1,0,0,0,1,0,0,D,7950,15.99,1,0.33,0,5
22847,27,13500,RENT,2,0,0,1,0,0,0,1,0,0,B,8000,12.18,1,0.59,0,5
22855,33,19200,RENT,0,0,0,1,0,0,0,1,0,0,A,8000,7.66,1,0.42,0,6
22856,28,20000,RENT,4,0,0,1,0,0,0,1,0,0,B,8000,12.42,1,0.4,0,8
22862,35,21340,RENT,0,0,0,1,0,0,0,1,0,0,B,8000,11.14,1,0.37,0,6
22863,27,21600,RENT,2,0,0,1,0,0,0,1,0,0,B,8000,10.59,1,0.37,0,5
22878,35,24996,RENT,6,0,0,1,0,0,0,1,0,0,A,8000,7.51,1,0.32,0,7
22882,28,25000,RENT,5,0,0,1,0,0,0,1,0,0,A,8000,6.91,1,0.32,0,6
22903,30,28800,RENT,1,0,0,1,0,0,0,1,0,0,C,8000,13.22,0,0.28,0,9
22904,32,29962,RENT,4,0,0,1,0,0,0,1,0,0,B,8000,12.53,0,0.27,0,7
22907,28,30000,RENT,4,0,0,1,0,0,0,1,0,0,A,8000,,0,0.27,0,8
22919,27,32000,RENT,6,0,0,1,0,0,0,1,0,0,B,8000,9.91,0,0.25,0,7
22941,27,35000,RENT,1,0,0,1,0,0,0,1,0,0,B,8000,12.21,0,0.23,0,6
22948,31,36000,RENT,4,0,0,1,0,0,0,1,0,0,B,8000,10.65,0,0.22,0,6
22959,28,36000,RENT,0,0,0,1,0,0,0,1,0,0,C,8000,12.84,0,0.22,0,6
22966,35,37440,RENT,2,0,0,1,0,0,0,1,0,0,B,8000,10.99,0,0.21,0,9
22986,32,39600,RENT,2,0,0,1,0,0,0,1,0,0,B,8000,9.91,0,0.2,0,10
22992,30,34000,RENT,1,0,0,1,0,0,0,1,0,0,A,8000,7.9,1,0.24,0,5
23001,28,40000,RENT,3,0,0,1,0,0,0,1,0,0,B,8000,10.95,0,0.2,0,6
23008,33,42000,RENT,0,0,0,1,0,0,0,1,0,0,A,8000,5.99,0,0.19,0,7
23011,30,42000,RENT,5,0,0,1,0,0,0,1,0,0,B,8000,10,0,0.19,0,5
23024,27,43000,RENT,2,0,0,1,0,0,0,1,0,0,C,8000,12.68,0,0.19,0,6
23037,32,45000,RENT,0,0,0,1,0,0,0,1,0,0,A,8000,7.66,0,0.18,0,5
23041,32,45000,RENT,0,0,0,1,0,0,0,1,0,0,A,8000,,0,0.18,0,5
23042,27,45000,RENT,1,0,0,1,0,0,0,1,0,0,C,8000,13.85,0,0.18,0,10
23045,29,45000,RENT,0,0,0,1,0,0,0,1,0,0,B,8000,12.18,0,0.18,0,5
23054,27,46000,RENT,11,0,0,1,0,0,0,1,0,0,B,8000,11.36,0,0.17,0,8
23067,28,50000,RENT,0,0,0,1,0,0,0,1,0,0,C,8000,14.27,0,0.16,0,9
23076,28,50000,RENT,12,0,0,1,0,0,0,1,0,0,C,8000,14.65,0,0.16,0,9
23082,27,50000,RENT,5,0,0,1,0,0,0,1,0,0,C,8000,13.43,0,0.16,0,10
23083,28,50000,RENT,4,0,0,1,0,0,0,1,0,0,A,8000,7.14,0,0.16,0,7
23085,32,50000,RENT,2,0,0,1,0,0,0,1,0,0,B,8000,10.62,0,0.16,0,8
23106,33,53040,RENT,3,0,0,1,0,0,0,1,0,0,B,8000,9.88,0,0.15,0,10
23125,27,55000,RENT,11,0,0,1,0,0,0,1,0,0,B,8000,11.83,0,0.15,0,9
23129,31,55000,RENT,5,0,0,1,0,0,0,1,0,0,C,8000,13.16,0,0.15,0,5
23182,27,12000,RENT,2,0,0,1,0,0,0,1,0,0,A,5000,8.49,1,0.42,0,10
23210,34,20000,RENT,5,0,0,1,0,0,0,1,0,0,A,5000,8.9,0,0.25,0,5
23212,31,20000,RENT,0,0,0,1,0,0,0,1,0,0,C,5000,13.8,0,0.25,0,5
23213,34,20000,RENT,0,0,0,1,0,0,0,1,0,0,F,5000,18.43,1,0.25,0,9
23220,31,20743,RENT,0,0,0,1,0,0,0,1,0,0,A,5000,7.51,0,0.24,0,5
23233,29,23000,RENT,2,0,0,1,0,0,0,1,0,0,B,5000,,0,0.22,0,7
23245,29,24000,RENT,1,0,0,1,0,0,0,1,0,0,A,5000,6.92,0,0.21,0,10
23255,30,24414,RENT,0,0,0,1,0,0,0,1,0,0,A,5000,6.91,0,0.2,0,5
23266,29,25000,RENT,3,0,0,1,0,0,0,1,0,0,B,5000,10.95,0,0.2,0,10
23268,34,25480,RENT,6,0,0,1,0,0,0,1,0,0,D,5000,12.8,1,0.2,0,5
23271,28,26000,RENT,9,0,0,1,0,0,0,1,0,0,B,5000,11.71,0,0.19,0,7
23287,30,27396,RENT,0,0,0,1,0,0,0,1,0,0,C,5000,,0,0.18,0,5
23288,29,27911,RENT,1,0,0,1,0,0,0,1,0,0,E,5000,17.51,1,0.18,0,7
23303,30,65000,RENT,2,0,0,1,0,0,0,1,0,0,A,8000,7.51,0,0.12,0,5
23306,31,65000,RENT,2,0,0,1,0,0,0,1,0,0,A,8000,6.99,0,0.12,0,9
23334,28,54400,RENT,1,0,0,1,0,0,0,1,0,0,D,8000,15.65,1,0.13,0,10
23339,29,70004,RENT,0,0,0,1,0,0,0,1,0,0,A,8000,9.63,0,0.11,0,9
23342,30,71000,RENT,8,0,0,1,0,0,0,1,0,0,B,8000,11.12,0,0.11,0,8
23366,28,61200,RENT,12,0,0,1,0,0,0,1,0,0,B,8000,10.38,1,0.11,0,8
23379,29,83500,RENT,1,0,0,1,0,0,0,1,0,0,B,8000,11.49,0,0.1,0,8
23389,28,86000,RENT,13,0,0,1,0,0,0,1,0,0,A,8000,5.99,0,0.09,0,10
23392,27,90000,RENT,0,0,0,1,0,0,0,1,0,0,B,8000,10.99,0,0.09,0,10
23396,27,93000,RENT,1,0,0,1,0,0,0,1,0,0,A,8000,,0,0.09,0,7
23426,33,155000,RENT,3,0,0,1,0,0,0,1,0,0,A,8000,7.9,0,0.05,0,6
23429,29,215000,RENT,2,0,0,1,0,0,0,1,0,0,B,8000,10.71,0,0.04,0,7
23444,28,32500,RENT,0,0,0,1,0,0,0,1,0,0,A,8250,7.51,0,0.25,0,10
23445,35,48000,RENT,7,0,0,1,0,0,0,1,0,0,A,8250,7.51,0,0.17,0,6
23471,27,37000,RENT,7,0,0,1,0,0,0,1,0,0,B,8400,9.91,0,0.23,0,7
23472,34,33500,RENT,4,0,0,1,0,0,0,1,0,0,B,8400,10.99,1,0.25,0,9
23473,33,41000,RENT,2,0,0,1,0,0,0,1,0,0,B,8400,11.71,0,0.2,0,6
23520,28,20000,RENT,2,0,0,1,0,0,0,1,0,0,B,8500,8.88,1,0.42,0,10
23552,27,65000,RENT,5,0,0,1,0,0,0,1,0,0,B,8750,9.63,0,0.13,0,5
23575,27,32000,RENT,4,0,0,1,0,0,0,1,0,0,B,9000,11.48,1,0.28,0,8
23586,32,35000,RENT,0,0,0,1,0,0,0,1,0,0,A,9000,8.59,0,0.26,0,6
23589,31,29000,RENT,5,0,0,1,0,0,0,1,0,0,D,9000,15.37,1,0.31,0,9
23598,27,36400,RENT,5,0,0,1,0,0,0,1,0,0,A,9000,7.49,0,0.25,0,8
23600,27,37000,RENT,,0,0,1,0,0,0,1,0,0,B,9000,11.11,0,0.24,0,5
23602,32,37000,RENT,16,0,0,1,0,0,0,1,0,0,A,9000,6.92,0,0.24,0,8
23603,27,37000,RENT,6,0,0,1,0,0,0,1,0,0,A,9000,8.94,0,0.24,0,7
23613,31,39000,RENT,5,0,0,1,0,0,0,1,0,0,B,9000,10.71,0,0.23,0,6
23614,27,39000,RENT,1,0,0,1,0,0,0,1,0,0,B,9000,10.08,0,0.23,0,8
23619,28,40000,RENT,2,0,0,1,0,0,0,1,0,0,B,9000,12.53,0,0.23,0,5
23623,28,41000,RENT,1,0,0,1,0,0,0,1,0,0,B,9000,9.88,0,0.22,0,8
23631,33,42000,RENT,3,0,0,1,0,0,0,1,0,0,B,9000,,0,0.21,0,8
23648,32,46000,RENT,4,0,0,1,0,0,0,1,0,0,A,9000,7.51,0,0.2,0,9
23654,27,48000,RENT,5,0,0,1,0,0,0,1,0,0,B,9000,10.99,0,0.19,0,10
23656,28,48000,RENT,11,0,0,1,0,0,0,1,0,0,A,9000,8.59,0,0.19,0,7
23679,32,53000,RENT,4,0,0,1,0,0,0,1,0,0,A,9000,5.79,0,0.17,0,6
23701,28,62000,RENT,3,0,0,1,0,0,0,1,0,0,B,9200,10,0,0.15,0,9
23707,28,19200,RENT,0,0,0,1,0,0,0,1,0,0,C,9250,14.22,1,0.48,0,9
23714,30,28000,RENT,0,0,0,1,0,0,0,1,0,0,B,9250,11.48,1,0.33,0,9
23725,29,54996,RENT,8,0,0,1,0,0,0,1,0,0,A,9300,9.32,0,0.17,0,7
23728,32,12000,RENT,1,0,0,1,0,0,0,1,0,0,A,9325,8.38,1,0.78,0,6
23729,32,30000,RENT,4,0,0,1,0,0,0,1,0,0,D,9325,13.62,1,0.31,0,7
23734,32,83196,RENT,1,0,0,1,0,0,0,1,0,0,B,9350,,0,0.11,0,8
23738,27,31200,RENT,2,0,0,1,0,0,0,1,0,0,A,9400,6.91,0,0.3,0,5
23766,29,72000,RENT,3,0,0,1,0,0,0,1,0,0,B,9500,11.26,0,0.13,0,7
23793,28,39000,RENT,0,0,0,1,0,0,0,1,0,0,A,9600,7.49,0,0.25,0,8
23803,28,42000,RENT,4,0,0,1,0,0,0,1,0,0,A,9600,7.9,0,0.23,0,7
23810,27,39996,RENT,5,0,0,1,0,0,0,1,0,0,D,9600,,1,0.24,0,9
23820,33,59000,RENT,17,0,0,1,0,0,0,1,0,0,B,9600,9.91,0,0.16,0,8
23843,31,80000,RENT,1,0,0,1,0,0,0,1,0,0,B,9600,9.91,0,0.12,0,7
23852,27,66300,RENT,1,0,0,1,0,0,0,1,0,0,D,9600,,1,0.12,0,7
23860,28,120000,RENT,12,0,0,1,0,0,0,1,0,0,A,9600,8,0,0.08,0,7
23874,27,27000,RENT,2,0,0,1,0,0,0,1,0,0,B,9750,9.63,1,0.36,0,6
23887,32,21120,RENT,0,0,0,1,0,0,0,1,0,0,A,10000,,1,0.47,0,6
23895,27,24000,RENT,,0,0,1,0,0,0,1,0,0,C,10000,13.23,1,0.42,0,8
23903,27,24000,RENT,0,0,0,1,0,0,0,1,0,0,A,10000,7.68,1,0.42,0,9
23908,27,24500,RENT,3,0,0,1,0,0,0,1,0,0,B,10000,10.25,1,0.41,0,7
23912,34,25000,RENT,0,0,0,1,0,0,0,1,0,0,A,10000,7.29,1,0.4,0,9
23930,29,28000,RENT,0,0,0,1,0,0,0,1,0,0,C,10000,12.84,1,0.36,0,9
23933,28,30000,RENT,12,0,0,1,0,0,0,1,0,0,D,10000,17.58,1,0.33,0,5
23937,27,30000,RENT,3,0,0,1,0,0,0,1,0,0,D,10000,17.58,1,0.33,0,6
23966,33,30000,RENT,11,0,0,1,0,0,0,1,0,0,C,10000,11.03,1,0.33,0,6
23983,27,31200,RENT,4,0,0,1,0,0,0,1,0,0,A,10000,8,1,0.32,0,9
23996,27,33200,RENT,0,0,0,1,0,0,0,1,0,0,B,10000,11.71,0,0.3,0,5
24016,27,35000,RENT,3,0,0,1,0,0,0,1,0,0,B,10000,9.88,0,0.29,0,8
24021,28,35000,RENT,5,0,0,1,0,0,0,1,0,0,D,10000,14.61,0,0.29,0,7
24025,30,35000,RENT,5,0,0,1,0,0,0,1,0,0,B,10000,12.21,0,0.29,0,6
24032,31,29400,RENT,2,0,0,1,0,0,0,1,0,0,D,10000,13.87,1,0.34,0,6
24051,28,36000,RENT,13,0,0,1,0,0,0,1,0,0,A,10000,8.59,0,0.28,0,9
24063,29,37000,RENT,1,0,0,1,0,0,0,1,0,0,C,10000,12.53,0,0.27,0,5
24073,35,38004,RENT,4,0,0,1,0,0,0,1,0,0,B,10000,9.99,0,0.26,0,7
24079,34,38400,RENT,3,0,0,1,0,0,0,1,0,0,A,10000,7.49,0,0.26,0,6
24088,35,39000,RENT,2,0,0,1,0,0,0,1,0,0,B,10000,10.25,0,0.26,0,5
24108,27,34000,RENT,3,0,0,1,0,0,0,1,0,0,D,10000,16.77,1,0.29,0,7
24147,30,42000,RENT,4,0,0,1,0,0,0,1,0,0,C,10000,16.11,0,0.24,0,9
24153,30,42000,RENT,2,0,0,1,0,0,0,1,0,0,A,10000,,0,0.24,0,7
24157,27,43000,RENT,11,0,0,1,0,0,0,1,0,0,B,10000,12.42,0,0.23,0,9
24169,31,43288,RENT,7,0,0,1,0,0,0,1,0,0,B,10000,10.74,0,0.23,0,5
24174,27,44000,RENT,12,0,0,1,0,0,0,1,0,0,D,10000,16.77,0,0.23,0,9
24190,29,45000,RENT,7,0,0,1,0,0,0,1,0,0,B,10000,,0,0.22,0,5
24200,28,39000,RENT,6,0,0,1,0,0,0,1,0,0,D,10000,14.96,1,0.26,0,6
24204,35,39000,RENT,2,0,0,1,0,0,0,1,0,0,C,10000,13.16,1,0.26,0,6
24217,27,45000,RENT,1,0,0,1,0,0,0,1,0,0,B,10000,9.2,0,0.22,0,10
24236,35,46000,RENT,3,0,0,1,0,0,0,1,0,0,E,10000,17.14,0,0.22,0,5
24237,31,46000,RENT,0,0,0,1,0,0,0,1,0,0,A,10000,7.51,0,0.22,0,7
24247,31,31500,RENT,2,0,0,1,0,0,0,1,0,0,B,4200,9.99,0,0.13,0,7
24248,27,32000,RENT,3,0,0,1,0,0,0,1,0,0,A,4200,8,0,0.13,0,10
24266,27,43200,RENT,4,0,0,1,0,0,0,1,0,0,B,4200,10.74,0,0.1,0,6
24272,30,48500,RENT,0,0,0,1,0,0,0,1,0,0,B,4200,11.48,0,0.09,0,7
24287,29,60000,RENT,6,0,0,1,0,0,0,1,0,0,A,4200,8.63,0,0.07,0,10
24293,35,61600,RENT,4,0,0,1,0,0,0,1,0,0,A,4200,7.29,0,0.07,0,9
24298,27,53550,RENT,3,0,0,1,0,0,0,1,0,0,B,4200,11.99,1,0.07,0,8
24302,30,85000,RENT,5,0,0,1,0,0,0,1,0,0,A,4200,5.99,0,0.05,0,6
24308,31,19200,RENT,0,0,0,1,0,0,0,1,0,0,A,4075,8.32,1,0.21,0,6
24315,28,12000,RENT,0,0,0,1,0,0,0,1,0,0,B,4000,,1,0.33,0,9
24320,31,47500,RENT,2,0,0,1,0,0,0,1,0,0,C,10000,15.96,0,0.21,0,10
24332,29,48000,RENT,6,0,0,1,0,0,0,1,0,0,C,10000,13.8,0,0.21,0,10
24346,29,48000,RENT,4,0,0,1,0,0,0,1,0,0,B,10000,10.62,0,0.21,0,10
24347,27,48000,RENT,0,0,0,1,0,0,0,1,0,0,B,10000,10.62,0,0.21,0,6
24387,31,50000,RENT,1,0,0,1,0,0,0,1,0,0,B,10000,12.69,0,0.2,0,8
24393,30,50000,RENT,6,0,0,1,0,0,0,1,0,0,C,10000,,0,0.2,0,5
24399,28,44000,RENT,2,0,0,1,0,0,0,1,0,0,C,10000,13.48,1,0.23,0,8
24448,28,53000,RENT,2,0,0,1,0,0,0,1,0,0,B,10000,11.89,0,0.19,0,6
24463,28,48996,RENT,12,0,0,1,0,0,0,1,0,0,B,10000,10.37,1,0.2,0,9
24474,31,55000,RENT,2,0,0,1,0,0,0,1,0,0,B,10000,12.42,0,0.18,0,7
24477,32,55000,RENT,5,0,0,1,0,0,0,1,0,0,A,10000,8.49,0,0.18,0,10
24487,28,55000,RENT,1,0,0,1,0,0,0,1,0,0,A,10000,9.32,0,0.18,0,8
24490,34,55000,RENT,0,0,0,1,0,0,0,1,0,0,B,10000,9.51,0,0.18,0,5
24515,32,58000,RENT,3,0,0,1,0,0,0,1,0,0,B,10000,10.96,0,0.17,0,10
24516,28,58100,RENT,4,0,0,1,0,0,0,1,0,0,B,10000,10.25,0,0.17,0,8
24558,29,60000,RENT,5,0,0,1,0,0,0,1,0,0,A,10000,7.88,0,0.17,0,8
24583,27,43200,RENT,9,0,0,1,0,0,0,1,0,0,C,4000,13.48,0,0.09,0,7
24601,30,45200,RENT,0,0,0,1,0,0,0,1,0,0,B,4000,10.59,0,0.09,0,8
24602,29,45204,RENT,8,0,0,1,0,0,0,1,0,0,B,4000,11.48,0,0.09,0,7
24612,29,63000,RENT,13,0,0,1,0,0,0,1,0,0,A,10000,7.49,0,0.16,0,8
24625,29,64500,RENT,5,0,0,1,0,0,0,1,0,0,A,10000,8.94,0,0.16,0,7
24631,31,64900,RENT,2,0,0,1,0,0,0,1,0,0,A,10000,7.66,0,0.15,0,5
24636,33,65000,RENT,4,0,0,1,0,0,0,1,0,0,B,10000,11.99,0,0.15,0,9
24648,32,66000,RENT,4,0,0,1,0,0,0,1,0,0,B,10000,11.71,0,0.15,0,9
24655,35,67500,RENT,3,0,0,1,0,0,0,1,0,0,B,10000,10.65,0,0.15,0,7
24659,29,68000,RENT,1,0,0,1,0,0,0,1,0,0,B,10000,10.65,0,0.15,0,5
24672,27,70000,RENT,11,0,0,1,0,0,0,1,0,0,B,10000,10.65,0,0.14,0,10
24690,27,71020,RENT,1,0,0,1,0,0,0,1,0,0,C,10000,12.53,0,0.14,0,6
24694,29,71500,RENT,2,0,0,1,0,0,0,1,0,0,C,10000,13.57,0,0.14,0,6
24746,35,79000,RENT,7,0,0,1,0,0,0,1,0,0,A,10000,7.51,0,0.13,0,8
24749,28,79200,RENT,6,0,0,1,0,0,0,1,0,0,A,10000,7.66,0,0.13,0,10
24785,28,65984,RENT,12,0,0,1,0,0,0,1,0,0,D,10000,15.33,1,0.13,0,5
24808,27,85248,RENT,0,0,0,1,0,0,0,1,0,0,B,10000,9.99,0,0.12,0,9
24846,34,95000,RENT,7,0,0,1,0,0,0,1,0,0,B,10000,9.99,0,0.11,0,6
24860,27,48000,RENT,5,0,0,1,0,0,0,1,0,0,B,10200,10.38,0,0.21,0,10
24861,28,54400,RENT,0,0,0,1,0,0,0,1,0,0,D,10200,16.89,1,0.16,0,5
24867,31,21000,RENT,15,0,0,1,0,0,0,1,0,0,A,11000,8.59,1,0.52,0,6
24879,29,35000,RENT,4,0,0,1,0,0,0,1,0,0,A,11000,8.59,1,0.31,0,10
24903,29,34900,RENT,2,0,0,1,0,0,0,1,0,0,B,11200,9.99,1,0.32,0,10
24904,33,35000,RENT,5,0,0,1,0,0,0,1,0,0,B,11200,10.36,1,0.32,0,9
24905,31,35000,RENT,3,0,0,1,0,0,0,1,0,0,B,11200,11.12,1,0.32,0,6
24918,28,46739,RENT,0,0,0,1,0,0,0,1,0,0,C,11200,13.48,0,0.24,0,8
24956,31,79050,RENT,7,0,0,1,0,0,0,1,0,0,C,11200,13.99,1,0.12,0,8
24959,29,42000,RENT,1,0,0,1,0,0,0,1,0,0,B,11300,9.99,0,0.27,0,5
24973,32,30000,RENT,1,0,0,1,0,0,0,1,0,0,B,11450,9.99,1,0.38,0,6
24993,29,32000,RENT,3,0,0,1,0,0,0,1,0,0,C,11500,14.22,1,0.36,0,7
25009,35,48000,RENT,3,0,0,1,0,0,0,1,0,0,B,11500,11.11,0,0.24,0,9
25023,31,35000,RENT,6,0,0,1,0,0,0,1,0,0,C,11700,13.06,1,0.33,0,9
25033,27,42000,RENT,1,0,0,1,0,0,0,1,0,0,B,11975,12.53,0,0.29,0,6
25041,32,24000,RENT,2,0,0,1,0,0,0,1,0,0,A,12000,,1,0.5,0,8
25044,28,25000,RENT,1,0,0,1,0,0,0,1,0,0,B,12000,9.83,1,0.48,0,9
25056,27,28000,RENT,8,0,0,1,0,0,0,1,0,0,A,12000,7.51,1,0.43,0,9
25072,34,30412,RENT,4,0,0,1,0,0,0,1,0,0,B,12000,10.38,1,0.39,0,5
25084,29,32800,RENT,13,0,0,1,0,0,0,1,0,0,E,12000,16.45,1,0.37,0,9
25089,27,33000,RENT,3,0,0,1,0,0,0,1,0,0,B,12000,10.75,1,0.36,0,5
25102,29,34999,RENT,2,0,0,1,0,0,0,1,0,0,B,12000,11.58,1,0.34,0,10
25111,35,36000,RENT,9,0,0,1,0,0,0,1,0,0,D,12000,16.29,1,0.33,0,9
25112,29,36000,RENT,13,0,0,1,0,0,0,1,0,0,A,12000,7.49,1,0.33,0,10
25120,30,36400,RENT,2,0,0,1,0,0,0,1,0,0,B,12000,10.65,1,0.33,0,9
25132,27,38000,RENT,0,0,0,1,0,0,0,1,0,0,A,12000,6.62,1,0.32,0,10
25164,27,40000,RENT,4,0,0,1,0,0,0,1,0,0,B,12000,12.69,0,0.3,0,8
25165,31,40000,RENT,5,0,0,1,0,0,0,1,0,0,B,12000,11.99,0,0.3,0,5
25169,27,40000,RENT,8,0,0,1,0,0,0,1,0,0,B,12000,10.37,0,0.3,0,9
25200,31,42000,RENT,1,0,0,1,0,0,0,1,0,0,B,12000,10.99,0,0.29,0,9
25233,32,45000,RENT,9,0,0,1,0,0,0,1,0,0,A,12000,7.88,0,0.27,0,6
25234,33,45000,RENT,4,0,0,1,0,0,0,1,0,0,A,12000,7.88,0,0.27,0,6
25237,35,45000,RENT,3,0,0,1,0,0,0,1,0,0,B,12000,11.26,0,0.27,0,5
25246,28,46000,RENT,3,0,0,1,0,0,0,1,0,0,B,12000,,0,0.26,0,8
25248,29,46000,RENT,4,0,0,1,0,0,0,1,0,0,B,12000,10.74,0,0.26,0,10
25263,31,47700,RENT,2,0,0,1,0,0,0,1,0,0,B,12000,11.99,0,0.25,0,5
25264,28,47840,RENT,0,0,0,1,0,0,0,1,0,0,B,12000,,0,0.25,0,7
25270,32,48400,RENT,1,0,0,1,0,0,0,1,0,0,A,12000,6.62,0,0.25,0,7
25277,29,60000,RENT,7,0,0,1,0,0,0,1,0,0,B,12000,9.91,0,0.2,0,7
25280,31,60000,RENT,0,0,0,1,0,0,0,1,0,0,A,12000,7.49,0,0.2,0,9
25299,28,54000,RENT,2,0,0,1,0,0,0,1,0,0,D,12000,15.31,1,0.22,0,7
25319,33,24000,RENT,2,0,0,1,0,0,0,1,0,0,A,3000,6.62,0,0.13,0,9
25352,32,27600,RENT,5,0,0,1,0,0,0,1,0,0,B,3000,11.12,1,0.11,0,8
25372,30,62000,RENT,14,0,0,1,0,0,0,1,0,0,B,12000,11.71,0,0.19,0,9
25382,27,62400,RENT,5,0,0,1,0,0,0,1,0,0,B,12000,12.42,0,0.19,0,6
25391,28,63000,RENT,0,0,0,1,0,0,0,1,0,0,B,12000,10.37,0,0.19,0,10
25421,31,68000,RENT,0,0,0,1,0,0,0,1,0,0,B,12000,,0,0.18,0,6
25428,27,70000,RENT,0,0,0,1,0,0,0,1,0,0,B,12000,10.65,0,0.17,0,8
25440,29,71000,RENT,1,0,0,1,0,0,0,1,0,0,C,12000,,0,0.17,0,5
25454,33,72000,RENT,3,0,0,1,0,0,0,1,0,0,B,12000,11.99,0,0.17,0,5
25479,29,42000,RENT,5,0,0,1,0,0,0,1,0,0,B,3000,12.69,0,0.07,0,5
25481,32,42000,RENT,4,0,0,1,0,0,0,1,0,0,A,3000,7.49,0,0.07,0,10
25490,28,42000,RENT,4,0,0,1,0,0,0,1,0,0,B,3000,10.25,0,0.07,0,10
25513,33,75000,RENT,0,0,0,1,0,0,0,1,0,0,A,12000,7.88,0,0.16,0,10
25540,27,62900,RENT,3,0,0,1,0,0,0,1,0,0,D,12000,15.95,1,0.16,0,9
25606,32,89000,RENT,0,0,0,1,0,0,0,1,0,0,A,12000,8.94,0,0.13,0,6
25607,28,90000,RENT,12,0,0,1,0,0,0,1,0,0,C,12000,14.65,0,0.13,0,7
25622,32,90000,RENT,2,0,0,1,0,0,0,1,0,0,B,12000,10.62,0,0.13,0,5
25630,30,90000,RENT,3,0,0,1,0,0,0,1,0,0,C,12000,12.29,0,0.13,0,5
25631,29,90444,RENT,13,0,0,1,0,0,0,1,0,0,A,12000,7.14,0,0.13,0,8
25632,34,91200,RENT,5,0,0,1,0,0,0,1,0,0,A,12000,6.92,0,0.13,0,7
25660,30,76500,RENT,11,0,0,1,0,0,0,1,0,0,D,12000,17.27,1,0.13,0,10
25685,33,123000,RENT,5,0,0,1,0,0,0,1,0,0,B,12000,11.83,0,0.1,0,7
25687,33,96053,RENT,3,0,0,1,0,0,0,1,0,0,E,12000,15.68,1,0.11,0,6
25709,28,150086,RENT,5,0,0,1,0,0,0,1,0,0,A,12000,6.54,0,0.08,0,9
25718,27,54000,RENT,2,0,0,1,0,0,0,1,0,0,B,12100,9.45,0,0.22,0,6
25732,30,31500,RENT,0,0,0,1,0,0,0,1,0,0,C,12250,13.85,1,0.39,0,5
25733,27,35196,RENT,4,0,0,1,0,0,0,1,0,0,C,12250,13.23,1,0.35,0,7
25737,28,42000,RENT,9,0,0,1,0,0,0,1,0,0,D,12250,14.59,1,0.29,0,10
25747,33,36000,RENT,10,0,0,1,0,0,0,1,0,0,A,12325,6.54,1,0.34,0,10
25750,30,75000,RENT,6,0,0,1,0,0,0,1,0,0,C,12325,12.73,0,0.16,0,6
25781,31,46080,RENT,3,0,0,1,0,0,0,1,0,0,E,2800,17.56,0,0.06,0,10
25786,27,48000,RENT,4,0,0,1,0,0,0,1,0,0,A,2800,7.49,0,0.06,0,5
25794,34,50000,RENT,2,0,0,1,0,0,0,1,0,0,B,2800,11.86,0,0.06,0,8
25812,30,37000,RENT,0,0,0,1,0,0,0,1,0,0,B,2750,9.99,0,0.07,0,5
25816,35,18200,RENT,4,0,0,1,0,0,0,1,0,0,B,2725,,0,0.15,0,8
25870,31,28000,RENT,1,0,0,1,0,0,0,1,0,0,B,2600,10.08,0,0.09,0,7
25895,31,40500,RENT,0,0,0,1,0,0,0,1,0,0,C,12500,13.61,1,0.31,0,7
25952,29,80000,RENT,5,0,0,1,0,0,0,1,0,0,B,12500,11.71,0,0.16,0,7
25970,30,38000,RENT,0,0,0,1,0,0,0,1,0,0,A,12800,5.79,1,0.34,0,8
25974,27,44640,RENT,0,0,0,1,0,0,0,1,0,0,B,12800,11.83,0,0.29,0,9
25990,32,85000,RENT,5,0,0,1,0,0,0,1,0,0,B,12800,10.75,0,0.15,0,7
26004,35,50000,RENT,16,0,0,1,0,0,0,1,0,0,B,13000,10.25,0,0.26,0,8
26008,30,44500,RENT,2,0,0,1,0,0,0,1,0,0,E,13000,16.32,1,0.29,0,6
26041,31,65000,RENT,13,0,0,1,0,0,0,1,0,0,B,13000,,0,0.2,0,8
26056,31,67000,RENT,0,0,0,1,0,0,0,1,0,0,C,13000,13.06,0,0.19,0,10
26060,28,70000,RENT,0,0,0,1,0,0,0,1,0,0,B,13000,12.18,0,0.19,0,7
26075,29,92250,RENT,2,0,0,1,0,0,0,1,0,0,B,13000,10.99,0,0.14,0,9
26109,28,57936,RENT,2,0,0,1,0,0,0,1,0,0,D,13650,14.42,1,0.24,0,10
26118,28,55000,RENT,2,0,0,1,0,0,0,1,0,0,B,13800,11.83,0,0.25,0,6
26144,29,43738,RENT,1,0,0,1,0,0,0,1,0,0,A,14000,7.88,1,0.32,0,6
26148,31,45000,RENT,5,0,0,1,0,0,0,1,0,0,A,14000,7.91,1,0.31,0,5
26152,31,45000,RENT,1,0,0,1,0,0,0,1,0,0,C,14000,13.06,1,0.31,0,6
26223,27,56000,RENT,2,0,0,1,0,0,0,1,0,0,B,14000,10.65,0,0.25,0,7
26239,29,60000,RENT,2,0,0,1,0,0,0,1,0,0,A,14000,7.51,0,0.23,0,8
26320,30,84000,RENT,4,0,0,1,0,0,0,1,0,0,B,14000,12.42,0,0.17,0,6
26346,27,100000,RENT,7,0,0,1,0,0,0,1,0,0,B,14000,10.62,0,0.14,0,8
26379,30,83203,RENT,6,0,0,1,0,0,0,1,0,0,A,14100,6.03,0,0.17,0,8
26384,27,31897,RENT,8,0,0,1,0,0,0,1,0,0,C,14125,12.68,1,0.44,0,10
26400,29,40000,RENT,3,0,0,1,0,0,0,1,0,0,B,14150,12.69,1,0.35,0,7
26408,27,30000,RENT,0,0,0,1,0,0,0,1,0,0,B,14300,10.39,1,0.48,0,6
26413,29,36000,RENT,0,0,0,1,0,0,0,1,0,0,B,14400,10.62,1,0.4,0,6
26450,28,65000,RENT,7,0,0,1,0,0,0,1,0,0,B,14400,11.14,0,0.22,0,5
26509,34,31000,RENT,5,0,0,1,0,0,0,1,0,0,A,14500,7.88,1,0.47,0,10
26514,35,32000,RENT,4,0,0,1,0,0,0,1,0,0,A,14500,6.17,1,0.45,0,9
26518,28,30000,RENT,1,0,0,1,0,0,0,1,0,0,B,14500,11.14,1,0.48,0,8
26544,27,76000,RENT,2,0,0,1,0,0,0,1,0,0,C,14500,12.73,0,0.19,0,10
26580,28,31200,RENT,5,0,0,1,0,0,0,1,0,0,B,15000,11.83,1,0.48,0,9
26615,27,35040,RENT,11,0,0,1,0,0,0,1,0,0,B,2000,10.99,0,0.06,0,10
26622,27,36000,RENT,2,0,0,1,0,0,0,1,0,0,B,2000,11.99,0,0.06,0,8
26676,30,44000,RENT,0,0,0,1,0,0,0,1,0,0,A,2000,7.29,0,0.05,0,8
26694,33,46800,RENT,9,0,0,1,0,0,0,1,0,0,C,2000,14.65,0,0.04,0,6
26702,31,48000,RENT,11,0,0,1,0,0,0,1,0,0,B,2000,10.65,0,0.04,0,6
26716,27,44000,RENT,2,0,0,1,0,0,0,1,0,0,B,2000,11.49,1,0.05,0,10
26731,31,35000,RENT,4,0,0,1,0,0,0,1,0,0,C,15000,13.11,1,0.43,0,9
26750,32,37000,RENT,1,0,0,1,0,0,0,1,0,0,B,15000,9.62,1,0.41,0,10
26754,29,37200,RENT,1,0,0,1,0,0,0,1,0,0,A,15000,6.03,1,0.4,0,10
26773,27,40000,RENT,0,0,0,1,0,0,0,1,0,0,A,15000,6.91,1,0.38,0,10
26785,32,40277,RENT,5,0,0,1,0,0,0,1,0,0,B,15000,11.71,1,0.37,0,8
26791,27,41000,RENT,0,0,0,1,0,0,0,1,0,0,B,15000,11.48,1,0.37,0,8
26827,27,44000,RENT,2,0,0,1,0,0,0,1,0,0,B,15000,,1,0.34,0,6
26830,27,44000,RENT,2,0,0,1,0,0,0,1,0,0,B,15000,11.48,1,0.34,0,5
26834,32,44400,RENT,13,0,0,1,0,0,0,1,0,0,A,15000,7.88,1,0.34,0,9
26887,29,33048,RENT,2,0,0,1,0,0,0,1,0,0,C,1800,12.53,0,0.05,0,8
27029,28,24000,RENT,0,0,0,1,0,0,0,1,0,0,D,1600,15.05,1,0.07,0,5
27033,33,25200,RENT,3,0,0,1,0,0,0,1,0,0,E,1600,16.69,1,0.06,0,6
27051,31,40000,RENT,0,0,0,1,0,0,0,1,0,0,C,1600,14.79,0,0.04,0,8
27070,29,67171,RENT,13,0,0,1,0,0,0,1,0,0,A,1600,8.9,0,0.02,0,7
27089,33,12000,RENT,0,0,0,1,0,0,0,1,0,0,B,1500,11.83,0,0.13,0,6
27092,34,12996,RENT,0,0,0,1,0,0,0,1,0,0,B,1500,9.25,0,0.12,0,7
27116,34,18000,RENT,0,0,0,1,0,0,0,1,0,0,B,1500,11.48,1,0.08,0,6
27142,28,22968,RENT,4,0,0,1,0,0,0,1,0,0,A,1500,6.03,0,0.07,0,7
27199,33,51500,RENT,2,0,0,1,0,0,0,1,0,0,D,15000,14.42,1,0.29,0,10
27201,30,58000,RENT,2,0,0,1,0,0,0,1,0,0,A,15000,8.49,0,0.26,0,10
27262,34,60000,RENT,2,0,0,1,0,0,0,1,0,0,A,15000,7.88,0,0.25,0,7
27284,28,61500,RENT,2,0,0,1,0,0,0,1,0,0,B,15000,10.37,0,0.24,0,6
27342,28,51850,RENT,12,0,0,1,0,0,0,1,0,0,F,15000,,1,0.25,0,9
27378,27,70000,RENT,7,0,0,1,0,0,0,1,0,0,A,15000,5.79,0,0.21,0,6
27391,28,70000,RENT,2,0,0,1,0,0,0,1,0,0,B,15000,11.89,0,0.21,0,7
27422,28,72000,RENT,6,0,0,1,0,0,0,1,0,0,A,15000,6.54,0,0.21,0,6
27424,27,72000,RENT,0,0,0,1,0,0,0,1,0,0,B,15000,11.86,0,0.21,0,6
27522,28,80000,RENT,0,0,0,1,0,0,0,1,0,0,C,15000,13.49,0,0.19,0,5
27530,29,80000,RENT,13,0,0,1,0,0,0,1,0,0,B,15000,10.37,0,0.19,0,8
27549,32,66725,RENT,4,0,0,1,0,0,0,1,0,0,B,15000,,1,0.19,0,5
27613,30,37800,RENT,4,0,0,1,0,0,0,1,0,0,B,15050,9.99,1,0.4,0,7
27689,29,72000,RENT,13,0,0,1,0,0,0,1,0,0,C,15900,13.04,0,0.22,0,9
27702,32,62900,RENT,6,0,0,1,0,0,0,1,0,0,D,16000,14.96,1,0.22,0,5
27709,27,84000,RENT,0,0,0,1,0,0,0,1,0,0,B,16000,12.21,0,0.19,0,10
27735,31,70550,RENT,2,0,0,1,0,0,0,1,0,0,D,16000,17.49,1,0.19,0,8
27799,32,572400,RENT,16,0,0,1,0,0,0,1,0,0,B,16000,9.76,0,0.03,0,5
27906,30,155000,RENT,9,0,0,1,0,0,0,1,0,0,A,6000,7.14,0,0.04,0,8
27915,32,32004,RENT,16,0,0,1,0,0,0,1,0,0,B,4000,11.49,0,0.12,0,10
27948,28,45000,RENT,1,0,0,1,0,0,0,1,0,0,B,10000,9.91,0,0.22,0,5
27963,27,47000,RENT,1,0,0,1,0,0,0,1,0,0,B,13000,10.99,0,0.28,0,6
27985,35,52000,RENT,2,0,0,1,0,0,0,1,0,0,B,3000,11.48,0,0.06,0,7
27986,31,30000,RENT,2,0,0,1,0,0,0,1,0,0,B,3000,10.95,0,0.1,0,8
28013,34,148750,RENT,3,0,0,1,0,0,0,1,0,0,A,12000,7.9,1,0.07,0,8
28018,27,25200,RENT,0,0,0,1,0,0,0,1,0,0,C,2550,14.27,0,0.1,0,9
28020,30,42000,RENT,0,0,0,1,0,0,0,1,0,0,B,1850,11.99,0,0.04,0,6
28039,30,60000,RENT,8,0,0,1,0,0,0,1,0,0,A,5000,,0,0.08,0,8
28052,35,37440,RENT,2,0,0,1,0,0,0,1,0,0,B,8000,10.99,0,0.21,0,7
28061,32,101000,RENT,3,0,0,1,0,0,0,1,0,0,B,20000,10.75,0,0.2,0,8
28067,34,63504,RENT,0,0,0,1,0,0,0,1,0,0,B,3500,10,0,0.06,0,6
28099,30,40000,RENT,5,0,0,1,0,0,0,1,0,0,A,3000,7.14,0,0.07,0,5
28103,28,71400,RENT,5,0,0,1,0,0,0,1,0,0,B,5000,11.12,1,0.06,0,8
28143,31,43000,RENT,15,0,0,1,0,0,0,1,0,0,B,13350,12.42,1,0.31,0,9
28162,29,32000,RENT,6,0,0,1,0,0,0,1,0,0,C,10800,13.57,1,0.34,0,5
28167,33,57500,RENT,2,0,0,1,0,0,0,1,0,0,B,2000,,0,0.03,0,5
28186,32,114000,RENT,17,0,0,1,0,0,0,1,0,0,B,6000,10.37,0,0.05,0,9
28200,32,46000,RENT,4,0,0,1,0,0,0,1,0,0,A,9000,7.51,0,0.2,0,5
28219,27,60000,RENT,8,0,0,1,0,0,0,1,0,0,A,7000,6.99,0,0.12,0,8
28232,27,15600,RENT,11,0,0,1,0,0,0,1,0,0,B,2800,10.65,1,0.18,0,7
28255,28,112000,RENT,1,0,0,1,0,0,0,1,0,0,B,6000,12.69,0,0.05,0,8
28266,32,25000,RENT,1,0,0,1,0,0,0,1,0,0,A,10000,8.49,1,0.4,0,10
28272,28,36000,RENT,0,0,0,1,0,0,0,1,0,0,B,10000,11.11,0,0.28,0,8
28275,27,124100,RENT,3,0,0,1,0,0,0,1,0,0,C,10175,12.99,1,0.07,0,6
28286,35,30000,RENT,0,0,0,1,0,0,0,1,0,0,A,6475,5.42,0,0.22,0,6
28315,27,26237,RENT,0,0,0,1,0,0,0,1,0,0,C,12000,13.22,1,0.46,0,7
28318,28,40000,RENT,2,0,0,1,0,0,0,1,0,0,B,14000,11.89,1,0.35,0,8
28337,30,60000,RENT,0,0,0,1,0,0,0,1,0,0,A,8000,7.66,0,0.13,0,5
28348,35,20000,RENT,1,0,0,1,0,0,0,1,0,0,B,5500,12.69,0,0.28,0,9
28375,29,45000,RENT,0,0,0,1,0,0,0,1,0,0,C,12000,12.99,0,0.27,0,8
28377,27,40000,RENT,11,0,0,1,0,0,0,1,0,0,A,20000,6.91,1,0.5,0,5
28390,27,40000,RENT,1,0,0,1,0,0,0,1,0,0,C,7200,13.22,0,0.18,0,6
28393,30,42564,RENT,3,0,0,1,0,0,0,1,0,0,B,15000,10.75,1,0.35,0,6
28413,31,89000,RENT,1,0,0,1,0,0,0,1,0,0,B,10000,10.99,0,0.11,0,5
28425,28,66725,RENT,3,0,0,1,0,0,0,1,0,0,D,9000,16.29,1,0.11,0,8
28443,29,120000,RENT,1,0,0,1,0,0,0,1,0,0,C,17500,12.87,0,0.15,0,5
28451,28,66920,RENT,12,0,0,1,0,0,0,1,0,0,C,5000,14.26,0,0.07,0,6
28458,29,27000,RENT,8,0,0,1,0,0,0,1,0,0,A,5000,6.76,0,0.19,0,8
28461,27,24000,RENT,2,0,0,1,0,0,0,1,0,0,A,1450,,0,0.06,0,9
28467,28,45000,RENT,4,0,0,1,0,0,0,1,0,0,C,9000,14.65,0,0.2,0,6
28501,35,27996,RENT,14,0,0,1,0,0,0,1,0,0,B,8500,11.58,0,0.3,0,8
28512,29,63000,RENT,13,0,0,1,0,0,0,1,0,0,A,10000,7.49,0,0.16,0,5
28529,30,42000,RENT,4,0,0,1,0,0,0,1,0,0,B,14750,,1,0.35,0,8
28535,28,12000,RENT,0,0,0,1,0,0,0,1,0,0,C,2400,12.68,1,0.2,0,8
28557,27,52000,RENT,0,0,0,1,0,0,0,1,0,0,C,22950,13.49,1,0.44,0,10
28569,35,115000,RENT,2,0,0,1,0,0,0,1,0,0,A,14000,,0,0.12,0,5
28571,30,20520,RENT,0,0,0,1,0,0,0,1,0,0,B,5000,9.99,0,0.24,0,9
28579,29,40000,RENT,3,0,0,1,0,0,0,1,0,0,B,14150,12.69,1,0.35,0,5
28582,27,29120,RENT,2,0,0,1,0,0,0,1,0,0,B,4000,10.75,0,0.14,0,8
28586,27,70176,RENT,3,0,0,1,0,0,0,1,0,0,A,9000,7.88,0,0.13,0,5
28593,27,66240,RENT,7,0,0,1,0,0,0,1,0,0,A,5000,5.79,0,0.08,0,9
28605,31,37584,RENT,0,0,0,1,0,0,0,1,0,0,B,3900,,0,0.1,0,10
28628,35,36000,RENT,5,0,0,1,0,0,0,1,0,0,A,7000,6.91,0,0.19,0,8
28644,33,30000,RENT,14,0,0,1,0,0,0,1,0,0,B,7500,11.86,1,0.25,0,8
28653,31,47700,RENT,2,0,0,1,0,0,0,1,0,0,B,12000,11.99,0,0.25,0,6
28654,35,130000,RENT,6,0,0,1,0,0,0,1,0,0,B,4375,,0,0.03,0,8
28666,27,38400,RENT,6,0,0,1,0,0,0,1,0,0,B,5000,9.88,0,0.13,0,10
28690,30,51372,RENT,,0,0,1,0,0,0,1,0,0,A,4500,6.39,0,0.09,0,10
28705,27,30996,RENT,1,0,0,1,0,0,0,1,0,0,D,2600,14.74,1,0.08,0,5
28708,27,110000,RENT,5,0,0,1,0,0,0,1,0,0,B,18000,9.91,0,0.16,0,5
28709,28,30000,RENT,13,0,0,1,0,0,0,1,0,0,B,14800,11.14,1,0.49,0,7
28719,27,43200,RENT,4,0,0,1,0,0,0,1,0,0,A,10000,7.49,0,0.23,0,6
28724,28,39000,RENT,6,0,0,1,0,0,0,1,0,0,D,3600,16.29,1,0.09,0,8
28749,31,85000,RENT,1,0,0,1,0,0,0,1,0,0,A,18500,7.51,1,0.18,0,7
28795,29,47133,RENT,5,0,0,1,0,0,0,1,0,0,B,5100,11.86,0,0.11,0,7
28815,33,24000,RENT,6,0,0,1,0,0,0,1,0,0,A,10000,8.9,1,0.42,0,10
28818,34,60000,RENT,14,0,0,1,0,0,0,1,0,0,C,10000,13.57,0,0.17,0,6
28819,28,56100,RENT,12,0,0,1,0,0,0,1,0,0,A,8400,7.51,1,0.13,0,10
28821,27,84000,RENT,7,0,0,1,0,0,0,1,0,0,C,12000,13.16,0,0.14,0,5
28846,34,30000,RENT,5,0,0,1,0,0,0,1,0,0,A,4200,5.79,0,0.14,0,8
28852,33,44000,RENT,3,0,0,1,0,0,0,1,0,0,B,2725,12.18,1,0.06,0,6
28869,30,30809,RENT,1,0,0,1,0,0,0,1,0,0,B,11200,11.99,1,0.36,0,8
28878,29,68004,RENT,3,0,0,1,0,0,0,1,0,0,B,18000,10,0,0.26,0,10
28883,35,200000,RENT,7,0,0,1,0,0,0,1,0,0,B,5000,,0,0.03,0,10
28884,30,39000,RENT,1,0,0,1,0,0,0,1,0,0,A,2300,8.59,0,0.06,0,6
28899,32,50000,RENT,3,0,0,1,0,0,0,1,0,0,C,2500,13.49,0,0.05,0,10
28916,32,37000,RENT,4,0,0,1,0,0,0,1,0,0,B,6000,10.36,0,0.16,0,8
28931,30,44760,RENT,1,0,0,1,0,0,0,1,0,0,B,3300,11.71,0,0.07,0,5
28932,27,62900,RENT,7,0,0,1,0,0,0,1,0,0,D,24250,15.31,1,0.33,0,6
28938,30,85000,RENT,4,0,0,1,0,0,0,1,0,0,A,10000,6.62,0,0.12,0,6
28961,34,27000,RENT,3,0,0,1,0,0,0,1,0,0,B,2525,12.21,0,0.09,0,10
28970,27,32220,RENT,11,0,0,1,0,0,0,1,0,0,B,17725,11.49,1,0.55,0,7
28976,29,47000,RENT,2,0,0,1,0,0,0,1,0,0,B,5000,10.62,0,0.11,0,9
28977,29,37920,RENT,2,0,0,1,0,0,0,1,0,0,C,12000,13.48,1,0.32,0,8
28979,28,34000,RENT,7,0,0,1,0,0,0,1,0,0,B,9600,10.99,0,0.28,0,7
29016,27,45000,RENT,10,0,0,1,0,0,0,1,0,0,D,7600,14.59,1,0.17,0,7
29020,28,40000,RENT,2,0,0,1,0,0,0,1,0,0,B,9000,12.53,0,0.23,0,8
29037,33,75653,RENT,2,0,0,1,0,0,0,1,0,0,F,20000,17.58,1,0.22,0,8
29040,33,14076,RENT,,0,0,1,0,0,0,1,0,0,A,4800,6.76,1,0.34,0,7
29056,31,56839,RENT,15,0,0,1,0,0,0,1,0,0,D,9000,15.33,1,0.16,0,6
29075,34,42000,RENT,5,0,0,1,0,0,0,1,0,0,A,18825,7.9,1,0.45,0,9
29084,30,24414,RENT,0,0,0,1,0,0,0,1,0,0,A,5000,6.91,0,0.2,0,7
29109,34,53500,RENT,0,0,0,1,0,0,0,1,0,0,A,3200,6.76,0,0.06,0,10
29114,32,89000,RENT,0,0,0,1,0,0,0,1,0,0,A,12000,8.94,0,0.13,0,6
29125,45,80000,RENT,10,0,0,1,0,0,0,1,0,0,A,35000,,1,0.44,0,13
29168,42,47000,RENT,2,0,0,1,0,0,0,1,0,0,B,25000,12.18,1,0.53,0,15
29172,40,176800,RENT,8,0,0,1,0,0,0,1,0,0,B,25000,10.99,1,0.12,0,17
29239,36,145000,RENT,0,0,0,1,0,0,0,1,0,0,B,25000,,0,0.17,0,15
29248,42,68850,RENT,8,0,0,1,0,0,0,1,0,0,D,24250,15.58,1,0.3,0,14
29266,36,78708,RENT,7,0,0,1,0,0,0,1,0,0,B,24000,11.12,0,0.3,0,12
29293,39,110000,RENT,17,0,0,1,0,0,0,1,0,0,B,21000,11.11,0,0.19,0,16
29296,39,48000,RENT,4,0,0,1,0,0,0,1,0,0,D,20500,14.59,1,0.43,0,16
29303,36,45000,RENT,4,0,0,1,0,0,0,1,0,0,B,20000,11.36,1,0.44,0,14
29304,36,48000,RENT,2,0,0,1,0,0,0,1,0,0,C,20000,13.61,1,0.42,0,14
29306,50,44000,RENT,14,0,0,1,0,0,0,1,0,0,G,20000,20.4,1,0.45,0,11
29307,38,50000,RENT,8,0,0,1,0,0,0,1,0,0,C,20000,13.85,1,0.4,0,14
29321,39,72000,RENT,5,0,0,1,0,0,0,1,0,0,B,20000,12.69,0,0.28,0,14
29349,40,14400,RENT,0,0,0,1,0,0,0,1,0,0,B,1000,9.25,0,0.07,0,11
29357,42,150000,RENT,19,0,0,1,0,0,0,1,0,0,C,18400,,0,0.12,0,17
29360,37,58000,RENT,9,0,0,1,0,0,0,1,0,0,B,18200,10.99,1,0.31,0,11
29379,43,90000,RENT,9,0,0,1,0,0,0,1,0,0,C,18000,13.11,0,0.2,0,12
29381,36,130000,RENT,0,0,0,1,0,0,0,1,0,0,B,18000,11.71,0,0.14,0,14
29389,42,75000,RENT,6,0,0,1,0,0,0,1,0,0,A,17000,7.9,0,0.23,0,15
29400,39,43680,RENT,9,0,0,1,0,0,0,1,0,0,B,16000,,1,0.37,0,16
29401,41,45000,RENT,2,0,0,1,0,0,0,1,0,0,C,16000,12.99,1,0.36,0,14
29412,39,70000,RENT,8,0,0,1,0,0,0,1,0,0,A,16000,7.9,0,0.23,0,14
29436,36,29000,RENT,9,0,0,1,0,0,0,1,0,0,B,1200,12.42,0,0.04,0,15
29447,48,29004,RENT,6,0,0,1,0,0,0,1,0,0,A,1500,7.51,0,0.05,0,15
29451,42,35004,RENT,12,0,0,1,0,0,0,1,0,0,A,1500,7.37,0,0.04,0,12
29460,45,52000,RENT,0,0,0,1,0,0,0,1,0,0,A,1500,8.94,0,0.03,0,13
29465,45,74600,RENT,2,0,0,1,0,0,0,1,0,0,C,1500,13.61,0,0.02,0,13
29476,37,27000,RENT,0,0,0,1,0,0,0,1,0,0,B,1800,11.36,0,0.07,0,11
29479,39,44000,RENT,11,0,0,1,0,0,0,1,0,0,D,1800,14.91,1,0.04,0,17
29498,39,24000,RENT,0,0,0,1,0,0,0,1,0,0,B,2000,10.99,0,0.08,0,11
29507,44,102000,RENT,9,0,0,1,0,0,0,1,0,0,A,15000,8.94,0,0.15,0,12
29509,44,108000,RENT,2,0,0,1,0,0,0,1,0,0,C,15000,13.57,0,0.14,0,12
29524,44,65000,RENT,16,0,0,1,0,0,0,1,0,0,A,2000,7.9,0,0.03,0,14
29539,37,40080,RENT,7,0,0,1,0,0,0,1,0,0,A,2350,7.88,0,0.06,0,12
29540,40,15864,RENT,,0,0,1,0,0,0,1,0,0,B,2375,11.11,0,0.15,0,12
29550,36,32000,RENT,2,0,0,1,0,0,0,1,0,0,E,2400,18.79,1,0.07,0,14
29566,42,38400,RENT,4,0,0,1,0,0,0,1,0,0,B,13000,,1,0.34,0,11
29585,44,117300,RENT,3,0,0,1,0,0,0,1,0,0,A,2500,7.29,1,0.02,0,11
29586,40,24000,RENT,2,0,0,1,0,0,0,1,0,0,A,2800,7.88,0,0.12,0,14
29596,41,21000,RENT,0,0,0,1,0,0,0,1,0,0,B,3000,,0,0.14,0,15
29598,37,21600,RENT,7,0,0,1,0,0,0,1,0,0,B,3000,12.18,0,0.14,0,16
29600,36,30000,RENT,14,0,0,1,0,0,0,1,0,0,B,3000,10.38,0,0.1,0,11
29601,37,30000,RENT,6,0,0,1,0,0,0,1,0,0,C,3000,11.03,0,0.1,0,13
29603,42,32000,RENT,7,0,0,1,0,0,0,1,0,0,A,3000,6.99,0,0.09,0,12
29606,41,37000,RENT,2,0,0,1,0,0,0,1,0,0,B,3000,,0,0.08,0,16
29608,39,38500,RENT,0,0,0,1,0,0,0,1,0,0,B,3000,,0,0.08,0,16
29611,42,38000,RENT,3,0,0,1,0,0,0,1,0,0,E,3000,17.56,1,0.08,0,15
29616,39,47004,RENT,12,0,0,1,0,0,0,1,0,0,B,3000,11.49,0,0.06,0,13
29638,37,55200,RENT,9,0,0,1,0,0,0,1,0,0,B,12000,11.71,0,0.22,0,15
29641,40,53000,RENT,2,0,0,1,0,0,0,1,0,0,A,3000,9.32,0,0.06,0,15
29646,39,55000,RENT,0,0,0,1,0,0,0,1,0,0,B,3000,10.2,0,0.05,0,15
29648,42,58752,RENT,8,0,0,1,0,0,0,1,0,0,B,3000,10.01,0,0.05,0,16
29660,40,69996,RENT,6,0,0,1,0,0,0,1,0,0,B,3000,10.75,0,0.04,0,15
29662,40,74500,RENT,2,0,0,1,0,0,0,1,0,0,C,3000,14.27,0,0.04,0,15
29681,36,88000,RENT,4,0,0,1,0,0,0,1,0,0,B,3200,10.99,0,0.04,0,13
29688,40,35820,RENT,0,0,0,1,0,0,0,1,0,0,B,3275,8.88,0,0.09,0,11
29690,39,40000,RENT,1,0,0,1,0,0,0,1,0,0,A,3300,,0,0.08,0,13
29695,42,29000,RENT,3,0,0,1,0,0,0,1,0,0,A,3450,8,0,0.12,0,17
29723,41,48000,RENT,0,0,0,1,0,0,0,1,0,0,A,11000,7.66,0,0.23,0,15
29734,40,96050,RENT,3,0,0,1,0,0,0,1,0,0,D,11000,16.77,1,0.1,0,16
29746,37,77000,RENT,6,0,0,1,0,0,0,1,0,0,A,10800,7.14,0,0.14,0,17
29759,37,42500,RENT,1,0,0,1,0,0,0,1,0,0,A,3600,7.88,0,0.08,0,12
29769,41,31000,RENT,5,0,0,1,0,0,0,1,0,0,E,3700,16.32,1,0.12,0,17
29777,36,85000,RENT,3,0,0,1,0,0,0,1,0,0,A,3825,5.42,0,0.04,0,15
29785,41,21600,RENT,2,0,0,1,0,0,0,1,0,0,A,4000,7.51,0,0.19,0,14
29786,37,22000,RENT,2,0,0,1,0,0,0,1,0,0,B,4000,10,0,0.18,0,17
29793,36,27600,RENT,1,0,0,1,0,0,0,1,0,0,B,4000,11.86,0,0.14,0,12
29795,40,28800,RENT,2,0,0,1,0,0,0,1,0,0,B,4000,10.74,0,0.14,0,15
29796,37,29536,RENT,2,0,0,1,0,0,0,1,0,0,B,4000,11.89,0,0.14,0,17
29805,45,34800,RENT,6,0,0,1,0,0,0,1,0,0,C,4000,13.49,0,0.11,0,15
29813,39,33996,RENT,6,0,0,1,0,0,0,1,0,0,D,4000,,1,0.12,0,13
29814,38,40000,RENT,5,0,0,1,0,0,0,1,0,0,B,4000,11.49,0,0.1,0,12
29816,37,35000,RENT,5,0,0,1,0,0,0,1,0,0,A,4000,9.32,1,0.11,0,16
29820,41,43000,RENT,2,0,0,1,0,0,0,1,0,0,C,4000,13.23,0,0.09,0,16
29824,37,49000,RENT,0,0,0,1,0,0,0,1,0,0,B,4000,9.25,0,0.08,0,13
29831,40,51000,RENT,1,0,0,1,0,0,0,1,0,0,B,4000,11.12,0,0.08,0,14
29841,49,86400,RENT,0,0,0,1,0,0,0,1,0,0,C,4000,,0,0.05,0,17
29846,46,50000,RENT,0,0,0,1,0,0,0,1,0,0,B,4350,10.99,0,0.09,0,15
29864,38,42000,RENT,2,0,0,1,0,0,0,1,0,0,A,4500,6.62,0,0.11,0,11
29870,40,53000,RENT,4,0,0,1,0,0,0,1,0,0,A,4500,6.03,0,0.08,0,16
29872,43,67000,RENT,0,0,0,1,0,0,0,1,0,0,A,4500,5.42,0,0.07,0,13
29881,38,47004,RENT,2,0,0,1,0,0,0,1,0,0,C,4775,,0,0.1,0,13
29882,36,14004,RENT,0,0,0,1,0,0,0,1,0,0,D,4800,15.28,1,0.34,0,15
29901,46,60000,RENT,5,0,0,1,0,0,0,1,0,0,B,4800,12.12,0,0.08,0,16
29913,37,95000,RENT,3,0,0,1,0,0,0,1,0,0,A,10000,7.88,0,0.11,0,13
29926,47,126000,RENT,1,0,0,1,0,0,0,1,0,0,A,10000,6.91,0,0.08,0,17
29932,36,166000,RENT,4,0,0,1,0,0,0,1,0,0,A,10000,7.88,0,0.06,0,17
29934,36,24168,RENT,2,0,0,1,0,0,0,1,0,0,C,9925,13.06,1,0.41,0,13
29955,41,32000,RENT,0,0,0,1,0,0,0,1,0,0,C,5000,13.98,0,0.16,0,15
29967,36,29000,RENT,0,0,0,1,0,0,0,1,0,0,E,5000,16.45,1,0.17,0,13
29970,40,35827,RENT,13,0,0,1,0,0,0,1,0,0,B,5000,10.75,0,0.14,0,16
29971,39,36000,RENT,3,0,0,1,0,0,0,1,0,0,A,5000,,0,0.14,0,16
29977,38,39500,RENT,4,0,0,1,0,0,0,1,0,0,C,5000,13.22,0,0.13,0,14
29980,42,40000,RENT,0,0,0,1,0,0,0,1,0,0,A,5000,6.17,0,0.13,0,12
29981,36,40000,RENT,6,0,0,1,0,0,0,1,0,0,C,5000,12.61,0,0.13,0,13
29986,48,41500,RENT,3,0,0,1,0,0,0,1,0,0,A,5000,7.29,0,0.12,0,16
29996,41,45600,RENT,18,0,0,1,0,0,0,1,0,0,A,5000,6.17,0,0.11,0,14
30027,41,30000,RENT,3,0,0,1,0,0,0,1,0,0,A,8875,5.42,0,0.3,0,15
30029,41,38200,RENT,4,0,0,1,0,0,0,1,0,0,E,8875,19.03,0,0.23,0,11
30031,48,31824,RENT,18,0,0,1,0,0,0,1,0,0,D,8800,15.62,1,0.28,0,11
30041,39,24000,RENT,1,0,0,1,0,0,0,1,0,0,A,8500,7.49,1,0.35,0,12
30046,37,43000,RENT,2,0,0,1,0,0,0,1,0,0,B,8500,8.88,0,0.2,0,11
30048,42,68000,RENT,3,0,0,1,0,0,0,1,0,0,B,8500,10.37,0,0.13,0,12
30054,36,53000,RENT,5,0,0,1,0,0,0,1,0,0,B,5000,10.74,0,0.09,0,12
30073,43,65000,RENT,2,0,0,1,0,0,0,1,0,0,B,5000,9.62,0,0.08,0,16
30078,38,70000,RENT,2,0,0,1,0,0,0,1,0,0,B,5000,12.42,0,0.07,0,11
30090,36,87000,RENT,5,0,0,1,0,0,0,1,0,0,C,5000,13.98,0,0.06,0,14
30091,38,90000,RENT,2,0,0,1,0,0,0,1,0,0,A,5000,8.49,0,0.06,0,15
30119,41,21000,RENT,1,0,0,1,0,0,0,1,0,0,A,5500,5.79,0,0.26,0,14
30121,37,27000,RENT,4,0,0,1,0,0,0,1,0,0,B,5500,,0,0.2,0,12
30126,40,30000,RENT,4,0,0,1,0,0,0,1,0,0,D,5500,14.74,0,0.18,0,12
30129,36,34000,RENT,5,0,0,1,0,0,0,1,0,0,C,5500,12.29,0,0.16,0,17
30130,43,48000,RENT,1,0,0,1,0,0,0,1,0,0,C,5500,12.61,0,0.11,0,17
30141,44,63000,RENT,4,0,0,1,0,0,0,1,0,0,A,5500,7.51,0,0.09,0,13
30148,40,38004,RENT,2,0,0,1,0,0,0,1,0,0,B,5600,11.58,0,0.15,0,17
30159,36,39996,RENT,1,0,0,1,0,0,0,1,0,0,A,5700,7.29,0,0.14,0,13
30160,38,34000,RENT,4,0,0,1,0,0,0,1,0,0,B,5750,,0,0.17,0,16
30164,48,39000,RENT,7,0,0,1,0,0,0,1,0,0,D,5800,14.54,1,0.15,0,15
30168,48,44000,RENT,6,0,0,1,0,0,0,1,0,0,B,5850,9.99,0,0.13,0,13
30180,37,24000,RENT,5,0,0,1,0,0,0,1,0,0,B,6000,11.49,0,0.25,0,17
30192,41,30840,RENT,8,0,0,1,0,0,0,1,0,0,B,6000,10.59,0,0.19,0,13
30198,38,34000,RENT,19,0,0,1,0,0,0,1,0,0,A,6000,7.9,0,0.18,0,11
30203,39,36000,RENT,2,0,0,1,0,0,0,1,0,0,A,6000,8.49,0,0.17,0,14
30204,50,36000,RENT,13,0,0,1,0,0,0,1,0,0,B,6000,,0,0.17,0,11
30222,44,43200,RENT,,0,0,1,0,0,0,1,0,0,A,6000,5.42,0,0.14,0,11
30224,39,44500,RENT,5,0,0,1,0,0,0,1,0,0,A,6000,7.88,0,0.13,0,17
30234,38,48000,RENT,7,0,0,1,0,0,0,1,0,0,B,6000,,0,0.13,0,17
30244,41,50000,RENT,0,0,0,1,0,0,0,1,0,0,B,6000,10.71,0,0.12,0,11
30251,45,54981,RENT,2,0,0,1,0,0,0,1,0,0,A,6000,,0,0.11,0,17
30272,37,24000,RENT,4,0,0,1,0,0,0,1,0,0,A,7000,6.92,0,0.29,0,14
30290,43,72000,RENT,5,0,0,1,0,0,0,1,0,0,B,6000,12.42,0,0.08,0,17
30297,38,78000,RENT,2,0,0,1,0,0,0,1,0,0,A,6000,6.99,0,0.08,0,15
30303,40,80000,RENT,0,0,0,1,0,0,0,1,0,0,A,6000,8.94,0,0.07,0,11
30310,42,110000,RENT,5,0,0,1,0,0,0,1,0,0,A,6000,8.9,0,0.05,0,14
30316,40,44000,RENT,9,0,0,1,0,0,0,1,0,0,A,6200,5.42,0,0.14,0,17
30337,39,73882,RENT,17,0,0,1,0,0,0,1,0,0,B,7000,9.91,0,0.09,0,13
30340,36,75000,RENT,12,0,0,1,0,0,0,1,0,0,A,7000,6.92,0,0.09,0,17
30353,37,21600,RENT,4,0,0,1,0,0,0,1,0,0,A,6500,8.49,0,0.3,0,12
30355,36,24000,RENT,3,0,0,1,0,0,0,1,0,0,A,6500,7.29,0,0.27,0,13
30356,41,28800,RENT,2,0,0,1,0,0,0,1,0,0,B,6500,12.69,0,0.23,0,15
30357,37,30000,RENT,6,0,0,1,0,0,0,1,0,0,B,6500,10.37,0,0.22,0,11
30381,37,89532,RENT,9,0,0,1,0,0,0,1,0,0,B,6600,12.53,0,0.07,0,12
30418,39,32400,RENT,3,0,0,1,0,0,0,1,0,0,B,7000,,0,0.22,0,16
30441,36,45000,RENT,16,0,0,1,0,0,0,1,0,0,B,7000,9.91,0,0.16,0,12
30461,39,23000,RENT,,0,0,1,0,0,0,1,0,0,A,7200,,1,0.31,0,17
30463,38,24000,RENT,5,0,0,1,0,0,0,1,0,0,B,7200,10.65,0,0.3,0,14
30464,36,25200,RENT,3,0,0,1,0,0,0,1,0,0,A,7200,7.29,0,0.29,0,11
30474,37,45000,RENT,1,0,0,1,0,0,0,1,0,0,A,7200,9.63,0,0.16,0,14
30491,37,25000,RENT,6,0,0,1,0,0,0,1,0,0,B,7500,10.99,0,0.3,0,17
30495,42,35000,RENT,1,0,0,1,0,0,0,1,0,0,B,7500,9.99,0,0.21,0,15
30497,41,36684,RENT,0,0,0,1,0,0,0,1,0,0,B,7500,10.96,0,0.2,0,14
30499,41,38500,RENT,6,0,0,1,0,0,0,1,0,0,A,7500,8.49,0,0.19,0,12
30507,37,48000,RENT,3,0,0,1,0,0,0,1,0,0,D,7500,16.29,0,0.16,0,14
30508,44,48000,RENT,4,0,0,1,0,0,0,1,0,0,B,7500,11.49,0,0.16,0,15
30519,41,62000,RENT,3,0,0,1,0,0,0,1,0,0,B,7500,11.36,0,0.12,0,16
30543,36,80000,RENT,0,0,0,1,0,0,0,1,0,0,C,7600,13.49,0,0.1,0,15
30563,43,25000,RENT,6,0,0,1,0,0,0,1,0,0,B,8000,11.99,1,0.32,0,17
30564,36,25000,RENT,4,0,0,1,0,0,0,1,0,0,D,8000,15.65,1,0.32,0,13
30570,38,30000,RENT,6,0,0,1,0,0,0,1,0,0,A,8000,,0,0.27,0,14
30574,48,32000,RENT,4,0,0,1,0,0,0,1,0,0,A,8000,6.62,0,0.25,0,14
30584,36,31000,RENT,2,0,0,1,0,0,0,1,0,0,D,8000,14.11,1,0.26,0,12
30601,37,43000,RENT,0,0,0,1,0,0,0,1,0,0,B,8000,11.49,0,0.19,0,13
30603,39,44000,RENT,5,0,0,1,0,0,0,1,0,0,B,8000,12.53,0,0.18,0,14
30625,47,44004,RENT,2,0,0,1,0,0,0,1,0,0,B,8000,,1,0.18,0,11
30632,38,53052,RENT,0,0,0,1,0,0,0,1,0,0,B,8000,,0,0.15,0,13
30637,36,53126,RENT,1,0,0,1,0,0,0,1,0,0,D,8000,,1,0.15,0,14
30640,43,60000,RENT,1,0,0,1,0,0,0,1,0,0,B,8000,10.37,0,0.13,0,16
30651,43,22800,RENT,0,0,0,1,0,0,0,1,0,0,B,5075,10.59,0,0.22,0,12
30652,46,27600,RENT,1,0,0,1,0,0,0,1,0,0,B,5050,,0,0.18,0,11
30715,38,86105,RENT,2,0,0,1,0,0,0,1,0,0,A,8000,6.54,1,0.08,0,17
30717,36,126252,RENT,18,0,0,1,0,0,0,1,0,0,A,8000,7.14,0,0.06,0,11
30734,38,36000,RENT,1,0,0,1,0,0,0,1,0,0,C,8400,13.22,0,0.23,0,16
30750,40,65000,RENT,4,0,0,1,0,0,0,1,0,0,A,8700,7.88,0,0.13,0,13
30759,42,27000,RENT,4,0,0,1,0,0,0,1,0,0,B,9000,11.11,1,0.33,0,16
30764,43,36000,RENT,0,0,0,1,0,0,0,1,0,0,A,9000,5.79,0,0.25,0,17
30768,38,36000,RENT,10,0,0,1,0,0,0,1,0,0,B,9000,11.83,0,0.25,0,11
30805,39,38604,RENT,9,0,0,1,0,0,0,1,0,0,B,9500,10.62,0,0.25,0,11
30806,38,34000,RENT,8,0,0,1,0,0,0,1,0,0,D,9500,14.46,1,0.28,0,15
30816,41,28800,RENT,0,0,0,1,0,0,0,1,0,0,C,9600,13.49,1,0.33,0,16
30834,37,78000,RENT,0,0,0,1,0,0,0,1,0,0,C,9600,12.99,0,0.12,0,16
30852,37,25000,RENT,5,0,0,1,0,0,0,1,0,0,D,10000,16.29,1,0.4,0,11
30853,42,25000,RENT,,0,0,1,0,0,0,1,0,0,A,10000,6.99,1,0.4,0,17
30857,45,26000,RENT,17,0,0,1,0,0,0,1,0,0,A,10000,8.49,1,0.38,0,13
30866,37,30000,RENT,7,0,0,1,0,0,0,1,0,0,B,10000,9.25,1,0.33,0,16
30877,40,31504,RENT,13,0,0,1,0,0,0,1,0,0,E,10000,,1,0.32,0,13
30890,45,36000,RENT,0,0,0,1,0,0,0,1,0,0,B,10000,11.11,0,0.28,0,11
30892,43,36000,RENT,1,0,0,1,0,0,0,1,0,0,A,10000,8.94,0,0.28,0,11
30903,37,39870,RENT,8,0,0,1,0,0,0,1,0,0,B,10000,10.65,0,0.25,0,14
30911,48,40000,RENT,3,0,0,1,0,0,0,1,0,0,A,10000,,0,0.25,0,17
30914,47,41000,RENT,2,0,0,1,0,0,0,1,0,0,C,10000,13.79,0,0.24,0,16
30918,37,43000,RENT,1,0,0,1,0,0,0,1,0,0,A,10000,7.9,0,0.23,0,16
30924,36,45000,RENT,12,0,0,1,0,0,0,1,0,0,D,10000,15.99,0,0.22,0,14
30936,48,12000,RENT,4,0,0,1,0,0,0,1,0,0,A,4200,,1,0.35,0,14
30957,44,57000,RENT,1,0,0,1,0,0,0,1,0,0,B,4200,,0,0.07,0,13
30962,36,12000,RENT,,0,0,1,0,0,0,1,0,0,B,4000,10.62,1,0.33,0,11
30963,41,41435,RENT,,0,0,1,0,0,0,1,0,0,E,10000,16.45,1,0.24,0,17
30979,37,49500,RENT,0,0,0,1,0,0,0,1,0,0,A,10000,7.66,0,0.2,0,14
31006,36,54996,RENT,4,0,0,1,0,0,0,1,0,0,C,10000,13.47,0,0.18,0,13
31018,37,60000,RENT,11,0,0,1,0,0,0,1,0,0,A,10000,,0,0.17,0,12
31061,44,67000,RENT,5,0,0,1,0,0,0,1,0,0,C,10000,13.49,0,0.15,0,12
31072,46,70000,RENT,0,0,0,1,0,0,0,1,0,0,A,10000,8.59,0,0.14,0,14
31078,36,72500,RENT,2,0,0,1,0,0,0,1,0,0,A,10000,7.9,0,0.14,0,11
31085,46,62047,RENT,4,0,0,1,0,0,0,1,0,0,A,10000,9.63,1,0.14,0,13
31104,38,85000,RENT,9,0,0,1,0,0,0,1,0,0,B,10000,11.12,0,0.12,0,12
31122,48,55000,RENT,9,0,0,1,0,0,0,1,0,0,C,10200,13.92,0,0.19,0,16
31132,39,60000,RENT,1,0,0,1,0,0,0,1,0,0,B,11025,10.59,0,0.18,0,12
31171,43,55000,RENT,3,0,0,1,0,0,0,1,0,0,B,11750,10.99,0,0.21,0,17
31173,48,20400,RENT,4,0,0,1,0,0,0,1,0,0,A,12000,7.49,1,0.59,0,12
31182,44,30000,RENT,0,0,0,1,0,0,0,1,0,0,B,12000,11.83,1,0.4,0,11
31214,37,40000,RENT,0,0,0,1,0,0,0,1,0,0,B,12000,9.91,0,0.3,0,16
31221,37,42000,RENT,0,0,0,1,0,0,0,1,0,0,A,12000,,0,0.29,0,13
31231,43,45000,RENT,0,0,0,1,0,0,0,1,0,0,A,12000,6.91,0,0.27,0,12
31234,44,39000,RENT,2,0,0,1,0,0,0,1,0,0,B,12000,11.14,1,0.31,0,15
31238,38,46000,RENT,1,0,0,1,0,0,0,1,0,0,B,12000,9.91,0,0.26,0,16
31252,38,24996,RENT,2,0,0,1,0,0,0,1,0,0,B,3000,,1,0.12,0,13
31258,45,28320,RENT,1,0,0,1,0,0,0,1,0,0,B,3000,,0,0.11,0,11
31273,39,68640,RENT,2,0,0,1,0,0,0,1,0,0,B,12000,9.33,0,0.17,0,16
31275,42,70000,RENT,6,0,0,1,0,0,0,1,0,0,B,12000,,0,0.17,0,12
31312,36,84695,RENT,2,0,0,1,0,0,0,1,0,0,A,12000,7.29,0,0.14,0,14
31346,50,120000,RENT,0,0,0,1,0,0,0,1,0,0,B,12000,9.62,0,0.1,0,12
31369,37,44196,RENT,0,0,0,1,0,0,0,1,0,0,B,12400,11.26,0,0.28,0,14
31379,45,47000,RENT,4,0,0,1,0,0,0,1,0,0,B,2800,9.62,0,0.06,0,11
31380,46,48956,RENT,0,0,0,1,0,0,0,1,0,0,B,2800,10.59,0,0.06,0,13
31430,43,46000,RENT,2,0,0,1,0,0,0,1,0,0,D,13000,15.7,1,0.28,0,13
31431,45,52680,RENT,0,0,0,1,0,0,0,1,0,0,A,13000,6.92,0,0.25,0,15
31455,40,45760,RENT,8,0,0,1,0,0,0,1,0,0,B,13650,10.25,0,0.3,0,13
31490,38,54000,RENT,2,0,0,1,0,0,0,1,0,0,D,14000,,1,0.26,0,17
31505,40,82000,RENT,2,0,0,1,0,0,0,1,0,0,B,14000,10.37,0,0.17,0,13
31531,49,74880,RENT,6,0,0,1,0,0,0,1,0,0,A,14300,7.51,0,0.19,0,16
31540,37,60000,RENT,4,0,0,1,0,0,0,1,0,0,B,14400,10.62,0,0.24,0,15
31554,37,80004,RENT,7,0,0,1,0,0,0,1,0,0,B,14500,11.26,0,0.18,0,14
31576,40,35416,RENT,15,0,0,1,0,0,0,1,0,0,A,2000,6.91,0,0.06,0,14
31641,37,39996,RENT,2,0,0,1,0,0,0,1,0,0,A,1800,9.63,0,0.05,0,13
31650,36,48000,RENT,8,0,0,1,0,0,0,1,0,0,C,15000,13.98,1,0.31,0,15
31653,41,43439,RENT,,0,0,1,0,0,0,1,0,0,C,15000,12.73,1,0.35,0,15
31687,36,53550,RENT,1,0,0,1,0,0,0,1,0,0,B,1600,12.21,1,0.03,0,16
31689,39,11820,RENT,,0,0,1,0,0,0,1,0,0,B,1500,11.11,0,0.13,0,11
31706,40,22800,RENT,0,0,0,1,0,0,0,1,0,0,A,1500,7.29,0,0.07,0,16
31730,46,60000,RENT,10,0,0,1,0,0,0,1,0,0,C,15000,13.49,0,0.25,0,17
31742,36,65000,RENT,7,0,0,1,0,0,0,1,0,0,B,15000,10.59,0,0.23,0,17
31745,36,65000,RENT,7,0,0,1,0,0,0,1,0,0,C,15000,13.72,0,0.23,0,11
31759,38,71000,RENT,14,0,0,1,0,0,0,1,0,0,B,15000,8.88,0,0.21,0,15
31846,37,53000,RENT,3,0,0,1,0,0,0,1,0,0,C,15600,,0,0.29,0,15
31847,36,69000,RENT,0,0,0,1,0,0,0,1,0,0,B,15600,10.99,0,0.23,0,16
31856,36,75996,RENT,6,0,0,1,0,0,0,1,0,0,A,16000,8.94,0,0.21,0,12
31889,42,300000,RENT,26,0,0,1,0,0,0,1,0,0,A,16000,9.63,0,0.05,0,15
31891,43,69996,RENT,18,0,0,1,0,0,0,1,0,0,A,19200,,0,0.27,0,11
31926,36,45000,RENT,0,0,0,1,0,0,0,1,0,0,C,19750,13.35,1,0.44,0,14
31963,47,65000,RENT,1,0,0,1,0,0,0,1,0,0,C,3100,13.49,0,0.05,0,16
31983,48,41500,RENT,3,0,0,1,0,0,0,1,0,0,A,5000,7.29,0,0.12,0,14
31988,37,79900,RENT,0,0,0,1,0,0,0,1,0,0,C,25000,13.11,1,0.27,0,16
31994,37,42000,RENT,0,0,0,1,0,0,0,1,0,0,A,12000,,0,0.29,0,14
32039,47,18000,RENT,4,0,0,1,0,0,0,1,0,0,A,2000,7.29,0,0.11,0,11
32047,36,53126,RENT,1,0,0,1,0,0,0,1,0,0,D,8000,,1,0.15,0,11
32050,43,36000,RENT,0,0,0,1,0,0,0,1,0,0,A,9000,5.79,0,0.25,0,14
32078,41,42000,RENT,2,0,0,1,0,0,0,1,0,0,A,5000,7.49,0,0.12,0,12
32095,47,52000,RENT,3,0,0,1,0,0,0,1,0,0,B,6000,10.99,0,0.12,0,14
32119,37,45000,RENT,1,0,0,1,0,0,0,1,0,0,A,7200,9.63,0,0.16,0,11
32121,39,35000,RENT,8,0,0,1,0,0,0,1,0,0,C,8000,13.22,0,0.23,0,16
32132,44,51850,RENT,7,0,0,1,0,0,0,1,0,0,D,10000,14.11,1,0.16,0,12
32145,41,24000,RENT,2,0,0,1,0,0,0,1,0,0,D,4000,16.07,1,0.17,0,16
32156,36,69000,RENT,0,0,0,1,0,0,0,1,0,0,B,15600,10.99,0,0.23,0,12
32160,36,32004,RENT,3,0,0,1,0,0,0,1,0,0,B,5000,10.62,0,0.16,0,13
32163,37,26500,RENT,11,0,0,1,0,0,0,1,0,0,C,2000,13.16,0,0.08,0,12
32167,37,42000,RENT,2,0,0,1,0,0,0,1,0,0,C,8400,13.49,0,0.2,0,14
32179,46,48956,RENT,0,0,0,1,0,0,0,1,0,0,B,2800,10.59,0,0.06,0,14
32187,38,65000,RENT,2,0,0,1,0,0,0,1,0,0,A,7000,7.88,0,0.11,0,17
32188,49,15000,RENT,6,0,0,1,0,0,0,1,0,0,B,2400,9.91,1,0.16,0,13
32220,42,75000,RENT,6,0,0,1,0,0,0,1,0,0,A,17000,7.9,0,0.23,0,13
32226,44,48000,RENT,0,0,0,1,0,0,0,1,0,0,C,5000,13.43,0,0.1,0,17
32246,36,93000,RENT,1,0,0,1,0,0,0,1,0,0,C,12000,13.48,0,0.13,0,13
32253,42,45000,RENT,1,0,0,1,0,0,0,1,0,0,B,18200,10.83,1,0.4,0,16
32258,37,21600,RENT,7,0,0,1,0,0,0,1,0,0,B,3000,12.18,0,0.14,0,14
32268,37,32000,RENT,4,0,0,1,0,0,0,1,0,0,C,10000,13.79,1,0.31,0,14
32270,37,21600,RENT,4,0,0,1,0,0,0,1,0,0,D,3800,,1,0.18,0,11
32274,42,50426,RENT,0,0,0,1,0,0,0,1,0,0,A,4200,7.49,0,0.08,0,14
32283,42,38400,RENT,4,0,0,1,0,0,0,1,0,0,B,13000,,1,0.34,0,17
32287,36,48686,RENT,21,0,0,1,0,0,0,1,0,0,D,12000,13.99,0,0.25,0,13
32314,62,68375,RENT,4,0,0,1,0,0,0,1,0,0,C,24250,12.73,1,0.35,0,28
32323,61,51000,RENT,2,0,0,1,0,0,0,1,0,0,D,20000,14.09,1,0.39,0,21
32325,55,75000,RENT,2,0,0,1,0,0,0,1,0,0,B,20000,11.83,0,0.27,0,23
32337,52,85000,RENT,5,0,0,1,0,0,0,1,0,0,A,1000,8.9,0,0.01,0,28
32353,57,15840,RENT,2,0,0,1,0,0,0,1,0,0,B,3000,10.38,1,0.19,0,20
32354,51,37200,RENT,4,0,0,1,0,0,0,1,0,0,B,3000,10.62,1,0.08,0,30
32356,78,48000,RENT,41,0,0,1,0,0,0,1,0,0,A,3000,7.51,0,0.06,0,25
32362,66,38400,RENT,14,0,0,1,0,0,0,1,0,0,A,11000,5.42,0,0.29,0,19
32363,52,48000,RENT,3,0,0,1,0,0,0,1,0,0,C,11000,12.73,0,0.23,0,22
32371,53,24000,RENT,5,0,0,1,0,0,0,1,0,0,B,4400,12.42,0,0.18,0,23
32373,53,60000,RENT,0,0,0,1,0,0,0,1,0,0,A,4425,8.9,0,0.07,0,29
32376,52,90750,RENT,7,0,0,1,0,0,0,1,0,0,C,4500,14.72,0,0.05,0,28
32384,70,30000,RENT,1,0,0,1,0,0,0,1,0,0,B,5000,10.96,0,0.17,0,28
32401,69,24000,RENT,3,0,0,1,0,0,0,1,0,0,A,6000,6.62,0,0.25,0,20
32417,94,24000,RENT,1,0,0,1,0,0,0,1,0,0,C,6500,,0,0.27,0,27
32423,80,64000,RENT,7,0,0,1,0,0,0,1,0,0,B,6800,11.71,0,0.11,0,25
32424,66,42000,RENT,2,0,0,1,0,0,0,1,0,0,B,6475,9.99,0,0.15,0,24
32430,54,22880,RENT,6,0,0,1,0,0,0,1,0,0,B,7500,11.89,1,0.33,0,22
32433,73,75000,RENT,0,0,0,1,0,0,0,1,0,0,A,7800,,0,0.1,0,24
32435,52,33996,RENT,5,0,0,1,0,0,0,1,0,0,B,8000,9.25,0,0.24,0,25
32437,70,42000,RENT,1,0,0,1,0,0,0,1,0,0,B,8000,9.63,0,0.19,0,24
32450,53,85000,RENT,2,0,0,1,0,0,0,1,0,0,A,8000,7.74,0,0.09,0,28
32454,56,32400,RENT,,0,0,1,0,0,0,1,0,0,A,8575,7.51,0,0.26,0,18
32461,51,36000,RENT,3,0,0,1,0,0,0,1,0,0,D,10000,15.65,0,0.28,0,30
32478,61,90000,RENT,1,0,0,1,0,0,0,1,0,0,A,10000,5.79,0,0.11,0,20
32486,64,24000,RENT,1,0,0,1,0,0,0,1,0,0,A,3000,6.99,0,0.13,0,21
32522,73,39240,RENT,0,0,0,1,0,0,0,1,0,0,B,1800,12.53,0,0.05,0,21
32523,70,48000,RENT,0,0,0,1,0,0,0,1,0,0,A,15000,6.99,1,0.31,0,24
32535,76,75000,RENT,23,0,0,1,0,0,0,1,0,0,A,15000,8.94,0,0.2,0,25
32554,54,20000,RENT,2,0,0,1,0,0,0,1,0,0,C,5000,,0,0.25,0,28
32558,69,24000,RENT,3,0,0,1,0,0,0,1,0,0,A,6000,6.62,0,0.25,0,23
32560,51,58000,RENT,2,0,0,1,0,0,0,1,0,0,E,1500,19.03,1,0.03,0,24
32566,57,40000,RENT,1,0,0,1,0,0,0,1,0,0,A,15000,8.9,1,0.38,0,21
32581,66,42000,RENT,2,0,0,1,0,0,0,1,0,0,B,6475,9.99,0,0.15,0,30
99,25,234000,MORTGAGE,3,0,1,0,0,0,0,1,0,0,C,20000,14.27,0,0.09,1,4
103,26,232500,MORTGAGE,0,0,1,0,0,0,0,1,0,0,C,25000,14.17,0,0.11,1,2
141,23,215000,MORTGAGE,7,0,1,0,0,0,0,1,0,0,C,35000,14.79,0,0.16,1,3
278,23,15000,MORTGAGE,1,0,1,0,0,0,0,1,0,0,C,1750,12.68,0,0.12,1,3
916,25,23920,MORTGAGE,0,0,1,0,0,0,0,1,0,0,D,6000,14.59,1,0.25,1,2
986,23,24000,MORTGAGE,2,0,1,0,0,0,0,1,0,0,D,5000,15.99,1,0.21,1,2
1340,21,26000,MORTGAGE,5,0,1,0,0,0,0,1,0,0,D,14500,14.61,1,0.56,1,2
1397,25,26400,MORTGAGE,5,0,1,0,0,0,0,1,0,0,C,5975,12.99,0,0.23,1,4
1429,21,26500,MORTGAGE,3,0,1,0,0,0,0,1,0,0,D,6000,14.46,1,0.23,1,4
1450,21,27000,MORTGAGE,3,0,1,0,0,0,0,1,0,0,C,9600,13.49,0,0.36,1,2
1537,24,27600,MORTGAGE,5,0,1,0,0,0,0,1,0,0,D,6000,15.62,1,0.22,1,2
1799,22,29124,MORTGAGE,0,0,1,0,0,0,0,1,0,0,E,8875,15.68,1,0.3,1,3
1949,22,30000,MORTGAGE,5,0,1,0,0,0,0,1,0,0,C,3000,14.79,0,0.1,1,3
2144,23,30000,MORTGAGE,0,0,1,0,0,0,0,1,0,0,D,8000,,1,0.27,1,3
2349,25,31920,MORTGAGE,8,0,1,0,0,0,0,1,0,0,C,4500,,0,0.14,1,2
2443,22,32000,MORTGAGE,2,0,1,0,0,0,0,1,0,0,C,7500,,0,0.23,1,3
2749,25,34000,MORTGAGE,2,0,1,0,0,0,0,1,0,0,D,6000,15.7,1,0.18,1,3
2754,25,34000,MORTGAGE,0,0,1,0,0,0,0,1,0,0,C,10000,12.87,0,0.29,1,4
2973,22,35000,MORTGAGE,3,0,1,0,0,0,0,1,0,0,C,3500,,0,0.1,1,3
3124,23,35500,MORTGAGE,0,0,1,0,0,0,0,1,0,0,C,3000,11.28,0,0.08,1,3
3200,24,30000,MORTGAGE,4,0,1,0,0,0,0,1,0,0,D,10000,15.99,1,0.33,1,2
3318,23,30000,MORTGAGE,4,0,1,0,0,0,0,1,0,0,D,4000,16.32,1,0.13,1,4
3444,23,30500,MORTGAGE,6,0,1,0,0,0,0,1,0,0,D,3000,14.96,1,0.1,1,2
3448,26,30576,MORTGAGE,10,0,1,0,0,0,0,1,0,0,D,3000,14.46,1,0.1,1,2
3743,22,32213,MORTGAGE,3,0,1,0,0,0,0,1,0,0,C,8000,13.47,1,0.25,1,4
3803,26,32400,MORTGAGE,10,0,1,0,0,0,0,1,0,0,D,10000,,1,0.31,1,4
4234,25,40000,MORTGAGE,6,0,1,0,0,0,0,1,0,0,C,5000,12.61,0,0.13,1,4
4486,23,34900,MORTGAGE,2,0,1,0,0,0,0,1,0,0,F,4000,,1,0.11,1,4
4625,21,36000,MORTGAGE,2,0,1,0,0,0,0,1,0,0,C,5000,14.27,1,0.14,1,2
4708,24,36000,MORTGAGE,5,0,1,0,0,0,0,1,0,0,C,4000,15.23,1,0.11,1,3
4970,24,43000,MORTGAGE,7,0,1,0,0,0,0,1,0,0,C,6000,13.49,0,0.14,1,3
5036,24,37000,MORTGAGE,0,0,1,0,0,0,0,1,0,0,C,8500,12.53,1,0.23,1,2
5301,26,45000,MORTGAGE,6,0,1,0,0,0,0,1,0,0,C,6000,14.27,0,0.13,1,4
5556,26,45000,MORTGAGE,0,0,1,0,0,0,0,1,0,0,C,7750,12.53,0,0.17,1,4
5987,25,48000,MORTGAGE,0,0,1,0,0,0,0,1,0,0,C,23500,13.49,0,0.49,1,4
6028,25,48000,MORTGAGE,3,0,1,0,0,0,0,1,0,0,C,1400,14.79,0,0.03,1,4
6284,22,42500,MORTGAGE,6,0,1,0,0,0,0,1,0,0,E,7000,15.57,1,0.16,1,4
6408,25,49600,MORTGAGE,9,0,1,0,0,0,0,1,0,0,C,10000,11.66,0,0.2,1,4
6783,23,44000,MORTGAGE,0,0,1,0,0,0,0,1,0,0,F,2000,19.13,1,0.05,1,3
6823,25,44000,MORTGAGE,4,0,1,0,0,0,0,1,0,0,D,5550,14.11,1,0.13,1,4
6828,26,44000,MORTGAGE,8,0,1,0,0,0,0,1,0,0,G,12000,18.84,1,0.27,1,3
6833,22,44000,MORTGAGE,4,0,1,0,0,0,0,1,0,0,D,16000,14.74,1,0.36,1,3
6872,26,50000,MORTGAGE,10,0,1,0,0,0,0,1,0,0,C,13000,11.97,0,0.26,1,3
7454,23,47000,MORTGAGE,7,0,1,0,0,0,0,1,0,0,C,16000,14.35,1,0.34,1,3
7634,23,48000,MORTGAGE,8,0,1,0,0,0,0,1,0,0,D,1400,14.83,1,0.03,1,2
7653,24,54000,MORTGAGE,9,0,1,0,0,0,0,1,0,0,C,15600,13.61,0,0.29,1,4
7908,23,55000,MORTGAGE,7,0,1,0,0,0,0,1,0,0,C,10000,13.99,0,0.18,1,3
8092,22,49200,MORTGAGE,6,0,1,0,0,0,0,1,0,0,C,6500,12.68,1,0.13,1,2
8125,25,55800,MORTGAGE,9,0,1,0,0,0,0,1,0,0,C,3500,14.17,0,0.06,1,3
8217,23,56000,MORTGAGE,3,0,1,0,0,0,0,1,0,0,C,7500,13.79,0,0.13,1,3
8285,22,57000,MORTGAGE,2,0,1,0,0,0,0,1,0,0,C,5950,13.49,0,0.1,1,3
8287,26,57000,MORTGAGE,6,0,1,0,0,0,0,1,0,0,C,9000,12.99,0,0.16,1,4
8306,23,57000,MORTGAGE,1,0,1,0,0,0,0,1,0,0,C,4200,12.68,0,0.07,1,4
8332,26,51000,MORTGAGE,10,0,1,0,0,0,0,1,0,0,D,13000,15.33,1,0.25,1,3
8379,25,57500,MORTGAGE,5,0,1,0,0,0,0,1,0,0,C,12275,,0,0.21,1,3
8519,26,58000,MORTGAGE,5,0,1,0,0,0,0,1,0,0,C,12000,13.16,0,0.21,1,4
8827,26,54000,MORTGAGE,8,0,1,0,0,0,0,1,0,0,D,5000,15.62,1,0.09,1,4
8855,24,60000,MORTGAGE,8,0,1,0,0,0,0,1,0,0,C,21000,,0,0.35,1,4
8899,23,60000,MORTGAGE,5,0,1,0,0,0,0,1,0,0,C,22000,13.06,0,0.37,1,3
8909,25,60000,MORTGAGE,6,0,1,0,0,0,0,1,0,0,C,13000,14.17,0,0.22,1,3
9068,21,60000,MORTGAGE,0,0,1,0,0,0,0,1,0,0,C,10000,,0,0.17,1,4
9097,22,60000,MORTGAGE,3,0,1,0,0,0,0,1,0,0,C,3250,12.73,0,0.05,1,4
9187,23,60000,MORTGAGE,1,0,1,0,0,0,0,1,0,0,C,13200,13.16,0,0.22,1,2
9203,22,60000,MORTGAGE,6,0,1,0,0,0,0,1,0,0,C,9000,13.79,0,0.15,1,2
9244,23,54000,MORTGAGE,3,0,1,0,0,0,0,1,0,0,C,7500,11.03,1,0.14,1,3
9270,24,54417,MORTGAGE,1,0,1,0,0,0,0,1,0,0,C,9525,11.66,1,0.18,1,3
9282,22,60612,MORTGAGE,2,0,1,0,0,0,0,1,0,0,C,18000,13.72,0,0.3,1,3
9296,25,55000,MORTGAGE,4,0,1,0,0,0,0,1,0,0,D,9000,16.77,1,0.16,1,2
9354,24,55200,MORTGAGE,0,0,1,0,0,0,0,1,0,0,D,6000,14.42,1,0.11,1,2
9486,22,56000,MORTGAGE,5,0,1,0,0,0,0,1,0,0,E,15000,16,1,0.27,1,4
9580,23,62500,MORTGAGE,1,0,1,0,0,0,0,1,0,0,C,9600,13.22,0,0.15,1,3
9642,22,63000,MORTGAGE,2,0,1,0,0,0,0,1,0,0,C,8400,12.73,0,0.13,1,4
9673,24,57000,MORTGAGE,9,0,1,0,0,0,0,1,0,0,C,6500,13.04,1,0.11,1,4
9778,26,58000,MORTGAGE,1,0,1,0,0,0,0,1,0,0,D,25000,13.55,1,0.43,1,4
9898,26,59000,MORTGAGE,5,0,1,0,0,0,0,1,0,0,D,8000,15.99,1,0.14,1,2
10168,25,65004,MORTGAGE,1,0,1,0,0,0,0,1,0,0,C,5000,13.47,0,0.08,1,3
10172,23,65100,MORTGAGE,1,0,1,0,0,0,0,1,0,0,C,9000,14.79,0,0.14,1,4
10197,25,65600,MORTGAGE,1,0,1,0,0,0,0,1,0,0,C,10000,11.78,0,0.15,1,2
10297,25,66000,MORTGAGE,7,0,1,0,0,0,0,1,0,0,C,5875,10.91,0,0.09,1,4
10397,25,67200,MORTGAGE,9,0,1,0,0,0,0,1,0,0,C,5000,13.8,0,0.07,1,2
10408,24,67430,MORTGAGE,8,0,1,0,0,0,0,1,0,0,C,12000,12.87,0,0.18,1,4
10451,23,52700,MORTGAGE,7,0,1,0,0,0,0,1,0,0,D,8000,16.29,1,0.13,1,2
10568,25,53467,MORTGAGE,5,0,1,0,0,0,0,1,0,0,D,25000,15.7,1,0.4,1,4
10637,26,69654,MORTGAGE,10,0,1,0,0,0,0,1,0,0,C,7500,,0,0.11,1,3
10780,23,70000,MORTGAGE,5,0,1,0,0,0,0,1,0,0,C,10000,14.79,0,0.14,1,2
10814,26,70000,MORTGAGE,5,0,1,0,0,0,0,1,0,0,C,4800,,0,0.07,1,4
10906,25,70000,MORTGAGE,9,0,1,0,0,0,0,1,0,0,C,12800,13.11,0,0.18,1,4
10941,26,70000,MORTGAGE,1,0,1,0,0,0,0,1,0,0,C,7000,14.26,0,0.1,1,4
10995,22,70600,MORTGAGE,6,0,1,0,0,0,0,1,0,0,C,7450,13.06,0,0.11,1,4
11166,24,56100,MORTGAGE,4,0,1,0,0,0,0,1,0,0,D,4900,15.95,1,0.07,1,4
11170,23,72000,MORTGAGE,7,0,1,0,0,0,0,1,0,0,C,8000,13.61,0,0.11,1,2
11199,23,56100,MORTGAGE,5,0,1,0,0,0,0,1,0,0,C,18000,14.22,1,0.27,1,2
11323,25,56950,MORTGAGE,9,0,1,0,0,0,0,1,0,0,C,25000,10.91,1,0.37,1,3
11379,26,57800,MORTGAGE,0,0,1,0,0,0,0,1,0,0,D,15000,,1,0.22,1,3
11416,25,58313,MORTGAGE,9,0,1,0,0,0,0,1,0,0,E,5300,19.91,1,0.08,1,2
11435,25,75000,MORTGAGE,9,0,1,0,0,0,0,1,0,0,C,4800,15.27,0,0.06,1,3
11527,24,75000,MORTGAGE,8,0,1,0,0,0,0,1,0,0,C,8000,15.23,0,0.11,1,3
11752,23,75000,MORTGAGE,0,0,1,0,0,0,0,1,0,0,C,9500,,0,0.13,1,4
11786,23,75885,MORTGAGE,7,0,1,0,0,0,0,1,0,0,C,3000,11.03,0,0.04,1,4
12008,25,61200,MORTGAGE,9,0,1,0,0,0,0,1,0,0,D,20000,14.74,1,0.28,1,2
12063,22,62050,MORTGAGE,1,0,1,0,0,0,0,1,0,0,C,2000,13.35,1,0.03,1,4
12270,22,80000,MORTGAGE,0,0,1,0,0,0,0,1,0,0,C,2000,14.72,0,0.03,1,3
12297,25,62900,MORTGAGE,9,0,1,0,0,0,0,1,0,0,D,8825,15.7,1,0.12,1,3
12313,24,80000,MORTGAGE,0,0,1,0,0,0,0,1,0,0,C,25000,,0,0.31,1,2
12321,22,62900,MORTGAGE,6,0,1,0,0,0,0,1,0,0,E,12000,16.35,1,0.16,1,2
12841,25,62050,MORTGAGE,4,0,1,0,0,0,0,1,0,0,D,5400,15.21,1,0.07,1,3
13075,23,87600,MORTGAGE,7,0,1,0,0,0,0,1,0,0,C,20000,13.35,0,0.23,1,4
13086,23,88000,MORTGAGE,7,0,1,0,0,0,0,1,0,0,C,12000,,0,0.14,1,2
13117,23,88000,MORTGAGE,2,0,1,0,0,0,0,1,0,0,C,6625,11.22,0,0.08,1,3
13152,24,89000,MORTGAGE,8,0,1,0,0,0,0,1,0,0,C,25000,13.11,0,0.28,1,3
13422,26,67150,MORTGAGE,9,0,1,0,0,0,0,1,0,0,D,15000,14.11,1,0.19,1,4
13444,26,67983,MORTGAGE,7,0,1,0,0,0,0,1,0,0,D,15000,16.49,1,0.19,1,3
13459,23,92000,MORTGAGE,7,0,1,0,0,0,0,1,0,0,C,18000,12.68,0,0.2,1,2
13567,25,69360,MORTGAGE,2,0,1,0,0,0,0,1,0,0,F,22000,19.79,1,0.27,1,3
13631,23,95000,MORTGAGE,8,0,1,0,0,0,0,1,0,0,C,7200,14.79,0,0.08,1,4
13649,24,95000,MORTGAGE,,0,1,0,0,0,0,1,0,0,C,5750,,0,0.06,1,4
13751,22,71400,MORTGAGE,4,0,1,0,0,0,0,1,0,0,C,21600,15.27,1,0.26,1,2
13826,22,71400,MORTGAGE,2,0,1,0,0,0,0,1,0,0,D,15000,14.96,1,0.18,1,3
13875,22,97000,MORTGAGE,6,0,1,0,0,0,0,1,0,0,C,10000,13.57,0,0.1,1,3
13987,24,99996,MORTGAGE,5,0,1,0,0,0,0,1,0,0,C,10000,13.61,0,0.1,1,3
14126,25,100000,MORTGAGE,9,0,1,0,0,0,0,1,0,0,C,15000,12.73,0,0.15,1,4
14179,22,74867,MORTGAGE,4,0,1,0,0,0,0,1,0,0,D,17000,16.02,1,0.19,1,4
14190,25,75500,MORTGAGE,10,0,1,0,0,0,0,1,0,0,D,6000,14.74,1,0.07,1,4
14283,24,77350,MORTGAGE,2,0,1,0,0,0,0,1,0,0,D,25000,15.7,1,0.27,1,3
14299,26,78200,MORTGAGE,3,0,1,0,0,0,0,1,0,0,C,15000,14.27,1,0.16,1,4
14514,23,108600,MORTGAGE,3,0,1,0,0,0,0,1,0,0,C,8000,12.87,0,0.07,1,2
14574,26,83300,MORTGAGE,0,0,1,0,0,0,0,1,0,0,D,28000,15.62,1,0.29,1,2
14691,25,111996,MORTGAGE,2,0,1,0,0,0,0,1,0,0,C,16000,11.78,0,0.14,1,4
14731,24,85850,MORTGAGE,3,0,1,0,0,0,0,1,0,0,D,12000,15.99,1,0.12,1,4
14734,24,85850,MORTGAGE,8,0,1,0,0,0,0,1,0,0,D,20000,,1,0.2,1,4
14782,25,115000,MORTGAGE,9,0,1,0,0,0,0,1,0,0,C,19000,13.49,0,0.17,1,3
14874,23,90100,MORTGAGE,7,0,1,0,0,0,0,1,0,0,E,21600,,1,0.2,1,2
14967,26,120000,MORTGAGE,10,0,1,0,0,0,0,1,0,0,C,5000,13.49,0,0.04,1,2
14994,26,91800,MORTGAGE,10,0,1,0,0,0,0,1,0,0,E,10000,16.32,1,0.09,1,4
15015,24,91800,MORTGAGE,8,0,1,0,0,0,0,1,0,0,D,15000,16.32,1,0.14,1,2
15058,22,120000,MORTGAGE,3,0,1,0,0,0,0,1,0,0,C,9600,13.22,0,0.08,1,4
15244,24,126000,MORTGAGE,7,0,1,0,0,0,0,1,0,0,C,11800,,0,0.09,1,2
15262,24,97750,MORTGAGE,0,0,1,0,0,0,0,1,0,0,E,24000,17.39,1,0.21,1,3
15270,26,127992,MORTGAGE,10,0,1,0,0,0,0,1,0,0,C,26000,13.99,0,0.2,1,3
15317,23,130000,MORTGAGE,7,0,1,0,0,0,0,1,0,0,C,5000,14.79,0,0.04,1,3
15323,24,100300,MORTGAGE,2,0,1,0,0,0,0,1,0,0,D,30000,14.91,1,0.25,1,3
15407,24,103044,MORTGAGE,8,0,1,0,0,0,0,1,0,0,D,11600,15.05,1,0.1,1,2
15433,26,104550,MORTGAGE,5,0,1,0,0,0,0,1,0,0,D,24000,15.21,1,0.2,1,4
15596,25,150000,MORTGAGE,9,0,1,0,0,0,0,1,0,0,C,20000,14.65,0,0.13,1,4
15657,22,150000,MORTGAGE,6,0,1,0,0,0,0,1,0,0,C,9500,12.87,0,0.06,1,4
15715,24,156000,MORTGAGE,6,0,1,0,0,0,0,1,0,0,C,15000,13.57,0,0.1,1,4
15816,24,142800,MORTGAGE,8,0,1,0,0,0,0,1,0,0,D,25000,14.84,1,0.15,1,2
15848,26,159800,MORTGAGE,6,0,1,0,0,0,0,1,0,0,D,30000,17.58,1,0.16,1,3
15899,26,244800,MORTGAGE,11,0,1,0,0,0,0,1,0,0,D,12000,16.29,1,0.04,1,4
15968,26,56100,MORTGAGE,10,0,1,0,0,0,0,1,0,0,D,16000,,1,0.24,1,2
15994,24,52000,MORTGAGE,7,0,1,0,0,0,0,1,0,0,C,5000,14.22,0,0.1,1,3
16040,23,49000,MORTGAGE,7,0,1,0,0,0,0,1,0,0,G,15000,19.82,1,0.31,1,3
16055,24,100000,MORTGAGE,0,0,1,0,0,0,0,1,0,0,C,10000,12.87,0,0.1,1,4
16209,22,66614,MORTGAGE,6,0,1,0,0,0,0,1,0,0,E,11000,17.99,1,0.14,1,2
16316,25,58650,MORTGAGE,4,0,1,0,0,0,0,1,0,0,D,20000,14.09,1,0.29,1,4
16476,25,40000,MORTGAGE,9,0,1,0,0,0,0,1,0,0,C,3500,13.49,0,0.09,1,3
16556,26,75000,MORTGAGE,9,0,1,0,0,0,0,1,0,0,C,4000,12.99,0,0.05,1,2
16574,24,25344,MORTGAGE,5,0,1,0,0,0,0,1,0,0,D,4000,16.49,1,0.16,1,3
16832,22,91800,MORTGAGE,0,0,1,0,0,0,0,1,0,0,D,16800,15.62,1,0.16,1,4
16926,25,75600,MORTGAGE,7,0,1,0,0,0,0,1,0,0,C,15000,12.68,0,0.2,1,3
17090,23,24091,MORTGAGE,5,0,1,0,0,0,0,1,0,0,C,3500,12.99,0,0.15,1,2
17239,25,36000,MORTGAGE,2,0,1,0,0,0,0,1,0,0,C,13750,13.22,1,0.38,1,3
17267,26,96050,MORTGAGE,3,0,1,0,0,0,0,1,0,0,D,24000,15.28,1,0.21,1,2
17347,23,16000,MORTGAGE,3,0,1,0,0,0,0,1,0,0,C,2275,13.06,0,0.14,1,3
17380,24,57000,MORTGAGE,8,0,1,0,0,0,0,1,0,0,F,20000,19.13,1,0.35,1,3
17570,22,89250,MORTGAGE,6,0,1,0,0,0,0,1,0,0,D,7500,13.24,1,0.07,1,2
17590,23,55000,MORTGAGE,5,0,1,0,0,0,0,1,0,0,C,8000,13.85,0,0.15,1,2
17734,25,34000,MORTGAGE,2,0,1,0,0,0,0,1,0,0,C,15450,11.22,1,0.45,1,4
17861,34,325550,MORTGAGE,3,0,1,0,0,0,0,1,0,0,D,35000,16.77,1,0.09,1,6
17868,28,11029,MORTGAGE,12,0,1,0,0,0,0,1,0,0,C,2150,10.78,1,0.19,1,7
17903,30,232050,MORTGAGE,14,0,1,0,0,0,0,1,0,0,E,25000,17.93,1,0.09,1,9
17932,31,250000,MORTGAGE,2,0,1,0,0,0,0,1,0,0,C,4000,14.22,0,0.02,1,10
18069,29,148410,MORTGAGE,5,0,1,0,0,0,0,1,0,0,D,11200,16.89,1,0.06,1,9
18070,28,186480,MORTGAGE,12,0,1,0,0,0,0,1,0,0,C,10000,14.22,0,0.05,1,9
18191,28,127500,MORTGAGE,5,0,1,0,0,0,0,1,0,0,E,20000,17.04,1,0.13,1,8
18217,27,160000,MORTGAGE,12,0,1,0,0,0,0,1,0,0,C,1500,11.78,0,0.01,1,6
18362,34,20400,MORTGAGE,6,0,1,0,0,0,0,1,0,0,C,3300,13.06,0,0.16,1,10
18523,30,23748,MORTGAGE,,0,1,0,0,0,0,1,0,0,C,6100,14.27,1,0.26,1,10
19049,31,30000,MORTGAGE,5,0,1,0,0,0,0,1,0,0,D,4000,15.62,1,0.13,1,7
19104,28,30000,MORTGAGE,3,0,1,0,0,0,0,1,0,0,C,6000,13.98,0,0.2,1,8
19315,31,32000,MORTGAGE,0,0,1,0,0,0,0,1,0,0,C,2000,13.61,0,0.06,1,6
19540,32,34320,MORTGAGE,0,0,1,0,0,0,0,1,0,0,C,1900,12.84,0,0.06,1,7
19661,33,35000,MORTGAGE,15,0,1,0,0,0,0,1,0,0,C,12000,13.11,0,0.34,1,7
19674,31,35000,MORTGAGE,0,0,1,0,0,0,0,1,0,0,C,15000,13.92,0,0.43,1,8
19777,28,36000,MORTGAGE,12,0,1,0,0,0,0,1,0,0,C,1925,15.23,0,0.05,1,8
20095,27,32000,MORTGAGE,0,0,1,0,0,0,0,1,0,0,C,7500,11.59,1,0.23,1,9
20123,29,38400,MORTGAGE,0,0,1,0,0,0,0,1,0,0,C,14000,14.27,0,0.36,1,8
20171,31,38970,MORTGAGE,,0,1,0,0,0,0,1,0,0,C,5750,12.68,0,0.15,1,7
20299,29,34000,MORTGAGE,0,0,1,0,0,0,0,1,0,0,D,10200,17.27,1,0.3,1,5
20899,27,38000,MORTGAGE,0,0,1,0,0,0,0,1,0,0,C,14000,14.26,1,0.37,1,9
20912,28,44004,MORTGAGE,5,0,1,0,0,0,0,1,0,0,C,6000,13.06,0,0.14,1,10
20921,27,44200,MORTGAGE,11,0,1,0,0,0,0,1,0,0,C,11500,15.27,0,0.26,1,10
20955,29,44991,MORTGAGE,13,0,1,0,0,0,0,1,0,0,C,5000,14.72,0,0.11,1,8
21349,31,47000,MORTGAGE,0,0,1,0,0,0,0,1,0,0,C,10000,11.03,0,0.21,1,7
21499,35,48000,MORTGAGE,6,0,1,0,0,0,0,1,0,0,C,5000,13.48,0,0.1,1,10
21543,27,42200,MORTGAGE,6,0,1,0,0,0,0,1,0,0,D,10000,16.49,1,0.24,1,6
21575,30,48996,MORTGAGE,5,0,1,0,0,0,0,1,0,0,C,5000,15.23,0,0.1,1,5
21780,34,44000,MORTGAGE,18,0,1,0,0,0,0,1,0,0,D,4000,15.95,1,0.09,1,9
21942,33,44400,MORTGAGE,3,0,1,0,0,0,0,1,0,0,C,2000,14.22,1,0.05,1,6
22003,29,45200,MORTGAGE,7,0,1,0,0,0,0,1,0,0,D,6000,16.49,1,0.13,1,10
22099,32,52000,MORTGAGE,3,0,1,0,0,0,0,1,0,0,C,10000,14.35,0,0.19,1,8
22296,30,54000,MORTGAGE,12,0,1,0,0,0,0,1,0,0,C,15000,14.72,0,0.28,1,9
22641,33,50500,MORTGAGE,2,0,1,0,0,0,0,1,0,0,D,4000,,1,0.08,1,8
22682,32,57000,MORTGAGE,11,0,1,0,0,0,0,1,0,0,C,9000,13.35,0,0.16,1,5
22701,32,51000,MORTGAGE,5,0,1,0,0,0,0,1,0,0,C,15000,,1,0.29,1,8
22774,35,58000,MORTGAGE,8,0,1,0,0,0,0,1,0,0,C,6000,12.99,0,0.1,1,8
22854,28,58868,MORTGAGE,12,0,1,0,0,0,0,1,0,0,C,8400,13.57,0,0.14,1,9
22901,28,59904,MORTGAGE,12,0,1,0,0,0,0,1,0,0,C,3000,12.53,0,0.05,1,10
22909,35,60000,MORTGAGE,12,0,1,0,0,0,0,1,0,0,C,16000,15.96,0,0.27,1,5
23080,28,60000,MORTGAGE,8,0,1,0,0,0,0,1,0,0,C,1500,,0,0.03,1,6
23187,29,54000,MORTGAGE,8,0,1,0,0,0,0,1,0,0,D,14800,15.31,1,0.27,1,10
23203,29,54000,MORTGAGE,7,0,1,0,0,0,0,1,0,0,F,14800,18.53,1,0.27,1,8
23218,30,54000,MORTGAGE,3,0,1,0,0,0,0,1,0,0,D,15250,14.42,1,0.28,1,8
23318,29,55476,MORTGAGE,1,0,1,0,0,0,0,1,0,0,D,10000,15.33,1,0.18,1,8
23348,31,62000,MORTGAGE,9,0,1,0,0,0,0,1,0,0,C,2500,14.65,0,0.04,1,6
23410,32,62217,MORTGAGE,2,0,1,0,0,0,0,1,0,0,C,6000,14.27,0,0.1,1,6
23482,30,57000,MORTGAGE,3,0,1,0,0,0,0,1,0,0,E,9000,17.93,1,0.16,1,6
23521,29,63755,MORTGAGE,14,0,1,0,0,0,0,1,0,0,C,3000,,0,0.05,1,10
23567,35,58000,MORTGAGE,4,0,1,0,0,0,0,1,0,0,D,15000,13.99,1,0.26,1,9
23596,28,65000,MORTGAGE,5,0,1,0,0,0,0,1,0,0,C,4500,15.96,0,0.07,1,9
23743,34,59000,MORTGAGE,1,0,1,0,0,0,0,1,0,0,C,20000,,1,0.34,1,7
23838,27,60000,MORTGAGE,12,0,1,0,0,0,0,1,0,0,D,2000,15.7,1,0.03,1,6
24119,27,54400,MORTGAGE,11,0,1,0,0,0,0,1,0,0,D,3000,,1,0.05,1,5
24131,28,54400,MORTGAGE,12,0,1,0,0,0,0,1,0,0,C,18000,12.99,1,0.28,1,8
24145,27,54400,MORTGAGE,,0,1,0,0,0,0,1,0,0,D,15000,15.65,1,0.23,1,9
24214,27,54400,MORTGAGE,11,0,1,0,0,0,0,1,0,0,D,11000,15.33,1,0.17,1,10
24408,30,72000,MORTGAGE,3,0,1,0,0,0,0,1,0,0,C,9000,14.22,0,0.13,1,6
24456,27,56525,MORTGAGE,4,0,1,0,0,0,0,1,0,0,D,12000,15.95,1,0.18,1,7
24459,29,72500,MORTGAGE,2,0,1,0,0,0,0,1,0,0,C,7000,13.79,0,0.1,1,8
24465,33,72890,MORTGAGE,1,0,1,0,0,0,0,1,0,0,C,16400,13.79,0,0.22,1,6
24656,28,58650,MORTGAGE,5,0,1,0,0,0,0,1,0,0,D,20000,14.91,1,0.29,1,10
24696,33,75000,MORTGAGE,17,0,1,0,0,0,0,1,0,0,C,12000,,0,0.16,1,8
24729,34,58650,MORTGAGE,7,0,1,0,0,0,0,1,0,0,G,12000,20.17,1,0.17,1,10
24763,27,58650,MORTGAGE,5,0,1,0,0,0,0,1,0,0,E,7500,15.07,1,0.11,1,9
24790,29,59354,MORTGAGE,5,0,1,0,0,0,0,1,0,0,D,9600,13.67,1,0.14,1,10
24989,30,79416,MORTGAGE,12,0,1,0,0,0,0,1,0,0,C,6000,13.49,0,0.08,1,8
24991,33,79440,MORTGAGE,12,0,1,0,0,0,0,1,0,0,C,5525,13.85,0,0.07,1,9
25153,32,62900,MORTGAGE,5,0,1,0,0,0,0,1,0,0,D,2750,,1,0.04,1,7
25289,30,65144,MORTGAGE,9,0,1,0,0,0,0,1,0,0,E,5000,16.35,1,0.07,1,6
25496,33,62050,MORTGAGE,17,0,1,0,0,0,0,1,0,0,D,20000,,1,0.27,1,8
25532,29,85200,MORTGAGE,5,0,1,0,0,0,0,1,0,0,C,8900,,0,0.1,1,6
25634,30,64600,MORTGAGE,8,0,1,0,0,0,0,1,0,0,D,8000,15.99,1,0.11,1,6
25736,34,90000,MORTGAGE,3,0,1,0,0,0,0,1,0,0,C,7500,15.23,0,0.08,1,8
25861,28,91000,MORTGAGE,12,0,1,0,0,0,0,1,0,0,C,21000,13.35,0,0.23,1,6
25868,32,67150,MORTGAGE,4,0,1,0,0,0,0,1,0,0,D,13000,16,1,0.16,1,6
25913,28,68000,MORTGAGE,12,0,1,0,0,0,0,1,0,0,F,24500,18.3,1,0.31,1,6
25927,27,68255,MORTGAGE,6,0,1,0,0,0,0,1,0,0,E,17500,17.93,1,0.22,1,10
25978,30,70125,MORTGAGE,2,0,1,0,0,0,0,1,0,0,D,25000,15.33,1,0.3,1,9
26019,28,95000,MORTGAGE,0,0,1,0,0,0,0,1,0,0,C,11000,13.06,0,0.12,1,9
26025,31,70550,MORTGAGE,9,0,1,0,0,0,0,1,0,0,F,18000,19.74,1,0.22,1,10
26040,28,95000,MORTGAGE,9,0,1,0,0,0,0,1,0,0,C,5000,,0,0.05,1,7
26162,27,72250,MORTGAGE,11,0,1,0,0,0,0,1,0,0,D,10000,14.83,1,0.12,1,6
26208,31,73100,MORTGAGE,0,0,1,0,0,0,0,1,0,0,E,16000,,1,0.19,1,6
26248,30,74797,MORTGAGE,14,0,1,0,0,0,0,1,0,0,E,4800,18.79,1,0.05,1,7
26250,31,74797,MORTGAGE,1,0,1,0,0,0,0,1,0,0,D,10000,15.58,1,0.11,1,6
26253,29,74797,MORTGAGE,2,0,1,0,0,0,0,1,0,0,D,15000,15.33,1,0.17,1,10
26343,28,100000,MORTGAGE,3,0,1,0,0,0,0,1,0,0,C,8000,13.98,0,0.08,1,6
26362,34,100000,MORTGAGE,11,0,1,0,0,0,0,1,0,0,C,18000,,0,0.18,1,6
26393,27,100000,MORTGAGE,2,0,1,0,0,0,0,1,0,0,C,10000,12.09,0,0.1,1,9
26488,28,103800,MORTGAGE,,0,1,0,0,0,0,1,0,0,C,10000,14.27,0,0.1,1,8
26527,32,79050,MORTGAGE,10,0,1,0,0,0,0,1,0,0,F,24000,18.62,1,0.26,1,8
26631,32,108202,MORTGAGE,6,0,1,0,0,0,0,1,0,0,C,9600,13.79,0,0.09,1,6
26677,31,83300,MORTGAGE,9,0,1,0,0,0,0,1,0,0,D,10000,,1,0.1,1,5
26736,29,83300,MORTGAGE,5,0,1,0,0,0,0,1,0,0,E,5000,16.95,1,0.05,1,6
26788,33,113000,MORTGAGE,15,0,1,0,0,0,0,1,0,0,C,5000,13.49,0,0.04,1,9
26845,29,115000,MORTGAGE,3,0,1,0,0,0,0,1,0,0,C,22000,15.23,0,0.19,1,7
26973,28,91800,MORTGAGE,6,0,1,0,0,0,0,1,0,0,D,10000,16.89,1,0.09,1,8
27016,28,120000,MORTGAGE,5,0,1,0,0,0,0,1,0,0,C,22000,13.72,0,0.18,1,6
27065,29,120000,MORTGAGE,3,0,1,0,0,0,0,1,0,0,C,6250,12.53,0,0.05,1,8
27066,28,91800,MORTGAGE,1,0,1,0,0,0,0,1,0,0,D,15000,15.37,1,0.14,1,8
27075,34,91800,MORTGAGE,0,0,1,0,0,0,0,1,0,0,F,25000,15.83,1,0.23,1,9
27078,32,91800,MORTGAGE,8,0,1,0,0,0,0,1,0,0,E,24625,14.07,1,0.23,1,7
27094,28,92801,MORTGAGE,12,0,1,0,0,0,0,1,0,0,D,20000,14.74,1,0.18,1,8
27180,29,96050,MORTGAGE,7,0,1,0,0,0,0,1,0,0,C,15200,13.85,1,0.13,1,5
27261,31,130000,MORTGAGE,15,0,1,0,0,0,0,1,0,0,C,1600,13.99,0,0.01,1,6
27432,28,108800,MORTGAGE,3,0,1,0,0,0,0,1,0,0,E,35000,16.4,1,0.27,1,7
27639,32,155000,MORTGAGE,8,0,1,0,0,0,0,1,0,0,C,8000,,0,0.05,1,6
27691,33,130050,MORTGAGE,0,0,1,0,0,0,0,1,0,0,D,10000,14.61,1,0.07,1,7
27744,27,180000,MORTGAGE,2,0,1,0,0,0,0,1,0,0,C,8000,13.23,0,0.04,1,7
27807,27,185300,MORTGAGE,11,0,1,0,0,0,0,1,0,0,D,35000,,1,0.16,1,5
27877,34,397800,MORTGAGE,5,0,1,0,0,0,0,1,0,0,D,14000,14.61,1,0.03,1,5
27916,30,97750,MORTGAGE,3,0,1,0,0,0,0,1,0,0,D,20000,14.59,1,0.17,1,8
27960,35,62475,MORTGAGE,5,0,1,0,0,0,0,1,0,0,D,9600,14.61,1,0.13,1,6
27976,33,72250,MORTGAGE,0,0,1,0,0,0,0,1,0,0,D,25000,16,1,0.29,1,5
27981,29,280000,MORTGAGE,6,0,1,0,0,0,0,1,0,0,C,15000,12.99,0,0.05,1,6
27997,31,260000,MORTGAGE,6,0,1,0,0,0,0,1,0,0,C,25000,13.57,0,0.1,1,6
28138,33,54000,MORTGAGE,7,0,1,0,0,0,0,1,0,0,C,32000,15.23,1,0.59,1,7
28264,28,82000,MORTGAGE,0,0,1,0,0,0,0,1,0,0,C,15000,12.98,0,0.18,1,8
28278,27,91800,MORTGAGE,11,0,1,0,0,0,0,1,0,0,E,20000,,1,0.19,1,9
28382,27,66300,MORTGAGE,11,0,1,0,0,0,0,1,0,0,D,21000,15.62,1,0.27,1,10
28384,28,131040,MORTGAGE,0,0,1,0,0,0,0,1,0,0,C,10000,13.35,0,0.08,1,7
28545,29,44991,MORTGAGE,13,0,1,0,0,0,0,1,0,0,C,5000,14.72,0,0.11,1,5
28587,28,56000,MORTGAGE,5,0,1,0,0,0,0,1,0,0,C,5050,12.29,1,0.09,1,8
28779,30,78000,MORTGAGE,1,0,1,0,0,0,0,1,0,0,C,26000,15.96,0,0.33,1,5
28790,28,48000,MORTGAGE,13,0,1,0,0,0,0,1,0,0,C,5000,15.27,1,0.1,1,8
28858,32,29100,MORTGAGE,3,0,1,0,0,0,0,1,0,0,D,10000,15.95,1,0.34,1,9
28946,29,72500,MORTGAGE,2,0,1,0,0,0,0,1,0,0,C,7000,13.79,0,0.1,1,8
29005,28,78200,MORTGAGE,12,0,1,0,0,0,0,1,0,0,D,20000,,1,0.22,1,5
29091,31,83300,MORTGAGE,9,0,1,0,0,0,0,1,0,0,D,10000,,1,0.1,1,5
29128,44,584800,MORTGAGE,4,0,1,0,0,0,0,1,0,0,C,20000,,1,0.03,1,16
29129,36,700000,MORTGAGE,16,0,1,0,0,0,0,1,0,0,C,25000,12.53,0,0.04,1,13
29130,40,540600,MORTGAGE,8,0,1,0,0,0,0,1,0,0,D,35000,15.99,1,0.06,1,11
29223,37,174996,MORTGAGE,11,0,1,0,0,0,0,1,0,0,C,6500,13.35,0,0.04,1,17
29522,45,30000,MORTGAGE,5,0,1,0,0,0,0,1,0,0,C,1000,15.23,0,0.03,1,11
29544,39,30000,MORTGAGE,14,0,1,0,0,0,0,1,0,0,D,7200,14.96,1,0.24,1,11
29803,39,38500,MORTGAGE,7,0,1,0,0,0,0,1,0,0,C,3500,13.98,0,0.09,1,17
29909,43,41000,MORTGAGE,7,0,1,0,0,0,0,1,0,0,C,6000,13.22,0,0.15,1,16
29939,37,42000,MORTGAGE,0,0,1,0,0,0,0,1,0,0,C,3000,15.23,0,0.07,1,11
29990,36,37000,MORTGAGE,5,0,1,0,0,0,0,1,0,0,E,3000,18.39,1,0.08,1,15
30407,38,48000,MORTGAGE,23,0,1,0,0,0,0,1,0,0,D,9000,15.21,1,0.19,1,15
30415,37,48257,MORTGAGE,21,0,1,0,0,0,0,1,0,0,D,7000,15.21,1,0.15,1,17
30666,36,54000,MORTGAGE,1,0,1,0,0,0,0,1,0,0,E,10000,14.93,1,0.19,1,11
30783,37,59000,MORTGAGE,10,0,1,0,0,0,0,1,0,0,D,12000,15.62,1,0.2,1,12
30980,38,56100,MORTGAGE,4,0,1,0,0,0,0,1,0,0,C,6100,14.79,1,0.09,1,14
31145,42,78000,MORTGAGE,4,0,1,0,0,0,0,1,0,0,C,8000,10.78,0,0.1,1,13
31157,40,62540,MORTGAGE,5,0,1,0,0,0,0,1,0,0,F,7500,19.04,1,0.1,1,12
31232,48,64430,MORTGAGE,14,0,1,0,0,0,0,1,0,0,D,15000,,1,0.2,1,12
31338,49,88400,MORTGAGE,4,0,1,0,0,0,0,1,0,0,C,20000,13.92,0,0.23,1,14
31453,37,71400,MORTGAGE,7,0,1,0,0,0,0,1,0,0,E,3100,20.69,1,0.04,1,14
31475,39,98000,MORTGAGE,22,0,1,0,0,0,0,1,0,0,C,8000,13.49,0,0.08,1,16
31581,44,109000,MORTGAGE,17,0,1,0,0,0,0,1,0,0,C,12800,13.79,0,0.12,1,12
31671,37,91800,MORTGAGE,21,0,1,0,0,0,0,1,0,0,D,20000,14.84,1,0.19,1,12
31681,37,91800,MORTGAGE,0,0,1,0,0,0,0,1,0,0,F,5000,19.47,1,0.05,1,16
31728,43,98600,MORTGAGE,0,0,1,0,0,0,0,1,0,0,D,7750,15.31,1,0.07,1,14
31866,44,140787,MORTGAGE,3,0,1,0,0,0,0,1,0,0,D,35000,16.49,1,0.21,1,15
31888,36,171870,MORTGAGE,4,0,1,0,0,0,0,1,0,0,D,9400,15.62,1,0.05,1,11
31910,41,381450,MORTGAGE,10,0,1,0,0,0,0,1,0,0,C,35000,13.49,0,0.09,1,14
31967,50,58800,MORTGAGE,12,0,1,0,0,0,0,1,0,0,E,22000,17.74,1,0.37,1,13
32257,38,59475,MORTGAGE,10,0,1,0,0,0,0,1,0,0,D,18125,14.84,1,0.26,1,13
32429,58,49000,MORTGAGE,34,0,1,0,0,0,0,1,0,0,D,7500,13.55,1,0.15,1,24
32481,62,62050,MORTGAGE,29,0,1,0,0,0,0,1,0,0,C,25000,13.43,1,0.34,1,28
266,25,180000,OWN,9,1,0,0,0,0,0,1,0,0,C,20000,14.26,0,0.11,1,4
474,22,18000,OWN,1,1,0,0,0,0,0,1,0,0,D,5400,15.31,1,0.3,1,2
992,22,24000,OWN,1,1,0,0,0,0,0,1,0,0,C,6000,12.68,0,0.25,1,4
1134,21,24996,OWN,5,1,0,0,0,0,0,1,0,0,C,6500,11.34,0,0.26,1,4
1141,22,25000,OWN,1,1,0,0,0,0,0,1,0,0,C,2400,14.27,0,0.1,1,2
1144,23,25000,OWN,,1,0,0,0,0,0,1,0,0,C,4000,15.27,0,0.16,1,4
1260,24,25200,OWN,1,1,0,0,0,0,0,1,0,0,C,3200,15.23,0,0.13,1,2
2954,23,29000,OWN,,1,0,0,0,0,0,1,0,0,F,10000,18.62,1,0.34,1,3
3304,23,36000,OWN,1,1,0,0,0,0,0,1,0,0,C,14600,12.61,0,0.41,1,2
4533,22,41000,OWN,6,1,0,0,0,0,0,1,0,0,D,2500,14.96,0,0.06,1,4
5248,24,44700,OWN,8,1,0,0,0,0,0,1,0,0,D,14400,15.37,0,0.32,1,4
6700,22,50000,OWN,2,1,0,0,0,0,0,1,0,0,D,10400,,0,0.21,1,4
8078,23,55008,OWN,5,1,0,0,0,0,0,1,0,0,C,10500,13.16,0,0.19,1,4
8489,23,58000,OWN,4,1,0,0,0,0,0,1,0,0,C,6400,13.48,0,0.11,1,3
9056,22,60000,OWN,6,1,0,0,0,0,0,1,0,0,C,10000,,0,0.17,1,3
10075,26,65000,OWN,3,1,0,0,0,0,0,1,0,0,C,7000,13.92,0,0.11,1,3
10076,22,65000,OWN,6,1,0,0,0,0,0,1,0,0,C,3000,13.92,0,0.05,1,4
10090,24,59000,OWN,2,1,0,0,0,0,0,1,0,0,E,12000,17.74,1,0.2,1,2
10304,25,66252,OWN,10,1,0,0,0,0,0,1,0,0,C,5000,12.53,0,0.08,1,4
10675,22,69996,OWN,2,1,0,0,0,0,0,1,0,0,C,8000,12.84,0,0.11,1,4
12308,26,62900,OWN,4,1,0,0,0,0,0,1,0,0,E,24250,,1,0.33,1,2
12868,23,85000,OWN,3,1,0,0,0,0,0,1,0,0,D,15000,15.33,0,0.18,1,2
13040,24,36000,OWN,0,1,0,0,0,0,0,1,0,0,D,12000,,0,0.33,1,3
14216,23,102000,OWN,0,1,0,0,0,0,0,1,0,0,D,30000,16.77,0,0.29,1,2
15225,22,24000,OWN,4,1,0,0,0,0,0,1,0,0,C,4750,,0,0.2,1,4
15263,25,97750,OWN,9,1,0,0,0,0,0,1,0,0,E,20000,17.39,1,0.17,1,3
15268,26,127500,OWN,9,1,0,0,0,0,0,1,0,0,D,24250,15.31,0,0.19,1,4
15630,21,19000,OWN,0,1,0,0,0,0,0,1,0,0,D,7200,14.74,1,0.38,1,4
17435,23,75000,OWN,5,1,0,0,0,0,0,1,0,0,D,12500,15.33,0,0.17,1,3
17817,22,30000,OWN,,1,0,0,0,0,0,1,0,0,C,7000,13.98,0,0.23,1,2
17881,30,11440,OWN,3,1,0,0,0,0,0,1,0,0,C,1750,12.73,0,0.15,1,5
18366,31,20400,OWN,0,1,0,0,0,0,0,1,0,0,C,11000,11.03,0,0.54,1,10
19145,32,30000,OWN,4,1,0,0,0,0,0,1,0,0,D,3000,15.65,0,0.1,1,6
19259,27,31200,OWN,0,1,0,0,0,0,0,1,0,0,F,14000,18.09,1,0.45,1,6
19511,28,34000,OWN,5,1,0,0,0,0,0,1,0,0,C,7000,13.35,0,0.21,1,8
19821,28,36000,OWN,,1,0,0,0,0,0,1,0,0,C,15250,12.98,0,0.42,1,10
19827,27,36000,OWN,4,1,0,0,0,0,0,1,0,0,C,1050,14.72,0,0.03,1,5
20432,31,40000,OWN,0,1,0,0,0,0,0,1,0,0,D,15000,15.31,0,0.38,1,10
20992,29,45000,OWN,0,1,0,0,0,0,0,1,0,0,D,10000,17.58,0,0.22,1,6
22006,31,51320,OWN,1,1,0,0,0,0,0,1,0,0,C,5000,11.97,0,0.1,1,9
22998,29,54000,OWN,11,1,0,0,0,0,0,1,0,0,E,20000,18.79,1,0.37,1,5
23117,29,60000,OWN,13,1,0,0,0,0,0,1,0,0,C,9600,14.35,0,0.16,1,6
23224,27,60000,OWN,0,1,0,0,0,0,0,1,0,0,D,7500,15.37,0,0.13,1,5
23757,28,65000,OWN,1,1,0,0,0,0,0,1,0,0,C,2500,13.22,0,0.04,1,7
25505,28,36928,OWN,2,1,0,0,0,0,0,1,0,0,D,7800,15.58,0,0.21,1,9
25793,29,35000,OWN,11,1,0,0,0,0,0,1,0,0,C,4200,12.99,0,0.12,1,7
26188,31,98000,OWN,7,1,0,0,0,0,0,1,0,0,C,5000,15.96,0,0.05,1,7
26316,27,31000,OWN,4,1,0,0,0,0,0,1,0,0,C,12000,12.73,0,0.39,1,6
26368,28,100000,OWN,7,1,0,0,0,0,0,1,0,0,C,18000,13.92,0,0.18,1,9
27004,29,25000,OWN,5,1,0,0,0,0,0,1,0,0,C,10000,13.49,0,0.4,1,5
27185,31,24000,OWN,4,1,0,0,0,0,0,1,0,0,D,2500,,0,0.1,1,7
27498,28,144000,OWN,11,1,0,0,0,0,0,1,0,0,D,7000,15.99,0,0.05,1,10
27651,27,157500,OWN,6,1,0,0,0,0,0,1,0,0,C,25000,12.87,0,0.16,1,6
27828,30,250000,OWN,8,1,0,0,0,0,0,1,0,0,D,15000,15.99,0,0.06,1,8
27859,33,300000,OWN,8,1,0,0,0,0,0,1,0,0,D,25000,14.42,0,0.08,1,7
28180,28,51000,OWN,2,1,0,0,0,0,0,1,0,0,E,20400,17.74,1,0.4,1,6
28181,29,45000,OWN,0,1,0,0,0,0,0,1,0,0,D,10000,17.58,0,0.22,1,6
28408,32,56784,OWN,3,1,0,0,0,0,0,1,0,0,D,12000,14.96,0,0.21,1,5
28833,27,78200,OWN,4,1,0,0,0,0,0,1,0,0,E,35000,17.99,1,0.38,1,7
28930,30,42000,OWN,,1,0,0,0,0,0,1,0,0,C,4000,15.23,0,0.1,1,5
29942,36,42000,OWN,2,1,0,0,0,0,0,1,0,0,C,2000,15.62,0,0.05,1,13
29985,40,42996,OWN,15,1,0,0,0,0,0,1,0,0,D,15000,16,0,0.35,1,16
30255,43,50000,OWN,3,1,0,0,0,0,0,1,0,0,C,5000,13.35,0,0.1,1,12
30429,45,49000,OWN,5,1,0,0,0,0,0,1,0,0,E,24250,19.03,1,0.49,1,11
30690,45,61000,OWN,7,1,0,0,0,0,0,1,0,0,C,20000,13.22,0,0.33,1,17
30830,40,66000,OWN,25,1,0,0,0,0,0,1,0,0,C,6125,14.65,0,0.09,1,17
31309,36,36000,OWN,4,1,0,0,0,0,0,1,0,0,D,10000,16.29,0,0.28,1,17
31413,38,34296,OWN,1,1,0,0,0,0,0,1,0,0,C,12000,,0,0.35,1,12
31915,42,499800,OWN,4,1,0,0,0,0,0,1,0,0,F,24000,18.43,1,0.04,1,11
32014,41,95000,OWN,2,1,0,0,0,0,0,1,0,0,C,21600,13.92,0,0.23,1,12
5,24,54400,RENT,8,0,0,1,0,0,0,1,0,0,C,35000,14.27,1,0.55,1,4
118,22,42000,RENT,6,0,0,1,0,0,0,1,0,0,D,25000,14.59,1,0.6,1,2
210,24,192000,RENT,0,0,0,1,0,0,0,1,0,0,C,22000,,0,0.11,1,2
225,24,62050,RENT,8,0,0,1,0,0,0,1,0,0,D,25000,15.33,1,0.34,1,2
261,23,66215,RENT,1,0,0,1,0,0,0,1,0,0,D,25000,15.37,1,0.32,1,2
271,25,66300,RENT,3,0,0,1,0,0,0,1,0,0,E,25000,17.93,1,0.32,1,4
279,23,70550,RENT,3,0,0,1,0,0,0,1,0,0,F,25000,19.04,1,0.3,1,4
321,25,113000,RENT,7,0,0,1,0,0,0,1,0,0,C,25000,12.73,0,0.22,1,4
325,24,91800,RENT,5,0,0,1,0,0,0,1,0,0,D,25000,15.33,1,0.23,1,2
334,26,168750,RENT,10,0,0,1,0,0,0,1,0,0,C,24250,12.87,0,0.14,1,3
458,23,114750,RENT,2,0,0,1,0,0,0,1,0,0,G,24000,20.03,1,0.18,1,3
524,23,56000,RENT,8,0,0,1,0,0,0,1,0,0,G,21600,21.21,1,0.39,1,4
549,26,42000,RENT,0,0,0,1,0,0,0,1,0,0,F,21000,17.26,1,0.5,1,4
557,25,62047,RENT,9,0,0,1,0,0,0,1,0,0,E,21000,16.32,1,0.29,1,4
591,21,36000,RENT,5,0,0,1,0,0,0,1,0,0,D,20000,,1,0.56,1,2
714,23,55392,RENT,3,0,0,1,0,0,0,1,0,0,D,20000,15.2,1,0.31,1,4
753,23,78500,RENT,7,0,0,1,0,0,0,1,0,0,C,20000,13.85,0,0.25,1,4
826,22,74800,RENT,3,0,0,1,0,0,0,1,0,0,D,20000,14.96,1,0.23,1,4
827,23,74800,RENT,1,0,0,1,0,0,0,1,0,0,E,20000,17.04,1,0.23,1,2
896,22,15000,RENT,0,0,0,1,0,0,0,1,0,0,D,1000,14.3,1,0.07,1,3
969,25,40000,RENT,2,0,0,1,0,0,0,1,0,0,C,18000,13.11,1,0.45,1,3
979,22,46800,RENT,6,0,0,1,0,0,0,1,0,0,C,18000,15.23,1,0.38,1,2
1011,22,62000,RENT,0,0,0,1,0,0,0,1,0,0,C,18000,13.85,0,0.29,1,4
1026,25,54400,RENT,10,0,0,1,0,0,0,1,0,0,E,18000,16,1,0.28,1,2
1066,22,125000,RENT,3,0,0,1,0,0,0,1,0,0,C,18000,14.79,0,0.14,1,3
1074,23,62050,RENT,1,0,0,1,0,0,0,1,0,0,E,17800,16.35,1,0.24,1,3
1088,24,72250,RENT,5,0,0,1,0,0,0,1,0,0,E,17600,17.19,1,0.21,1,4
1133,25,52000,RENT,9,0,0,1,0,0,0,1,0,0,C,17000,12.98,1,0.33,1,2
1155,26,66300,RENT,0,0,0,1,0,0,0,1,0,0,D,17000,16.77,1,0.22,1,3
1169,22,60000,RENT,2,0,0,1,0,0,0,1,0,0,C,16800,14.65,0,0.28,1,4
1171,23,60000,RENT,0,0,0,1,0,0,0,1,0,0,C,16800,13.85,0,0.28,1,2
1172,26,54000,RENT,3,0,0,1,0,0,0,1,0,0,D,16800,12.67,1,0.31,1,3
1174,22,66000,RENT,6,0,0,1,0,0,0,1,0,0,C,16800,13.49,0,0.25,1,3
1182,23,36000,RENT,2,0,0,1,0,0,0,1,0,0,D,16750,15.28,1,0.47,1,4
1188,22,50496,RENT,6,0,0,1,0,0,0,1,0,0,C,16750,13.11,1,0.33,1,4
1193,26,70000,RENT,9,0,0,1,0,0,0,1,0,0,C,16525,13.92,0,0.24,1,2
1222,25,38000,RENT,8,0,0,1,0,0,0,1,0,0,C,16000,12.87,1,0.42,1,3
1255,25,39000,RENT,9,0,0,1,0,0,0,1,0,0,D,16000,14.11,1,0.41,1,2
1267,23,45000,RENT,7,0,0,1,0,0,0,1,0,0,E,16000,16.45,1,0.36,1,4
1337,26,25000,RENT,1,0,0,1,0,0,0,1,0,0,C,1000,14.65,0,0.04,1,3
1360,25,30035,RENT,9,0,0,1,0,0,0,1,0,0,C,1000,12.87,0,0.03,1,2
1372,25,34800,RENT,0,0,0,1,0,0,0,1,0,0,C,1000,13.98,0,0.03,1,3
1468,24,32400,RENT,0,0,0,1,0,0,0,1,0,0,C,1200,13.11,0,0.04,1,2
1487,22,44664,RENT,5,0,0,1,0,0,0,1,0,0,C,1200,12.68,0,0.03,1,3
1501,24,45000,RENT,5,0,0,1,0,0,0,1,0,0,C,1300,13.61,0,0.03,1,4
1522,24,30000,RENT,4,0,0,1,0,0,0,1,0,0,D,1400,15.62,1,0.05,1,4
1525,22,33000,RENT,1,0,0,1,0,0,0,1,0,0,C,1400,14.27,0,0.04,1,4
1546,24,27000,RENT,1,0,0,1,0,0,0,1,0,0,D,1500,16.29,1,0.06,1,4
1598,24,39000,RENT,8,0,0,1,0,0,0,1,0,0,D,1500,15.62,0,0.04,1,3
1623,22,42500,RENT,0,0,0,1,0,0,0,1,0,0,E,1500,17.19,1,0.04,1,4
1624,24,48720,RENT,2,0,0,1,0,0,0,1,0,0,C,1500,14.35,0,0.03,1,2
1633,24,54000,RENT,8,0,0,1,0,0,0,1,0,0,C,1500,14.17,0,0.03,1,2
1646,22,60000,RENT,6,0,0,1,0,0,0,1,0,0,C,1500,13.57,0,0.03,1,2
1719,26,45000,RENT,5,0,0,1,0,0,0,1,0,0,D,1800,14.11,0,0.04,1,2
1742,24,32000,RENT,5,0,0,1,0,0,0,1,0,0,C,1900,13.49,0,0.06,1,2
1747,24,31200,RENT,3,0,0,1,0,0,0,1,0,0,C,1950,13.11,0,0.06,1,4
1791,21,23040,RENT,3,0,0,1,0,0,0,1,0,0,C,2000,13.11,0,0.09,1,2
1817,25,26000,RENT,7,0,0,1,0,0,0,1,0,0,C,2000,12.99,0,0.08,1,4
1828,24,30000,RENT,5,0,0,1,0,0,0,1,0,0,G,2000,21.27,1,0.07,1,3
1831,22,70550,RENT,6,0,0,1,0,0,0,1,0,0,D,15000,16.77,1,0.18,1,2
1895,25,30000,RENT,4,0,0,1,0,0,0,1,0,0,C,2000,14.22,0,0.07,1,4
1920,26,57450,RENT,4,0,0,1,0,0,0,1,0,0,C,2000,13.35,0,0.03,1,2
1922,23,60000,RENT,,0,0,1,0,0,0,1,0,0,C,2000,13.06,0,0.03,1,3
1924,22,54000,RENT,7,0,0,1,0,0,0,1,0,0,F,2000,18.3,1,0.04,1,4
2074,24,16800,RENT,3,0,0,1,0,0,0,1,0,0,C,2400,13.98,1,0.14,1,4
2106,24,30000,RENT,2,0,0,1,0,0,0,1,0,0,C,2400,13.72,0,0.08,1,4
2155,24,54000,RENT,3,0,0,1,0,0,0,1,0,0,C,2400,13.49,1,0.04,1,4
2161,26,67000,RENT,4,0,0,1,0,0,0,1,0,0,C,2400,12.99,0,0.04,1,2
2246,26,28000,RENT,10,0,0,1,0,0,0,1,0,0,D,13000,16.29,1,0.46,1,3
2273,21,40800,RENT,3,0,0,1,0,0,0,1,0,0,C,13000,13.57,1,0.32,1,2
2313,24,25000,RENT,5,0,0,1,0,0,0,1,0,0,C,2500,13.48,0,0.1,1,4
2353,25,32000,RENT,1,0,0,1,0,0,0,1,0,0,E,2500,16.45,1,0.08,1,2
2378,22,45000,RENT,5,0,0,1,0,0,0,1,0,0,C,2500,14.35,0,0.06,1,2
2381,26,47004,RENT,9,0,0,1,0,0,0,1,0,0,D,2500,15.65,0,0.05,1,3
2384,22,49500,RENT,7,0,0,1,0,0,0,1,0,0,C,2500,14.27,0,0.05,1,2
2412,22,54400,RENT,6,0,0,1,0,0,0,1,0,0,D,2500,16.49,1,0.04,1,3
2423,26,200004,RENT,7,0,0,1,0,0,0,1,0,0,C,2500,13.61,0,0.01,1,2
2451,22,19200,RENT,3,0,0,1,0,0,0,1,0,0,C,2850,15.27,0,0.15,1,4
2458,25,36800,RENT,1,0,0,1,0,0,0,1,0,0,C,2875,11.28,0,0.08,1,4
2479,21,14400,RENT,2,0,0,1,0,0,0,1,0,0,C,3000,13.43,1,0.21,1,3
2504,22,18000,RENT,0,0,0,1,0,0,0,1,0,0,C,3000,13.99,1,0.17,1,4
2547,23,30000,RENT,3,0,0,1,0,0,0,1,0,0,D,3000,15.2,1,0.1,1,2
2563,26,31131,RENT,0,0,0,1,0,0,0,1,0,0,D,3000,13.36,1,0.1,1,4
2572,24,32000,RENT,4,0,0,1,0,0,0,1,0,0,C,3000,12.29,0,0.09,1,2
2643,24,39000,RENT,0,0,0,1,0,0,0,1,0,0,D,3000,14.61,1,0.08,1,4
2684,22,45996,RENT,0,0,0,1,0,0,0,1,0,0,D,3000,15.62,1,0.07,1,2
2718,25,44004,RENT,3,0,0,1,0,0,0,1,0,0,D,12000,15.31,1,0.27,1,3
2746,24,53000,RENT,7,0,0,1,0,0,0,1,0,0,C,12000,12.53,0,0.23,1,4
2807,25,53000,RENT,6,0,0,1,0,0,0,1,0,0,C,3000,13.99,0,0.06,1,2
2866,22,58992,RENT,0,0,0,1,0,0,0,1,0,0,C,3000,12.84,1,0.05,1,3
2876,25,60000,RENT,3,0,0,1,0,0,0,1,0,0,C,3000,13.47,1,0.05,1,3
2916,25,67147,RENT,9,0,0,1,0,0,0,1,0,0,D,3000,16.02,1,0.04,1,4
3017,25,42000,RENT,3,0,0,1,0,0,0,1,0,0,D,3200,15.7,1,0.08,1,2
3018,23,49200,RENT,4,0,0,1,0,0,0,1,0,0,C,3200,13.48,0,0.07,1,3
3060,22,20400,RENT,5,0,0,1,0,0,0,1,0,0,C,3250,14.26,1,0.16,1,2
3116,21,18456,RENT,2,0,0,1,0,0,0,1,0,0,C,3500,13.35,1,0.19,1,2
3395,26,46000,RENT,3,0,0,1,0,0,0,1,0,0,D,11000,16.29,1,0.24,1,3
3428,26,125000,RENT,1,0,0,1,0,0,0,1,0,0,C,11000,12.98,0,0.09,1,4
3468,25,62165,RENT,2,0,0,1,0,0,0,1,0,0,D,10800,15.65,1,0.15,1,4
3503,25,57700,RENT,2,0,0,1,0,0,0,1,0,0,D,10600,14.91,1,0.18,1,4
3629,22,27804,RENT,2,0,0,1,0,0,0,1,0,0,C,3750,13.85,0,0.13,1,4
3639,22,34000,RENT,4,0,0,1,0,0,0,1,0,0,D,3800,18.25,1,0.11,1,4
3645,23,108000,RENT,1,0,0,1,0,0,0,1,0,0,C,3800,14.26,0,0.04,1,4
3704,24,19200,RENT,1,0,0,1,0,0,0,1,0,0,C,4000,14.35,1,0.21,1,4
3728,21,24000,RENT,2,0,0,1,0,0,0,1,0,0,D,4000,14.84,1,0.17,1,2
3761,21,27000,RENT,5,0,0,1,0,0,0,1,0,0,D,4000,15.58,1,0.15,1,2
3817,24,31609,RENT,4,0,0,1,0,0,0,1,0,0,C,4000,13.92,0,0.13,1,4
3827,24,32500,RENT,5,0,0,1,0,0,0,1,0,0,D,4000,16.29,0,0.12,1,3
3864,26,30000,RENT,3,0,0,1,0,0,0,1,0,0,C,4000,14.27,1,0.13,1,2
3876,21,37200,RENT,5,0,0,1,0,0,0,1,0,0,C,4000,13.49,0,0.11,1,4
3889,24,39000,RENT,3,0,0,1,0,0,0,1,0,0,D,4000,14.61,0,0.1,1,4
3912,24,35200,RENT,1,0,0,1,0,0,0,1,0,0,D,4000,16,1,0.11,1,3
4072,22,78972,RENT,5,0,0,1,0,0,0,1,0,0,C,4000,,0,0.05,1,2
4187,23,23421,RENT,3,0,0,1,0,0,0,1,0,0,E,4500,17.99,1,0.19,1,3
4208,24,35000,RENT,1,0,0,1,0,0,0,1,0,0,C,4500,12.87,0,0.13,1,3
4268,23,59000,RENT,3,0,0,1,0,0,0,1,0,0,C,4500,12.68,0,0.08,1,3
4295,24,30000,RENT,0,0,0,1,0,0,0,1,0,0,C,4600,,0,0.15,1,2
4321,25,40000,RENT,0,0,0,1,0,0,0,1,0,0,C,4700,12.09,0,0.12,1,3
4354,21,15996,RENT,3,0,0,1,0,0,0,1,0,0,D,4800,15.37,1,0.3,1,3
4384,22,29000,RENT,6,0,0,1,0,0,0,1,0,0,C,4800,12.99,0,0.17,1,4
4409,24,33000,RENT,4,0,0,1,0,0,0,1,0,0,D,4800,14.91,1,0.15,1,4
4435,24,40800,RENT,5,0,0,1,0,0,0,1,0,0,C,4800,13.85,0,0.12,1,3
4495,25,49000,RENT,3,0,0,1,0,0,0,1,0,0,D,4800,14.96,1,0.1,1,2
4680,23,66300,RENT,7,0,0,1,0,0,0,1,0,0,D,9800,15.7,1,0.13,1,2
4716,22,27996,RENT,4,0,0,1,0,0,0,1,0,0,C,5000,,0,0.18,1,3
4820,26,29000,RENT,6,0,0,1,0,0,0,1,0,0,C,5000,12.99,1,0.17,1,2
4834,23,29000,RENT,1,0,0,1,0,0,0,1,0,0,F,5000,,1,0.17,1,3
4836,23,35004,RENT,4,0,0,1,0,0,0,1,0,0,C,5000,14.72,0,0.14,1,3
4937,26,40000,RENT,1,0,0,1,0,0,0,1,0,0,C,5000,14.26,0,0.13,1,2
4946,22,34800,RENT,0,0,0,1,0,0,0,1,0,0,D,5000,15.21,1,0.14,1,2
4997,23,43200,RENT,7,0,0,1,0,0,0,1,0,0,C,5000,12.87,0,0.12,1,3
5019,22,39000,RENT,2,0,0,1,0,0,0,1,0,0,C,5000,12.23,1,0.13,1,3
5025,24,45000,RENT,0,0,0,1,0,0,0,1,0,0,C,5000,13.79,0,0.11,1,2
5029,23,39600,RENT,4,0,0,1,0,0,0,1,0,0,D,5000,14.84,1,0.13,1,2
5089,24,48996,RENT,5,0,0,1,0,0,0,1,0,0,C,5000,13.79,0,0.1,1,4
5212,25,100000,RENT,7,0,0,1,0,0,0,1,0,0,C,9000,11.34,0,0.09,1,4
5226,26,33000,RENT,4,0,0,1,0,0,0,1,0,0,D,8975,16.02,0,0.27,1,3
5266,23,44000,RENT,1,0,0,1,0,0,0,1,0,0,C,5000,13.99,1,0.11,1,2
5267,23,44000,RENT,3,0,0,1,0,0,0,1,0,0,D,5000,14.91,1,0.11,1,2
5309,25,25000,RENT,0,0,0,1,0,0,0,1,0,0,C,8500,12.53,1,0.34,1,2
5313,21,25200,RENT,3,0,0,1,0,0,0,1,0,0,C,8500,13.61,1,0.34,1,2
5324,26,28700,RENT,6,0,0,1,0,0,0,1,0,0,D,8500,13.55,1,0.3,1,3
5476,24,60000,RENT,2,0,0,1,0,0,0,1,0,0,C,5000,13.99,0,0.08,1,2
5521,25,59000,RENT,0,0,0,1,0,0,0,1,0,0,D,5000,15.62,1,0.08,1,3
5529,23,65000,RENT,3,0,0,1,0,0,0,1,0,0,C,5000,13.98,0,0.08,1,2
5639,23,90000,RENT,7,0,0,1,0,0,0,1,0,0,C,5000,15.96,0,0.06,1,3
5702,24,117300,RENT,4,0,0,1,0,0,0,1,0,0,C,5000,13.23,1,0.04,1,3
5711,23,30000,RENT,1,0,0,1,0,0,0,1,0,0,C,5200,15.96,0,0.17,1,3
5734,24,30000,RENT,3,0,0,1,0,0,0,1,0,0,D,5300,15.28,1,0.18,1,3
5744,24,26000,RENT,1,0,0,1,0,0,0,1,0,0,C,5375,13.47,0,0.21,1,4
5745,24,18000,RENT,3,0,0,1,0,0,0,1,0,0,D,5400,15.99,1,0.3,1,3
5749,23,21600,RENT,0,0,0,1,0,0,0,1,0,0,C,5400,,0,0.25,1,4
5954,22,33000,RENT,0,0,0,1,0,0,0,1,0,0,C,5600,13.23,1,0.17,1,4
5957,25,40000,RENT,9,0,0,1,0,0,0,1,0,0,D,5600,14.61,0,0.14,1,4
5973,23,50000,RENT,0,0,0,1,0,0,0,1,0,0,C,5600,11.03,0,0.11,1,4
6076,26,26000,RENT,5,0,0,1,0,0,0,1,0,0,C,5825,14.27,0,0.22,1,4
6086,26,49680,RENT,1,0,0,1,0,0,0,1,0,0,C,5875,12.99,0,0.12,1,3
6116,22,18996,RENT,4,0,0,1,0,0,0,1,0,0,D,6000,14.74,1,0.32,1,3
6162,24,24000,RENT,,0,0,1,0,0,0,1,0,0,C,6000,12.99,0,0.25,1,4
6199,24,26500,RENT,0,0,0,1,0,0,0,1,0,0,C,6000,13.79,0,0.23,1,3
6290,23,32124,RENT,,0,0,1,0,0,0,1,0,0,D,6000,16.77,1,0.19,1,3
6489,23,44000,RENT,2,0,0,1,0,0,0,1,0,0,C,6000,14.22,0,0.14,1,4
6511,23,39000,RENT,7,0,0,1,0,0,0,1,0,0,D,6000,14.09,1,0.15,1,3
6559,25,48000,RENT,2,0,0,1,0,0,0,1,0,0,C,6000,12.99,0,0.13,1,3
6578,24,48000,RENT,8,0,0,1,0,0,0,1,0,0,C,6000,12.22,0,0.13,1,4
6598,25,50000,RENT,1,0,0,1,0,0,0,1,0,0,C,6000,14.79,0,0.12,1,3
6683,26,49200,RENT,7,0,0,1,0,0,0,1,0,0,D,6000,16.49,1,0.12,1,2
6806,24,58668,RENT,8,0,0,1,0,0,0,1,0,0,D,6000,15.05,1,0.1,1,4
6939,24,89772,RENT,8,0,0,1,0,0,0,1,0,0,C,6000,13.92,0,0.07,1,3
6992,24,35713,RENT,1,0,0,1,0,0,0,1,0,0,C,6150,11.03,0,0.17,1,3
7053,22,27000,RENT,3,0,0,1,0,0,0,1,0,0,D,6250,15.99,1,0.23,1,4
7091,22,54000,RENT,6,0,0,1,0,0,0,1,0,0,D,7000,14.96,1,0.13,1,4
7152,25,69500,RENT,7,0,0,1,0,0,0,1,0,0,C,7000,10.78,0,0.1,1,3
7153,22,54400,RENT,2,0,0,1,0,0,0,1,0,0,E,7000,,1,0.11,1,2
7155,25,70000,RENT,2,0,0,1,0,0,0,1,0,0,C,7000,13.79,0,0.1,1,3
7191,26,83000,RENT,6,0,0,1,0,0,0,1,0,0,C,7000,13.49,0,0.08,1,3
7205,24,27311,RENT,1,0,0,1,0,0,0,1,0,0,C,6250,12.87,0,0.23,1,4
7250,24,25000,RENT,0,0,0,1,0,0,0,1,0,0,D,6950,14.42,1,0.28,1,3
7263,24,58650,RENT,6,0,0,1,0,0,0,1,0,0,D,6300,14.91,1,0.09,1,2
7289,26,25000,RENT,4,0,0,1,0,0,0,1,0,0,D,6500,14.09,1,0.26,1,2
7303,26,32000,RENT,2,0,0,1,0,0,0,1,0,0,C,6500,14.22,0,0.2,1,2
7309,25,35000,RENT,,0,0,1,0,0,0,1,0,0,C,6500,12.68,0,0.19,1,2
7329,25,42000,RENT,2,0,0,1,0,0,0,1,0,0,C,6500,13.49,0,0.15,1,3
7453,23,85000,RENT,5,0,0,1,0,0,0,1,0,0,C,6700,15.23,0,0.08,1,2
7673,22,25000,RENT,0,0,0,1,0,0,0,1,0,0,C,7000,12.87,0,0.28,1,2
7731,24,32400,RENT,1,0,0,1,0,0,0,1,0,0,C,7000,13.98,0,0.22,1,2
7749,20,34800,RENT,3,0,0,1,0,0,0,1,0,0,C,7000,13.61,0,0.2,1,2
7765,21,29000,RENT,5,0,0,1,0,0,0,1,0,0,D,7000,12.61,1,0.24,1,2
7818,24,40040,RENT,0,0,0,1,0,0,0,1,0,0,C,7000,13.23,0,0.17,1,3
7828,22,35000,RENT,2,0,0,1,0,0,0,1,0,0,F,7000,18.09,1,0.2,1,2
7844,26,36000,RENT,,0,0,1,0,0,0,1,0,0,C,7000,13.98,1,0.19,1,2
7917,21,50000,RENT,4,0,0,1,0,0,0,1,0,0,C,7000,15.27,0,0.14,1,4
8045,24,43200,RENT,8,0,0,1,0,0,0,1,0,0,C,7200,13.49,0,0.17,1,4
8062,24,49920,RENT,0,0,0,1,0,0,0,1,0,0,C,7200,13.06,0,0.14,1,3
8083,23,50000,RENT,7,0,0,1,0,0,0,1,0,0,D,7200,17.58,1,0.14,1,2
8172,25,32500,RENT,5,0,0,1,0,0,0,1,0,0,C,7350,13.43,0,0.23,1,3
8221,26,32000,RENT,1,0,0,1,0,0,0,1,0,0,C,7500,13.79,0,0.23,1,3
8235,21,29004,RENT,0,0,0,1,0,0,0,1,0,0,D,7500,,1,0.26,1,2
8266,22,34000,RENT,2,0,0,1,0,0,0,1,0,0,C,7500,12.53,1,0.22,1,4
8286,25,39000,RENT,9,0,0,1,0,0,0,1,0,0,D,7500,15.62,1,0.19,1,2
8364,25,60000,RENT,6,0,0,1,0,0,0,1,0,0,C,7500,14.27,0,0.13,1,2
8490,21,26000,RENT,2,0,0,1,0,0,0,1,0,0,E,7750,16.7,1,0.3,1,2
8499,23,29000,RENT,6,0,0,1,0,0,0,1,0,0,D,7750,14.59,1,0.27,1,3
8570,24,20000,RENT,0,0,0,1,0,0,0,1,0,0,C,8000,12.41,1,0.4,1,4
8632,24,28590,RENT,7,0,0,1,0,0,0,1,0,0,D,8000,15.65,0,0.28,1,2
8639,22,28800,RENT,0,0,0,1,0,0,0,1,0,0,C,8000,13.72,0,0.28,1,2
8649,24,30000,RENT,3,0,0,1,0,0,0,1,0,0,E,8000,,0,0.27,1,2
8650,23,30000,RENT,0,0,0,1,0,0,0,1,0,0,C,8000,13.49,0,0.27,1,2
8663,24,30000,RENT,7,0,0,1,0,0,0,1,0,0,C,8000,13.61,0,0.27,1,3
8862,26,43000,RENT,1,0,0,1,0,0,0,1,0,0,C,8000,12.87,0,0.19,1,3
8882,24,45000,RENT,8,0,0,1,0,0,0,1,0,0,C,8000,12.73,0,0.18,1,4
8994,24,52800,RENT,1,0,0,1,0,0,0,1,0,0,C,8000,12.87,0,0.15,1,3
8998,23,53000,RENT,6,0,0,1,0,0,0,1,0,0,C,8000,14.26,0,0.15,1,4
9060,23,58600,RENT,3,0,0,1,0,0,0,1,0,0,C,8000,,0,0.14,1,3
9072,22,60000,RENT,6,0,0,1,0,0,0,1,0,0,C,8000,14.72,0,0.13,1,2
9089,23,60228,RENT,7,0,0,1,0,0,0,1,0,0,C,8000,12.98,0,0.13,1,2
9265,22,24996,RENT,3,0,0,1,0,0,0,1,0,0,D,5000,,1,0.2,1,3
9298,23,27000,RENT,2,0,0,1,0,0,0,1,0,0,E,5000,16.77,1,0.19,1,2
9334,24,56400,RENT,4,0,0,1,0,0,0,1,0,0,D,8000,14.96,1,0.14,1,2
9436,22,78000,RENT,3,0,0,1,0,0,0,1,0,0,C,8000,13.79,0,0.1,1,4
9450,26,80000,RENT,0,0,0,1,0,0,0,1,0,0,C,8000,12.73,0,0.1,1,3
9520,26,81600,RENT,10,0,0,1,0,0,0,1,0,0,D,8000,16.29,1,0.08,1,3
9647,26,44000,RENT,0,0,0,1,0,0,0,1,0,0,E,8400,14.5,1,0.19,1,3
9650,26,51996,RENT,8,0,0,1,0,0,0,1,0,0,C,8400,13.99,0,0.16,1,2
9653,23,46500,RENT,0,0,0,1,0,0,0,1,0,0,D,8400,16.89,1,0.18,1,3
9669,25,60000,RENT,9,0,0,1,0,0,0,1,0,0,C,8400,13.99,0,0.14,1,3
9679,22,62000,RENT,0,0,0,1,0,0,0,1,0,0,C,8400,13.47,0,0.14,1,2
9786,21,30000,RENT,5,0,0,1,0,0,0,1,0,0,C,9000,12.99,0,0.3,1,2
9792,23,30000,RENT,2,0,0,1,0,0,0,1,0,0,D,9000,14.61,1,0.3,1,4
9856,23,34000,RENT,5,0,0,1,0,0,0,1,0,0,E,9000,17.06,1,0.26,1,4
10034,22,32400,RENT,6,0,0,1,0,0,0,1,0,0,D,9250,14.46,1,0.29,1,4
10049,23,70522,RENT,7,0,0,1,0,0,0,1,0,0,C,9325,10.91,0,0.13,1,3
10065,22,45000,RENT,6,0,0,1,0,0,0,1,0,0,C,9425,13.49,0,0.21,1,2
10160,24,30000,RENT,0,0,0,1,0,0,0,1,0,0,D,9600,14.91,1,0.32,1,4
10174,22,40000,RENT,0,0,0,1,0,0,0,1,0,0,C,9600,14.72,0,0.24,1,2
10207,25,51000,RENT,0,0,0,1,0,0,0,1,0,0,C,9600,,0,0.19,1,2
10271,24,73000,RENT,5,0,0,1,0,0,0,1,0,0,C,9600,13.92,0,0.13,1,3
10346,23,21000,RENT,3,0,0,1,0,0,0,1,0,0,C,10000,13.16,1,0.48,1,4
10351,26,22000,RENT,9,0,0,1,0,0,0,1,0,0,D,10000,14.59,1,0.45,1,2
10529,23,32004,RENT,3,0,0,1,0,0,0,1,0,0,C,10000,13.79,1,0.31,1,3
10559,25,33600,RENT,2,0,0,1,0,0,0,1,0,0,C,10000,11.03,0,0.3,1,4
10663,24,37200,RENT,4,0,0,1,0,0,0,1,0,0,D,10000,12.92,0,0.27,1,4
10665,25,37500,RENT,1,0,0,1,0,0,0,1,0,0,C,10000,15.96,0,0.27,1,4
10755,22,34000,RENT,0,0,0,1,0,0,0,1,0,0,D,10000,15.28,1,0.29,1,3
10850,25,44000,RENT,9,0,0,1,0,0,0,1,0,0,C,10000,12.68,0,0.23,1,4
10909,25,45000,RENT,3,0,0,1,0,0,0,1,0,0,C,10000,12.87,0,0.22,1,3
10918,26,45000,RENT,4,0,0,1,0,0,0,1,0,0,D,10000,14.11,0,0.22,1,2
10933,23,45600,RENT,5,0,0,1,0,0,0,1,0,0,C,4250,,0,0.09,1,2
10955,23,46585,RENT,3,0,0,1,0,0,0,1,0,0,C,10000,13.57,0,0.21,1,4
10960,25,30000,RENT,0,0,0,1,0,0,0,1,0,0,C,4200,12.23,0,0.14,1,4
10971,21,29000,RENT,2,0,0,1,0,0,0,1,0,0,D,4200,15.62,1,0.14,1,3
11101,22,42000,RENT,6,0,0,1,0,0,0,1,0,0,E,10000,16.32,1,0.24,1,4
11117,24,43500,RENT,6,0,0,1,0,0,0,1,0,0,D,10000,13.62,1,0.23,1,3
11157,25,44000,RENT,2,0,0,1,0,0,0,1,0,0,D,10000,15.65,1,0.23,1,4
11252,24,47292,RENT,4,0,0,1,0,0,0,1,0,0,D,10000,16.32,1,0.21,1,3
11260,21,47520,RENT,5,0,0,1,0,0,0,1,0,0,D,10000,15.33,1,0.21,1,4
11273,25,48996,RENT,9,0,0,1,0,0,0,1,0,0,D,10000,14.54,1,0.2,1,2
11316,26,55500,RENT,3,0,0,1,0,0,0,1,0,0,C,10000,,0,0.18,1,4
11412,24,60000,RENT,1,0,0,1,0,0,0,1,0,0,C,10000,12.73,0,0.17,1,2
11433,22,54000,RENT,2,0,0,1,0,0,0,1,0,0,D,10000,13.36,1,0.19,1,3
11465,25,45000,RENT,0,0,0,1,0,0,0,1,0,0,C,4000,13.8,0,0.09,1,4
11649,23,72000,RENT,4,0,0,1,0,0,0,1,0,0,C,10000,13.85,0,0.14,1,3
11917,21,29000,RENT,6,0,0,1,0,0,0,1,0,0,C,11000,13.49,1,0.38,1,2
11929,23,33600,RENT,7,0,0,1,0,0,0,1,0,0,D,11000,15.65,1,0.33,1,3
11981,24,45000,RENT,0,0,0,1,0,0,0,1,0,0,C,11200,12.04,0,0.25,1,3
12132,24,41000,RENT,4,0,0,1,0,0,0,1,0,0,C,11525,12.99,0,0.28,1,3
12161,22,42500,RENT,7,0,0,1,0,0,0,1,0,0,D,11850,14.11,1,0.28,1,2
12190,24,29000,RENT,0,0,0,1,0,0,0,1,0,0,D,12000,15.05,1,0.41,1,2
12317,21,32000,RENT,6,0,0,1,0,0,0,1,0,0,D,12000,,1,0.38,1,2
12337,25,32004,RENT,3,0,0,1,0,0,0,1,0,0,D,12000,14.96,1,0.37,1,3
12438,25,44004,RENT,9,0,0,1,0,0,0,1,0,0,E,12000,16.45,0,0.27,1,4
12498,25,47000,RENT,2,0,0,1,0,0,0,1,0,0,C,12000,15.96,0,0.26,1,2
12513,25,48000,RENT,0,0,0,1,0,0,0,1,0,0,C,12000,13.49,0,0.25,1,2
12515,22,42000,RENT,2,0,0,1,0,0,0,1,0,0,D,12000,15.65,1,0.29,1,3
12615,26,25200,RENT,1,0,0,1,0,0,0,1,0,0,C,3000,14.35,0,0.12,1,3
12702,24,59000,RENT,5,0,0,1,0,0,0,1,0,0,D,12000,15.28,1,0.2,1,2
12760,22,55082,RENT,6,0,0,1,0,0,0,1,0,0,F,12000,,1,0.19,1,3
12768,22,72000,RENT,6,0,0,1,0,0,0,1,0,0,C,12000,12.99,0,0.17,1,3
12935,24,62900,RENT,8,0,0,1,0,0,0,1,0,0,D,12000,15.62,1,0.16,1,2
13259,22,44000,RENT,0,0,0,1,0,0,0,1,0,0,D,12250,15.99,1,0.28,1,2
13293,24,32000,RENT,0,0,0,1,0,0,0,1,0,0,C,12500,12.87,1,0.39,1,3
13334,26,50000,RENT,1,0,0,1,0,0,0,1,0,0,C,2800,13.61,0,0.06,1,3
13351,23,16800,RENT,2,0,0,1,0,0,0,1,0,0,D,2750,16.77,1,0.16,1,2
13641,24,45996,RENT,1,0,0,1,0,0,0,1,0,0,C,13000,13.47,1,0.28,1,2
13715,23,76000,RENT,3,0,0,1,0,0,0,1,0,0,C,13000,,0,0.17,1,2
13738,26,69700,RENT,4,0,0,1,0,0,0,1,0,0,D,13000,14.42,1,0.16,1,2
13861,24,40000,RENT,4,0,0,1,0,0,0,1,0,0,D,14000,15.58,1,0.35,1,3
13956,25,58000,RENT,5,0,0,1,0,0,0,1,0,0,C,14000,12.61,0,0.24,1,3
14198,24,34320,RENT,5,0,0,1,0,0,0,1,0,0,E,14400,16.82,1,0.42,1,3
14436,21,31680,RENT,5,0,0,1,0,0,0,1,0,0,C,15000,12.61,1,0.47,1,4
14458,23,33204,RENT,7,0,0,1,0,0,0,1,0,0,C,2000,14.72,0,0.06,1,3
14597,25,45500,RENT,3,0,0,1,0,0,0,1,0,0,C,2000,13.49,0,0.04,1,3
14605,24,45996,RENT,3,0,0,1,0,0,0,1,0,0,C,2000,12.98,0,0.04,1,2
14698,26,39996,RENT,10,0,0,1,0,0,0,1,0,0,C,15000,13.06,1,0.38,1,3
14754,25,36000,RENT,1,0,0,1,0,0,0,1,0,0,D,15000,15.05,1,0.42,1,2
15073,23,60000,RENT,1,0,0,1,0,0,0,1,0,0,C,1600,13.99,0,0.03,1,4
15076,24,62000,RENT,1,0,0,1,0,0,0,1,0,0,C,1600,13.85,0,0.03,1,4
15093,26,26989,RENT,2,0,0,1,0,0,0,1,0,0,C,1525,15.23,0,0.06,1,3
15147,22,18996,RENT,1,0,0,1,0,0,0,1,0,0,D,1500,,1,0.08,1,3
15180,26,25200,RENT,2,0,0,1,0,0,0,1,0,0,C,1500,13.49,0,0.06,1,2
15295,22,60000,RENT,6,0,0,1,0,0,0,1,0,0,C,15000,13.35,0,0.25,1,3
15499,24,73500,RENT,7,0,0,1,0,0,0,1,0,0,C,15000,13.16,0,0.2,1,3
15516,23,58650,RENT,7,0,0,1,0,0,0,1,0,0,C,15000,13.43,1,0.22,1,4
15666,24,68000,RENT,5,0,0,1,0,0,0,1,0,0,D,15000,15.58,1,0.19,1,4
15711,24,36000,RENT,6,0,0,1,0,0,0,1,0,0,E,15250,15.95,1,0.42,1,2
15726,26,91800,RENT,7,0,0,1,0,0,0,1,0,0,C,15450,10.91,1,0.14,1,3
15733,24,41000,RENT,4,0,0,1,0,0,0,1,0,0,C,15600,12.87,1,0.38,1,3
15754,24,50000,RENT,8,0,0,1,0,0,0,1,0,0,E,15850,16.35,1,0.32,1,3
15812,26,71400,RENT,10,0,0,1,0,0,0,1,0,0,D,16000,,1,0.19,1,4
15945,21,8088,RENT,,0,0,1,0,0,0,1,0,0,C,1200,15.23,0,0.15,1,2
15962,22,4800,RENT,0,0,0,1,0,0,0,1,0,0,C,1200,14.26,1,0.25,1,2
16032,22,75000,RENT,2,0,0,1,0,0,0,1,0,0,C,20000,,0,0.27,1,2
16088,25,26000,RENT,4,0,0,1,0,0,0,1,0,0,C,8000,12.87,1,0.31,1,3
16099,23,92004,RENT,6,0,0,1,0,0,0,1,0,0,C,30000,15.23,1,0.33,1,2
16289,24,39000,RENT,8,0,0,1,0,0,0,1,0,0,D,1500,15.62,0,0.04,1,3
16301,25,32000,RENT,9,0,0,1,0,0,0,1,0,0,E,15000,16.45,1,0.47,1,2
16305,23,20124,RENT,,0,0,1,0,0,0,1,0,0,C,5950,13.49,0,0.3,1,3
16356,25,48000,RENT,3,0,0,1,0,0,0,1,0,0,C,9000,13.79,0,0.19,1,2
16480,25,21500,RENT,2,0,0,1,0,0,0,1,0,0,C,7500,11.34,1,0.35,1,3
16490,26,40000,RENT,0,0,0,1,0,0,0,1,0,0,C,1800,13.23,0,0.04,1,2
16543,26,36996,RENT,8,0,0,1,0,0,0,1,0,0,C,9600,11.97,0,0.26,1,2
16592,22,23000,RENT,6,0,0,1,0,0,0,1,0,0,C,4850,14.27,0,0.21,1,3
16609,21,68000,RENT,3,0,0,1,0,0,0,1,0,0,C,3000,11.78,0,0.04,1,4
16669,22,54000,RENT,2,0,0,1,0,0,0,1,0,0,D,7000,14.96,1,0.13,1,2
16749,23,74800,RENT,1,0,0,1,0,0,0,1,0,0,E,20000,17.04,1,0.23,1,3
16791,21,20000,RENT,2,0,0,1,0,0,0,1,0,0,C,2500,13.79,0,0.13,1,4
16836,21,8088,RENT,,0,0,1,0,0,0,1,0,0,C,1200,15.23,0,0.15,1,2
16852,23,70550,RENT,0,0,0,1,0,0,0,1,0,0,E,14000,17.51,1,0.17,1,2
16878,23,36000,RENT,4,0,0,1,0,0,0,1,0,0,D,6500,17.49,1,0.18,1,4
16890,23,42996,RENT,2,0,0,1,0,0,0,1,0,0,C,6000,12.84,0,0.14,1,3
16910,23,64000,RENT,0,0,0,1,0,0,0,1,0,0,C,12000,13.16,0,0.19,1,4
17018,25,20000,RENT,0,0,0,1,0,0,0,1,0,0,C,3500,10.28,0,0.17,1,3
17061,24,62000,RENT,1,0,0,1,0,0,0,1,0,0,C,1600,13.85,0,0.03,1,4
17107,26,42000,RENT,2,0,0,1,0,0,0,1,0,0,C,5000,11.91,0,0.12,1,2
17154,26,37680,RENT,5,0,0,1,0,0,0,1,0,0,D,2000,14.96,1,0.05,1,2
17205,23,52692,RENT,4,0,0,1,0,0,0,1,0,0,C,3500,12.23,0,0.07,1,4
17306,22,34000,RENT,4,0,0,1,0,0,0,1,0,0,D,3800,18.25,1,0.11,1,3
17357,22,33000,RENT,1,0,0,1,0,0,0,1,0,0,C,1400,14.27,0,0.04,1,3
17395,23,33500,RENT,2,0,0,1,0,0,0,1,0,0,E,2500,15.68,1,0.07,1,4
17426,26,30000,RENT,4,0,0,1,0,0,0,1,0,0,C,5000,,0,0.17,1,4
17452,25,56204,RENT,3,0,0,1,0,0,0,1,0,0,D,12000,14.11,1,0.21,1,2
17515,24,70550,RENT,8,0,0,1,0,0,0,1,0,0,D,9000,15.05,1,0.11,1,2
17549,21,30000,RENT,2,0,0,1,0,0,0,1,0,0,D,5000,14.96,1,0.17,1,4
17559,25,29000,RENT,2,0,0,1,0,0,0,1,0,0,C,2500,12.84,1,0.09,1,4
17584,22,10800,RENT,,0,0,1,0,0,0,1,0,0,C,3600,12.23,1,0.33,1,3
17618,24,56100,RENT,4,0,0,1,0,0,0,1,0,0,D,20000,14.74,1,0.3,1,4
17625,23,32000,RENT,0,0,0,1,0,0,0,1,0,0,C,8500,13.16,0,0.27,1,4
17687,26,62500,RENT,7,0,0,1,0,0,0,1,0,0,C,12000,12.23,0,0.19,1,4
17765,24,28000,RENT,3,0,0,1,0,0,0,1,0,0,E,6400,14.75,0,0.23,1,4
17831,26,54000,RENT,0,0,0,1,0,0,0,1,0,0,D,13200,14.91,1,0.24,1,2
17874,34,287300,RENT,1,0,0,1,0,0,0,1,0,0,C,15000,12.41,1,0.04,1,8
17970,28,49861,RENT,2,0,0,1,0,0,0,1,0,0,C,25000,13.11,1,0.5,1,7
17990,29,162350,RENT,12,0,0,1,0,0,0,1,0,0,G,25000,21.64,1,0.13,1,9
18131,30,75480,RENT,1,0,0,1,0,0,0,1,0,0,C,25000,15.27,1,0.28,1,9
18324,27,52275,RENT,7,0,0,1,0,0,0,1,0,0,D,20050,17.58,1,0.33,1,10
18392,28,56100,RENT,9,0,0,1,0,0,0,1,0,0,D,20000,14.59,1,0.3,1,5
18485,30,100815,RENT,7,0,0,1,0,0,0,1,0,0,F,20000,18.3,1,0.17,1,6
18507,31,10200,RENT,,0,0,1,0,0,0,1,0,0,D,1000,,1,0.1,1,10
18524,32,65000,RENT,2,0,0,1,0,0,0,1,0,0,C,19000,12.84,0,0.29,1,5
18558,31,50000,RENT,2,0,0,1,0,0,0,1,0,0,C,18000,13.48,1,0.36,1,9
18609,27,102616,RENT,4,0,0,1,0,0,0,1,0,0,C,18000,13.99,1,0.15,1,7
18627,28,44900,RENT,12,0,0,1,0,0,0,1,0,0,C,17500,14.35,1,0.39,1,10
18647,35,37000,RENT,5,0,0,1,0,0,0,1,0,0,C,17000,13.49,1,0.46,1,10
18673,28,24000,RENT,5,0,0,1,0,0,0,1,0,0,D,16750,14.96,1,0.7,1,10
18690,27,44544,RENT,4,0,0,1,0,0,0,1,0,0,C,16425,14.27,1,0.37,1,5
18693,28,50000,RENT,1,0,0,1,0,0,0,1,0,0,C,16200,13.99,1,0.32,1,5
18708,34,37000,RENT,2,0,0,1,0,0,0,1,0,0,D,16000,12.99,1,0.43,1,9
18720,27,50000,RENT,3,0,0,1,0,0,0,1,0,0,C,16000,,1,0.32,1,5
18726,27,48396,RENT,11,0,0,1,0,0,0,1,0,0,D,16000,14.74,1,0.33,1,7
18735,28,63564,RENT,4,0,0,1,0,0,0,1,0,0,C,16000,13.47,0,0.25,1,5
18741,28,60000,RENT,4,0,0,1,0,0,0,1,0,0,D,16000,16.07,1,0.27,1,8
18753,30,24000,RENT,,0,0,1,0,0,0,1,0,0,C,1000,15.96,0,0.04,1,7
18754,33,24000,RENT,,0,0,1,0,0,0,1,0,0,D,1000,14.91,1,0.04,1,5
18783,31,54000,RENT,15,0,0,1,0,0,0,1,0,0,C,1000,,0,0.02,1,7
18814,28,53000,RENT,12,0,0,1,0,0,0,1,0,0,C,1200,,0,0.02,1,8
18838,27,58000,RENT,3,0,0,1,0,0,0,1,0,0,C,1400,15.27,0,0.02,1,7
18847,30,27996,RENT,9,0,0,1,0,0,0,1,0,0,C,1500,,0,0.05,1,8
18864,29,38004,RENT,3,0,0,1,0,0,0,1,0,0,C,1500,14.35,0,0.04,1,10
18901,30,12000,RENT,,0,0,1,0,0,0,1,0,0,C,1800,14.35,0,0.15,1,5
18924,32,60000,RENT,5,0,0,1,0,0,0,1,0,0,C,1925,12.29,0,0.03,1,9
18939,30,21240,RENT,,0,0,1,0,0,0,1,0,0,C,2000,14.22,0,0.09,1,9
18962,29,70553,RENT,8,0,0,1,0,0,0,1,0,0,C,15000,13.47,1,0.18,1,10
19070,32,51996,RENT,6,0,0,1,0,0,0,1,0,0,C,2100,,0,0.04,1,7
19098,27,39500,RENT,0,0,0,1,0,0,0,1,0,0,D,2200,,1,0.06,1,8
19140,30,31200,RENT,7,0,0,1,0,0,0,1,0,0,D,2400,16.49,0,0.08,1,6
19144,30,29004,RENT,13,0,0,1,0,0,0,1,0,0,E,2400,17.93,1,0.08,1,7
19146,27,30000,RENT,4,0,0,1,0,0,0,1,0,0,D,2400,17.49,1,0.08,1,10
19154,30,34000,RENT,0,0,0,1,0,0,0,1,0,0,D,2400,15.57,1,0.07,1,5
19181,27,77700,RENT,5,0,0,1,0,0,0,1,0,0,C,2400,,0,0.03,1,5
19213,29,46000,RENT,11,0,0,1,0,0,0,1,0,0,D,13250,17.27,1,0.29,1,6
19282,33,32400,RENT,6,0,0,1,0,0,0,1,0,0,D,2500,15.33,1,0.08,1,10
19283,35,33000,RENT,3,0,0,1,0,0,0,1,0,0,D,2500,15.62,1,0.08,1,7
19285,31,39420,RENT,0,0,0,1,0,0,0,1,0,0,C,2500,15.27,0,0.06,1,8
19288,31,40000,RENT,5,0,0,1,0,0,0,1,0,0,C,2500,13.23,0,0.06,1,5
19340,30,30000,RENT,6,0,0,1,0,0,0,1,0,0,C,2800,12.68,0,0.09,1,7
19370,35,19200,RENT,4,0,0,1,0,0,0,1,0,0,E,3000,16.4,1,0.16,1,7
19397,34,32000,RENT,9,0,0,1,0,0,0,1,0,0,D,3000,14.59,0,0.09,1,7
19400,27,33600,RENT,1,0,0,1,0,0,0,1,0,0,C,3000,13.49,0,0.09,1,9
19496,35,50004,RENT,2,0,0,1,0,0,0,1,0,0,C,12000,13.47,0,0.24,1,7
19525,28,55000,RENT,6,0,0,1,0,0,0,1,0,0,C,12000,14.27,0,0.22,1,10
19545,35,58000,RENT,0,0,0,1,0,0,0,1,0,0,C,12000,12.99,0,0.21,1,8
19574,34,54000,RENT,5,0,0,1,0,0,0,1,0,0,D,3000,15.37,1,0.06,1,6
19590,27,51850,RENT,2,0,0,1,0,0,0,1,0,0,D,3000,14.96,1,0.05,1,7
19617,28,70910,RENT,8,0,0,1,0,0,0,1,0,0,E,3000,17.44,1,0.04,1,5
19756,31,36000,RENT,2,0,0,1,0,0,0,1,0,0,C,3500,12.53,0,0.1,1,10
19763,28,48000,RENT,4,0,0,1,0,0,0,1,0,0,D,3500,15.21,0,0.07,1,10
19816,32,30000,RENT,3,0,0,1,0,0,0,1,0,0,D,3600,14.11,1,0.12,1,9
19842,27,40050,RENT,3,0,0,1,0,0,0,1,0,0,D,3600,14.84,0,0.09,1,7
19843,33,42000,RENT,4,0,0,1,0,0,0,1,0,0,C,3600,12.68,0,0.09,1,5
19861,27,39000,RENT,0,0,0,1,0,0,0,1,0,0,D,11000,16.07,1,0.28,1,9
19864,28,41500,RENT,3,0,0,1,0,0,0,1,0,0,D,11000,15.33,1,0.27,1,5
19870,28,45996,RENT,0,0,0,1,0,0,0,1,0,0,D,11000,14.74,1,0.24,1,7
19889,28,65025,RENT,4,0,0,1,0,0,0,1,0,0,E,11000,16.35,1,0.14,1,8
19997,29,50000,RENT,9,0,0,1,0,0,0,1,0,0,C,3600,15.27,0,0.07,1,10
20013,27,70000,RENT,9,0,0,1,0,0,0,1,0,0,C,3600,14.79,0,0.05,1,10
20026,33,102000,RENT,2,0,0,1,0,0,0,1,0,0,D,3600,,1,0.03,1,6
20060,31,20400,RENT,0,0,0,1,0,0,0,1,0,0,C,3900,14.79,0,0.19,1,6
20071,28,14400,RENT,2,0,0,1,0,0,0,1,0,0,C,4000,13.11,1,0.28,1,8
20078,31,17000,RENT,2,0,0,1,0,0,0,1,0,0,D,4000,14.59,1,0.24,1,9
20138,30,30000,RENT,1,0,0,1,0,0,0,1,0,0,C,4000,13.99,0,0.13,1,6
20157,27,34000,RENT,10,0,0,1,0,0,0,1,0,0,D,4000,17.19,1,0.12,1,9
20179,31,36000,RENT,4,0,0,1,0,0,0,1,0,0,C,4000,13.8,0,0.11,1,9
20195,32,40000,RENT,1,0,0,1,0,0,0,1,0,0,C,4000,13.49,0,0.1,1,8
20232,31,48000,RENT,0,0,0,1,0,0,0,1,0,0,C,4000,13.85,0,0.08,1,6
20245,35,50000,RENT,0,0,0,1,0,0,0,1,0,0,C,4000,13.22,0,0.08,1,5
20290,31,75000,RENT,4,0,0,1,0,0,0,1,0,0,C,4000,13.49,0,0.05,1,8
20334,29,20064,RENT,3,0,0,1,0,0,0,1,0,0,C,4400,13.92,0,0.22,1,7
20463,31,25000,RENT,0,0,0,1,0,0,0,1,0,0,C,4800,11.54,0,0.19,1,10
20473,30,31000,RENT,1,0,0,1,0,0,0,1,0,0,C,4800,13.43,0,0.15,1,5
20518,31,54000,RENT,1,0,0,1,0,0,0,1,0,0,C,4800,12.99,0,0.09,1,10
20572,32,76500,RENT,12,0,0,1,0,0,0,1,0,0,D,10000,13.24,1,0.11,1,9
20635,31,20800,RENT,3,0,0,1,0,0,0,1,0,0,D,9750,17.19,1,0.47,1,6
20671,29,30796,RENT,13,0,0,1,0,0,0,1,0,0,D,5000,14.96,0,0.16,1,8
20697,27,33600,RENT,8,0,0,1,0,0,0,1,0,0,C,5000,12.87,0,0.15,1,6
20723,29,36000,RENT,0,0,0,1,0,0,0,1,0,0,C,5000,,0,0.14,1,5
20771,27,34900,RENT,3,0,0,1,0,0,0,1,0,0,E,5000,16.7,1,0.14,1,9
20777,29,42000,RENT,3,0,0,1,0,0,0,1,0,0,D,5000,15.99,0,0.12,1,6
20858,27,53321,RENT,11,0,0,1,0,0,0,1,0,0,D,9000,15.58,1,0.17,1,7
20871,32,56000,RENT,1,0,0,1,0,0,0,1,0,0,D,9000,15.05,1,0.16,1,6
20907,28,66725,RENT,3,0,0,1,0,0,0,1,0,0,D,9000,16.29,1,0.11,1,9
20918,30,64698,RENT,11,0,0,1,0,0,0,1,0,0,D,9000,16,1,0.12,1,5
20925,33,87550,RENT,0,0,0,1,0,0,0,1,0,0,C,9000,14.65,1,0.09,1,7
20984,30,45000,RENT,11,0,0,1,0,0,0,1,0,0,C,5000,12.73,1,0.11,1,8
21051,28,52000,RENT,4,0,0,1,0,0,0,1,0,0,C,5000,12.23,0,0.1,1,9
21063,35,54396,RENT,4,0,0,1,0,0,0,1,0,0,C,5000,11.34,0,0.09,1,10
21081,28,55000,RENT,3,0,0,1,0,0,0,1,0,0,C,5000,12.53,0,0.09,1,10
21085,33,51000,RENT,17,0,0,1,0,0,0,1,0,0,D,5000,14.96,1,0.1,1,9
21131,27,66000,RENT,10,0,0,1,0,0,0,1,0,0,C,5000,13.99,0,0.08,1,10
21180,32,65453,RENT,15,0,0,1,0,0,0,1,0,0,C,5000,11.28,1,0.06,1,9
21231,27,142000,RENT,2,0,0,1,0,0,0,1,0,0,C,5000,13.16,0,0.04,1,9
21251,27,48000,RENT,8,0,0,1,0,0,0,1,0,0,C,5250,15.27,0,0.11,1,6
21268,30,20000,RENT,14,0,0,1,0,0,0,1,0,0,D,5400,14.61,0,0.27,1,7
21311,30,24000,RENT,5,0,0,1,0,0,0,1,0,0,C,5500,13.23,0,0.23,1,8
21391,28,52000,RENT,0,0,0,1,0,0,0,1,0,0,C,5600,13.85,0,0.11,1,8
21413,31,75797,RENT,8,0,0,1,0,0,0,1,0,0,C,5600,13.22,0,0.07,1,8
21445,31,62050,RENT,5,0,0,1,0,0,0,1,0,0,D,5800,14.11,1,0.08,1,10
21471,27,18835,RENT,2,0,0,1,0,0,0,1,0,0,D,6000,16.49,1,0.32,1,8
21507,32,25200,RENT,,0,0,1,0,0,0,1,0,0,D,6000,16.49,1,0.24,1,5
21546,29,31000,RENT,1,0,0,1,0,0,0,1,0,0,C,6000,13.47,0,0.19,1,6
21602,33,36000,RENT,1,0,0,1,0,0,0,1,0,0,C,6000,13.22,0,0.17,1,8
21652,32,36000,RENT,4,0,0,1,0,0,0,1,0,0,D,6000,16.07,1,0.17,1,10
21689,30,47581,RENT,2,0,0,1,0,0,0,1,0,0,C,6000,13.16,0,0.13,1,9
21703,27,49000,RENT,11,0,0,1,0,0,0,1,0,0,C,6000,15.27,0,0.12,1,9
21899,29,61628,RENT,2,0,0,1,0,0,0,1,0,0,E,6000,16.95,1,0.08,1,9
21926,30,89004,RENT,6,0,0,1,0,0,0,1,0,0,C,6000,13.16,0,0.07,1,5
22009,30,62000,RENT,1,0,0,1,0,0,0,1,0,0,C,7000,14.27,0,0.11,1,5
22043,33,61200,RENT,3,0,0,1,0,0,0,1,0,0,D,7000,14.96,1,0.1,1,8
22075,28,112200,RENT,11,0,0,1,0,0,0,1,0,0,C,7000,11.66,0,0.06,1,7
22160,29,32000,RENT,1,0,0,1,0,0,0,1,0,0,D,6525,16.07,1,0.2,1,9
22169,29,30000,RENT,2,0,0,1,0,0,0,1,0,0,D,6600,15.33,1,0.22,1,8
22173,31,39000,RENT,5,0,0,1,0,0,0,1,0,0,C,6600,13.79,0,0.17,1,9
22256,32,41000,RENT,2,0,0,1,0,0,0,1,0,0,D,6400,15.65,1,0.16,1,6
22333,29,30000,RENT,8,0,0,1,0,0,0,1,0,0,C,7000,13.35,0,0.23,1,10
22345,27,34000,RENT,7,0,0,1,0,0,0,1,0,0,C,7000,15.96,0,0.21,1,10
22348,29,35000,RENT,7,0,0,1,0,0,0,1,0,0,C,7000,12.68,0,0.2,1,9
22416,28,45000,RENT,3,0,0,1,0,0,0,1,0,0,C,7000,13.43,0,0.16,1,7
22533,28,65000,RENT,2,0,0,1,0,0,0,1,0,0,C,7200,13.98,0,0.11,1,8
22617,27,33000,RENT,2,0,0,1,0,0,0,1,0,0,D,7500,15.65,1,0.23,1,7
22654,29,40000,RENT,7,0,0,1,0,0,0,1,0,0,C,7500,12.73,0,0.19,1,9
22721,31,61000,RENT,3,0,0,1,0,0,0,1,0,0,C,7500,,0,0.12,1,10
22755,29,105000,RENT,1,0,0,1,0,0,0,1,0,0,C,7500,11.03,0,0.07,1,9
22785,27,45000,RENT,10,0,0,1,0,0,0,1,0,0,D,7600,14.59,1,0.17,1,8
22813,28,32000,RENT,2,0,0,1,0,0,0,1,0,0,C,7750,14.22,0,0.24,1,5
22934,27,35000,RENT,3,0,0,1,0,0,0,1,0,0,C,8000,14.79,0,0.23,1,9
22940,28,29000,RENT,1,0,0,1,0,0,0,1,0,0,C,8000,13.11,1,0.28,1,9
23032,35,38760,RENT,2,0,0,1,0,0,0,1,0,0,F,8000,18.09,1,0.21,1,7
23038,28,39000,RENT,6,0,0,1,0,0,0,1,0,0,D,8000,14.91,1,0.21,1,7
23109,27,54000,RENT,4,0,0,1,0,0,0,1,0,0,C,8000,13.8,0,0.15,1,5
23202,28,18600,RENT,4,0,0,1,0,0,0,1,0,0,D,5000,,1,0.27,1,9
23247,30,24000,RENT,6,0,0,1,0,0,0,1,0,0,D,5000,,1,0.21,1,8
23276,28,26496,RENT,2,0,0,1,0,0,0,1,0,0,D,5000,14.83,1,0.19,1,10
23313,32,59004,RENT,0,0,0,1,0,0,0,1,0,0,D,8000,16.49,1,0.14,1,8
23336,30,70000,RENT,2,0,0,1,0,0,0,1,0,0,C,8000,13.11,0,0.11,1,6
23351,29,72000,RENT,0,0,0,1,0,0,0,1,0,0,C,8000,13.57,0,0.11,1,9
23390,34,86400,RENT,0,0,0,1,0,0,0,1,0,0,C,8000,13.49,0,0.09,1,9
23436,32,35004,RENT,3,0,0,1,0,0,0,1,0,0,D,8150,16.49,0,0.23,1,5
23466,31,33276,RENT,2,0,0,1,0,0,0,1,0,0,F,8400,18.43,1,0.25,1,5
23531,27,32000,RENT,2,0,0,1,0,0,0,1,0,0,D,8600,16.02,1,0.27,1,6
23541,32,40320,RENT,4,0,0,1,0,0,0,1,0,0,C,8700,12.61,0,0.22,1,5
23573,35,30000,RENT,0,0,0,1,0,0,0,1,0,0,C,9000,13.92,0,0.3,1,7
23627,35,36000,RENT,4,0,0,1,0,0,0,1,0,0,E,9000,18.39,1,0.25,1,6
23638,32,38482,RENT,6,0,0,1,0,0,0,1,0,0,D,9000,15.31,1,0.23,1,7
23659,33,44000,RENT,0,0,0,1,0,0,0,1,0,0,D,9000,15.21,1,0.2,1,6
23778,28,25000,RENT,1,0,0,1,0,0,0,1,0,0,C,9600,14.27,1,0.38,1,10
23780,35,28080,RENT,3,0,0,1,0,0,0,1,0,0,C,9600,13.57,1,0.34,1,7
23804,28,36000,RENT,3,0,0,1,0,0,0,1,0,0,D,9600,14.61,1,0.27,1,10
23806,33,44000,RENT,2,0,0,1,0,0,0,1,0,0,C,9600,13.16,0,0.22,1,5
23811,33,48000,RENT,5,0,0,1,0,0,0,1,0,0,D,9600,16.29,0,0.2,1,7
23813,31,46000,RENT,6,0,0,1,0,0,0,1,0,0,D,9600,14.46,1,0.21,1,5
23872,28,25000,RENT,,0,0,1,0,0,0,1,0,0,D,9750,18.25,1,0.39,1,6
23877,31,33000,RENT,1,0,0,1,0,0,0,1,0,0,D,9750,14.54,1,0.3,1,9
23891,32,22000,RENT,9,0,0,1,0,0,0,1,0,0,E,10000,18.39,1,0.45,1,6
24078,27,38400,RENT,5,0,0,1,0,0,0,1,0,0,C,10000,15.23,0,0.26,1,7
24122,33,34000,RENT,4,0,0,1,0,0,0,1,0,0,D,10000,15.33,1,0.29,1,8
24138,27,40992,RENT,0,0,0,1,0,0,0,1,0,0,C,10000,14.27,0,0.24,1,6
24142,27,41500,RENT,0,0,0,1,0,0,0,1,0,0,C,10000,11.09,0,0.24,1,6
24203,27,45000,RENT,,0,0,1,0,0,0,1,0,0,C,10000,14.22,0,0.22,1,6
24292,27,55512,RENT,11,0,0,1,0,0,0,1,0,0,C,4200,14.26,1,0.08,1,8
24436,29,52000,RENT,4,0,0,1,0,0,0,1,0,0,C,10000,13.23,0,0.19,1,9
24682,28,70000,RENT,2,0,0,1,0,0,0,1,0,0,C,10000,13.48,0,0.14,1,9
24736,31,75000,RENT,1,0,0,1,0,0,0,1,0,0,C,10000,13.47,0,0.13,1,6
24740,31,60775,RENT,4,0,0,1,0,0,0,1,0,0,D,10000,16.49,1,0.14,1,6
24941,30,75000,RENT,6,0,0,1,0,0,0,1,0,0,C,11200,13.16,0,0.15,1,5
24999,28,30000,RENT,0,0,0,1,0,0,0,1,0,0,D,11500,14.46,1,0.38,1,5
25022,32,25000,RENT,4,0,0,1,0,0,0,1,0,0,C,11700,12.68,1,0.47,1,10
25047,30,25536,RENT,,0,0,1,0,0,0,1,0,0,C,12000,14.79,1,0.47,1,10
25098,31,34000,RENT,0,0,0,1,0,0,0,1,0,0,C,12000,13.16,1,0.35,1,9
25121,28,36888,RENT,5,0,0,1,0,0,0,1,0,0,C,12000,,1,0.33,1,7
25178,30,34046,RENT,2,0,0,1,0,0,0,1,0,0,D,12000,14.96,1,0.35,1,6
25226,29,45000,RENT,0,0,0,1,0,0,0,1,0,0,C,12000,12.99,0,0.27,1,7
25303,27,60000,RENT,2,0,0,1,0,0,0,1,0,0,C,12000,13.92,0,0.2,1,8
25395,27,64000,RENT,0,0,0,1,0,0,0,1,0,0,C,12000,13.49,0,0.19,1,5
25446,28,72000,RENT,3,0,0,1,0,0,0,1,0,0,C,12000,14.27,0,0.17,1,6
25471,27,40800,RENT,,0,0,1,0,0,0,1,0,0,C,3000,13.48,0,0.07,1,5
25476,32,41000,RENT,17,0,0,1,0,0,0,1,0,0,C,3000,,0,0.07,1,7
25697,31,100300,RENT,1,0,0,1,0,0,0,1,0,0,D,12000,14.91,1,0.1,1,7
25715,32,703800,RENT,14,0,0,1,0,0,0,1,0,0,D,12000,15.33,1,0.01,1,9
25759,27,35000,RENT,11,0,0,1,0,0,0,1,0,0,D,12500,15.65,1,0.36,1,8
25957,28,150000,RENT,1,0,0,1,0,0,0,1,0,0,C,12500,14.35,0,0.08,1,8
25968,30,30000,RENT,14,0,0,1,0,0,0,1,0,0,C,12800,14.79,1,0.43,1,9
25982,28,62000,RENT,2,0,0,1,0,0,0,1,0,0,C,12800,13.16,0,0.21,1,5
26085,30,33736,RENT,5,0,0,1,0,0,0,1,0,0,C,13600,13.57,1,0.4,1,9
26163,35,46900,RENT,14,0,0,1,0,0,0,1,0,0,C,14000,14.27,0,0.3,1,5
26380,35,30000,RENT,4,0,0,1,0,0,0,1,0,0,C,14125,12.99,1,0.47,1,10
26606,29,34000,RENT,13,0,0,1,0,0,0,1,0,0,C,2000,14.72,0,0.06,1,7
26627,29,38000,RENT,3,0,0,1,0,0,0,1,0,0,C,2000,12.87,0,0.05,1,9
26667,33,42000,RENT,8,0,0,1,0,0,0,1,0,0,D,2000,,0,0.05,1,9
26756,30,37600,RENT,2,0,0,1,0,0,0,1,0,0,C,15000,13.06,1,0.4,1,7
26937,28,48500,RENT,0,0,0,1,0,0,0,1,0,0,C,15000,12.99,1,0.31,1,7
27067,34,51600,RENT,,0,0,1,0,0,0,1,0,0,D,1600,15.21,1,0.03,1,6
27213,29,58000,RENT,4,0,0,1,0,0,0,1,0,0,C,15000,13.16,0,0.26,1,5
27283,31,55200,RENT,5,0,0,1,0,0,0,1,0,0,D,15000,15.58,1,0.27,1,10
27293,32,62000,RENT,5,0,0,1,0,0,0,1,0,0,C,15000,12.99,0,0.24,1,6
27372,32,70000,RENT,2,0,0,1,0,0,0,1,0,0,C,15000,14.27,0,0.21,1,5
27531,29,80000,RENT,13,0,0,1,0,0,0,1,0,0,C,15000,13.72,0,0.19,1,5
27558,29,62050,RENT,3,0,0,1,0,0,0,1,0,0,E,15000,15.95,1,0.21,1,8
27598,29,90000,RENT,5,0,0,1,0,0,0,1,0,0,C,15000,13.85,0,0.17,1,10
27671,35,68324,RENT,3,0,0,1,0,0,0,1,0,0,C,15600,12.84,0,0.23,1,8
27881,32,83300,RENT,0,0,0,1,0,0,0,1,0,0,D,19600,17.19,1,0.2,1,7
27923,27,28800,RENT,6,0,0,1,0,0,0,1,0,0,D,5000,14.96,0,0.17,1,5
27967,33,35600,RENT,1,0,0,1,0,0,0,1,0,0,C,6000,13.49,1,0.17,1,6
28050,27,83300,RENT,11,0,0,1,0,0,0,1,0,0,D,20000,16,1,0.2,1,5
28092,32,59363,RENT,2,0,0,1,0,0,0,1,0,0,C,6000,13.22,0,0.1,1,6
28121,31,10800,RENT,4,0,0,1,0,0,0,1,0,0,C,2000,14.72,1,0.19,1,6
28150,33,42000,RENT,3,0,0,1,0,0,0,1,0,0,C,12000,13.57,0,0.29,1,6
28172,31,36000,RENT,4,0,0,1,0,0,0,1,0,0,D,10000,14.42,0,0.28,1,9
28280,30,45000,RENT,11,0,0,1,0,0,0,1,0,0,C,5000,12.73,1,0.11,1,8
28333,30,40000,RENT,9,0,0,1,0,0,0,1,0,0,D,9000,16.77,0,0.23,1,9
28354,33,30000,RENT,2,0,0,1,0,0,0,1,0,0,E,6000,19.42,1,0.2,1,9
28411,33,53000,RENT,1,0,0,1,0,0,0,1,0,0,C,12000,12.84,0,0.23,1,5
28434,29,28000,RENT,0,0,0,1,0,0,0,1,0,0,C,10000,12.84,1,0.36,1,7
28541,34,36000,RENT,1,0,0,1,0,0,0,1,0,0,C,4000,13.61,0,0.11,1,7
28626,27,65000,RENT,12,0,0,1,0,0,0,1,0,0,C,5000,13.99,0,0.08,1,7
28634,33,612000,RENT,3,0,0,1,0,0,0,1,0,0,C,5950,12.73,0,0.01,1,10
28889,28,53544,RENT,12,0,0,1,0,0,0,1,0,0,C,1800,,0,0.03,1,8
28900,28,48996,RENT,8,0,0,1,0,0,0,1,0,0,D,15000,14.09,1,0.31,1,5
29025,32,40100,RENT,3,0,0,1,0,0,0,1,0,0,C,7175,12.99,0,0.18,1,6
29113,28,31000,RENT,7,0,0,1,0,0,0,1,0,0,D,3600,14.11,1,0.12,1,8
29194,47,55250,RENT,9,0,0,1,0,0,0,1,0,0,D,25000,,1,0.38,1,13
29236,39,100300,RENT,2,0,0,1,0,0,0,1,0,0,D,25000,15.7,1,0.21,1,16
29250,39,78200,RENT,18,0,0,1,0,0,0,1,0,0,D,24250,16,1,0.26,1,13
29277,42,67147,RENT,6,0,0,1,0,0,0,1,0,0,D,22400,14.11,1,0.28,1,11
29279,47,38400,RENT,3,0,0,1,0,0,0,1,0,0,F,22000,18.78,1,0.57,1,17
29290,36,59000,RENT,2,0,0,1,0,0,0,1,0,0,D,21000,14.11,1,0.36,1,16
29298,37,69996,RENT,5,0,0,1,0,0,0,1,0,0,C,20400,13.06,0,0.29,1,11
29325,36,76464,RENT,8,0,0,1,0,0,0,1,0,0,C,20000,13.22,0,0.26,1,12
29332,40,73100,RENT,0,0,0,1,0,0,0,1,0,0,D,20000,14.54,1,0.23,1,11
29352,38,48384,RENT,4,0,0,1,0,0,0,1,0,0,D,19000,14.96,1,0.39,1,16
29366,45,48500,RENT,7,0,0,1,0,0,0,1,0,0,C,18000,13.85,1,0.37,1,15
29373,43,62900,RENT,22,0,0,1,0,0,0,1,0,0,D,18000,17.27,1,0.24,1,14
29449,40,30996,RENT,2,0,0,1,0,0,0,1,0,0,C,1500,13.72,1,0.05,1,14
29502,44,25209,RENT,6,0,0,1,0,0,0,1,0,0,C,2000,,0,0.08,1,13
29518,36,30123,RENT,5,0,0,1,0,0,0,1,0,0,C,2000,14.26,0,0.07,1,12
29561,36,33481,RENT,9,0,0,1,0,0,0,1,0,0,E,13475,15.68,1,0.4,1,15
29565,42,36000,RENT,8,0,0,1,0,0,0,1,0,0,C,13000,12.73,1,0.36,1,16
29576,47,48000,RENT,14,0,0,1,0,0,0,1,0,0,C,2500,14.65,0,0.05,1,17
29587,41,19200,RENT,2,0,0,1,0,0,0,1,0,0,D,2950,16.49,1,0.15,1,12
29697,38,20640,RENT,2,0,0,1,0,0,0,1,0,0,C,3500,12.61,0,0.17,1,16
29698,42,35010,RENT,4,0,0,1,0,0,0,1,0,0,C,3500,12.68,0,0.1,1,16
29700,44,37000,RENT,0,0,0,1,0,0,0,1,0,0,C,3500,12.87,0,0.09,1,13
29875,50,35880,RENT,0,0,0,1,0,0,0,1,0,0,C,4600,12.23,0,0.13,1,13
29911,45,107473,RENT,0,0,0,1,0,0,0,1,0,0,C,4800,12.23,0,0.04,1,11
29935,36,55200,RENT,3,0,0,1,0,0,0,1,0,0,D,9900,14.84,1,0.18,1,13
29969,37,35028,RENT,3,0,0,1,0,0,0,1,0,0,C,5000,13.47,0,0.14,1,17
29993,38,45000,RENT,1,0,0,1,0,0,0,1,0,0,C,5000,12.68,0,0.11,1,13
30025,37,133000,RENT,3,0,0,1,0,0,0,1,0,0,C,9000,13.85,0,0.07,1,12
30035,36,44000,RENT,2,0,0,1,0,0,0,1,0,0,C,5000,13.22,1,0.11,1,13
30080,44,54400,RENT,3,0,0,1,0,0,0,1,0,0,C,5000,12.61,1,0.08,1,14
30096,38,95000,RENT,9,0,0,1,0,0,0,1,0,0,C,5000,13.48,0,0.05,1,16
30116,37,54000,RENT,15,0,0,1,0,0,0,1,0,0,C,5400,13.99,1,0.1,1,17
30175,39,20400,RENT,3,0,0,1,0,0,0,1,0,0,C,6000,15.27,0,0.29,1,13
30291,50,56100,RENT,3,0,0,1,0,0,0,1,0,0,D,6000,16.49,1,0.09,1,14
30296,39,60520,RENT,6,0,0,1,0,0,0,1,0,0,D,6000,15.33,1,0.08,1,15
30365,39,42000,RENT,4,0,0,1,0,0,0,1,0,0,C,6500,13.99,0,0.15,1,14
30628,36,51000,RENT,5,0,0,1,0,0,0,1,0,0,C,8000,13.47,0,0.16,1,13
30681,38,27600,RENT,3,0,0,1,0,0,0,1,0,0,D,5000,14.59,1,0.18,1,16
30710,36,87000,RENT,7,0,0,1,0,0,0,1,0,0,C,8000,14.65,0,0.09,1,14
30738,42,36000,RENT,7,0,0,1,0,0,0,1,0,0,D,8400,16.32,1,0.23,1,15
30740,39,48000,RENT,3,0,0,1,0,0,0,1,0,0,C,8400,12.53,0,0.17,1,17
30813,38,58000,RENT,4,0,0,1,0,0,0,1,0,0,E,9500,16.35,1,0.16,1,16
30859,37,26400,RENT,0,0,0,1,0,0,0,1,0,0,E,10000,19.03,1,0.38,1,12
30872,39,30400,RENT,2,0,0,1,0,0,0,1,0,0,D,10000,15.7,1,0.33,1,15
30978,38,43000,RENT,22,0,0,1,0,0,0,1,0,0,D,10000,16.89,1,0.23,1,12
31003,41,54000,RENT,5,0,0,1,0,0,0,1,0,0,C,10000,13.23,0,0.19,1,17
31070,38,54400,RENT,5,0,0,1,0,0,0,1,0,0,D,10000,15.33,1,0.16,1,15
31131,42,36000,RENT,0,0,0,1,0,0,0,1,0,0,C,11000,11.97,1,0.31,1,16
31250,38,24000,RENT,3,0,0,1,0,0,0,1,0,0,C,3000,,0,0.13,1,16
31336,42,73100,RENT,4,0,0,1,0,0,0,1,0,0,D,12000,16.77,1,0.14,1,13
31458,41,33000,RENT,2,0,0,1,0,0,0,1,0,0,C,13750,13.79,1,0.42,1,11
31468,39,40800,RENT,4,0,0,1,0,0,0,1,0,0,D,14000,16,1,0.34,1,17
31469,38,48300,RENT,3,0,0,1,0,0,0,1,0,0,C,14000,13.22,0,0.29,1,14
31633,45,47000,RENT,13,0,0,1,0,0,0,1,0,0,E,15000,16.4,1,0.32,1,11
31719,42,57000,RENT,4,0,0,1,0,0,0,1,0,0,C,15000,13.43,0,0.26,1,12
31928,46,8088,RENT,15,0,0,1,0,0,0,1,0,0,D,1600,14.42,1,0.2,1,11
31931,41,4000,RENT,0,0,0,1,0,0,0,1,0,0,C,2000,13.22,1,0.5,1,15
31932,36,28800,RENT,2,0,0,1,0,0,0,1,0,0,C,6000,15.96,0,0.21,1,13
31940,42,85000,RENT,3,0,0,1,0,0,0,1,0,0,C,5750,12.99,0,0.07,1,14
31972,37,48000,RENT,3,0,0,1,0,0,0,1,0,0,D,7500,16.29,0,0.16,1,12
31974,37,60000,RENT,1,0,0,1,0,0,0,1,0,0,D,10000,15.99,1,0.17,1,17
31977,50,41496,RENT,9,0,0,1,0,0,0,1,0,0,D,5000,15.31,1,0.12,1,12
32052,38,74000,RENT,9,0,0,1,0,0,0,1,0,0,C,9000,12.84,0,0.12,1,15
32098,43,46000,RENT,2,0,0,1,0,0,0,1,0,0,D,13000,15.7,1,0.28,1,15
32099,41,38200,RENT,4,0,0,1,0,0,0,1,0,0,E,8875,19.03,0,0.23,1,11
32174,36,24168,RENT,2,0,0,1,0,0,0,1,0,0,C,9925,13.06,1,0.41,1,12
32244,37,68480,RENT,2,0,0,1,0,0,0,1,0,0,C,3600,15.23,0,0.05,1,11
32275,38,30132,RENT,,0,0,1,0,0,0,1,0,0,C,3000,13.85,1,0.1,1,14
32310,66,60000,RENT,4,0,0,1,0,0,0,1,0,0,C,27050,,1,0.45,1,28
32330,52,50000,RENT,0,0,0,1,0,0,0,1,0,0,D,18000,14.59,1,0.36,1,25
32341,51,58000,RENT,2,0,0,1,0,0,0,1,0,0,E,1500,19.03,1,0.03,1,22
32361,70,39996,RENT,,0,0,1,0,0,0,1,0,0,C,3600,15.23,0,0.09,1,19
32365,69,37000,RENT,6,0,0,1,0,0,0,1,0,0,D,10750,14.59,0,0.29,1,27
32379,69,80000,RENT,12,0,0,1,0,0,0,1,0,0,C,4800,14.79,0,0.06,1,22
32383,52,30000,RENT,6,0,0,1,0,0,0,1,0,0,C,5000,12.73,0,0.17,1,18
32441,66,54000,RENT,3,0,0,1,0,0,0,1,0,0,D,8000,16.02,0,0.15,1,26
32445,52,25000,RENT,23,0,0,1,0,0,0,1,0,0,D,5000,12.61,1,0.2,1,22
32452,51,45000,RENT,2,0,0,1,0,0,0,1,0,0,C,8400,13.11,0,0.19,1,18
32472,53,54000,RENT,,0,0,1,0,0,0,1,0,0,D,10000,14.59,1,0.19,1,27
106,22,12600,MORTGAGE,,0,1,0,0,0,0,0,1,0,A,2000,5.42,1,0.16,0,4
187,25,200000,MORTGAGE,9,0,1,0,0,0,0,0,1,0,C,23050,14.35,0,0.12,0,3
198,26,200000,MORTGAGE,4,0,1,0,0,0,0,0,1,0,C,3000,13.92,0,0.01,0,3
213,26,190300,MORTGAGE,5,0,1,0,0,0,0,0,1,0,A,15000,,0,0.08,0,3
240,25,182952,MORTGAGE,9,0,1,0,0,0,0,0,1,0,A,15000,6.03,0,0.08,0,3
249,23,180000,MORTGAGE,8,0,1,0,0,0,0,0,1,0,A,28000,7.51,0,0.16,0,3
284,23,175000,MORTGAGE,8,0,1,0,0,0,0,0,1,0,B,21000,11.99,0,0.12,0,3
293,23,15000,MORTGAGE,0,0,1,0,0,0,0,0,1,0,C,3600,13.47,1,0.24,0,4
309,23,15204,MORTGAGE,7,0,1,0,0,0,0,0,1,0,A,2800,8.49,1,0.18,0,3
337,25,168000,MORTGAGE,2,0,1,0,0,0,0,0,1,0,B,35000,10.65,0,0.21,0,2
349,24,165000,MORTGAGE,5,0,1,0,0,0,0,0,1,0,B,20000,10.37,0,0.12,0,4
373,23,160000,MORTGAGE,5,0,1,0,0,0,0,0,1,0,A,35000,7.66,0,0.22,0,2
375,25,160000,MORTGAGE,1,0,1,0,0,0,0,0,1,0,B,12000,9.63,0,0.07,0,4
493,24,18500,MORTGAGE,8,0,1,0,0,0,0,0,1,0,A,5000,9.32,1,0.27,0,3
521,22,19200,MORTGAGE,6,0,1,0,0,0,0,0,1,0,B,4950,11.71,1,0.26,0,2
626,26,20000,MORTGAGE,1,0,1,0,0,0,0,0,1,0,A,1500,7.74,0,0.07,0,3
641,22,20000,MORTGAGE,0,0,1,0,0,0,0,0,1,0,B,16600,9.76,0,0.83,0,3
644,23,20004,MORTGAGE,6,0,1,0,0,0,0,0,1,0,A,7125,6.99,0,0.36,0,2
731,21,21600,MORTGAGE,6,0,1,0,0,0,0,0,1,0,A,7575,,0,0.35,0,3
745,22,21600,MORTGAGE,,0,1,0,0,0,0,0,1,0,C,4000,12.99,0,0.19,0,2
783,21,21816,MORTGAGE,2,0,1,0,0,0,0,0,1,0,B,1500,11.86,0,0.07,0,3
803,24,22000,MORTGAGE,8,0,1,0,0,0,0,0,1,0,A,8000,5.42,0,0.36,0,4
812,22,22000,MORTGAGE,6,0,1,0,0,0,0,0,1,0,A,7200,7.14,0,0.33,0,2
829,25,22260,MORTGAGE,9,0,1,0,0,0,0,0,1,0,A,6400,7.88,0,0.29,0,4
841,22,22800,MORTGAGE,5,0,1,0,0,0,0,0,1,0,A,2000,7.51,0,0.09,0,3
843,23,22800,MORTGAGE,2,0,1,0,0,0,0,0,1,0,A,3000,8.9,1,0.13,0,2
845,23,22800,MORTGAGE,3,0,1,0,0,0,0,0,1,0,A,4800,5.79,0,0.21,0,2
1049,26,24000,MORTGAGE,5,0,1,0,0,0,0,0,1,0,C,2100,13.11,0,0.09,0,3
1078,26,24000,MORTGAGE,5,0,1,0,0,0,0,0,1,0,B,8000,9.76,0,0.33,0,3
1210,21,25000,MORTGAGE,6,0,1,0,0,0,0,0,1,0,A,1000,7.51,0,0.04,0,3
1219,23,25000,MORTGAGE,0,0,1,0,0,0,0,0,1,0,C,4750,13.57,0,0.19,0,2
1256,22,25200,MORTGAGE,2,0,1,0,0,0,0,0,1,0,A,7000,6.03,0,0.28,0,4
1276,22,25200,MORTGAGE,1,0,1,0,0,0,0,0,1,0,C,7000,13.92,0,0.28,0,3
1288,23,25480,MORTGAGE,7,0,1,0,0,0,0,0,1,0,B,5000,9.99,0,0.2,0,3
1329,22,26000,MORTGAGE,4,0,1,0,0,0,0,0,1,0,B,4000,9.25,0,0.15,0,2
1356,22,26000,MORTGAGE,3,0,1,0,0,0,0,0,1,0,B,500,10.46,0,0.02,0,4
1365,22,26004,MORTGAGE,6,0,1,0,0,0,0,0,1,0,A,12000,7.88,1,0.46,0,4
1396,22,26400,MORTGAGE,,0,1,0,0,0,0,0,1,0,B,1000,,1,0.04,0,2
1476,26,27000,MORTGAGE,2,0,1,0,0,0,0,0,1,0,D,3025,15.95,0,0.11,0,2
1519,24,27360,MORTGAGE,5,0,1,0,0,0,0,0,1,0,A,8000,7.29,0,0.29,0,3
1602,22,28000,MORTGAGE,6,0,1,0,0,0,0,0,1,0,B,10000,10.99,0,0.36,0,3
1607,26,28000,MORTGAGE,8,0,1,0,0,0,0,0,1,0,A,4500,,1,0.16,0,2
1652,23,28296,MORTGAGE,,0,1,0,0,0,0,0,1,0,B,7000,,0,0.25,0,4
1671,21,28596,MORTGAGE,3,0,1,0,0,0,0,0,1,0,A,2000,7.29,0,0.07,0,4
1697,24,28800,MORTGAGE,1,0,1,0,0,0,0,0,1,0,B,3500,9.99,0,0.12,0,4
1734,22,28800,MORTGAGE,,0,1,0,0,0,0,0,1,0,B,14500,9.88,0,0.5,0,2
1758,21,29000,MORTGAGE,0,0,1,0,0,0,0,0,1,0,B,4200,11.99,0,0.14,0,3
1804,24,29200,MORTGAGE,6,0,1,0,0,0,0,0,1,0,A,2500,6.76,0,0.09,0,2
1805,24,29232,MORTGAGE,1,0,1,0,0,0,0,0,1,0,B,11000,11.71,1,0.38,0,4
1887,21,30000,MORTGAGE,5,0,1,0,0,0,0,0,1,0,A,7600,6.03,0,0.25,0,4
1947,21,30000,MORTGAGE,6,0,1,0,0,0,0,0,1,0,A,3000,5.99,0,0.1,0,4
1964,23,30000,MORTGAGE,6,0,1,0,0,0,0,0,1,0,C,2400,,0,0.08,0,4
2003,22,30000,MORTGAGE,6,0,1,0,0,0,0,0,1,0,C,2000,12.61,0,0.07,0,4
2071,25,30000,MORTGAGE,6,0,1,0,0,0,0,0,1,0,A,4000,7.14,0,0.13,0,2
2076,23,30000,MORTGAGE,3,0,1,0,0,0,0,0,1,0,B,4500,10.62,0,0.15,0,3
2084,22,30000,MORTGAGE,1,0,1,0,0,0,0,0,1,0,B,5500,10.99,0,0.18,0,3
2121,25,30000,MORTGAGE,2,0,1,0,0,0,0,0,1,0,A,11500,8.59,0,0.38,0,4
2133,21,30000,MORTGAGE,0,0,1,0,0,0,0,0,1,0,A,4750,9.63,1,0.16,0,2
2163,24,30000,MORTGAGE,4,0,1,0,0,0,0,0,1,0,B,5000,10.71,0,0.17,0,2
2229,21,31000,MORTGAGE,5,0,1,0,0,0,0,0,1,0,A,6000,7.51,0,0.19,0,4
2249,25,31000,MORTGAGE,2,0,1,0,0,0,0,0,1,0,B,12250,11.36,1,0.4,0,3
2268,26,31200,MORTGAGE,6,0,1,0,0,0,0,0,1,0,A,9250,7.9,0,0.3,0,2
2370,21,32000,MORTGAGE,4,0,1,0,0,0,0,0,1,0,B,2500,11.71,1,0.08,0,3
2393,25,32000,MORTGAGE,3,0,1,0,0,0,0,0,1,0,B,15000,11.11,0,0.47,0,4
2400,25,32000,MORTGAGE,7,0,1,0,0,0,0,0,1,0,B,3250,10.74,1,0.1,0,2
2453,25,32004,MORTGAGE,3,0,1,0,0,0,0,0,1,0,A,22750,6.17,0,0.71,0,4
2471,22,32112,MORTGAGE,4,0,1,0,0,0,0,0,1,0,C,15000,13.98,0,0.47,0,3
2488,22,32400,MORTGAGE,,0,1,0,0,0,0,0,1,0,A,5000,7.49,0,0.15,0,3
2501,21,32400,MORTGAGE,5,0,1,0,0,0,0,0,1,0,E,5000,16,1,0.15,0,2
2568,23,33000,MORTGAGE,3,0,1,0,0,0,0,0,1,0,D,8325,15.99,0,0.25,0,3
2569,24,33000,MORTGAGE,3,0,1,0,0,0,0,0,1,0,E,1250,19.29,0,0.04,0,4
2598,21,33000,MORTGAGE,5,0,1,0,0,0,0,0,1,0,B,7800,9.88,0,0.24,0,2
2612,26,33000,MORTGAGE,10,0,1,0,0,0,0,0,1,0,A,7000,7.43,0,0.21,0,4
2618,21,33168,MORTGAGE,6,0,1,0,0,0,0,0,1,0,B,6425,9.63,0,0.19,0,3
2651,24,33600,MORTGAGE,3,0,1,0,0,0,0,0,1,0,A,2500,8.9,0,0.07,0,2
2654,23,33600,MORTGAGE,8,0,1,0,0,0,0,0,1,0,A,8000,6.99,0,0.24,0,2
2734,26,34000,MORTGAGE,5,0,1,0,0,0,0,0,1,0,A,5000,5.79,0,0.15,0,4
2736,26,34000,MORTGAGE,8,0,1,0,0,0,0,0,1,0,A,6000,6.92,0,0.18,0,4
2740,21,34000,MORTGAGE,5,0,1,0,0,0,0,0,1,0,A,7200,6.76,1,0.21,0,2
2741,24,34000,MORTGAGE,1,0,1,0,0,0,0,0,1,0,C,5100,14.35,0,0.15,0,4
2774,23,34174,MORTGAGE,8,0,1,0,0,0,0,0,1,0,C,9000,13.47,0,0.26,0,4
2827,22,34977,MORTGAGE,5,0,1,0,0,0,0,0,1,0,D,13000,16,0,0.37,0,2
2848,21,35000,MORTGAGE,5,0,1,0,0,0,0,0,1,0,B,6900,12.42,0,0.2,0,3
2873,26,35000,MORTGAGE,10,0,1,0,0,0,0,0,1,0,B,8000,12.69,0,0.23,0,3
2892,26,35000,MORTGAGE,3,0,1,0,0,0,0,0,1,0,B,7200,10.59,0,0.21,0,3
2917,22,35000,MORTGAGE,7,0,1,0,0,0,0,0,1,0,B,3500,11.49,0,0.1,0,3
2924,25,35000,MORTGAGE,6,0,1,0,0,0,0,0,1,0,A,5000,5.99,0,0.14,0,4
2963,22,29000,MORTGAGE,6,0,1,0,0,0,0,0,1,0,A,12000,5.42,1,0.41,0,4
2975,23,29000,MORTGAGE,7,0,1,0,0,0,0,0,1,0,A,6000,7.88,1,0.21,0,2
3000,24,29000,MORTGAGE,8,0,1,0,0,0,0,0,1,0,B,1450,,1,0.05,0,4
3035,24,35000,MORTGAGE,3,0,1,0,0,0,0,0,1,0,D,13000,14.74,0,0.37,0,3
3041,26,35000,MORTGAGE,1,0,1,0,0,0,0,0,1,0,B,6000,12.21,0,0.17,0,4
3071,24,35004,MORTGAGE,3,0,1,0,0,0,0,0,1,0,A,9600,7.88,0,0.27,0,3
3100,25,29360,MORTGAGE,5,0,1,0,0,0,0,0,1,0,B,8875,12.69,1,0.3,0,3
3135,22,35900,MORTGAGE,6,0,1,0,0,0,0,0,1,0,C,6000,15.27,0,0.17,0,3
3147,22,36000,MORTGAGE,6,0,1,0,0,0,0,0,1,0,A,18500,7.9,0,0.51,0,4
3170,26,36000,MORTGAGE,6,0,1,0,0,0,0,0,1,0,A,5175,6.03,0,0.14,0,4
3189,26,36000,MORTGAGE,5,0,1,0,0,0,0,0,1,0,A,4000,,0,0.11,0,3
3202,26,36000,MORTGAGE,2,0,1,0,0,0,0,0,1,0,A,7000,7.49,0,0.19,0,2
3218,21,36000,MORTGAGE,5,0,1,0,0,0,0,0,1,0,A,2800,6.99,0,0.08,0,2
3231,23,36000,MORTGAGE,7,0,1,0,0,0,0,0,1,0,A,7200,5.42,0,0.2,0,2
3242,23,36000,MORTGAGE,4,0,1,0,0,0,0,0,1,0,C,5000,14.79,0,0.14,0,2
3272,22,36000,MORTGAGE,0,0,1,0,0,0,0,0,1,0,A,2000,,0,0.06,0,4
3297,24,36000,MORTGAGE,8,0,1,0,0,0,0,0,1,0,A,4800,6.91,0,0.13,0,3
3311,22,36000,MORTGAGE,2,0,1,0,0,0,0,0,1,0,A,12000,7.51,0,0.33,0,4
3314,25,36000,MORTGAGE,5,0,1,0,0,0,0,0,1,0,A,6000,7.88,0,0.17,0,4
3317,26,36000,MORTGAGE,2,0,1,0,0,0,0,0,1,0,B,10000,10.75,0,0.28,0,2
3327,26,36000,MORTGAGE,6,0,1,0,0,0,0,0,1,0,A,4000,6.76,0,0.11,0,3
3358,26,36000,MORTGAGE,10,0,1,0,0,0,0,0,1,0,B,10000,9.88,0,0.28,0,3
3378,24,36000,MORTGAGE,3,0,1,0,0,0,0,0,1,0,B,4750,11.83,0,0.13,0,3
3409,26,36000,MORTGAGE,10,0,1,0,0,0,0,0,1,0,B,18000,10.39,0,0.5,0,2
3420,26,36194,MORTGAGE,10,0,1,0,0,0,0,0,1,0,B,9250,10.08,0,0.26,0,3
3422,25,30252,MORTGAGE,9,0,1,0,0,0,0,0,1,0,B,10000,9.76,1,0.33,0,3
3484,23,37000,MORTGAGE,3,0,1,0,0,0,0,0,1,0,B,6400,11.71,0,0.17,0,3
3555,24,37200,MORTGAGE,5,0,1,0,0,0,0,0,1,0,A,13000,6.91,0,0.35,0,2
3556,26,37200,MORTGAGE,1,0,1,0,0,0,0,0,1,0,B,6000,10.36,0,0.16,0,2
3566,22,37308,MORTGAGE,0,0,1,0,0,0,0,0,1,0,B,8400,9.99,0,0.23,0,4
3584,21,37500,MORTGAGE,5,0,1,0,0,0,0,0,1,0,A,12000,5.79,0,0.32,0,2
3598,25,37596,MORTGAGE,3,0,1,0,0,0,0,0,1,0,B,12000,11.99,0,0.32,0,4
3613,25,37980,MORTGAGE,7,0,1,0,0,0,0,0,1,0,A,3500,6.03,0,0.09,0,2
3620,23,38000,MORTGAGE,5,0,1,0,0,0,0,0,1,0,A,5400,7.9,0,0.14,0,3
3658,24,38000,MORTGAGE,8,0,1,0,0,0,0,0,1,0,B,5000,10,0,0.13,0,3
3660,25,38000,MORTGAGE,4,0,1,0,0,0,0,0,1,0,A,6000,5.42,0,0.16,0,2
3735,22,38117,MORTGAGE,0,0,1,0,0,0,0,0,1,0,B,13500,11.83,0,0.35,0,4
3748,24,38268,MORTGAGE,,0,1,0,0,0,0,0,1,0,B,6000,9.88,0,0.16,0,4
3798,23,38400,MORTGAGE,0,0,1,0,0,0,0,0,1,0,B,5000,9.25,0,0.13,0,3
3801,22,38400,MORTGAGE,,0,1,0,0,0,0,0,1,0,A,1000,5.79,0,0.03,0,2
3815,22,38400,MORTGAGE,6,0,1,0,0,0,0,0,1,0,A,8500,7.14,0,0.22,0,3
3835,24,38450,MORTGAGE,6,0,1,0,0,0,0,0,1,0,A,5500,7.49,0,0.14,0,4
3843,21,38500,MORTGAGE,5,0,1,0,0,0,0,0,1,0,A,6500,7.51,0,0.17,0,3
3845,24,38500,MORTGAGE,5,0,1,0,0,0,0,0,1,0,C,2500,,0,0.06,0,4
3852,20,32652,MORTGAGE,0,0,1,0,0,0,0,0,1,0,D,6000,14.61,1,0.18,0,4
3858,25,38880,MORTGAGE,1,0,1,0,0,0,0,0,1,0,A,9500,7.51,0,0.24,0,4
3878,22,39000,MORTGAGE,4,0,1,0,0,0,0,0,1,0,B,3250,10.99,0,0.08,0,2
3901,22,39000,MORTGAGE,6,0,1,0,0,0,0,0,1,0,A,10750,,0,0.28,0,3
3920,25,33168,MORTGAGE,9,0,1,0,0,0,0,0,1,0,C,6000,15.96,1,0.18,0,4
3921,26,33192,MORTGAGE,,0,1,0,0,0,0,0,1,0,B,3000,12.69,1,0.09,0,4
3954,25,39600,MORTGAGE,9,0,1,0,0,0,0,0,1,0,B,5000,8.88,0,0.13,0,3
3960,26,39672,MORTGAGE,10,0,1,0,0,0,0,0,1,0,D,11500,15.7,0,0.29,0,4
3983,24,39996,MORTGAGE,1,0,1,0,0,0,0,0,1,0,B,3000,9.91,0,0.08,0,4
4010,21,39996,MORTGAGE,5,0,1,0,0,0,0,0,1,0,B,8000,10.25,0,0.2,0,4
4038,22,40000,MORTGAGE,6,0,1,0,0,0,0,0,1,0,B,14400,12.69,0,0.36,0,3
4070,23,40000,MORTGAGE,4,0,1,0,0,0,0,0,1,0,B,6000,,0,0.15,0,2
4098,21,40000,MORTGAGE,5,0,1,0,0,0,0,0,1,0,A,5000,6.62,0,0.13,0,2
4127,23,40000,MORTGAGE,7,0,1,0,0,0,0,0,1,0,B,4000,10.99,0,0.1,0,4
4155,22,40000,MORTGAGE,5,0,1,0,0,0,0,0,1,0,A,5400,7.42,0,0.14,0,2
4158,25,40000,MORTGAGE,2,0,1,0,0,0,0,0,1,0,B,4500,10.99,0,0.11,0,3
4185,22,40000,MORTGAGE,7,0,1,0,0,0,0,0,1,0,A,10850,7.66,0,0.27,0,4
4189,23,40000,MORTGAGE,6,0,1,0,0,0,0,0,1,0,B,7200,11.11,0,0.18,0,2
4213,26,34000,MORTGAGE,4,0,1,0,0,0,0,0,1,0,A,12250,6.91,1,0.36,0,4
4247,22,40000,MORTGAGE,6,0,1,0,0,0,0,0,1,0,A,4800,,0,0.12,0,2
4258,22,34000,MORTGAGE,4,0,1,0,0,0,0,0,1,0,D,7750,15.21,1,0.23,0,2
4260,23,40000,MORTGAGE,1,0,1,0,0,0,0,0,1,0,A,4000,7.14,0,0.1,0,3
4273,22,40000,MORTGAGE,2,0,1,0,0,0,0,0,1,0,A,8100,7.14,0,0.2,0,3
4283,24,40000,MORTGAGE,8,0,1,0,0,0,0,0,1,0,B,10000,9.88,0,0.25,0,2
4426,26,40224,MORTGAGE,0,0,1,0,0,0,0,0,1,0,A,7000,7.4,0,0.17,0,2
4459,22,40800,MORTGAGE,6,0,1,0,0,0,0,0,1,0,A,7975,5.79,0,0.2,0,3
4474,26,40800,MORTGAGE,3,0,1,0,0,0,0,0,1,0,A,7500,7.88,0,0.18,0,2
4502,26,41000,MORTGAGE,5,0,1,0,0,0,0,0,1,0,A,8000,6.03,0,0.2,0,3
4514,21,41000,MORTGAGE,,0,1,0,0,0,0,0,1,0,A,3000,5.79,0,0.07,0,4
4515,21,41000,MORTGAGE,2,0,1,0,0,0,0,0,1,0,A,8200,6.91,0,0.2,0,3
4607,22,41820,MORTGAGE,4,0,1,0,0,0,0,0,1,0,A,2500,6.91,0,0.06,0,3
4621,22,42000,MORTGAGE,1,0,1,0,0,0,0,0,1,0,C,10500,14.65,0,0.25,0,2
4627,23,42000,MORTGAGE,0,0,1,0,0,0,0,0,1,0,D,6000,16.77,0,0.14,0,3
4673,24,42000,MORTGAGE,8,0,1,0,0,0,0,0,1,0,B,1000,11.49,0,0.02,0,4
4706,24,42000,MORTGAGE,9,0,1,0,0,0,0,0,1,0,A,11000,5.42,0,0.26,0,4
4707,24,42000,MORTGAGE,2,0,1,0,0,0,0,0,1,0,A,10000,7.49,0,0.24,0,4
4725,22,42000,MORTGAGE,4,0,1,0,0,0,0,0,1,0,A,7050,,0,0.17,0,4
4783,24,42000,MORTGAGE,8,0,1,0,0,0,0,0,1,0,B,12000,10.38,0,0.29,0,4
4837,25,42000,MORTGAGE,2,0,1,0,0,0,0,0,1,0,A,6000,8.94,0,0.14,0,2
4849,23,42000,MORTGAGE,1,0,1,0,0,0,0,0,1,0,C,5750,13.57,0,0.14,0,3
4871,24,42000,MORTGAGE,2,0,1,0,0,0,0,0,1,0,C,2000,11.28,0,0.05,0,2
4891,24,42252,MORTGAGE,3,0,1,0,0,0,0,0,1,0,C,8000,12.84,0,0.19,0,2
4901,24,42500,MORTGAGE,5,0,1,0,0,0,0,0,1,0,A,4800,7.51,0,0.11,0,2
4962,21,43000,MORTGAGE,5,0,1,0,0,0,0,0,1,0,A,7000,6.62,0,0.16,0,4
4980,26,43000,MORTGAGE,9,0,1,0,0,0,0,0,1,0,A,8800,5.42,0,0.2,0,3
4990,22,43000,MORTGAGE,0,0,1,0,0,0,0,0,1,0,B,6650,10.37,0,0.15,0,3
5013,24,43000,MORTGAGE,3,0,1,0,0,0,0,0,1,0,A,11500,7.88,0,0.27,0,2
5035,23,43000,MORTGAGE,1,0,1,0,0,0,0,0,1,0,A,9000,9.63,0,0.21,0,2
5048,22,43200,MORTGAGE,1,0,1,0,0,0,0,0,1,0,D,8400,16.77,0,0.19,0,4
5069,22,43200,MORTGAGE,7,0,1,0,0,0,0,0,1,0,A,11000,5.42,0,0.25,0,2
5122,21,43971,MORTGAGE,5,0,1,0,0,0,0,0,1,0,A,4600,5.42,0,0.1,0,4
5137,24,44000,MORTGAGE,4,0,1,0,0,0,0,0,1,0,B,11200,10.99,0,0.25,0,4
5143,22,44000,MORTGAGE,2,0,1,0,0,0,0,0,1,0,A,3500,5.99,0,0.08,0,2
5144,24,44000,MORTGAGE,7,0,1,0,0,0,0,0,1,0,B,10000,9.99,0,0.23,0,3
5150,26,44000,MORTGAGE,7,0,1,0,0,0,0,0,1,0,E,10000,17.14,0,0.23,0,4
5170,24,38000,MORTGAGE,0,0,1,0,0,0,0,0,1,0,D,2500,15.7,1,0.07,0,2
5209,26,38340,MORTGAGE,7,0,1,0,0,0,0,0,1,0,B,2500,12.18,1,0.07,0,4
5241,24,44582,MORTGAGE,8,0,1,0,0,0,0,0,1,0,A,5600,7.49,0,0.13,0,2
5249,22,44720,MORTGAGE,6,0,1,0,0,0,0,0,1,0,A,6000,7.9,0,0.13,0,2
5253,26,44959,MORTGAGE,2,0,1,0,0,0,0,0,1,0,B,10000,11.71,0,0.22,0,2
5279,26,45000,MORTGAGE,4,0,1,0,0,0,0,0,1,0,A,11000,8.9,0,0.24,0,3
5297,25,39000,MORTGAGE,5,0,1,0,0,0,0,0,1,0,C,8500,14.65,1,0.22,0,4
5303,25,45000,MORTGAGE,5,0,1,0,0,0,0,0,1,0,B,3800,10.65,0,0.08,0,2
5317,22,45000,MORTGAGE,6,0,1,0,0,0,0,0,1,0,A,5000,6.99,0,0.11,0,3
5370,26,45000,MORTGAGE,5,0,1,0,0,0,0,0,1,0,A,14650,7.49,0,0.33,0,2
5374,24,45000,MORTGAGE,8,0,1,0,0,0,0,0,1,0,A,4000,,0,0.09,0,2
5378,24,45000,MORTGAGE,2,0,1,0,0,0,0,0,1,0,A,7200,7.29,0,0.16,0,4
5419,24,45000,MORTGAGE,5,0,1,0,0,0,0,0,1,0,A,10000,5.79,0,0.22,0,4
5441,21,45000,MORTGAGE,5,0,1,0,0,0,0,0,1,0,A,4000,7.14,0,0.09,0,3
5471,26,45000,MORTGAGE,10,0,1,0,0,0,0,0,1,0,A,1500,6.76,0,0.03,0,4
5482,21,45000,MORTGAGE,5,0,1,0,0,0,0,0,1,0,A,10000,7.51,0,0.22,0,2
5518,23,45000,MORTGAGE,2,0,1,0,0,0,0,0,1,0,A,3000,7.05,0,0.07,0,3
5604,21,45192,MORTGAGE,0,0,1,0,0,0,0,0,1,0,B,11700,10.74,0,0.26,0,2
5612,23,39292,MORTGAGE,3,0,1,0,0,0,0,0,1,0,A,3250,,1,0.08,0,4
5619,23,45378,MORTGAGE,7,0,1,0,0,0,0,0,1,0,A,6000,5.79,0,0.13,0,2
5670,26,45900,MORTGAGE,10,0,1,0,0,0,0,0,1,0,C,11500,13.79,0,0.25,0,4
5698,23,46000,MORTGAGE,7,0,1,0,0,0,0,0,1,0,A,5000,6.62,0,0.11,0,3
5712,23,46000,MORTGAGE,6,0,1,0,0,0,0,0,1,0,A,15000,6.99,0,0.33,0,3
5722,22,46000,MORTGAGE,6,0,1,0,0,0,0,0,1,0,B,4000,10.37,0,0.09,0,2
5797,23,46800,MORTGAGE,,0,1,0,0,0,0,0,1,0,A,5000,6.99,0,0.11,0,2
5814,23,46800,MORTGAGE,4,0,1,0,0,0,0,0,1,0,A,13000,8.59,0,0.28,0,2
5832,24,47000,MORTGAGE,8,0,1,0,0,0,0,0,1,0,B,3000,12.69,0,0.06,0,3
5860,26,47000,MORTGAGE,0,0,1,0,0,0,0,0,1,0,A,3000,5.79,0,0.06,0,2
5876,21,47000,MORTGAGE,5,0,1,0,0,0,0,0,1,0,A,7000,7.14,0,0.15,0,3
5903,24,47100,MORTGAGE,,0,1,0,0,0,0,0,1,0,B,4000,11.49,0,0.08,0,3
5904,24,47110,MORTGAGE,0,0,1,0,0,0,0,0,1,0,B,11000,10.99,0,0.23,0,4
5917,24,47300,MORTGAGE,5,0,1,0,0,0,0,0,1,0,A,9500,8.49,0,0.2,0,2
5949,22,47748,MORTGAGE,5,0,1,0,0,0,0,0,1,0,A,4500,6.39,0,0.09,0,4
5951,21,47760,MORTGAGE,2,0,1,0,0,0,0,0,1,0,A,15000,6.03,0,0.31,0,2
5977,22,42000,MORTGAGE,,0,1,0,0,0,0,0,1,0,A,3200,7.9,1,0.08,0,3
5998,22,48000,MORTGAGE,5,0,1,0,0,0,0,0,1,0,B,3000,,0,0.06,0,3
6013,23,48000,MORTGAGE,8,0,1,0,0,0,0,0,1,0,B,10000,10.65,0,0.21,0,3
6027,26,48000,MORTGAGE,10,0,1,0,0,0,0,0,1,0,B,2000,10.99,0,0.04,0,2
6067,24,48000,MORTGAGE,8,0,1,0,0,0,0,0,1,0,A,3200,5.99,0,0.07,0,4
6070,26,48000,MORTGAGE,9,0,1,0,0,0,0,0,1,0,B,8000,10.59,0,0.17,0,4
6079,22,48000,MORTGAGE,1,0,1,0,0,0,0,0,1,0,B,4000,9.63,0,0.08,0,2
6110,26,48000,MORTGAGE,4,0,1,0,0,0,0,0,1,0,A,10000,5.79,0,0.21,0,3
6126,22,48000,MORTGAGE,4,0,1,0,0,0,0,0,1,0,A,6500,6.17,0,0.14,0,2
6147,22,48000,MORTGAGE,4,0,1,0,0,0,0,0,1,0,B,4000,11.86,0,0.08,0,2
6154,25,48000,MORTGAGE,4,0,1,0,0,0,0,0,1,0,B,7350,11.12,0,0.15,0,2
6156,24,48000,MORTGAGE,4,0,1,0,0,0,0,0,1,0,A,1200,6.76,0,0.03,0,3
6204,22,48000,MORTGAGE,0,0,1,0,0,0,0,0,1,0,B,2800,12.53,0,0.06,0,2
6280,23,48500,MORTGAGE,8,0,1,0,0,0,0,0,1,0,B,6000,10.25,0,0.12,0,2
6293,23,48600,MORTGAGE,7,0,1,0,0,0,0,0,1,0,B,19000,11.36,0,0.39,0,4
6323,24,43000,MORTGAGE,1,0,1,0,0,0,0,0,1,0,D,4000,17.49,1,0.09,0,3
6343,22,49000,MORTGAGE,,0,1,0,0,0,0,0,1,0,A,16750,6.91,0,0.34,0,4
6439,25,50000,MORTGAGE,9,0,1,0,0,0,0,0,1,0,C,20000,15.27,0,0.4,0,4
6442,24,50000,MORTGAGE,2,0,1,0,0,0,0,0,1,0,A,6000,7.51,0,0.12,0,3
6490,22,50000,MORTGAGE,6,0,1,0,0,0,0,0,1,0,A,8000,6.03,0,0.16,0,3
6501,22,50000,MORTGAGE,6,0,1,0,0,0,0,0,1,0,A,15000,7.9,0,0.3,0,3
6517,22,50000,MORTGAGE,6,0,1,0,0,0,0,0,1,0,A,7800,6.62,0,0.16,0,3
6531,24,50000,MORTGAGE,5,0,1,0,0,0,0,0,1,0,D,22800,17.27,0,0.46,0,2
6538,24,50000,MORTGAGE,8,0,1,0,0,0,0,0,1,0,B,8000,10.99,0,0.16,0,3
6580,23,44000,MORTGAGE,7,0,1,0,0,0,0,0,1,0,A,10000,8.49,1,0.23,0,4
6604,24,50000,MORTGAGE,5,0,1,0,0,0,0,0,1,0,B,3500,10.99,0,0.07,0,2
6608,21,50000,MORTGAGE,5,0,1,0,0,0,0,0,1,0,B,7000,10.59,0,0.14,0,3
6621,26,44000,MORTGAGE,4,0,1,0,0,0,0,0,1,0,B,11500,9.63,1,0.26,0,3
6624,23,50000,MORTGAGE,3,0,1,0,0,0,0,0,1,0,A,6000,6.92,0,0.12,0,2
6629,25,50000,MORTGAGE,9,0,1,0,0,0,0,0,1,0,A,10000,6.92,0,0.2,0,2
6648,22,50000,MORTGAGE,3,0,1,0,0,0,0,0,1,0,B,6000,11.11,0,0.12,0,3
6662,25,50000,MORTGAGE,9,0,1,0,0,0,0,0,1,0,A,12000,,0,0.24,0,2
6670,24,50000,MORTGAGE,2,0,1,0,0,0,0,0,1,0,A,7000,5.42,0,0.14,0,4
6682,22,50000,MORTGAGE,4,0,1,0,0,0,0,0,1,0,B,7000,9.25,0,0.14,0,3
6688,24,50000,MORTGAGE,5,0,1,0,0,0,0,0,1,0,A,6000,6.17,0,0.12,0,2
6705,22,50000,MORTGAGE,6,0,1,0,0,0,0,0,1,0,B,8000,11.12,0,0.16,0,3
6712,25,50000,MORTGAGE,9,0,1,0,0,0,0,0,1,0,C,2500,13.61,0,0.05,0,3
6723,26,50000,MORTGAGE,10,0,1,0,0,0,0,0,1,0,A,10000,7.51,0,0.2,0,3
6736,23,44000,MORTGAGE,7,0,1,0,0,0,0,0,1,0,A,8500,7.14,1,0.19,0,3
6738,23,50000,MORTGAGE,2,0,1,0,0,0,0,0,1,0,B,4000,11.86,0,0.08,0,3
6766,25,50000,MORTGAGE,4,0,1,0,0,0,0,0,1,0,A,6000,6.76,0,0.12,0,3
6769,22,50000,MORTGAGE,0,0,1,0,0,0,0,0,1,0,A,6250,7.88,0,0.13,0,2
6784,23,50000,MORTGAGE,5,0,1,0,0,0,0,0,1,0,B,9000,11.14,0,0.18,0,2
6787,22,50000,MORTGAGE,0,0,1,0,0,0,0,0,1,0,B,2500,12.18,0,0.05,0,4
6788,23,50000,MORTGAGE,1,0,1,0,0,0,0,0,1,0,A,9000,,0,0.18,0,2
6793,22,50000,MORTGAGE,5,0,1,0,0,0,0,0,1,0,B,2000,12.18,0,0.04,0,3
6811,23,44000,MORTGAGE,8,0,1,0,0,0,0,0,1,0,B,15000,12.18,1,0.34,0,3
6844,23,50000,MORTGAGE,0,0,1,0,0,0,0,0,1,0,A,6500,,0,0.13,0,4
6850,24,50000,MORTGAGE,1,0,1,0,0,0,0,0,1,0,C,11400,12.53,0,0.23,0,2
6867,25,44000,MORTGAGE,7,0,1,0,0,0,0,0,1,0,B,7500,10.08,1,0.17,0,2
6879,26,50000,MORTGAGE,2,0,1,0,0,0,0,0,1,0,D,20000,13.3,0,0.4,0,3
6885,22,50004,MORTGAGE,,0,1,0,0,0,0,0,1,0,B,4950,,0,0.1,0,2
6899,23,50004,MORTGAGE,7,0,1,0,0,0,0,0,1,0,B,16000,11.83,0,0.32,0,2
6902,26,50004,MORTGAGE,10,0,1,0,0,0,0,0,1,0,A,5000,9.32,0,0.1,0,2
6910,23,50004,MORTGAGE,7,0,1,0,0,0,0,0,1,0,A,6000,,0,0.12,0,3
6919,21,50031,MORTGAGE,5,0,1,0,0,0,0,0,1,0,A,2000,5.99,0,0.04,0,2
6963,24,50496,MORTGAGE,3,0,1,0,0,0,0,0,1,0,B,3000,11.99,0,0.06,0,3
6976,26,50648,MORTGAGE,8,0,1,0,0,0,0,0,1,0,A,8000,6.76,0,0.16,0,4
7010,23,51000,MORTGAGE,2,0,1,0,0,0,0,0,1,0,A,8000,7.49,0,0.16,0,3
7020,25,51000,MORTGAGE,0,0,1,0,0,0,0,0,1,0,A,4200,7.29,0,0.08,0,2
7024,25,51000,MORTGAGE,6,0,1,0,0,0,0,0,1,0,E,16750,16.4,0,0.33,0,4
7033,22,51000,MORTGAGE,6,0,1,0,0,0,0,0,1,0,B,7000,11.12,0,0.14,0,3
7052,21,51000,MORTGAGE,5,0,1,0,0,0,0,0,1,0,A,6000,7.88,0,0.12,0,2
7127,25,51684,MORTGAGE,9,0,1,0,0,0,0,0,1,0,D,4000,15.99,0,0.08,0,4
7137,24,51992,MORTGAGE,9,0,1,0,0,0,0,0,1,0,C,15000,13.98,0,0.29,0,3
7139,24,51996,MORTGAGE,3,0,1,0,0,0,0,0,1,0,A,7000,7.49,0,0.13,0,3
7144,23,51996,MORTGAGE,3,0,1,0,0,0,0,0,1,0,A,5000,6.92,0,0.1,0,3
7145,24,51996,MORTGAGE,0,0,1,0,0,0,0,0,1,0,B,12000,10.74,0,0.23,0,3
7156,22,51996,MORTGAGE,6,0,1,0,0,0,0,0,1,0,A,6000,7.88,0,0.12,0,4
7166,26,51996,MORTGAGE,10,0,1,0,0,0,0,0,1,0,B,1500,9.7,0,0.03,0,3
7171,23,46000,MORTGAGE,5,0,1,0,0,0,0,0,1,0,B,9500,12.69,1,0.21,0,4
7200,21,52000,MORTGAGE,4,0,1,0,0,0,0,0,1,0,D,2000,15.62,0,0.04,0,4
7203,26,52000,MORTGAGE,6,0,1,0,0,0,0,0,1,0,B,3300,10.99,0,0.06,0,2
7206,25,52000,MORTGAGE,3,0,1,0,0,0,0,0,1,0,A,6000,8.49,0,0.12,0,3
7281,26,52000,MORTGAGE,6,0,1,0,0,0,0,0,1,0,A,6500,6.76,0,0.13,0,4
7287,24,52000,MORTGAGE,8,0,1,0,0,0,0,0,1,0,B,5000,10.99,0,0.1,0,3
7308,24,46000,MORTGAGE,2,0,1,0,0,0,0,0,1,0,B,15250,12.53,1,0.33,0,2
7310,22,52000,MORTGAGE,6,0,1,0,0,0,0,0,1,0,A,4800,8.59,0,0.09,0,2
7317,26,52000,MORTGAGE,10,0,1,0,0,0,0,0,1,0,A,3000,9.63,0,0.06,0,3
7325,24,52000,MORTGAGE,8,0,1,0,0,0,0,0,1,0,A,5000,8.32,0,0.1,0,2
7350,26,52500,MORTGAGE,0,0,1,0,0,0,0,0,1,0,B,15250,9.63,0,0.29,0,2
7357,22,52584,MORTGAGE,2,0,1,0,0,0,0,0,1,0,D,6400,14.54,0,0.12,0,4
7358,25,46645,MORTGAGE,9,0,1,0,0,0,0,0,1,0,B,2000,12.69,1,0.04,0,3
7362,26,52700,MORTGAGE,7,0,1,0,0,0,0,0,1,0,A,4000,7.4,0,0.08,0,3
7366,23,52780,MORTGAGE,2,0,1,0,0,0,0,0,1,0,A,8000,7.51,0,0.15,0,2
7382,22,52800,MORTGAGE,6,0,1,0,0,0,0,0,1,0,A,7000,6.76,0,0.13,0,2
7434,22,53000,MORTGAGE,6,0,1,0,0,0,0,0,1,0,A,5000,5.42,0,0.09,0,3
7486,21,53000,MORTGAGE,0,0,1,0,0,0,0,0,1,0,D,12000,13.24,0,0.23,0,2
7491,23,53004,MORTGAGE,7,0,1,0,0,0,0,0,1,0,A,10000,5.79,0,0.19,0,3
7506,24,53184,MORTGAGE,8,0,1,0,0,0,0,0,1,0,B,13500,10.99,0,0.25,0,4
7529,26,53595,MORTGAGE,3,0,1,0,0,0,0,0,1,0,A,6000,7.88,0,0.11,0,2
7542,22,53808,MORTGAGE,5,0,1,0,0,0,0,0,1,0,A,6000,8.9,0,0.11,0,2
7546,21,53876,MORTGAGE,,0,1,0,0,0,0,0,1,0,C,2700,14.72,0,0.05,0,4
7558,22,54000,MORTGAGE,3,0,1,0,0,0,0,0,1,0,A,15750,6.62,0,0.29,0,4
7560,26,54000,MORTGAGE,4,0,1,0,0,0,0,0,1,0,A,9600,6.62,0,0.18,0,3
7581,24,54000,MORTGAGE,7,0,1,0,0,0,0,0,1,0,A,5000,5.42,0,0.09,0,4
7587,25,48000,MORTGAGE,8,0,1,0,0,0,0,0,1,0,A,2250,8.49,1,0.05,0,3
7589,24,54000,MORTGAGE,8,0,1,0,0,0,0,0,1,0,A,13000,7.49,0,0.24,0,2
7598,24,54000,MORTGAGE,5,0,1,0,0,0,0,0,1,0,A,8000,7.49,0,0.15,0,4
7599,24,54000,MORTGAGE,3,0,1,0,0,0,0,0,1,0,B,8000,10.99,0,0.15,0,3
7605,23,54000,MORTGAGE,7,0,1,0,0,0,0,0,1,0,A,2000,5.42,0,0.04,0,2
7619,25,54000,MORTGAGE,2,0,1,0,0,0,0,0,1,0,B,4000,11.11,0,0.07,0,3
7661,25,54000,MORTGAGE,9,0,1,0,0,0,0,0,1,0,C,16000,,0,0.3,0,4
7664,26,54000,MORTGAGE,5,0,1,0,0,0,0,0,1,0,A,14000,7.88,0,0.26,0,3
7668,21,54000,MORTGAGE,4,0,1,0,0,0,0,0,1,0,B,10000,,0,0.19,0,4
7669,26,54000,MORTGAGE,9,0,1,0,0,0,0,0,1,0,A,10800,7.88,0,0.2,0,3
7676,22,54000,MORTGAGE,3,0,1,0,0,0,0,0,1,0,A,9000,7.51,0,0.17,0,3
7686,22,54000,MORTGAGE,6,0,1,0,0,0,0,0,1,0,A,7000,8.94,0,0.13,0,2
7708,24,54080,MORTGAGE,8,0,1,0,0,0,0,0,1,0,A,8000,8.63,0,0.15,0,4
7716,25,54300,MORTGAGE,,0,1,0,0,0,0,0,1,0,A,8000,6.92,0,0.15,0,4
7734,22,54566,MORTGAGE,6,0,1,0,0,0,0,0,1,0,B,4000,12.53,0,0.07,0,2
7740,26,54600,MORTGAGE,10,0,1,0,0,0,0,0,1,0,B,4800,,0,0.09,0,2
7789,23,54996,MORTGAGE,7,0,1,0,0,0,0,0,1,0,C,8000,14.35,0,0.15,0,4
7790,25,48996,MORTGAGE,8,0,1,0,0,0,0,0,1,0,B,5000,9.88,1,0.1,0,2
7815,23,55000,MORTGAGE,3,0,1,0,0,0,0,0,1,0,A,7500,7.51,0,0.14,0,2
7821,25,55000,MORTGAGE,6,0,1,0,0,0,0,0,1,0,C,15000,15.27,0,0.27,0,3
7826,24,55000,MORTGAGE,5,0,1,0,0,0,0,0,1,0,B,3100,11.71,0,0.06,0,2
7836,26,55000,MORTGAGE,6,0,1,0,0,0,0,0,1,0,B,3775,11.71,0,0.07,0,3
7845,23,55000,MORTGAGE,0,0,1,0,0,0,0,0,1,0,A,2000,,0,0.04,0,2
7851,24,55000,MORTGAGE,3,0,1,0,0,0,0,0,1,0,A,15000,6.62,0,0.27,0,3
7862,21,55000,MORTGAGE,5,0,1,0,0,0,0,0,1,0,A,12000,5.42,0,0.22,0,2
7921,22,55000,MORTGAGE,4,0,1,0,0,0,0,0,1,0,A,5000,7.66,0,0.09,0,2
7935,23,55000,MORTGAGE,5,0,1,0,0,0,0,0,1,0,A,15000,6.17,0,0.27,0,2
7936,22,49000,MORTGAGE,6,0,1,0,0,0,0,0,1,0,A,10000,5.79,1,0.2,0,4
7939,23,55000,MORTGAGE,5,0,1,0,0,0,0,0,1,0,A,7750,6.17,0,0.14,0,4
7992,21,55000,MORTGAGE,0,0,1,0,0,0,0,0,1,0,B,10000,10.25,0,0.18,0,2
7993,22,55000,MORTGAGE,6,0,1,0,0,0,0,0,1,0,B,10000,10.62,0,0.18,0,2
7999,24,55000,MORTGAGE,3,0,1,0,0,0,0,0,1,0,A,6000,7.51,0,0.11,0,4
8003,22,55000,MORTGAGE,6,0,1,0,0,0,0,0,1,0,C,13000,13.85,0,0.24,0,3
8013,23,49000,MORTGAGE,7,0,1,0,0,0,0,0,1,0,G,15000,19.82,1,0.31,0,2
8018,25,55000,MORTGAGE,9,0,1,0,0,0,0,0,1,0,A,10200,8.94,0,0.19,0,3
8086,24,55152,MORTGAGE,8,0,1,0,0,0,0,0,1,0,B,16000,11.49,0,0.29,0,2
8121,23,49635,MORTGAGE,6,0,1,0,0,0,0,0,1,0,A,12000,7.29,1,0.24,0,3
8126,25,55800,MORTGAGE,1,0,1,0,0,0,0,0,1,0,B,4000,10.75,0,0.07,0,2
8130,26,55900,MORTGAGE,5,0,1,0,0,0,0,0,1,0,C,18200,14.26,0,0.33,0,4
8152,25,50000,MORTGAGE,6,0,1,0,0,0,0,0,1,0,A,12800,7.49,1,0.26,0,4
8188,22,56000,MORTGAGE,6,0,1,0,0,0,0,0,1,0,A,4750,7.14,0,0.08,0,2
8205,23,56000,MORTGAGE,7,0,1,0,0,0,0,0,1,0,F,13750,18.43,0,0.25,0,2
8212,23,56000,MORTGAGE,7,0,1,0,0,0,0,0,1,0,B,4500,11.83,0,0.08,0,4
8237,23,56160,MORTGAGE,2,0,1,0,0,0,0,0,1,0,B,3050,10.59,0,0.05,0,2
8267,25,56900,MORTGAGE,9,0,1,0,0,0,0,0,1,0,A,25000,7.51,0,0.44,0,3
8278,22,57000,MORTGAGE,6,0,1,0,0,0,0,0,1,0,B,11425,9.91,0,0.2,0,4
8281,25,57000,MORTGAGE,5,0,1,0,0,0,0,0,1,0,A,13000,8.9,0,0.23,0,2
8301,23,57000,MORTGAGE,7,0,1,0,0,0,0,0,1,0,A,9250,5.99,0,0.16,0,4
8311,23,57000,MORTGAGE,6,0,1,0,0,0,0,0,1,0,A,7000,,0,0.12,0,2
8328,22,57000,MORTGAGE,5,0,1,0,0,0,0,0,1,0,B,7500,11.86,0,0.13,0,3
8330,22,57000,MORTGAGE,5,0,1,0,0,0,0,0,1,0,B,7500,10.25,0,0.13,0,2
8370,24,57431,MORTGAGE,8,0,1,0,0,0,0,0,1,0,A,4000,6.76,0,0.07,0,3
8385,23,57504,MORTGAGE,7,0,1,0,0,0,0,0,1,0,A,10000,8.59,0,0.17,0,2
8396,23,51600,MORTGAGE,1,0,1,0,0,0,0,0,1,0,B,4800,10.99,1,0.09,0,3
8403,22,57600,MORTGAGE,1,0,1,0,0,0,0,0,1,0,B,6000,10,0,0.1,0,2
8406,23,57600,MORTGAGE,7,0,1,0,0,0,0,0,1,0,A,5000,5.79,0,0.09,0,3
8412,25,57600,MORTGAGE,4,0,1,0,0,0,0,0,1,0,A,7000,7.88,0,0.12,0,3
8419,23,57700,MORTGAGE,7,0,1,0,0,0,0,0,1,0,B,3500,10.65,0,0.06,0,4
8424,23,57744,MORTGAGE,7,0,1,0,0,0,0,0,1,0,B,2500,10.37,0,0.04,0,2
8454,24,58000,MORTGAGE,3,0,1,0,0,0,0,0,1,0,D,15000,,0,0.26,0,4
8466,26,58000,MORTGAGE,5,0,1,0,0,0,0,0,1,0,A,10000,,0,0.17,0,4
8472,26,58000,MORTGAGE,2,0,1,0,0,0,0,0,1,0,A,3000,6.92,0,0.05,0,4
8503,23,52000,MORTGAGE,7,0,1,0,0,0,0,0,1,0,B,5000,11.48,1,0.1,0,2
8547,23,58600,MORTGAGE,6,0,1,0,0,0,0,0,1,0,A,7800,7.9,0,0.13,0,4
8561,22,58896,MORTGAGE,6,0,1,0,0,0,0,0,1,0,A,9500,6.76,0,0.16,0,3
8563,26,58900,MORTGAGE,8,0,1,0,0,0,0,0,1,0,A,6400,8.63,0,0.11,0,3
8569,26,59000,MORTGAGE,9,0,1,0,0,0,0,0,1,0,A,6000,7.51,0,0.1,0,4
8571,23,59000,MORTGAGE,7,0,1,0,0,0,0,0,1,0,A,3600,7.51,0,0.06,0,2
8585,21,53000,MORTGAGE,4,0,1,0,0,0,0,0,1,0,A,14400,7.49,1,0.27,0,2
8596,24,59000,MORTGAGE,5,0,1,0,0,0,0,0,1,0,A,8000,6.54,0,0.14,0,4
8599,21,59000,MORTGAGE,5,0,1,0,0,0,0,0,1,0,B,5600,11.49,0,0.09,0,4
8612,26,59020,MORTGAGE,10,0,1,0,0,0,0,0,1,0,B,7000,10,0,0.12,0,2
8625,26,59500,MORTGAGE,8,0,1,0,0,0,0,0,1,0,B,5100,10.37,0,0.09,0,4
8630,22,59600,MORTGAGE,6,0,1,0,0,0,0,0,1,0,A,6000,5.42,0,0.1,0,3
8656,26,60000,MORTGAGE,9,0,1,0,0,0,0,0,1,0,C,7200,13.49,0,0.12,0,2
8661,24,60000,MORTGAGE,8,0,1,0,0,0,0,0,1,0,A,18000,7.9,0,0.3,0,3
8701,23,60000,MORTGAGE,3,0,1,0,0,0,0,0,1,0,B,12000,10.65,0,0.2,0,2
8703,22,60000,MORTGAGE,6,0,1,0,0,0,0,0,1,0,A,10000,8.9,0,0.17,0,4
8704,23,60000,MORTGAGE,0,0,1,0,0,0,0,0,1,0,A,8000,7.51,0,0.13,0,2
8719,26,60000,MORTGAGE,10,0,1,0,0,0,0,0,1,0,D,8000,16.77,0,0.13,0,2
8751,23,60000,MORTGAGE,7,0,1,0,0,0,0,0,1,0,A,6000,8.9,0,0.1,0,4
8774,25,60000,MORTGAGE,2,0,1,0,0,0,0,0,1,0,B,6900,9.99,0,0.12,0,3
8794,22,60000,MORTGAGE,2,0,1,0,0,0,0,0,1,0,A,5200,5.99,0,0.09,0,2
8799,25,60000,MORTGAGE,10,0,1,0,0,0,0,0,1,0,A,3600,5.99,0,0.06,0,3
8821,25,60000,MORTGAGE,5,0,1,0,0,0,0,0,1,0,A,10425,8.49,0,0.17,0,4
8829,24,60000,MORTGAGE,8,0,1,0,0,0,0,0,1,0,C,9600,12.99,0,0.16,0,2
8834,25,60000,MORTGAGE,9,0,1,0,0,0,0,0,1,0,A,1800,8.49,0,0.03,0,4
8864,22,60000,MORTGAGE,1,0,1,0,0,0,0,0,1,0,A,10000,5.42,0,0.17,0,2
8877,23,60000,MORTGAGE,7,0,1,0,0,0,0,0,1,0,A,3800,5.42,0,0.06,0,3
8907,22,60000,MORTGAGE,2,0,1,0,0,0,0,0,1,0,A,10000,,0,0.17,0,4
8911,26,60000,MORTGAGE,6,0,1,0,0,0,0,0,1,0,A,3050,7.29,0,0.05,0,3
8925,22,60000,MORTGAGE,7,0,1,0,0,0,0,0,1,0,B,12000,10,0,0.2,0,3
8957,23,60000,MORTGAGE,7,0,1,0,0,0,0,0,1,0,A,12000,,0,0.2,0,4
8959,22,60000,MORTGAGE,6,0,1,0,0,0,0,0,1,0,A,2000,6.54,0,0.03,0,3
8965,23,60000,MORTGAGE,6,0,1,0,0,0,0,0,1,0,B,2000,10.36,0,0.03,0,2
8970,21,60000,MORTGAGE,5,0,1,0,0,0,0,0,1,0,A,6000,6.91,0,0.1,0,4
8971,23,60000,MORTGAGE,4,0,1,0,0,0,0,0,1,0,A,20000,6.54,0,0.33,0,3
9031,24,60000,MORTGAGE,2,0,1,0,0,0,0,0,1,0,B,2600,11.49,0,0.04,0,4
9045,24,60000,MORTGAGE,9,0,1,0,0,0,0,0,1,0,A,5000,7.88,0,0.08,0,4
9070,23,60000,MORTGAGE,3,0,1,0,0,0,0,0,1,0,A,13000,7.88,0,0.22,0,4
9126,26,60000,MORTGAGE,3,0,1,0,0,0,0,0,1,0,A,11500,7.88,0,0.19,0,2
9156,26,60000,MORTGAGE,10,0,1,0,0,0,0,0,1,0,A,1200,7.4,0,0.02,0,4
9168,23,60000,MORTGAGE,6,0,1,0,0,0,0,0,1,0,A,3350,,0,0.06,0,4
9169,23,60000,MORTGAGE,7,0,1,0,0,0,0,0,1,0,B,9500,12.53,0,0.16,0,2
9184,22,60000,MORTGAGE,6,0,1,0,0,0,0,0,1,0,B,12900,11.14,0,0.21,0,4
9190,25,60000,MORTGAGE,2,0,1,0,0,0,0,0,1,0,B,1800,12.21,0,0.03,0,2
9199,24,60000,MORTGAGE,8,0,1,0,0,0,0,0,1,0,D,10000,14.42,0,0.17,0,4
9200,24,60000,MORTGAGE,7,0,1,0,0,0,0,0,1,0,A,10000,9.63,0,0.17,0,2
9219,24,60000,MORTGAGE,0,0,1,0,0,0,0,0,1,0,B,15000,11.89,0,0.25,0,2
9221,25,60000,MORTGAGE,2,0,1,0,0,0,0,0,1,0,B,10000,12.21,0,0.17,0,3
9225,22,60000,MORTGAGE,4,0,1,0,0,0,0,0,1,0,C,3000,13.16,0,0.05,0,2
9226,23,60000,MORTGAGE,0,0,1,0,0,0,0,0,1,0,B,10000,11.26,0,0.17,0,3
9248,23,60000,MORTGAGE,1,0,1,0,0,0,0,0,1,0,B,9900,9.76,0,0.17,0,3
9253,26,60000,MORTGAGE,0,0,1,0,0,0,0,0,1,0,A,9800,7.75,0,0.16,0,3
9262,24,60204,MORTGAGE,8,0,1,0,0,0,0,0,1,0,A,10000,7.49,0,0.17,0,4
9283,22,60612,MORTGAGE,6,0,1,0,0,0,0,0,1,0,B,5300,,0,0.09,0,4
9289,26,60996,MORTGAGE,2,0,1,0,0,0,0,0,1,0,B,12000,12.21,0,0.2,0,4
9301,21,61000,MORTGAGE,6,0,1,0,0,0,0,0,1,0,C,6000,,0,0.1,0,3
9309,26,61000,MORTGAGE,10,0,1,0,0,0,0,0,1,0,B,12000,10.99,0,0.2,0,3
9311,26,61000,MORTGAGE,4,0,1,0,0,0,0,0,1,0,A,8000,7.49,0,0.13,0,2
9313,24,61000,MORTGAGE,7,0,1,0,0,0,0,0,1,0,D,3000,15.62,0,0.05,0,3
9314,23,61000,MORTGAGE,,0,1,0,0,0,0,0,1,0,A,10000,6.99,0,0.16,0,2
9317,26,61000,MORTGAGE,10,0,1,0,0,0,0,0,1,0,A,4200,7.29,0,0.07,0,4
9320,24,61000,MORTGAGE,4,0,1,0,0,0,0,0,1,0,D,10000,15.65,0,0.16,0,3
9331,26,61000,MORTGAGE,3,0,1,0,0,0,0,0,1,0,B,7500,10.25,0,0.12,0,4
9349,25,61200,MORTGAGE,1,0,1,0,0,0,0,0,1,0,A,5650,7.66,0,0.09,0,4
9353,23,55200,MORTGAGE,1,0,1,0,0,0,0,0,1,0,E,15250,15.68,1,0.28,0,2
9361,24,61289,MORTGAGE,8,0,1,0,0,0,0,0,1,0,B,2000,11.49,0,0.03,0,4
9365,23,55365,MORTGAGE,4,0,1,0,0,0,0,0,1,0,F,25000,19.04,1,0.45,0,4
9372,23,61498,MORTGAGE,5,0,1,0,0,0,0,0,1,0,B,5000,11.36,0,0.08,0,2
9378,23,61615,MORTGAGE,4,0,1,0,0,0,0,0,1,0,B,13000,10.62,0,0.21,0,4
9392,26,62000,MORTGAGE,0,0,1,0,0,0,0,0,1,0,A,12000,7.9,0,0.19,0,2
9400,24,62000,MORTGAGE,7,0,1,0,0,0,0,0,1,0,A,6200,,0,0.1,0,3
9407,24,62000,MORTGAGE,8,0,1,0,0,0,0,0,1,0,A,5875,6.03,0,0.09,0,2
9412,22,62000,MORTGAGE,6,0,1,0,0,0,0,0,1,0,A,5000,6.03,0,0.08,0,4
9448,23,62000,MORTGAGE,2,0,1,0,0,0,0,0,1,0,A,10000,,0,0.16,0,2
9477,26,62000,MORTGAGE,2,0,1,0,0,0,0,0,1,0,B,12000,,0,0.19,0,4
9481,23,62000,MORTGAGE,1,0,1,0,0,0,0,0,1,0,B,6500,10.95,0,0.1,0,3
9509,23,56004,MORTGAGE,7,0,1,0,0,0,0,0,1,0,B,15000,11.26,1,0.27,0,2
9518,26,62100,MORTGAGE,8,0,1,0,0,0,0,0,1,0,C,1600,12.61,0,0.03,0,4
9522,26,62200,MORTGAGE,0,0,1,0,0,0,0,0,1,0,E,18000,16.63,0,0.29,0,3
9533,26,62361,MORTGAGE,6,0,1,0,0,0,0,0,1,0,B,21650,12.69,0,0.35,0,4
9540,24,62400,MORTGAGE,8,0,1,0,0,0,0,0,1,0,A,4000,8.9,0,0.06,0,4
9546,22,56400,MORTGAGE,6,0,1,0,0,0,0,0,1,0,E,25000,16.4,1,0.44,0,3
9570,22,62500,MORTGAGE,6,0,1,0,0,0,0,0,1,0,A,10000,5.99,0,0.16,0,3
9599,25,63000,MORTGAGE,9,0,1,0,0,0,0,0,1,0,B,14000,12.42,0,0.22,0,2
9610,23,63000,MORTGAGE,2,0,1,0,0,0,0,0,1,0,B,10000,10.59,0,0.16,0,2
9613,21,63000,MORTGAGE,2,0,1,0,0,0,0,0,1,0,B,10000,10.59,0,0.16,0,2
9624,23,63000,MORTGAGE,7,0,1,0,0,0,0,0,1,0,A,6800,7.66,0,0.11,0,4
9645,22,63000,MORTGAGE,6,0,1,0,0,0,0,0,1,0,B,8950,10.99,0,0.14,0,4
9654,22,63000,MORTGAGE,3,0,1,0,0,0,0,0,1,0,A,10000,8.94,0,0.16,0,4
9666,24,63000,MORTGAGE,8,0,1,0,0,0,0,0,1,0,C,11400,13.79,0,0.18,0,4
9693,22,63400,MORTGAGE,6,0,1,0,0,0,0,0,1,0,B,10500,9.99,0,0.17,0,2
9746,22,64000,MORTGAGE,3,0,1,0,0,0,0,0,1,0,A,9600,8.49,0,0.15,0,3
9823,22,58800,MORTGAGE,,0,1,0,0,0,0,0,1,0,D,23500,15.33,1,0.4,0,2
9853,24,65000,MORTGAGE,3,0,1,0,0,0,0,0,1,0,B,12000,9.91,0,0.18,0,3
9857,24,65000,MORTGAGE,8,0,1,0,0,0,0,0,1,0,B,6300,11.71,0,0.1,0,2
9858,22,65000,MORTGAGE,0,0,1,0,0,0,0,0,1,0,A,7200,8.9,0,0.11,0,2
9861,23,65000,MORTGAGE,0,0,1,0,0,0,0,0,1,0,A,12000,7.9,0,0.18,0,3
9870,24,65000,MORTGAGE,2,0,1,0,0,0,0,0,1,0,B,8000,12.69,0,0.12,0,2
9877,24,65000,MORTGAGE,9,0,1,0,0,0,0,0,1,0,C,4200,15.27,0,0.06,0,2
9883,24,65000,MORTGAGE,8,0,1,0,0,0,0,0,1,0,A,3300,7.51,0,0.05,0,4
9924,25,65000,MORTGAGE,1,0,1,0,0,0,0,0,1,0,A,12000,7.49,0,0.18,0,4
9925,24,65000,MORTGAGE,1,0,1,0,0,0,0,0,1,0,B,6000,10.99,0,0.09,0,2
9954,24,65000,MORTGAGE,7,0,1,0,0,0,0,0,1,0,A,1525,5.42,0,0.02,0,3
9963,24,65000,MORTGAGE,8,0,1,0,0,0,0,0,1,0,B,10000,11.99,0,0.15,0,4
9977,23,65000,MORTGAGE,1,0,1,0,0,0,0,0,1,0,B,10800,10,0,0.17,0,4
9983,25,65000,MORTGAGE,9,0,1,0,0,0,0,0,1,0,A,5000,7.29,0,0.08,0,4
10027,25,65000,MORTGAGE,1,0,1,0,0,0,0,0,1,0,B,15000,11.12,0,0.23,0,4
10036,24,65000,MORTGAGE,6,0,1,0,0,0,0,0,1,0,B,11000,11.49,0,0.17,0,2
10058,24,65000,MORTGAGE,8,0,1,0,0,0,0,0,1,0,A,2500,6.39,0,0.04,0,3
10068,23,65000,MORTGAGE,3,0,1,0,0,0,0,0,1,0,A,8000,7.14,0,0.12,0,4
10112,25,65000,MORTGAGE,6,0,1,0,0,0,0,0,1,0,C,7500,13.47,0,0.12,0,4
10127,22,65000,MORTGAGE,1,0,1,0,0,0,0,0,1,0,B,7500,10.08,0,0.12,0,4
10138,23,65000,MORTGAGE,0,0,1,0,0,0,0,0,1,0,A,12800,8.38,0,0.2,0,2
10139,23,65000,MORTGAGE,7,0,1,0,0,0,0,0,1,0,A,5000,7.43,0,0.08,0,4
10156,23,65004,MORTGAGE,7,0,1,0,0,0,0,0,1,0,A,15000,7.88,0,0.23,0,3
10186,23,65500,MORTGAGE,3,0,1,0,0,0,0,0,1,0,B,16800,,0,0.26,0,2
10208,24,66000,MORTGAGE,8,0,1,0,0,0,0,0,1,0,D,15000,18.25,0,0.23,0,4
10236,26,66000,MORTGAGE,7,0,1,0,0,0,0,0,1,0,B,4000,11.99,0,0.06,0,2
10242,23,66000,MORTGAGE,,0,1,0,0,0,0,0,1,0,A,10000,5.42,0,0.15,0,3
10248,22,66000,MORTGAGE,6,0,1,0,0,0,0,0,1,0,A,12000,5.79,0,0.18,0,3
10251,23,66000,MORTGAGE,7,0,1,0,0,0,0,0,1,0,B,10000,9.63,0,0.15,0,4
10268,23,66000,MORTGAGE,0,0,1,0,0,0,0,0,1,0,A,7800,7.88,0,0.12,0,3
10278,22,66000,MORTGAGE,7,0,1,0,0,0,0,0,1,0,B,20000,10.25,0,0.3,0,4
10291,26,60000,MORTGAGE,9,0,1,0,0,0,0,0,1,0,B,10000,12.21,1,0.17,0,4
10321,26,66800,MORTGAGE,0,0,1,0,0,0,0,0,1,0,B,2500,11.49,0,0.04,0,4
10323,23,66912,MORTGAGE,7,0,1,0,0,0,0,0,1,0,C,16000,12.73,0,0.24,0,3
10342,25,67000,MORTGAGE,3,0,1,0,0,0,0,0,1,0,A,3000,7.9,0,0.04,0,3
10382,26,67000,MORTGAGE,10,0,1,0,0,0,0,0,1,0,B,10000,12.21,0,0.15,0,3
10396,22,67200,MORTGAGE,2,0,1,0,0,0,0,0,1,0,B,5000,9.99,0,0.07,0,2
10418,24,67500,MORTGAGE,3,0,1,0,0,0,0,0,1,0,A,3000,7.88,0,0.04,0,4
10463,22,68000,MORTGAGE,6,0,1,0,0,0,0,0,1,0,A,10000,7.49,0,0.15,0,2
10470,22,68000,MORTGAGE,6,0,1,0,0,0,0,0,1,0,B,10000,10.74,0,0.15,0,2
10480,23,68000,MORTGAGE,7,0,1,0,0,0,0,0,1,0,A,12000,5.42,0,0.18,0,4
10511,24,68000,MORTGAGE,1,0,1,0,0,0,0,0,1,0,E,5500,15.68,0,0.08,0,4
10532,26,68399,MORTGAGE,7,0,1,0,0,0,0,0,1,0,A,10500,6.91,0,0.15,0,3
10534,24,68400,MORTGAGE,,0,1,0,0,0,0,0,1,0,A,3000,5.42,0,0.04,0,4
10546,22,68500,MORTGAGE,3,0,1,0,0,0,0,0,1,0,B,12000,,0,0.18,0,4
10571,21,69000,MORTGAGE,5,0,1,0,0,0,0,0,1,0,A,13250,6.62,0,0.19,0,2
10583,26,69000,MORTGAGE,8,0,1,0,0,0,0,0,1,0,A,15000,7.49,0,0.22,0,3
10585,26,69000,MORTGAGE,10,0,1,0,0,0,0,0,1,0,C,5000,14.17,0,0.07,0,4
10591,25,69000,MORTGAGE,5,0,1,0,0,0,0,0,1,0,B,20000,10.75,0,0.29,0,2
10596,24,69000,MORTGAGE,3,0,1,0,0,0,0,0,1,0,B,11000,10.62,0,0.16,0,3
10613,22,69077,MORTGAGE,2,0,1,0,0,0,0,0,1,0,A,10000,7.51,0,0.14,0,3
10640,23,69743,MORTGAGE,7,0,1,0,0,0,0,0,1,0,D,1000,14.11,0,0.01,0,3
10671,25,69996,MORTGAGE,3,0,1,0,0,0,0,0,1,0,B,25000,10.62,0,0.36,0,3
10686,23,70000,MORTGAGE,5,0,1,0,0,0,0,0,1,0,A,10000,6.62,0,0.14,0,4
10689,26,70000,MORTGAGE,,0,1,0,0,0,0,0,1,0,A,5000,,0,0.07,0,4
10711,25,70000,MORTGAGE,9,0,1,0,0,0,0,0,1,0,B,1000,12.69,0,0.01,0,2
10730,24,70000,MORTGAGE,2,0,1,0,0,0,0,0,1,0,A,17000,7.51,0,0.24,0,4
10745,21,70000,MORTGAGE,,0,1,0,0,0,0,0,1,0,D,2500,16.49,0,0.04,0,3
10750,24,64000,MORTGAGE,8,0,1,0,0,0,0,0,1,0,A,14500,5.42,1,0.23,0,2
10779,23,70000,MORTGAGE,4,0,1,0,0,0,0,0,1,0,B,25000,10.59,0,0.36,0,3
10830,26,70000,MORTGAGE,10,0,1,0,0,0,0,0,1,0,B,8000,10,0,0.11,0,2
10846,25,70000,MORTGAGE,9,0,1,0,0,0,0,0,1,0,A,12000,5.79,0,0.17,0,2
10861,25,70000,MORTGAGE,5,0,1,0,0,0,0,0,1,0,A,8000,7.88,0,0.11,0,4
10869,25,70000,MORTGAGE,9,0,1,0,0,0,0,0,1,0,A,12000,7.51,0,0.17,0,4
10877,26,70000,MORTGAGE,0,0,1,0,0,0,0,0,1,0,D,8000,14.84,0,0.11,0,3
10879,23,70000,MORTGAGE,1,0,1,0,0,0,0,0,1,0,B,5000,11.12,0,0.07,0,3
10886,23,70000,MORTGAGE,7,0,1,0,0,0,0,0,1,0,A,6000,7.51,0,0.09,0,2
10898,26,70000,MORTGAGE,5,0,1,0,0,0,0,0,1,0,A,4500,7.51,0,0.06,0,4
10916,23,70000,MORTGAGE,5,0,1,0,0,0,0,0,1,0,A,3000,7.51,0,0.04,0,4
10947,26,70000,MORTGAGE,3,0,1,0,0,0,0,0,1,0,C,5400,12.53,0,0.08,0,4
10963,24,70000,MORTGAGE,2,0,1,0,0,0,0,0,1,0,B,8950,11.89,0,0.13,0,3
11005,25,65000,MORTGAGE,4,0,1,0,0,0,0,0,1,0,A,6000,8.9,1,0.09,0,2
11028,22,71000,MORTGAGE,6,0,1,0,0,0,0,0,1,0,A,3200,7.4,0,0.05,0,2
11061,26,71760,MORTGAGE,10,0,1,0,0,0,0,0,1,0,E,3000,19.91,0,0.04,0,3
11064,24,72000,MORTGAGE,8,0,1,0,0,0,0,0,1,0,A,18000,7.9,0,0.25,0,2
11066,23,72000,MORTGAGE,5,0,1,0,0,0,0,0,1,0,D,12000,16.29,0,0.17,0,2
11073,22,72000,MORTGAGE,6,0,1,0,0,0,0,0,1,0,B,5000,12.69,0,0.07,0,3
11083,24,72000,MORTGAGE,8,0,1,0,0,0,0,0,1,0,A,12000,6.03,0,0.17,0,2
11123,24,72000,MORTGAGE,1,0,1,0,0,0,0,0,1,0,A,12000,5.42,0,0.17,0,2
11127,24,72000,MORTGAGE,7,0,1,0,0,0,0,0,1,0,A,3000,,0,0.04,0,2
11154,22,72000,MORTGAGE,6,0,1,0,0,0,0,0,1,0,A,10800,6.91,0,0.15,0,3
11167,23,72000,MORTGAGE,0,0,1,0,0,0,0,0,1,0,B,5000,11.86,0,0.07,0,2
11169,23,72000,MORTGAGE,5,0,1,0,0,0,0,0,1,0,A,8700,6.76,0,0.12,0,4
11218,24,72000,MORTGAGE,3,0,1,0,0,0,0,0,1,0,C,20000,13.57,0,0.28,0,3
11221,25,72000,MORTGAGE,6,0,1,0,0,0,0,0,1,0,B,5000,12.18,0,0.07,0,3
11277,24,72800,MORTGAGE,8,0,1,0,0,0,0,0,1,0,C,11200,13.79,0,0.15,0,2
11278,25,72893,MORTGAGE,9,0,1,0,0,0,0,0,1,0,C,20000,13.22,0,0.27,0,2
11279,25,72972,MORTGAGE,9,0,1,0,0,0,0,0,1,0,C,10000,12.99,0,0.14,0,3
11280,24,72984,MORTGAGE,3,0,1,0,0,0,0,0,1,0,A,12000,,0,0.16,0,4
11345,24,67524,MORTGAGE,4,0,1,0,0,0,0,0,1,0,B,10000,9.99,1,0.15,0,2
11404,23,74400,MORTGAGE,0,0,1,0,0,0,0,0,1,0,A,5000,,0,0.07,0,3
11408,23,68500,MORTGAGE,7,0,1,0,0,0,0,0,1,0,D,9800,14.84,1,0.14,0,2
11424,21,74880,MORTGAGE,5,0,1,0,0,0,0,0,1,0,A,8500,7.14,0,0.11,0,2
11442,23,75000,MORTGAGE,7,0,1,0,0,0,0,0,1,0,A,10200,6.03,0,0.14,0,2
11446,22,69000,MORTGAGE,6,0,1,0,0,0,0,0,1,0,B,15000,10.65,1,0.22,0,4
11447,26,75000,MORTGAGE,10,0,1,0,0,0,0,0,1,0,C,10000,13.49,0,0.13,0,4
11452,24,75000,MORTGAGE,4,0,1,0,0,0,0,0,1,0,C,11125,13.49,0,0.15,0,4
11467,26,69000,MORTGAGE,0,0,1,0,0,0,0,0,1,0,B,14400,10.65,1,0.21,0,3
11515,23,75000,MORTGAGE,4,0,1,0,0,0,0,0,1,0,A,7000,8.49,0,0.09,0,2
11530,21,75000,MORTGAGE,5,0,1,0,0,0,0,0,1,0,A,9000,5.99,0,0.12,0,4
11540,23,75000,MORTGAGE,7,0,1,0,0,0,0,0,1,0,B,4950,10.99,0,0.07,0,3
11583,25,75000,MORTGAGE,3,0,1,0,0,0,0,0,1,0,A,6000,6.92,0,0.08,0,2
11628,22,75000,MORTGAGE,6,0,1,0,0,0,0,0,1,0,A,9000,7.14,0,0.12,0,2
11636,24,75000,MORTGAGE,8,0,1,0,0,0,0,0,1,0,B,1200,11.49,0,0.02,0,2
11643,24,75000,MORTGAGE,8,0,1,0,0,0,0,0,1,0,B,5500,11.86,0,0.07,0,4
11685,23,75000,MORTGAGE,0,0,1,0,0,0,0,0,1,0,A,5400,8.94,0,0.07,0,3
11722,24,75000,MORTGAGE,7,0,1,0,0,0,0,0,1,0,B,15000,11.58,0,0.2,0,3
11726,22,75000,MORTGAGE,3,0,1,0,0,0,0,0,1,0,A,5600,8,0,0.07,0,2
11758,23,69000,MORTGAGE,0,0,1,0,0,0,0,0,1,0,B,2500,9.64,1,0.04,0,3
11771,22,75600,MORTGAGE,6,0,1,0,0,0,0,0,1,0,A,10675,6.62,0,0.14,0,3
11777,25,75600,MORTGAGE,2,0,1,0,0,0,0,0,1,0,A,14500,9.63,0,0.19,0,4
11779,24,75744,MORTGAGE,2,0,1,0,0,0,0,0,1,0,B,15000,10.38,0,0.2,0,2
11785,26,75873,MORTGAGE,6,0,1,0,0,0,0,0,1,0,B,1200,10.25,0,0.02,0,2
11798,24,76000,MORTGAGE,8,0,1,0,0,0,0,0,1,0,A,12000,6.03,0,0.16,0,2
11813,25,76000,MORTGAGE,3,0,1,0,0,0,0,0,1,0,A,20000,6.54,0,0.26,0,4
11843,26,70500,MORTGAGE,11,0,1,0,0,0,0,0,1,0,A,14500,7.49,1,0.21,0,3
11854,22,76800,MORTGAGE,4,0,1,0,0,0,0,0,1,0,A,12000,8.9,0,0.16,0,2
11855,26,76800,MORTGAGE,2,0,1,0,0,0,0,0,1,0,A,12800,6.92,0,0.17,0,4
11896,25,77004,MORTGAGE,9,0,1,0,0,0,0,0,1,0,B,15000,9.63,0,0.19,0,2
11927,25,77800,MORTGAGE,9,0,1,0,0,0,0,0,1,0,B,30000,,0,0.39,0,4
11942,26,78000,MORTGAGE,7,0,1,0,0,0,0,0,1,0,A,7200,6.62,0,0.09,0,2
11946,22,72000,MORTGAGE,1,0,1,0,0,0,0,0,1,0,C,8500,15.96,1,0.12,0,2
11949,23,78000,MORTGAGE,4,0,1,0,0,0,0,0,1,0,A,15000,8.49,0,0.19,0,2
11968,26,78000,MORTGAGE,8,0,1,0,0,0,0,0,1,0,C,12000,13.43,0,0.15,0,4
11977,26,78000,MORTGAGE,4,0,1,0,0,0,0,0,1,0,B,1750,10.36,0,0.02,0,2
11997,24,78000,MORTGAGE,4,0,1,0,0,0,0,0,1,0,A,14500,7.51,0,0.19,0,4
12037,22,72644,MORTGAGE,3,0,1,0,0,0,0,0,1,0,A,5900,7.49,1,0.08,0,3
12045,22,72955,MORTGAGE,6,0,1,0,0,0,0,0,1,0,B,7500,,1,0.1,0,2
12053,24,79000,MORTGAGE,4,0,1,0,0,0,0,0,1,0,A,8000,5.99,0,0.1,0,3
12077,25,79000,MORTGAGE,9,0,1,0,0,0,0,0,1,0,B,7500,10.01,0,0.09,0,3
12124,24,80000,MORTGAGE,8,0,1,0,0,0,0,0,1,0,B,8000,,0,0.1,0,4
12146,25,80000,MORTGAGE,2,0,1,0,0,0,0,0,1,0,C,4900,15.27,0,0.06,0,4
12149,25,80000,MORTGAGE,5,0,1,0,0,0,0,0,1,0,A,18200,7.9,0,0.23,0,2
12164,25,80000,MORTGAGE,4,0,1,0,0,0,0,0,1,0,A,11000,6.62,0,0.14,0,3
12200,23,80000,MORTGAGE,,0,1,0,0,0,0,0,1,0,A,3000,5.99,0,0.04,0,3
12229,23,74000,MORTGAGE,7,0,1,0,0,0,0,0,1,0,B,2100,,1,0.03,0,4
12232,22,80000,MORTGAGE,4,0,1,0,0,0,0,0,1,0,A,7250,,0,0.09,0,3
12249,24,80000,MORTGAGE,2,0,1,0,0,0,0,0,1,0,A,20000,6.54,0,0.25,0,4
12269,24,80000,MORTGAGE,6,0,1,0,0,0,0,0,1,0,A,16000,7.88,0,0.2,0,2
12288,23,80000,MORTGAGE,7,0,1,0,0,0,0,0,1,0,A,4000,7.51,0,0.05,0,3
12295,23,80000,MORTGAGE,1,0,1,0,0,0,0,0,1,0,C,11000,12.73,0,0.14,0,3
12315,26,80000,MORTGAGE,10,0,1,0,0,0,0,0,1,0,B,25000,10.62,0,0.31,0,4
12316,22,80000,MORTGAGE,6,0,1,0,0,0,0,0,1,0,A,5000,7.14,0,0.06,0,2
12323,22,74000,MORTGAGE,3,0,1,0,0,0,0,0,1,0,B,10000,11.83,1,0.14,0,3
12334,24,80000,MORTGAGE,0,0,1,0,0,0,0,0,1,0,A,6000,8.59,0,0.07,0,4
12340,26,80000,MORTGAGE,6,0,1,0,0,0,0,0,1,0,B,15000,12.53,0,0.19,0,3
12342,23,80000,MORTGAGE,7,0,1,0,0,0,0,0,1,0,B,8500,11.14,0,0.11,0,2
12361,22,74000,MORTGAGE,4,0,1,0,0,0,0,0,1,0,D,15000,15.05,1,0.2,0,3
12381,26,80004,MORTGAGE,4,0,1,0,0,0,0,0,1,0,B,15000,11.86,0,0.19,0,3
12429,23,81000,MORTGAGE,8,0,1,0,0,0,0,0,1,0,B,10000,8.88,0,0.12,0,4
12446,24,81100,MORTGAGE,8,0,1,0,0,0,0,0,1,0,B,3200,,0,0.04,0,2
12448,23,81120,MORTGAGE,3,0,1,0,0,0,0,0,1,0,B,15000,10.25,0,0.18,0,4
12458,22,81500,MORTGAGE,6,0,1,0,0,0,0,0,1,0,A,20000,6.54,0,0.25,0,2
12465,22,81600,MORTGAGE,6,0,1,0,0,0,0,0,1,0,A,1300,6.39,0,0.02,0,3
12485,26,82000,MORTGAGE,5,0,1,0,0,0,0,0,1,0,A,19075,7.9,0,0.23,0,2
12491,26,82000,MORTGAGE,10,0,1,0,0,0,0,0,1,0,A,3200,5.99,0,0.04,0,3
12499,23,82000,MORTGAGE,5,0,1,0,0,0,0,0,1,0,B,9600,10,0,0.12,0,2
12504,24,82000,MORTGAGE,2,0,1,0,0,0,0,0,1,0,A,8000,5.79,0,0.1,0,3
12511,24,82000,MORTGAGE,8,0,1,0,0,0,0,0,1,0,A,6000,6.76,0,0.07,0,3
12524,21,82000,MORTGAGE,3,0,1,0,0,0,0,0,1,0,A,11000,,0,0.13,0,3
12525,22,82000,MORTGAGE,3,0,1,0,0,0,0,0,1,0,B,8300,11.46,0,0.1,0,3
12527,25,82000,MORTGAGE,7,0,1,0,0,0,0,0,1,0,C,7500,12.72,0,0.09,0,4
12584,26,83000,MORTGAGE,1,0,1,0,0,0,0,0,1,0,B,17000,10.25,0,0.2,0,3
12594,25,83004,MORTGAGE,9,0,1,0,0,0,0,0,1,0,A,5000,6.76,0,0.06,0,4
12620,26,84000,MORTGAGE,10,0,1,0,0,0,0,0,1,0,B,7500,12.69,0,0.09,0,3
12622,22,84000,MORTGAGE,6,0,1,0,0,0,0,0,1,0,B,3900,11.71,0,0.05,0,4
12625,23,84000,MORTGAGE,5,0,1,0,0,0,0,0,1,0,A,4200,5.42,0,0.05,0,4
12631,23,84000,MORTGAGE,0,0,1,0,0,0,0,0,1,0,A,28000,8.49,0,0.33,0,4
12638,22,84000,MORTGAGE,6,0,1,0,0,0,0,0,1,0,B,12000,11.99,0,0.14,0,3
12641,22,84000,MORTGAGE,5,0,1,0,0,0,0,0,1,0,A,10000,,0,0.12,0,2
12660,23,84000,MORTGAGE,7,0,1,0,0,0,0,0,1,0,B,25000,10.25,0,0.3,0,2
12663,25,84000,MORTGAGE,8,0,1,0,0,0,0,0,1,0,B,8500,11.83,0,0.1,0,3
12666,24,78000,MORTGAGE,0,0,1,0,0,0,0,0,1,0,B,15000,,1,0.19,0,2
12679,26,84000,MORTGAGE,10,0,1,0,0,0,0,0,1,0,B,4925,9.96,0,0.06,0,3
12690,22,84600,MORTGAGE,4,0,1,0,0,0,0,0,1,0,A,6000,,0,0.07,0,4
12700,23,84996,MORTGAGE,5,0,1,0,0,0,0,0,1,0,A,14000,,0,0.16,0,3
12746,26,85000,MORTGAGE,1,0,1,0,0,0,0,0,1,0,A,7200,8.9,0,0.08,0,4
12753,26,85000,MORTGAGE,0,0,1,0,0,0,0,0,1,0,C,12000,14.27,0,0.14,0,4
12754,25,85000,MORTGAGE,7,0,1,0,0,0,0,0,1,0,C,5500,13.49,0,0.06,0,3
12755,24,85000,MORTGAGE,8,0,1,0,0,0,0,0,1,0,A,35000,,0,0.41,0,2
12756,22,85000,MORTGAGE,6,0,1,0,0,0,0,0,1,0,A,12500,,0,0.15,0,2
12757,26,85000,MORTGAGE,10,0,1,0,0,0,0,0,1,0,A,12000,6.62,0,0.14,0,3
12772,22,85000,MORTGAGE,3,0,1,0,0,0,0,0,1,0,A,10000,5.99,0,0.12,0,2
12791,24,85000,MORTGAGE,0,0,1,0,0,0,0,0,1,0,B,10000,10,0,0.12,0,4
12799,24,85000,MORTGAGE,8,0,1,0,0,0,0,0,1,0,A,10400,5.79,0,0.12,0,4
12803,24,85000,MORTGAGE,2,0,1,0,0,0,0,0,1,0,B,9600,10.37,0,0.11,0,4
12844,23,85000,MORTGAGE,6,0,1,0,0,0,0,0,1,0,B,25000,10.75,0,0.29,0,4
12845,24,85000,MORTGAGE,2,0,1,0,0,0,0,0,1,0,A,8000,,0,0.09,0,4
12849,25,85000,MORTGAGE,7,0,1,0,0,0,0,0,1,0,A,2000,,0,0.02,0,2
12901,25,85000,MORTGAGE,9,0,1,0,0,0,0,0,1,0,A,1000,9.32,0,0.01,0,2
12906,23,85000,MORTGAGE,1,0,1,0,0,0,0,0,1,0,C,15000,12.84,0,0.18,0,3
12927,25,85100,MORTGAGE,9,0,1,0,0,0,0,0,1,0,A,4500,6.39,0,0.05,0,3
12947,22,86000,MORTGAGE,4,0,1,0,0,0,0,0,1,0,A,24000,7.51,0,0.28,0,2
12948,23,86000,MORTGAGE,2,0,1,0,0,0,0,0,1,0,A,15000,6.03,0,0.17,0,2
12979,23,86000,MORTGAGE,5,0,1,0,0,0,0,0,1,0,B,16000,12.21,0,0.19,0,3
12990,24,86400,MORTGAGE,8,0,1,0,0,0,0,0,1,0,C,16200,,0,0.19,0,4
12995,22,86400,MORTGAGE,6,0,1,0,0,0,0,0,1,0,C,24000,13.85,0,0.28,0,2
13000,23,86670,MORTGAGE,4,0,1,0,0,0,0,0,1,0,B,20000,12.53,0,0.23,0,2
13002,23,86748,MORTGAGE,2,0,1,0,0,0,0,0,1,0,A,10000,8.49,0,0.12,0,4
13004,24,87000,MORTGAGE,6,0,1,0,0,0,0,0,1,0,B,6000,10.65,0,0.07,0,4
13010,22,75000,MORTGAGE,6,0,1,0,0,0,0,0,1,0,D,8000,15.99,1,0.11,0,4
13014,23,75000,MORTGAGE,7,0,1,0,0,0,0,0,1,0,A,8000,7.49,1,0.11,0,4
13017,22,87000,MORTGAGE,6,0,1,0,0,0,0,0,1,0,A,11200,8.49,0,0.13,0,4
13047,22,87000,MORTGAGE,0,0,1,0,0,0,0,0,1,0,B,8000,12.21,0,0.09,0,4
13068,23,87500,MORTGAGE,2,0,1,0,0,0,0,0,1,0,B,1600,9.88,0,0.02,0,2
13079,24,87996,MORTGAGE,1,0,1,0,0,0,0,0,1,0,B,7000,11.99,0,0.08,0,4
13083,22,88000,MORTGAGE,6,0,1,0,0,0,0,0,1,0,B,16000,11.71,0,0.18,0,3
13091,24,88000,MORTGAGE,2,0,1,0,0,0,0,0,1,0,A,8000,5.99,0,0.09,0,4
13130,22,88512,MORTGAGE,6,0,1,0,0,0,0,0,1,0,A,3000,5.79,0,0.03,0,3
13131,24,88560,MORTGAGE,7,0,1,0,0,0,0,0,1,0,B,10000,11.49,0,0.11,0,4
13155,22,89000,MORTGAGE,6,0,1,0,0,0,0,0,1,0,C,16000,13.22,0,0.18,0,4
13190,22,90000,MORTGAGE,6,0,1,0,0,0,0,0,1,0,A,14300,6.03,0,0.16,0,4
13201,25,90000,MORTGAGE,9,0,1,0,0,0,0,0,1,0,A,3600,7.9,0,0.04,0,2
13204,23,90000,MORTGAGE,,0,1,0,0,0,0,0,1,0,A,3000,6.03,0,0.03,0,4
13206,23,90000,MORTGAGE,5,0,1,0,0,0,0,0,1,0,A,15000,6.03,0,0.17,0,3
13208,24,90000,MORTGAGE,8,0,1,0,0,0,0,0,1,0,B,8000,9.91,0,0.09,0,4
13231,22,90000,MORTGAGE,6,0,1,0,0,0,0,0,1,0,A,6400,5.99,0,0.07,0,2
13238,26,90000,MORTGAGE,10,0,1,0,0,0,0,0,1,0,B,13000,10.59,0,0.14,0,3
13242,23,90000,MORTGAGE,7,0,1,0,0,0,0,0,1,0,A,22000,6.99,0,0.24,0,4
13248,25,90000,MORTGAGE,9,0,1,0,0,0,0,0,1,0,A,10000,5.42,0,0.11,0,2
13249,25,90000,MORTGAGE,4,0,1,0,0,0,0,0,1,0,B,3000,11.49,0,0.03,0,4
13277,21,90000,MORTGAGE,5,0,1,0,0,0,0,0,1,0,B,21000,,0,0.23,0,4
13330,25,90000,MORTGAGE,7,0,1,0,0,0,0,0,1,0,A,6000,7.14,0,0.07,0,3
13347,25,90000,MORTGAGE,6,0,1,0,0,0,0,0,1,0,A,6000,7.74,0,0.07,0,4
13354,26,90000,MORTGAGE,3,0,1,0,0,0,0,0,1,0,C,3200,13.22,0,0.04,0,4
13356,26,90000,MORTGAGE,1,0,1,0,0,0,0,0,1,0,B,20000,,0,0.22,0,3
13363,23,90000,MORTGAGE,5,0,1,0,0,0,0,0,1,0,B,6000,11.89,0,0.07,0,4
13364,23,78000,MORTGAGE,4,0,1,0,0,0,0,0,1,0,B,15250,,1,0.2,0,2
13385,25,90084,MORTGAGE,6,0,1,0,0,0,0,0,1,0,A,15000,7.88,0,0.17,0,4
13387,23,78216,MORTGAGE,7,0,1,0,0,0,0,0,1,0,C,1200,,1,0.02,0,3
13396,21,90996,MORTGAGE,5,0,1,0,0,0,0,0,1,0,B,6000,9.99,0,0.07,0,2
13411,23,91000,MORTGAGE,7,0,1,0,0,0,0,0,1,0,C,10000,13.61,0,0.11,0,4
13419,23,91000,MORTGAGE,3,0,1,0,0,0,0,0,1,0,B,12000,,0,0.13,0,3
13427,23,91092,MORTGAGE,2,0,1,0,0,0,0,0,1,0,C,10000,13.43,0,0.11,0,2
13433,25,91200,MORTGAGE,9,0,1,0,0,0,0,0,1,0,A,6000,7.68,0,0.07,0,4
13436,22,91234,MORTGAGE,6,0,1,0,0,0,0,0,1,0,B,12000,11.83,0,0.13,0,2
13440,21,91500,MORTGAGE,4,0,1,0,0,0,0,0,1,0,C,8000,13.61,0,0.09,0,2
13446,23,92000,MORTGAGE,7,0,1,0,0,0,0,0,1,0,A,12000,6.62,0,0.13,0,3
13460,24,92000,MORTGAGE,7,0,1,0,0,0,0,0,1,0,B,15000,11.11,0,0.16,0,4
13473,23,92000,MORTGAGE,7,0,1,0,0,0,0,0,1,0,B,15000,11.26,0,0.16,0,2
13487,25,80004,MORTGAGE,8,0,1,0,0,0,0,0,1,0,A,6000,8,1,0.07,0,2
13488,26,80040,MORTGAGE,6,0,1,0,0,0,0,0,1,0,A,10000,,1,0.12,0,2
13494,24,80400,MORTGAGE,8,0,1,0,0,0,0,0,1,0,C,10000,11.66,1,0.12,0,2
13553,22,93240,MORTGAGE,6,0,1,0,0,0,0,0,1,0,A,7000,9.63,0,0.08,0,2
13571,22,81996,MORTGAGE,6,0,1,0,0,0,0,0,1,0,B,10000,11.46,1,0.12,0,3
13575,23,94000,MORTGAGE,1,0,1,0,0,0,0,0,1,0,A,13000,6.03,0,0.14,0,4
13579,26,94000,MORTGAGE,8,0,1,0,0,0,0,0,1,0,A,15000,6.17,0,0.16,0,2
13591,22,94200,MORTGAGE,6,0,1,0,0,0,0,0,1,0,B,20000,8.88,0,0.21,0,2
13594,25,94400,MORTGAGE,4,0,1,0,0,0,0,0,1,0,A,35000,7.49,0,0.37,0,3
13618,24,95000,MORTGAGE,1,0,1,0,0,0,0,0,1,0,B,7450,12.69,0,0.08,0,4
13624,26,95000,MORTGAGE,10,0,1,0,0,0,0,0,1,0,A,6600,7.51,0,0.07,0,4
13636,26,95000,MORTGAGE,1,0,1,0,0,0,0,0,1,0,B,24000,10.99,0,0.25,0,3
13701,23,95000,MORTGAGE,7,0,1,0,0,0,0,0,1,0,F,25000,18.78,0,0.26,0,4
13709,23,95000,MORTGAGE,7,0,1,0,0,0,0,0,1,0,A,6000,7.68,0,0.06,0,3
13716,22,95000,MORTGAGE,3,0,1,0,0,0,0,0,1,0,A,10000,9.07,0,0.11,0,3
13717,24,95000,MORTGAGE,4,0,1,0,0,0,0,0,1,0,B,25000,10.08,0,0.26,0,4
13720,25,95000,MORTGAGE,7,0,1,0,0,0,0,0,1,0,A,5000,7.43,0,0.05,0,2
13733,25,95111,MORTGAGE,9,0,1,0,0,0,0,0,1,0,C,18000,14.72,0,0.19,0,4
13736,21,95400,MORTGAGE,0,0,1,0,0,0,0,0,1,0,A,12000,5.42,0,0.13,0,2
13737,26,95400,MORTGAGE,8,0,1,0,0,0,0,0,1,0,C,5000,12.68,0,0.05,0,3
13756,23,96000,MORTGAGE,4,0,1,0,0,0,0,0,1,0,A,9000,6.62,0,0.09,0,4
13758,23,96000,MORTGAGE,5,0,1,0,0,0,0,0,1,0,A,1500,6.62,0,0.02,0,3
13766,26,96000,MORTGAGE,3,0,1,0,0,0,0,0,1,0,A,10000,5.42,0,0.1,0,3
13789,23,96000,MORTGAGE,2,0,1,0,0,0,0,0,1,0,A,7000,5.79,0,0.07,0,3
13802,25,84000,MORTGAGE,9,0,1,0,0,0,0,0,1,0,D,3500,14.84,1,0.04,0,2
13844,26,96300,MORTGAGE,10,0,1,0,0,0,0,0,1,0,A,15000,6.17,0,0.16,0,3
13846,25,96500,MORTGAGE,0,0,1,0,0,0,0,0,1,0,A,10000,6.17,0,0.1,0,2
13854,25,97000,MORTGAGE,9,0,1,0,0,0,0,0,1,0,C,8000,,0,0.08,0,4
13858,22,97000,MORTGAGE,4,0,1,0,0,0,0,0,1,0,A,5000,6.99,0,0.05,0,4
13862,24,97000,MORTGAGE,6,0,1,0,0,0,0,0,1,0,B,8000,11.11,0,0.08,0,4
13870,23,97000,MORTGAGE,1,0,1,0,0,0,0,0,1,0,A,5000,7.51,0,0.05,0,3
13888,25,97700,MORTGAGE,6,0,1,0,0,0,0,0,1,0,A,8000,7.49,0,0.08,0,2
13906,21,98000,MORTGAGE,5,0,1,0,0,0,0,0,1,0,B,6000,10.59,0,0.06,0,4
13907,24,98000,MORTGAGE,8,0,1,0,0,0,0,0,1,0,B,6500,11.11,0,0.07,0,3
13918,24,86000,MORTGAGE,0,0,1,0,0,0,0,0,1,0,B,20000,10.99,1,0.23,0,4
13929,25,98000,MORTGAGE,2,0,1,0,0,0,0,0,1,0,A,6400,9.63,0,0.07,0,4
13932,25,86004,MORTGAGE,3,0,1,0,0,0,0,0,1,0,A,15000,6.91,1,0.17,0,4
13969,25,99473,MORTGAGE,9,0,1,0,0,0,0,0,1,0,B,8500,11.58,0,0.09,0,2
13973,22,99600,MORTGAGE,6,0,1,0,0,0,0,0,1,0,A,7125,7.51,0,0.07,0,4
13975,23,99670,MORTGAGE,2,0,1,0,0,0,0,0,1,0,D,5500,14.74,0,0.06,0,4
13979,26,99900,MORTGAGE,10,0,1,0,0,0,0,0,1,0,A,2700,,0,0.03,0,3
13983,23,99996,MORTGAGE,2,0,1,0,0,0,0,0,1,0,B,4800,11.49,0,0.05,0,2
13995,23,100000,MORTGAGE,7,0,1,0,0,0,0,0,1,0,D,35000,16.77,0,0.35,0,3
14003,25,100000,MORTGAGE,9,0,1,0,0,0,0,0,1,0,A,6000,8.9,0,0.06,0,3
14009,25,88000,MORTGAGE,9,0,1,0,0,0,0,0,1,0,D,20000,17.58,1,0.23,0,3
14022,22,100000,MORTGAGE,7,0,1,0,0,0,0,0,1,0,A,6000,8.49,0,0.06,0,2
14033,26,100000,MORTGAGE,11,0,1,0,0,0,0,0,1,0,C,15000,13.99,0,0.15,0,4
14038,23,100000,MORTGAGE,7,0,1,0,0,0,0,0,1,0,B,11200,11.49,0,0.11,0,2
14069,23,100000,MORTGAGE,1,0,1,0,0,0,0,0,1,0,B,9125,11.11,0,0.09,0,3
14080,23,100000,MORTGAGE,8,0,1,0,0,0,0,0,1,0,A,16000,6.17,0,0.16,0,2
14084,21,88000,MORTGAGE,1,0,1,0,0,0,0,0,1,0,D,25000,14.83,1,0.28,0,4
14103,24,100000,MORTGAGE,5,0,1,0,0,0,0,0,1,0,B,14000,10.75,0,0.14,0,3
14104,25,100000,MORTGAGE,3,0,1,0,0,0,0,0,1,0,D,13750,15.95,0,0.14,0,4
14110,25,100000,MORTGAGE,9,0,1,0,0,0,0,0,1,0,C,7000,13.98,0,0.07,0,3
14111,25,100000,MORTGAGE,2,0,1,0,0,0,0,0,1,0,A,10000,7.51,0,0.1,0,4
14121,25,100000,MORTGAGE,9,0,1,0,0,0,0,0,1,0,A,4800,7.14,0,0.05,0,3
14148,23,100000,MORTGAGE,0,0,1,0,0,0,0,0,1,0,A,7000,8.59,0,0.07,0,3
14163,23,100000,MORTGAGE,2,0,1,0,0,0,0,0,1,0,C,6850,13.47,0,0.07,0,4
14180,23,100080,MORTGAGE,7,0,1,0,0,0,0,0,1,0,B,20600,12.53,0,0.21,0,4
14200,26,101000,MORTGAGE,6,0,1,0,0,0,0,0,1,0,A,16000,7.88,0,0.16,0,3
14211,24,101400,MORTGAGE,8,0,1,0,0,0,0,0,1,0,A,9900,8,0,0.1,0,4
14212,24,101400,MORTGAGE,0,0,1,0,0,0,0,0,1,0,A,6400,,0,0.06,0,3
14222,23,102000,MORTGAGE,5,0,1,0,0,0,0,0,1,0,A,35000,7.9,0,0.34,0,3
14227,26,102000,MORTGAGE,5,0,1,0,0,0,0,0,1,0,A,13000,5.42,0,0.13,0,3
14231,22,102000,MORTGAGE,6,0,1,0,0,0,0,0,1,0,A,10000,7.49,0,0.1,0,4
14232,23,90000,MORTGAGE,6,0,1,0,0,0,0,0,1,0,B,15000,9.99,1,0.17,0,3
14244,23,102000,MORTGAGE,2,0,1,0,0,0,0,0,1,0,A,6000,7.51,0,0.06,0,2
14271,25,103000,MORTGAGE,4,0,1,0,0,0,0,0,1,0,A,29175,,0,0.28,0,2
14273,24,103000,MORTGAGE,8,0,1,0,0,0,0,0,1,0,B,8000,10.74,0,0.08,0,3
14288,23,103000,MORTGAGE,1,0,1,0,0,0,0,0,1,0,E,20000,17.04,0,0.19,0,2
14290,26,103200,MORTGAGE,8,0,1,0,0,0,0,0,1,0,A,9000,6.76,0,0.09,0,2
14292,25,103500,MORTGAGE,0,0,1,0,0,0,0,0,1,0,A,7500,6.54,0,0.07,0,3
14297,22,104000,MORTGAGE,6,0,1,0,0,0,0,0,1,0,A,13600,6.03,0,0.13,0,2
14298,23,104000,MORTGAGE,7,0,1,0,0,0,0,0,1,0,B,9000,10.65,0,0.09,0,2
14308,24,104000,MORTGAGE,9,0,1,0,0,0,0,0,1,0,B,14000,9.99,0,0.13,0,3
14328,24,105000,MORTGAGE,5,0,1,0,0,0,0,0,1,0,D,12000,16.29,0,0.11,0,2
14335,26,105000,MORTGAGE,0,0,1,0,0,0,0,0,1,0,B,5300,12.69,0,0.05,0,4
14337,24,105000,MORTGAGE,8,0,1,0,0,0,0,0,1,0,A,11000,5.42,0,0.1,0,3
14356,26,105000,MORTGAGE,11,0,1,0,0,0,0,0,1,0,A,5000,8.49,0,0.05,0,3
14399,25,105000,MORTGAGE,6,0,1,0,0,0,0,0,1,0,D,6500,13.87,0,0.06,0,4
14410,22,105600,MORTGAGE,4,0,1,0,0,0,0,0,1,0,B,8000,11.49,0,0.08,0,2
14411,23,105600,MORTGAGE,2,0,1,0,0,0,0,0,1,0,A,25000,6.99,0,0.24,0,4
14414,24,105804,MORTGAGE,8,0,1,0,0,0,0,0,1,0,A,15000,7.49,0,0.14,0,3
14460,24,107203,MORTGAGE,8,0,1,0,0,0,0,0,1,0,A,6000,7.4,0,0.06,0,2
14468,25,108000,MORTGAGE,9,0,1,0,0,0,0,0,1,0,B,4800,12.42,0,0.04,0,4
14478,24,108000,MORTGAGE,4,0,1,0,0,0,0,0,1,0,A,10000,5.99,0,0.09,0,2
14489,26,108000,MORTGAGE,4,0,1,0,0,0,0,0,1,0,A,9000,5.79,0,0.08,0,2
14498,26,108000,MORTGAGE,5,0,1,0,0,0,0,0,1,0,A,13000,8.94,0,0.12,0,2
14518,25,108960,MORTGAGE,0,0,1,0,0,0,0,0,1,0,C,10000,13.57,0,0.09,0,3
14525,26,109000,MORTGAGE,10,0,1,0,0,0,0,0,1,0,A,15000,6.99,0,0.14,0,4
14533,26,109000,MORTGAGE,10,0,1,0,0,0,0,0,1,0,A,6000,7.68,0,0.06,0,3
14534,26,109200,MORTGAGE,10,0,1,0,0,0,0,0,1,0,A,2300,7.9,0,0.02,0,4
14555,24,110000,MORTGAGE,8,0,1,0,0,0,0,0,1,0,A,27300,7.51,0,0.25,0,3
14561,22,110000,MORTGAGE,6,0,1,0,0,0,0,0,1,0,A,2800,8.49,0,0.03,0,4
14590,23,110000,MORTGAGE,1,0,1,0,0,0,0,0,1,0,B,18000,10.37,0,0.16,0,3
14593,26,110000,MORTGAGE,5,0,1,0,0,0,0,0,1,0,B,15000,11.11,0,0.14,0,3
14599,22,110000,MORTGAGE,5,0,1,0,0,0,0,0,1,0,C,8000,12.98,0,0.07,0,4
14606,26,110000,MORTGAGE,9,0,1,0,0,0,0,0,1,0,C,20000,13.72,0,0.18,0,3
14610,24,110000,MORTGAGE,8,0,1,0,0,0,0,0,1,0,A,7500,6.17,0,0.07,0,2
14624,25,110000,MORTGAGE,9,0,1,0,0,0,0,0,1,0,A,20000,7.88,0,0.18,0,2
14629,25,110000,MORTGAGE,1,0,1,0,0,0,0,0,1,0,B,25000,11.49,0,0.23,0,4
14636,22,98000,MORTGAGE,6,0,1,0,0,0,0,0,1,0,B,25000,10.25,1,0.26,0,3
14647,24,110000,MORTGAGE,7,0,1,0,0,0,0,0,1,0,A,12000,8.94,0,0.11,0,3
14686,25,111262,MORTGAGE,2,0,1,0,0,0,0,0,1,0,B,20000,12.53,0,0.18,0,3
14693,24,112000,MORTGAGE,8,0,1,0,0,0,0,0,1,0,B,20400,11.71,0,0.18,0,3
14695,22,112000,MORTGAGE,2,0,1,0,0,0,0,0,1,0,A,4000,8.9,0,0.04,0,3
14700,23,112000,MORTGAGE,5,0,1,0,0,0,0,0,1,0,B,12000,11.99,0,0.11,0,3
14706,24,112000,MORTGAGE,5,0,1,0,0,0,0,0,1,0,D,15000,15.31,0,0.13,0,4
14717,25,112500,MORTGAGE,6,0,1,0,0,0,0,0,1,0,B,18000,11.14,0,0.16,0,3
14720,24,112689,MORTGAGE,6,0,1,0,0,0,0,0,1,0,B,24000,9.99,0,0.21,0,4
14742,25,113135,MORTGAGE,9,0,1,0,0,0,0,0,1,0,B,25000,10.59,0,0.22,0,2
14755,23,114000,MORTGAGE,4,0,1,0,0,0,0,0,1,0,B,10000,,0,0.09,0,2
14756,26,114000,MORTGAGE,10,0,1,0,0,0,0,0,1,0,A,14400,7.14,0,0.13,0,2
14772,25,115000,MORTGAGE,9,0,1,0,0,0,0,0,1,0,A,4000,6.03,0,0.03,0,4
14779,25,115000,MORTGAGE,7,0,1,0,0,0,0,0,1,0,A,18000,7.51,0,0.16,0,2
14791,22,103000,MORTGAGE,6,0,1,0,0,0,0,0,1,0,B,15000,9.63,1,0.15,0,4
14807,26,103000,MORTGAGE,0,0,1,0,0,0,0,0,1,0,C,14000,13.57,1,0.14,0,4
14830,24,115800,MORTGAGE,5,0,1,0,0,0,0,0,1,0,B,12000,10.99,0,0.1,0,3
14838,23,116004,MORTGAGE,1,0,1,0,0,0,0,0,1,0,C,14000,12.99,0,0.12,0,2
14855,21,117000,MORTGAGE,3,0,1,0,0,0,0,0,1,0,D,4800,14.54,0,0.04,0,4
14878,23,118000,MORTGAGE,4,0,1,0,0,0,0,0,1,0,C,12000,13.11,0,0.1,0,3
14889,22,119000,MORTGAGE,6,0,1,0,0,0,0,0,1,0,D,35000,16.49,0,0.29,0,3
14897,23,119500,MORTGAGE,4,0,1,0,0,0,0,0,1,0,A,24000,7.51,0,0.2,0,2
14918,22,120000,MORTGAGE,3,0,1,0,0,0,0,0,1,0,B,8900,11.71,0,0.07,0,2
14921,25,120000,MORTGAGE,5,0,1,0,0,0,0,0,1,0,A,28000,7.9,0,0.23,0,2
14942,24,120000,MORTGAGE,8,0,1,0,0,0,0,0,1,0,B,8575,,0,0.07,0,3
14945,25,120000,MORTGAGE,9,0,1,0,0,0,0,0,1,0,C,21000,13.49,0,0.17,0,4
14947,25,120000,MORTGAGE,2,0,1,0,0,0,0,0,1,0,F,10000,20.99,0,0.08,0,4
14954,24,120000,MORTGAGE,5,0,1,0,0,0,0,0,1,0,A,16000,6.99,0,0.13,0,4
14969,25,120000,MORTGAGE,9,0,1,0,0,0,0,0,1,0,A,10000,5.42,0,0.08,0,4
14979,25,120000,MORTGAGE,9,0,1,0,0,0,0,0,1,0,B,10000,10.37,0,0.08,0,3
15005,25,120000,MORTGAGE,9,0,1,0,0,0,0,0,1,0,C,25000,13.72,0,0.21,0,3
15017,26,120000,MORTGAGE,3,0,1,0,0,0,0,0,1,0,A,4600,6.39,0,0.04,0,2
15025,24,120000,MORTGAGE,2,0,1,0,0,0,0,0,1,0,A,12000,7.51,0,0.1,0,3
15036,26,120000,MORTGAGE,10,0,1,0,0,0,0,0,1,0,C,10000,12.73,0,0.08,0,3
15042,26,120000,MORTGAGE,0,0,1,0,0,0,0,0,1,0,C,20000,13.85,0,0.17,0,3
15043,23,120000,MORTGAGE,0,0,1,0,0,0,0,0,1,0,D,25000,15.31,0,0.21,0,3
15053,23,120000,MORTGAGE,0,0,1,0,0,0,0,0,1,0,A,17000,8.94,0,0.14,0,2
15060,24,120000,MORTGAGE,8,0,1,0,0,0,0,0,1,0,A,16000,,0,0.13,0,3
15096,23,121000,MORTGAGE,4,0,1,0,0,0,0,0,1,0,A,3600,5.79,0,0.03,0,4
15113,23,122000,MORTGAGE,5,0,1,0,0,0,0,0,1,0,A,12000,7.29,0,0.1,0,3
15120,26,122000,MORTGAGE,10,0,1,0,0,0,0,0,1,0,A,6000,7.51,0,0.05,0,2
15121,25,122000,MORTGAGE,8,0,1,0,0,0,0,0,1,0,C,10000,13.57,0,0.08,0,4
15129,24,123000,MORTGAGE,6,0,1,0,0,0,0,0,1,0,C,8000,12.68,0,0.07,0,4
15131,24,123000,MORTGAGE,6,0,1,0,0,0,0,0,1,0,B,4750,10.99,0,0.04,0,3
15148,26,124500,MORTGAGE,10,0,1,0,0,0,0,0,1,0,B,6000,10.62,0,0.05,0,2
15149,26,124726,MORTGAGE,3,0,1,0,0,0,0,0,1,0,A,15000,7.29,0,0.12,0,3
15164,25,125000,MORTGAGE,9,0,1,0,0,0,0,0,1,0,B,12000,9.91,0,0.1,0,3
15174,25,125000,MORTGAGE,2,0,1,0,0,0,0,0,1,0,B,14000,,0,0.11,0,4
15182,26,125000,MORTGAGE,10,0,1,0,0,0,0,0,1,0,A,10200,7.49,0,0.08,0,4
15184,24,125000,MORTGAGE,2,0,1,0,0,0,0,0,1,0,A,15000,7.66,0,0.12,0,3
15185,21,125000,MORTGAGE,2,0,1,0,0,0,0,0,1,0,A,6000,5.79,0,0.05,0,2
15190,26,113000,MORTGAGE,10,0,1,0,0,0,0,0,1,0,A,12000,7.29,1,0.11,0,2
15193,25,125000,MORTGAGE,9,0,1,0,0,0,0,0,1,0,B,12000,11.11,0,0.1,0,3
15209,24,125000,MORTGAGE,8,0,1,0,0,0,0,0,1,0,B,10000,10.99,0,0.08,0,3
15212,21,125000,MORTGAGE,0,0,1,0,0,0,0,0,1,0,A,10000,7.51,0,0.08,0,2
15249,26,126000,MORTGAGE,3,0,1,0,0,0,0,0,1,0,A,11000,7.14,0,0.09,0,4
15259,25,127000,MORTGAGE,9,0,1,0,0,0,0,0,1,0,B,6000,9.91,0,0.05,0,2
15281,25,128600,MORTGAGE,9,0,1,0,0,0,0,0,1,0,A,28000,7.9,0,0.22,0,3
15284,25,129600,MORTGAGE,0,0,1,0,0,0,0,0,1,0,B,3000,11.12,0,0.02,0,3
15290,22,130000,MORTGAGE,6,0,1,0,0,0,0,0,1,0,C,3000,13.49,0,0.02,0,2
15296,26,130000,MORTGAGE,8,0,1,0,0,0,0,0,1,0,A,10000,6.03,0,0.08,0,2
15334,24,130000,MORTGAGE,8,0,1,0,0,0,0,0,1,0,C,13000,13.61,0,0.1,0,4
15340,23,130000,MORTGAGE,2,0,1,0,0,0,0,0,1,0,B,10000,11.36,0,0.08,0,3
15348,24,130000,MORTGAGE,3,0,1,0,0,0,0,0,1,0,B,25000,11.83,0,0.19,0,3
15359,25,130000,MORTGAGE,9,0,1,0,0,0,0,0,1,0,B,15000,11.89,0,0.12,0,2
15363,24,130000,MORTGAGE,6,0,1,0,0,0,0,0,1,0,B,20000,11.58,0,0.15,0,2
15364,26,130000,MORTGAGE,3,0,1,0,0,0,0,0,1,0,B,5000,9.64,0,0.04,0,2
15372,25,131000,MORTGAGE,1,0,1,0,0,0,0,0,1,0,C,7500,12.29,0,0.06,0,3
15373,24,131004,MORTGAGE,8,0,1,0,0,0,0,0,1,0,A,24000,7.49,0,0.18,0,4
15376,26,132000,MORTGAGE,3,0,1,0,0,0,0,0,1,0,A,2000,7.51,0,0.02,0,3
15379,23,132000,MORTGAGE,5,0,1,0,0,0,0,0,1,0,A,15000,6.99,0,0.11,0,2
15427,24,135000,MORTGAGE,8,0,1,0,0,0,0,0,1,0,B,21000,10.74,0,0.16,0,2
15465,25,138000,MORTGAGE,9,0,1,0,0,0,0,0,1,0,A,8000,6.99,0,0.06,0,4
15469,23,138000,MORTGAGE,7,0,1,0,0,0,0,0,1,0,B,2700,11.86,0,0.02,0,2
15483,23,140000,MORTGAGE,7,0,1,0,0,0,0,0,1,0,B,12000,11.71,0,0.09,0,4
15488,23,140000,MORTGAGE,4,0,1,0,0,0,0,0,1,0,A,12000,5.42,0,0.09,0,3
15489,23,140000,MORTGAGE,7,0,1,0,0,0,0,0,1,0,A,12000,8.49,0,0.09,0,3
15493,24,140000,MORTGAGE,3,0,1,0,0,0,0,0,1,0,A,4475,7.49,0,0.03,0,4
15528,25,141996,MORTGAGE,0,0,1,0,0,0,0,0,1,0,A,14000,7.51,0,0.1,0,3
15531,24,143123,MORTGAGE,2,0,1,0,0,0,0,0,1,0,D,4000,12.61,0,0.03,0,4
15534,23,144000,MORTGAGE,7,0,1,0,0,0,0,0,1,0,A,10000,5.99,0,0.07,0,2
15540,24,144000,MORTGAGE,8,0,1,0,0,0,0,0,1,0,B,14400,10.25,0,0.1,0,3
15555,22,145000,MORTGAGE,6,0,1,0,0,0,0,0,1,0,A,12000,6.92,0,0.08,0,4
15567,25,145000,MORTGAGE,3,0,1,0,0,0,0,0,1,0,B,7500,10.08,0,0.05,0,2
15587,24,136000,MORTGAGE,9,0,1,0,0,0,0,0,1,0,F,25000,19.13,1,0.18,0,3
15598,25,150000,MORTGAGE,9,0,1,0,0,0,0,0,1,0,A,7500,8.9,0,0.05,0,3
15626,26,150000,MORTGAGE,1,0,1,0,0,0,0,0,1,0,B,6000,10.74,0,0.04,0,2
15631,25,150000,MORTGAGE,9,0,1,0,0,0,0,0,1,0,B,20000,8.88,0,0.13,0,4
15639,22,150000,MORTGAGE,6,0,1,0,0,0,0,0,1,0,D,18000,15.2,0,0.12,0,4
15643,24,150000,MORTGAGE,2,0,1,0,0,0,0,0,1,0,B,24250,10.38,0,0.16,0,3
15661,26,150000,MORTGAGE,10,0,1,0,0,0,0,0,1,0,B,15000,12.21,0,0.1,0,2
15691,24,155000,MORTGAGE,5,0,1,0,0,0,0,0,1,0,A,12000,7.49,0,0.08,0,4
15703,26,155142,MORTGAGE,6,0,1,0,0,0,0,0,1,0,D,23000,18.25,0,0.15,0,2
15704,25,155796,MORTGAGE,4,0,1,0,0,0,0,0,1,0,C,25000,13.48,0,0.16,0,2
15709,26,156000,MORTGAGE,5,0,1,0,0,0,0,0,1,0,B,7000,9.91,0,0.04,0,4
15720,25,157000,MORTGAGE,8,0,1,0,0,0,0,0,1,0,A,28000,7.49,0,0.18,0,4
15724,26,157500,MORTGAGE,4,0,1,0,0,0,0,0,1,0,B,25000,11.86,0,0.16,0,3
15768,23,168000,MORTGAGE,6,0,1,0,0,0,0,0,1,0,B,15750,10.75,0,0.09,0,2
15789,26,173000,MORTGAGE,0,0,1,0,0,0,0,0,1,0,A,10000,8.07,0,0.06,0,4
15792,25,175000,MORTGAGE,9,0,1,0,0,0,0,0,1,0,B,7550,11.49,0,0.04,0,4
15796,26,175000,MORTGAGE,0,0,1,0,0,0,0,0,1,0,C,15000,,0,0.09,0,3
15818,24,168000,MORTGAGE,0,0,1,0,0,0,0,0,1,0,E,25000,16.45,1,0.15,0,3
15827,24,185000,MORTGAGE,8,0,1,0,0,0,0,0,1,0,A,10000,6.92,0,0.05,0,3
15835,24,190000,MORTGAGE,6,0,1,0,0,0,0,0,1,0,A,5000,5.42,0,0.03,0,2
15845,25,199000,MORTGAGE,4,0,1,0,0,0,0,0,1,0,B,15000,9.99,0,0.08,0,2
15861,23,200000,MORTGAGE,0,0,1,0,0,0,0,0,1,0,A,5000,7.43,0,0.03,0,4
15863,26,200100,MORTGAGE,10,0,1,0,0,0,0,0,1,0,B,30000,11.71,0,0.15,0,4
15888,21,249996,MORTGAGE,5,0,1,0,0,0,0,0,1,0,A,5000,8.59,0,0.02,0,3
15906,24,330000,MORTGAGE,5,0,1,0,0,0,0,0,1,0,B,3500,10.36,0,0.01,0,4
15989,23,98280,MORTGAGE,7,0,1,0,0,0,0,0,1,0,A,9400,6.62,0,0.1,0,3
16059,25,37980,MORTGAGE,7,0,1,0,0,0,0,0,1,0,A,3500,6.03,0,0.09,0,3
16072,25,115000,MORTGAGE,4,0,1,0,0,0,0,0,1,0,A,20000,6.91,0,0.17,0,4
16083,22,59000,MORTGAGE,7,0,1,0,0,0,0,0,1,0,D,4900,15.62,1,0.08,0,3
16089,23,159996,MORTGAGE,2,0,1,0,0,0,0,0,1,0,A,12000,5.42,0,0.08,0,4
16116,23,58200,MORTGAGE,2,0,1,0,0,0,0,0,1,0,B,13000,,0,0.22,0,3
16125,25,50000,MORTGAGE,2,0,1,0,0,0,0,0,1,0,A,10000,7.9,0,0.2,0,4
16126,23,75000,MORTGAGE,5,0,1,0,0,0,0,0,1,0,B,5000,11.12,0,0.07,0,2
16164,23,82500,MORTGAGE,0,0,1,0,0,0,0,0,1,0,A,5000,8.49,0,0.06,0,2
16185,22,36000,MORTGAGE,0,0,1,0,0,0,0,0,1,0,B,12375,,0,0.34,0,3
16190,21,50000,MORTGAGE,5,0,1,0,0,0,0,0,1,0,C,9000,13.49,0,0.18,0,2
16193,24,46000,MORTGAGE,8,0,1,0,0,0,0,0,1,0,A,2000,7.66,0,0.04,0,2
16199,25,67000,MORTGAGE,9,0,1,0,0,0,0,0,1,0,C,25000,10.91,1,0.37,0,3
16219,22,38400,MORTGAGE,,0,1,0,0,0,0,0,1,0,B,5000,11.49,0,0.13,0,3
16221,24,156000,MORTGAGE,8,0,1,0,0,0,0,0,1,0,B,15000,10.25,0,0.1,0,2
16241,26,220836,MORTGAGE,10,0,1,0,0,0,0,0,1,0,B,9000,11.26,0,0.04,0,2
16246,22,78700,MORTGAGE,6,0,1,0,0,0,0,0,1,0,A,7000,7.68,1,0.09,0,3
16284,25,80000,MORTGAGE,5,0,1,0,0,0,0,0,1,0,A,18000,5.79,0,0.23,0,3
16340,20,188004,MORTGAGE,4,0,1,0,0,0,0,0,1,0,A,2000,8.59,0,0.01,0,2
16343,26,125000,MORTGAGE,10,0,1,0,0,0,0,0,1,0,A,10200,7.49,0,0.08,0,2
16344,24,54000,MORTGAGE,5,0,1,0,0,0,0,0,1,0,A,11000,5.42,0,0.2,0,2
16375,22,60000,MORTGAGE,1,0,1,0,0,0,0,0,1,0,C,7500,11.66,0,0.13,0,4
16376,26,80004,MORTGAGE,7,0,1,0,0,0,0,0,1,0,C,7500,15.23,1,0.09,0,4
16377,24,42000,MORTGAGE,5,0,1,0,0,0,0,0,1,0,A,19200,7.9,0,0.46,0,4
16393,23,60000,MORTGAGE,6,0,1,0,0,0,0,0,1,0,A,7000,6.54,0,0.12,0,2
16407,24,33600,MORTGAGE,3,0,1,0,0,0,0,0,1,0,A,2500,8.9,0,0.07,0,3
16416,23,86500,MORTGAGE,7,0,1,0,0,0,0,0,1,0,A,14000,7.29,0,0.16,0,3
16449,21,40000,MORTGAGE,5,0,1,0,0,0,0,0,1,0,A,5000,6.62,0,0.13,0,2
16450,24,86000,MORTGAGE,0,0,1,0,0,0,0,0,1,0,B,20000,10.99,1,0.23,0,3
16464,25,122000,MORTGAGE,9,0,1,0,0,0,0,0,1,0,C,20000,13.23,0,0.16,0,4
16519,23,66661,MORTGAGE,7,0,1,0,0,0,0,0,1,0,B,1500,11.49,0,0.02,0,2
16534,22,69000,MORTGAGE,6,0,1,0,0,0,0,0,1,0,C,7800,12.41,0,0.11,0,4
16535,23,120000,MORTGAGE,,0,1,0,0,0,0,0,1,0,A,10000,,0,0.08,0,2
16571,25,154000,MORTGAGE,4,0,1,0,0,0,0,0,1,0,A,12225,7.49,0,0.08,0,4
16619,23,57700,MORTGAGE,7,0,1,0,0,0,0,0,1,0,B,3500,10.65,0,0.06,0,2
16623,23,62471,MORTGAGE,,0,1,0,0,0,0,0,1,0,A,12000,6.91,0,0.19,0,4
16659,23,70000,MORTGAGE,5,0,1,0,0,0,0,0,1,0,B,20000,12.21,0,0.29,0,2
16660,23,100000,MORTGAGE,7,0,1,0,0,0,0,0,1,0,B,10000,10.59,0,0.1,0,4
16664,26,45000,MORTGAGE,9,0,1,0,0,0,0,0,1,0,D,10000,16.89,0,0.22,0,3
16666,25,109000,MORTGAGE,5,0,1,0,0,0,0,0,1,0,B,15000,10.25,0,0.14,0,2
16695,26,52000,MORTGAGE,6,0,1,0,0,0,0,0,1,0,B,3300,10.99,0,0.06,0,2
16706,24,120000,MORTGAGE,0,0,1,0,0,0,0,0,1,0,A,16000,9.63,0,0.13,0,2
16707,24,80400,MORTGAGE,5,0,1,0,0,0,0,0,1,0,A,12000,5.79,0,0.15,0,2
16729,25,79000,MORTGAGE,0,0,1,0,0,0,0,0,1,0,A,9000,6.76,0,0.11,0,4
16737,25,61200,MORTGAGE,1,0,1,0,0,0,0,0,1,0,A,5650,7.66,0,0.09,0,2
16805,24,72000,MORTGAGE,8,0,1,0,0,0,0,0,1,0,A,5000,6.03,0,0.07,0,4
16835,24,145000,MORTGAGE,0,0,1,0,0,0,0,0,1,0,B,7000,10.99,0,0.05,0,2
16838,26,55000,MORTGAGE,4,0,1,0,0,0,0,0,1,0,A,10000,7.51,1,0.18,0,2
16855,24,75000,MORTGAGE,,0,1,0,0,0,0,0,1,0,A,7000,7.66,0,0.09,0,3
16931,22,54252,MORTGAGE,6,0,1,0,0,0,0,0,1,0,A,3500,6.39,0,0.06,0,4
16935,24,85000,MORTGAGE,1,0,1,0,0,0,0,0,1,0,A,4400,7.4,0,0.05,0,3
16971,26,84191,MORTGAGE,5,0,1,0,0,0,0,0,1,0,A,9000,6.62,0,0.11,0,3
16980,26,90000,MORTGAGE,10,0,1,0,0,0,0,0,1,0,B,13000,10.59,0,0.14,0,3
16999,26,130000,MORTGAGE,8,0,1,0,0,0,0,0,1,0,A,10000,6.03,0,0.08,0,3
17031,22,75500,MORTGAGE,6,0,1,0,0,0,0,0,1,0,A,12000,,0,0.16,0,2
17035,25,63000,MORTGAGE,0,0,1,0,0,0,0,0,1,0,D,25000,13.87,0,0.4,0,4
17052,22,51480,MORTGAGE,4,0,1,0,0,0,0,0,1,0,B,3000,11.83,0,0.06,0,2
17078,26,50004,MORTGAGE,10,0,1,0,0,0,0,0,1,0,A,5000,9.32,0,0.1,0,2
17105,21,104000,MORTGAGE,5,0,1,0,0,0,0,0,1,0,A,15000,9.63,0,0.14,0,4
17118,22,46000,MORTGAGE,6,0,1,0,0,0,0,0,1,0,B,4000,10.37,0,0.09,0,2
17128,26,87000,MORTGAGE,0,0,1,0,0,0,0,0,1,0,B,15000,10.62,0,0.17,0,4
17131,25,36000,MORTGAGE,3,0,1,0,0,0,0,0,1,0,A,5300,7.49,0,0.15,0,3
17144,26,95400,MORTGAGE,8,0,1,0,0,0,0,0,1,0,C,5000,12.68,0,0.05,0,2
17167,23,42000,MORTGAGE,1,0,1,0,0,0,0,0,1,0,C,5750,13.57,0,0.14,0,2
17168,25,75000,MORTGAGE,7,0,1,0,0,0,0,0,1,0,B,15000,9.99,0,0.2,0,2
17179,23,80000,MORTGAGE,,0,1,0,0,0,0,0,1,0,A,3000,5.99,0,0.04,0,3
17211,26,127992,MORTGAGE,10,0,1,0,0,0,0,0,1,0,C,26000,13.99,0,0.2,0,2
17221,22,166000,MORTGAGE,1,0,1,0,0,0,0,0,1,0,B,23450,11.36,0,0.14,0,2
17263,24,96000,MORTGAGE,7,0,1,0,0,0,0,0,1,0,C,6000,13.92,0,0.06,0,3
17269,22,42000,MORTGAGE,6,0,1,0,0,0,0,0,1,0,A,3000,6.03,0,0.07,0,3
17283,26,65000,MORTGAGE,0,0,1,0,0,0,0,0,1,0,A,4000,5.42,0,0.06,0,2
17289,22,48000,MORTGAGE,6,0,1,0,0,0,0,0,1,0,C,10000,13.49,0,0.21,0,2
17297,22,60000,MORTGAGE,2,0,1,0,0,0,0,0,1,0,A,5200,5.99,0,0.09,0,4
17324,26,48000,MORTGAGE,4,0,1,0,0,0,0,0,1,0,A,10000,5.79,0,0.21,0,4
17337,25,88000,MORTGAGE,7,0,1,0,0,0,0,0,1,0,B,11000,11.14,0,0.13,0,2
17351,21,25000,MORTGAGE,2,0,1,0,0,0,0,0,1,0,B,3600,9.91,0,0.14,0,4
17397,23,70000,MORTGAGE,7,0,1,0,0,0,0,0,1,0,A,13000,5.42,0,0.19,0,3
17415,24,80000,MORTGAGE,8,0,1,0,0,0,0,0,1,0,A,9000,,0,0.11,0,2
17477,23,36000,MORTGAGE,6,0,1,0,0,0,0,0,1,0,C,14000,12.99,0,0.39,0,3
17488,25,60000,MORTGAGE,2,0,1,0,0,0,0,0,1,0,B,6900,9.99,0,0.12,0,2
17507,24,53000,MORTGAGE,8,0,1,0,0,0,0,0,1,0,D,10000,14.91,0,0.19,0,2
17520,24,91000,MORTGAGE,0,0,1,0,0,0,0,0,1,0,A,1000,7.68,0,0.01,0,4
17539,25,56000,MORTGAGE,,0,1,0,0,0,0,0,1,0,A,5000,5.42,0,0.09,0,4
17540,25,100000,MORTGAGE,9,0,1,0,0,0,0,0,1,0,B,17600,10.59,0,0.18,0,3
17543,24,55680,MORTGAGE,4,0,1,0,0,0,0,0,1,0,B,7875,10.65,0,0.14,0,3
17582,21,62000,MORTGAGE,2,0,1,0,0,0,0,0,1,0,A,6000,7.51,0,0.1,0,4
17583,23,54000,MORTGAGE,,0,1,0,0,0,0,0,1,0,B,5000,9.99,0,0.09,0,2
17591,25,140000,MORTGAGE,9,0,1,0,0,0,0,0,1,0,B,35000,10.59,0,0.25,0,4
17609,24,112000,MORTGAGE,8,0,1,0,0,0,0,0,1,0,A,3500,5.42,0,0.03,0,4
17623,24,62000,MORTGAGE,7,0,1,0,0,0,0,0,1,0,A,6200,,0,0.1,0,2
17710,23,50000,MORTGAGE,3,0,1,0,0,0,0,0,1,0,B,10000,10.99,0,0.2,0,3
17724,24,65000,MORTGAGE,5,0,1,0,0,0,0,0,1,0,B,9600,11.99,0,0.15,0,3
17729,25,49000,MORTGAGE,9,0,1,0,0,0,0,0,1,0,A,7000,6.99,0,0.14,0,3
17735,24,80000,MORTGAGE,0,0,1,0,0,0,0,0,1,0,A,6000,8.59,0,0.07,0,2
17784,24,54000,MORTGAGE,8,0,1,0,0,0,0,0,1,0,B,4000,9.99,0,0.07,0,2
17801,26,34000,MORTGAGE,6,0,1,0,0,0,0,0,1,0,A,12000,6.03,0,0.35,0,2
17835,34,948000,MORTGAGE,18,0,1,0,0,0,0,0,1,0,B,2000,9.99,0,0,0,7
17858,33,400000,MORTGAGE,9,0,1,0,0,0,0,0,1,0,A,15000,6.03,0,0.04,0,10
17863,27,390000,MORTGAGE,11,0,1,0,0,0,0,0,1,0,B,10000,11.26,0,0.03,0,6
17904,28,285000,MORTGAGE,4,0,1,0,0,0,0,0,1,0,E,25000,16.32,0,0.09,0,6
17911,31,275000,MORTGAGE,9,0,1,0,0,0,0,0,1,0,C,25000,13.85,0,0.09,0,6
17925,31,258000,MORTGAGE,3,0,1,0,0,0,0,0,1,0,A,28000,5.99,0,0.11,0,5
17926,28,250000,MORTGAGE,3,0,1,0,0,0,0,0,1,0,B,35000,11.71,0,0.14,0,7
17962,33,225000,MORTGAGE,12,0,1,0,0,0,0,0,1,0,B,8000,9.99,0,0.04,0,10
17968,32,225000,MORTGAGE,4,0,1,0,0,0,0,0,1,0,C,20000,13.92,0,0.09,0,10
17992,32,202000,MORTGAGE,7,0,1,0,0,0,0,0,1,0,B,28000,10.59,0,0.14,0,7
18000,28,200000,MORTGAGE,2,0,1,0,0,0,0,0,1,0,A,15000,6.03,0,0.07,0,6
18008,28,200000,MORTGAGE,7,0,1,0,0,0,0,0,1,0,A,10000,6.99,0,0.05,0,7
18016,27,200000,MORTGAGE,7,0,1,0,0,0,0,0,1,0,B,15000,9.88,0,0.07,0,9
18022,29,200000,MORTGAGE,7,0,1,0,0,0,0,0,1,0,B,14400,11.14,0,0.07,0,7
18029,30,200000,MORTGAGE,5,0,1,0,0,0,0,0,1,0,B,20000,11.48,0,0.1,0,7
18046,29,190000,MORTGAGE,5,0,1,0,0,0,0,0,1,0,A,4000,6.62,0,0.02,0,5
18074,27,185232,MORTGAGE,10,0,1,0,0,0,0,0,1,0,A,35000,,0,0.19,0,8
18084,29,180396,MORTGAGE,8,0,1,0,0,0,0,0,1,0,B,18000,12.69,0,0.1,0,9
18089,32,180000,MORTGAGE,12,0,1,0,0,0,0,0,1,0,A,10000,7.9,0,0.06,0,10
18096,29,180000,MORTGAGE,9,0,1,0,0,0,0,0,1,0,A,15000,5.79,0,0.08,0,6
18139,28,174000,MORTGAGE,2,0,1,0,0,0,0,0,1,0,D,12000,,0,0.07,0,10
18142,34,171996,MORTGAGE,1,0,1,0,0,0,0,0,1,0,D,15000,14.96,0,0.09,0,5
18145,33,170004,MORTGAGE,17,0,1,0,0,0,0,0,1,0,A,12000,7.51,0,0.07,0,9
18146,31,15456,MORTGAGE,1,0,1,0,0,0,0,0,1,0,A,4000,8.9,1,0.26,0,5
18229,30,17280,MORTGAGE,0,0,1,0,0,0,0,0,1,0,C,2000,,0,0.12,0,7
18521,27,23652,MORTGAGE,9,0,1,0,0,0,0,0,1,0,A,2000,7.49,0,0.08,0,8
18559,27,24000,MORTGAGE,6,0,1,0,0,0,0,0,1,0,A,6250,8.49,0,0.26,0,8
18640,28,24996,MORTGAGE,6,0,1,0,0,0,0,0,1,0,A,6000,5.99,0,0.24,0,7
18646,31,24996,MORTGAGE,6,0,1,0,0,0,0,0,1,0,B,6000,9.25,0,0.24,0,9
18682,27,25000,MORTGAGE,4,0,1,0,0,0,0,0,1,0,D,4750,14.83,0,0.19,0,9
18695,30,25000,MORTGAGE,10,0,1,0,0,0,0,0,1,0,A,6400,7.51,0,0.26,0,8
18827,35,27204,MORTGAGE,16,0,1,0,0,0,0,0,1,0,A,1800,7.74,0,0.07,0,7
18894,27,28560,MORTGAGE,7,0,1,0,0,0,0,0,1,0,A,2400,6.39,0,0.08,0,8
18902,30,28800,MORTGAGE,6,0,1,0,0,0,0,0,1,0,C,6250,,0,0.22,0,9
18928,31,29000,MORTGAGE,6,0,1,0,0,0,0,0,1,0,D,5000,15.99,0,0.17,0,7
18932,31,29000,MORTGAGE,5,0,1,0,0,0,0,0,1,0,C,1500,12.29,0,0.05,0,6
18979,35,30000,MORTGAGE,13,0,1,0,0,0,0,0,1,0,A,6625,6.62,0,0.22,0,6
18988,31,30000,MORTGAGE,2,0,1,0,0,0,0,0,1,0,A,2000,7.9,0,0.07,0,10
19046,31,30000,MORTGAGE,3,0,1,0,0,0,0,0,1,0,A,9450,8.49,0,0.32,0,8
19258,27,31200,MORTGAGE,3,0,1,0,0,0,0,0,1,0,B,3600,11.48,0,0.12,0,7
19272,34,31500,MORTGAGE,16,0,1,0,0,0,0,0,1,0,B,6000,,0,0.19,0,8
19323,28,32000,MORTGAGE,5,0,1,0,0,0,0,0,1,0,A,8500,7.51,0,0.27,0,6
19342,33,32004,MORTGAGE,4,0,1,0,0,0,0,0,1,0,B,6000,10.74,0,0.19,0,7
19358,28,32400,MORTGAGE,,0,1,0,0,0,0,0,1,0,B,2500,8.88,1,0.08,0,8
19366,31,32496,MORTGAGE,2,0,1,0,0,0,0,0,1,0,B,1800,9.63,0,0.06,0,10
19430,29,33000,MORTGAGE,2,0,1,0,0,0,0,0,1,0,A,16000,8.63,0,0.48,0,7
19437,31,33225,MORTGAGE,13,0,1,0,0,0,0,0,1,0,B,13500,10.59,0,0.41,0,6
19452,33,33600,MORTGAGE,,0,1,0,0,0,0,0,1,0,C,2500,14.65,0,0.07,0,8
19475,31,33600,MORTGAGE,15,0,1,0,0,0,0,0,1,0,A,6500,7.14,0,0.19,0,8
19481,34,33612,MORTGAGE,0,0,1,0,0,0,0,0,1,0,A,9000,7.74,1,0.27,0,9
19488,33,33996,MORTGAGE,4,0,1,0,0,0,0,0,1,0,A,10000,,0,0.29,0,10
19502,31,34000,MORTGAGE,15,0,1,0,0,0,0,0,1,0,B,13000,10.99,0,0.38,0,8
19512,27,34000,MORTGAGE,0,0,1,0,0,0,0,0,1,0,C,8000,13.35,0,0.24,0,8
19552,27,34800,MORTGAGE,5,0,1,0,0,0,0,0,1,0,B,3000,9.91,0,0.09,0,6
19561,32,34900,MORTGAGE,0,0,1,0,0,0,0,0,1,0,B,12000,10.25,0,0.34,0,9
19582,35,35000,MORTGAGE,4,0,1,0,0,0,0,0,1,0,B,8000,9.91,0,0.23,0,5
19602,32,35000,MORTGAGE,2,0,1,0,0,0,0,0,1,0,C,6075,13.49,0,0.17,0,9
19626,31,35000,MORTGAGE,15,0,1,0,0,0,0,0,1,0,A,8000,5.42,0,0.23,0,9
19632,33,35000,MORTGAGE,2,0,1,0,0,0,0,0,1,0,A,6000,5.42,0,0.17,0,6
19669,27,35000,MORTGAGE,11,0,1,0,0,0,0,0,1,0,B,15000,12.53,0,0.43,0,5
19682,28,35000,MORTGAGE,5,0,1,0,0,0,0,0,1,0,C,9600,13.16,0,0.27,0,8
19685,29,35000,MORTGAGE,1,0,1,0,0,0,0,0,1,0,A,3600,8,0,0.1,0,9
19713,34,35100,MORTGAGE,16,0,1,0,0,0,0,0,1,0,C,9000,13.47,0,0.26,0,10
19714,34,35184,MORTGAGE,,0,1,0,0,0,0,0,1,0,B,5000,10.74,0,0.14,0,7
19723,28,35376,MORTGAGE,,0,1,0,0,0,0,0,1,0,A,1500,8.49,0,0.04,0,10
19750,30,30000,MORTGAGE,5,0,1,0,0,0,0,0,1,0,C,1100,14.65,1,0.04,0,10
19755,33,36000,MORTGAGE,17,0,1,0,0,0,0,0,1,0,B,6250,12.69,0,0.17,0,6
19771,33,36000,MORTGAGE,10,0,1,0,0,0,0,0,1,0,A,5000,8.49,0,0.14,0,8
19795,27,30000,MORTGAGE,3,0,1,0,0,0,0,0,1,0,C,5350,13.06,1,0.18,0,6
19813,27,36000,MORTGAGE,5,0,1,0,0,0,0,0,1,0,A,5000,,0,0.14,0,10
19815,29,30000,MORTGAGE,13,0,1,0,0,0,0,0,1,0,B,9000,10.36,1,0.3,0,10
19818,30,36000,MORTGAGE,8,0,1,0,0,0,0,0,1,0,B,5000,8.88,0,0.14,0,5
19830,29,36000,MORTGAGE,2,0,1,0,0,0,0,0,1,0,D,20000,,0,0.56,0,6
19849,33,36000,MORTGAGE,3,0,1,0,0,0,0,0,1,0,A,7800,7.14,0,0.22,0,10
19853,27,36000,MORTGAGE,7,0,1,0,0,0,0,0,1,0,B,6000,10.25,0,0.17,0,10
19858,30,36000,MORTGAGE,4,0,1,0,0,0,0,0,1,0,C,11500,13.57,0,0.32,0,8
19888,29,36100,MORTGAGE,2,0,1,0,0,0,0,0,1,0,C,14000,14.27,0,0.39,0,5
19896,35,36153,MORTGAGE,2,0,1,0,0,0,0,0,1,0,D,3000,11.86,0,0.08,0,8
19911,29,36538,MORTGAGE,2,0,1,0,0,0,0,0,1,0,A,2500,6.62,0,0.07,0,7
19937,32,37000,MORTGAGE,3,0,1,0,0,0,0,0,1,0,B,3000,11.49,0,0.08,0,7
19940,35,31000,MORTGAGE,2,0,1,0,0,0,0,0,1,0,B,8875,11.99,1,0.29,0,7
19942,28,37000,MORTGAGE,12,0,1,0,0,0,0,0,1,0,B,1000,10.99,0,0.03,0,6
19945,33,31000,MORTGAGE,2,0,1,0,0,0,0,0,1,0,B,13000,10.74,1,0.42,0,6
19953,33,37000,MORTGAGE,2,0,1,0,0,0,0,0,1,0,B,13000,10.36,0,0.35,0,7
19978,30,37017,MORTGAGE,3,0,1,0,0,0,0,0,1,0,A,9000,6.54,0,0.24,0,7
19993,28,37290,MORTGAGE,7,0,1,0,0,0,0,0,1,0,A,5500,5.42,0,0.15,0,5
20022,34,31800,MORTGAGE,,0,1,0,0,0,0,0,1,0,A,1700,,1,0.05,0,9
20038,30,38000,MORTGAGE,14,0,1,0,0,0,0,0,1,0,A,6000,6.62,0,0.16,0,5
20177,28,33000,MORTGAGE,9,0,1,0,0,0,0,0,1,0,A,4000,7.9,1,0.12,0,8
20185,29,39000,MORTGAGE,12,0,1,0,0,0,0,0,1,0,A,16000,5.99,0,0.41,0,8
20228,34,39600,MORTGAGE,16,0,1,0,0,0,0,0,1,0,A,2400,6.03,0,0.06,0,9
20242,33,39600,MORTGAGE,0,0,1,0,0,0,0,0,1,0,A,3000,7.68,0,0.08,0,7
20249,28,33996,MORTGAGE,5,0,1,0,0,0,0,0,1,0,A,12000,,1,0.35,0,8
20260,30,39996,MORTGAGE,2,0,1,0,0,0,0,0,1,0,B,10000,10.75,0,0.25,0,8
20281,28,40000,MORTGAGE,9,0,1,0,0,0,0,0,1,0,B,19200,9.91,0,0.48,0,9
20322,30,34000,MORTGAGE,8,0,1,0,0,0,0,0,1,0,A,12000,,1,0.35,0,10
20352,33,40000,MORTGAGE,12,0,1,0,0,0,0,0,1,0,A,3200,5.42,0,0.08,0,8
20402,29,40000,MORTGAGE,13,0,1,0,0,0,0,0,1,0,B,25000,11.86,0,0.63,0,7
20418,29,40000,MORTGAGE,13,0,1,0,0,0,0,0,1,0,A,6400,7.51,0,0.16,0,6
20430,33,40000,MORTGAGE,4,0,1,0,0,0,0,0,1,0,A,12000,,0,0.3,0,5
20456,33,40000,MORTGAGE,1,0,1,0,0,0,0,0,1,0,A,7200,9.32,0,0.18,0,8
20458,28,40000,MORTGAGE,6,0,1,0,0,0,0,0,1,0,A,10000,9.32,0,0.25,0,8
20461,33,40000,MORTGAGE,2,0,1,0,0,0,0,0,1,0,B,6000,12.21,0,0.15,0,10
20544,27,41000,MORTGAGE,3,0,1,0,0,0,0,0,1,0,A,10000,8.59,0,0.24,0,8
20548,32,41000,MORTGAGE,2,0,1,0,0,0,0,0,1,0,D,8000,15.05,0,0.2,0,9
20557,31,41053,MORTGAGE,1,0,1,0,0,0,0,0,1,0,A,12000,,0,0.29,0,7
20634,27,42000,MORTGAGE,11,0,1,0,0,0,0,0,1,0,A,3500,8.49,0,0.08,0,9
20644,33,42000,MORTGAGE,2,0,1,0,0,0,0,0,1,0,A,9050,7.49,0,0.22,0,7
20656,32,42000,MORTGAGE,,0,1,0,0,0,0,0,1,0,A,1225,5.79,0,0.03,0,10
20667,29,36000,MORTGAGE,6,0,1,0,0,0,0,0,1,0,A,8000,6.54,1,0.22,0,8
20688,28,42000,MORTGAGE,4,0,1,0,0,0,0,0,1,0,B,10000,10.75,0,0.24,0,9
20698,29,42000,MORTGAGE,8,0,1,0,0,0,0,0,1,0,C,7800,13.11,0,0.19,0,9
20702,28,42000,MORTGAGE,13,0,1,0,0,0,0,0,1,0,D,8500,14.96,0,0.2,0,10
20839,30,43200,MORTGAGE,14,0,1,0,0,0,0,0,1,0,B,5000,11.36,0,0.12,0,9
20843,28,43344,MORTGAGE,4,0,1,0,0,0,0,0,1,0,B,10000,11.12,0,0.23,0,9
20857,27,43900,MORTGAGE,2,0,1,0,0,0,0,0,1,0,B,14000,10.38,0,0.32,0,10
20890,33,44000,MORTGAGE,5,0,1,0,0,0,0,0,1,0,B,5500,,0,0.13,0,9
20923,27,38300,MORTGAGE,2,0,1,0,0,0,0,0,1,0,B,6000,10.99,1,0.16,0,10
20926,29,44400,MORTGAGE,,0,1,0,0,0,0,0,1,0,A,5000,,0,0.11,0,7
20938,28,44500,MORTGAGE,2,0,1,0,0,0,0,0,1,0,A,10000,8.59,0,0.22,0,6
20966,32,45000,MORTGAGE,,0,1,0,0,0,0,0,1,0,B,7200,12.69,0,0.16,0,9
21011,32,45000,MORTGAGE,16,0,1,0,0,0,0,0,1,0,A,6000,7.49,0,0.13,0,6
21015,27,45000,MORTGAGE,3,0,1,0,0,0,0,0,1,0,A,4000,6.99,0,0.09,0,7
21026,27,45000,MORTGAGE,11,0,1,0,0,0,0,0,1,0,B,3450,11.99,0,0.08,0,7
21030,29,45000,MORTGAGE,4,0,1,0,0,0,0,0,1,0,D,15000,18.49,0,0.33,0,6
21066,27,45000,MORTGAGE,7,0,1,0,0,0,0,0,1,0,A,12000,6.91,0,0.27,0,8
21069,29,45000,MORTGAGE,7,0,1,0,0,0,0,0,1,0,A,4000,6.17,0,0.09,0,9
21084,32,45000,MORTGAGE,6,0,1,0,0,0,0,0,1,0,A,15000,7.51,0,0.33,0,5
21135,29,39000,MORTGAGE,13,0,1,0,0,0,0,0,1,0,D,10000,,1,0.26,0,5
21144,31,45000,MORTGAGE,12,0,1,0,0,0,0,0,1,0,A,6000,9.32,0,0.13,0,9
21168,34,45204,MORTGAGE,4,0,1,0,0,0,0,0,1,0,A,5000,9.63,0,0.11,0,9
21172,29,45324,MORTGAGE,4,0,1,0,0,0,0,0,1,0,D,15150,14.54,0,0.33,0,10
21209,29,45600,MORTGAGE,9,0,1,0,0,0,0,0,1,0,A,2000,7.88,0,0.04,0,10
21218,27,45760,MORTGAGE,0,0,1,0,0,0,0,0,1,0,A,9300,,0,0.2,0,10
21246,28,46000,MORTGAGE,12,0,1,0,0,0,0,0,1,0,A,6500,6.99,0,0.14,0,7
21257,29,46000,MORTGAGE,9,0,1,0,0,0,0,0,1,0,A,4000,6.76,0,0.09,0,9
21266,28,46000,MORTGAGE,2,0,1,0,0,0,0,0,1,0,B,4000,11.48,0,0.09,0,5
21280,31,46300,MORTGAGE,16,0,1,0,0,0,0,0,1,0,A,7500,7.88,0,0.16,0,6
21308,31,46800,MORTGAGE,14,0,1,0,0,0,0,0,1,0,B,5500,,0,0.12,0,10
21313,28,46858,MORTGAGE,,0,1,0,0,0,0,0,1,0,B,3600,9.91,0,0.08,0,10
21314,29,46873,MORTGAGE,9,0,1,0,0,0,0,0,1,0,A,11200,7.14,0,0.24,0,6
21402,34,48000,MORTGAGE,3,0,1,0,0,0,0,0,1,0,A,7500,6.62,0,0.16,0,7
21417,28,48000,MORTGAGE,4,0,1,0,0,0,0,0,1,0,B,3000,11.99,0,0.06,0,10
21421,29,48000,MORTGAGE,13,0,1,0,0,0,0,0,1,0,A,6625,8.49,0,0.14,0,9
21425,30,48000,MORTGAGE,4,0,1,0,0,0,0,0,1,0,A,8500,7.49,0,0.18,0,8
21429,27,48000,MORTGAGE,1,0,1,0,0,0,0,0,1,0,C,6000,13.49,0,0.13,0,7
21444,29,42000,MORTGAGE,6,0,1,0,0,0,0,0,1,0,B,6000,11.49,1,0.14,0,9
21482,29,48000,MORTGAGE,13,0,1,0,0,0,0,0,1,0,B,20000,,0,0.42,0,9
21490,34,48000,MORTGAGE,2,0,1,0,0,0,0,0,1,0,A,10000,7.14,0,0.21,0,10
21503,33,48000,MORTGAGE,1,0,1,0,0,0,0,0,1,0,D,20000,16.07,0,0.42,0,10
21504,27,42000,MORTGAGE,4,0,1,0,0,0,0,0,1,0,C,2850,13.48,1,0.07,0,7
21523,30,48000,MORTGAGE,12,0,1,0,0,0,0,0,1,0,A,15000,,0,0.31,0,9
21561,27,48600,MORTGAGE,4,0,1,0,0,0,0,0,1,0,D,10000,15.7,0,0.21,0,9
21618,30,43580,MORTGAGE,5,0,1,0,0,0,0,0,1,0,B,6000,12.21,1,0.14,0,7
21620,33,49700,MORTGAGE,0,0,1,0,0,0,0,0,1,0,A,12000,6.92,0,0.24,0,9
21624,35,49800,MORTGAGE,3,0,1,0,0,0,0,0,1,0,A,6000,7.14,0,0.12,0,6
21634,28,50000,MORTGAGE,0,0,1,0,0,0,0,0,1,0,A,9000,,0,0.18,0,7
21644,27,50000,MORTGAGE,6,0,1,0,0,0,0,0,1,0,B,12000,11.71,0,0.24,0,10
21675,29,50000,MORTGAGE,0,0,1,0,0,0,0,0,1,0,A,6300,6.62,0,0.13,0,10
21701,29,50000,MORTGAGE,0,0,1,0,0,0,0,0,1,0,B,3575,11.49,0,0.07,0,7
21718,33,50000,MORTGAGE,7,0,1,0,0,0,0,0,1,0,B,10000,9.99,0,0.2,0,5
21742,27,50000,MORTGAGE,0,0,1,0,0,0,0,0,1,0,A,4000,,0,0.08,0,9
21743,29,50000,MORTGAGE,5,0,1,0,0,0,0,0,1,0,B,8000,10.37,0,0.16,0,7
21786,30,50000,MORTGAGE,1,0,1,0,0,0,0,0,1,0,B,16000,10.38,0,0.32,0,7
21789,32,50000,MORTGAGE,5,0,1,0,0,0,0,0,1,0,A,9600,6.76,0,0.19,0,9
21795,32,50000,MORTGAGE,3,0,1,0,0,0,0,0,1,0,A,6000,6.76,0,0.12,0,6
21813,28,50000,MORTGAGE,3,0,1,0,0,0,0,0,1,0,A,3000,,0,0.06,0,10
21830,30,50000,MORTGAGE,3,0,1,0,0,0,0,0,1,0,B,5000,,0,0.1,0,5
21881,27,50000,MORTGAGE,1,0,1,0,0,0,0,0,1,0,A,3000,7.68,0,0.06,0,5
21887,29,50004,MORTGAGE,5,0,1,0,0,0,0,0,1,0,A,10000,5.99,0,0.2,0,5
21916,28,50123,MORTGAGE,11,0,1,0,0,0,0,0,1,0,B,2200,11.49,0,0.04,0,8
21920,31,50268,MORTGAGE,4,0,1,0,0,0,0,0,1,0,D,12000,12.61,0,0.24,0,9
21921,28,44340,MORTGAGE,,0,1,0,0,0,0,0,1,0,A,2600,7.14,1,0.06,0,6
21932,30,50400,MORTGAGE,7,0,1,0,0,0,0,0,1,0,A,3000,7.29,0,0.06,0,6
21944,31,50402,MORTGAGE,4,0,1,0,0,0,0,0,1,0,C,3000,13.22,0,0.06,0,9
21968,34,51000,MORTGAGE,,0,1,0,0,0,0,0,1,0,A,6400,,0,0.13,0,6
21974,30,51000,MORTGAGE,4,0,1,0,0,0,0,0,1,0,B,2000,10.99,0,0.04,0,10
21977,29,51000,MORTGAGE,12,0,1,0,0,0,0,0,1,0,B,1800,11.49,0,0.04,0,8
21987,29,51000,MORTGAGE,8,0,1,0,0,0,0,0,1,0,B,25000,11.49,0,0.49,0,10
21999,30,45000,MORTGAGE,11,0,1,0,0,0,0,0,1,0,D,10000,14.74,1,0.22,0,6
22022,34,51621,MORTGAGE,5,0,1,0,0,0,0,0,1,0,B,3500,11.49,0,0.07,0,6
22027,33,51888,MORTGAGE,13,0,1,0,0,0,0,0,1,0,C,7000,13.98,0,0.13,0,10
22035,28,51996,MORTGAGE,4,0,1,0,0,0,0,0,1,0,A,5000,7.51,0,0.1,0,7
22048,33,46000,MORTGAGE,8,0,1,0,0,0,0,0,1,0,B,14300,9.91,1,0.31,0,6
22074,27,52000,MORTGAGE,5,0,1,0,0,0,0,0,1,0,A,10000,7.29,0,0.19,0,7
22078,30,52000,MORTGAGE,4,0,1,0,0,0,0,0,1,0,B,14675,9.63,0,0.28,0,8
22095,27,52000,MORTGAGE,6,0,1,0,0,0,0,0,1,0,A,11500,7.14,0,0.22,0,9
22111,34,52000,MORTGAGE,15,0,1,0,0,0,0,0,1,0,B,8000,11.14,0,0.15,0,7
22118,28,52000,MORTGAGE,0,0,1,0,0,0,0,0,1,0,A,7500,9.32,0,0.14,0,6
22119,31,52000,MORTGAGE,15,0,1,0,0,0,0,0,1,0,B,15200,12.21,0,0.29,0,8
22129,30,52000,MORTGAGE,2,0,1,0,0,0,0,0,1,0,C,18500,10.91,0,0.36,0,7
22156,29,52800,MORTGAGE,1,0,1,0,0,0,0,0,1,0,C,4800,14.79,0,0.09,0,9
22214,32,53200,MORTGAGE,13,0,1,0,0,0,0,0,1,0,A,5000,,0,0.09,0,8
22219,27,53400,MORTGAGE,8,0,1,0,0,0,0,0,1,0,B,4000,9.99,0,0.07,0,6
22238,33,48000,MORTGAGE,7,0,1,0,0,0,0,0,1,0,B,7000,12.42,1,0.15,0,5
22253,32,54000,MORTGAGE,16,0,1,0,0,0,0,0,1,0,A,11200,6.03,0,0.21,0,9
22269,34,54000,MORTGAGE,5,0,1,0,0,0,0,0,1,0,A,3500,5.99,0,0.06,0,6
22292,28,54000,MORTGAGE,1,0,1,0,0,0,0,0,1,0,A,11000,6.54,0,0.2,0,9
22294,31,48000,MORTGAGE,15,0,1,0,0,0,0,0,1,0,B,5000,10.36,1,0.1,0,5
22298,32,54000,MORTGAGE,12,0,1,0,0,0,0,0,1,0,A,3500,7.88,0,0.06,0,6
22320,30,54000,MORTGAGE,8,0,1,0,0,0,0,0,1,0,A,5000,8,0,0.09,0,8
22330,34,54072,MORTGAGE,12,0,1,0,0,0,0,0,1,0,B,7000,11.89,0,0.13,0,9
22337,27,54216,MORTGAGE,4,0,1,0,0,0,0,0,1,0,A,9000,5.99,0,0.17,0,5
22341,29,54500,MORTGAGE,7,0,1,0,0,0,0,0,1,0,D,4275,,0,0.08,0,5
22360,28,54996,MORTGAGE,12,0,1,0,0,0,0,0,1,0,A,6400,,0,0.12,0,5
22376,27,55000,MORTGAGE,5,0,1,0,0,0,0,0,1,0,A,5000,6.62,0,0.09,0,6
22388,27,55000,MORTGAGE,6,0,1,0,0,0,0,0,1,0,A,10000,7.9,0,0.18,0,6
22402,29,55000,MORTGAGE,5,0,1,0,0,0,0,0,1,0,A,12000,7.49,0,0.22,0,6
22404,30,55000,MORTGAGE,1,0,1,0,0,0,0,0,1,0,B,6500,10.99,0,0.12,0,9
22424,27,55000,MORTGAGE,3,0,1,0,0,0,0,0,1,0,A,11000,7.49,0,0.2,0,10
22427,35,55000,MORTGAGE,14,0,1,0,0,0,0,0,1,0,A,15000,8.49,0,0.27,0,10
22429,30,49000,MORTGAGE,2,0,1,0,0,0,0,0,1,0,C,16000,13.49,1,0.33,0,7
22431,29,55000,MORTGAGE,4,0,1,0,0,0,0,0,1,0,B,8000,10,0,0.15,0,6
22433,29,55000,MORTGAGE,4,0,1,0,0,0,0,0,1,0,A,3600,6.92,0,0.07,0,10
22447,33,55000,MORTGAGE,5,0,1,0,0,0,0,0,1,0,A,15000,6.54,0,0.27,0,6
22454,28,55000,MORTGAGE,5,0,1,0,0,0,0,0,1,0,A,4800,5.79,0,0.09,0,6
22466,31,55000,MORTGAGE,2,0,1,0,0,0,0,0,1,0,A,8000,7.14,0,0.15,0,10
22523,27,49000,MORTGAGE,0,0,1,0,0,0,0,0,1,0,B,15000,9.76,1,0.31,0,7
22563,29,55992,MORTGAGE,2,0,1,0,0,0,0,0,1,0,B,5000,,0,0.09,0,10
22599,33,56000,MORTGAGE,2,0,1,0,0,0,0,0,1,0,A,11500,7.14,0,0.21,0,10
22600,32,56000,MORTGAGE,5,0,1,0,0,0,0,0,1,0,A,10000,7.14,0,0.18,0,8
22623,27,56004,MORTGAGE,4,0,1,0,0,0,0,0,1,0,A,3100,9.32,0,0.06,0,7
22624,30,56030,MORTGAGE,14,0,1,0,0,0,0,0,1,0,B,13000,11.89,0,0.23,0,7
22631,32,56256,MORTGAGE,2,0,1,0,0,0,0,0,1,0,A,6500,6.17,0,0.12,0,5
22652,28,50820,MORTGAGE,12,0,1,0,0,0,0,0,1,0,B,10000,10.59,1,0.2,0,8
22653,28,56864,MORTGAGE,5,0,1,0,0,0,0,0,1,0,A,12300,7.88,0,0.22,0,7
22659,28,57000,MORTGAGE,5,0,1,0,0,0,0,0,1,0,A,9500,7.51,0,0.17,0,5
22672,28,51000,MORTGAGE,1,0,1,0,0,0,0,0,1,0,A,4775,7.49,1,0.09,0,6
22700,30,57000,MORTGAGE,6,0,1,0,0,0,0,0,1,0,A,4000,8,0,0.07,0,7
22708,28,51043,MORTGAGE,12,0,1,0,0,0,0,0,1,0,C,2100,12.29,1,0.04,0,8
22717,31,57400,MORTGAGE,6,0,1,0,0,0,0,0,1,0,A,7600,5.99,0,0.13,0,10
22723,29,57500,MORTGAGE,7,0,1,0,0,0,0,0,1,0,A,19600,7.88,0,0.34,0,8
22729,28,57600,MORTGAGE,12,0,1,0,0,0,0,0,1,0,B,10625,12.42,0,0.18,0,6
22730,30,57600,MORTGAGE,13,0,1,0,0,0,0,0,1,0,A,6000,,0,0.1,0,10
22737,27,57600,MORTGAGE,11,0,1,0,0,0,0,0,1,0,A,8500,7.14,0,0.15,0,5
22746,27,57770,MORTGAGE,3,0,1,0,0,0,0,0,1,0,B,9975,11.49,0,0.17,0,5
22828,28,58200,MORTGAGE,8,0,1,0,0,0,0,0,1,0,B,4500,11.12,0,0.08,0,7
22837,27,52600,MORTGAGE,2,0,1,0,0,0,0,0,1,0,D,21600,17.27,1,0.41,0,9
22899,28,59520,MORTGAGE,9,0,1,0,0,0,0,0,1,0,A,5000,8.59,0,0.08,0,7
22936,31,60000,MORTGAGE,5,0,1,0,0,0,0,0,1,0,A,17000,8.9,0,0.28,0,8
22943,30,60000,MORTGAGE,10,0,1,0,0,0,0,0,1,0,B,16000,11.71,0,0.27,0,8
22944,29,60000,MORTGAGE,0,0,1,0,0,0,0,0,1,0,A,5000,6.03,0,0.08,0,10
22950,28,60000,MORTGAGE,0,0,1,0,0,0,0,0,1,0,A,4000,7.9,0,0.07,0,8
22951,30,60000,MORTGAGE,2,0,1,0,0,0,0,0,1,0,B,10000,12.69,0,0.17,0,5
22954,29,60000,MORTGAGE,1,0,1,0,0,0,0,0,1,0,B,5600,12.42,0,0.09,0,10
22969,29,60000,MORTGAGE,14,0,1,0,0,0,0,0,1,0,A,20000,6.99,0,0.33,0,7
22987,33,60000,MORTGAGE,5,0,1,0,0,0,0,0,1,0,A,2000,5.42,0,0.03,0,8
23026,27,60000,MORTGAGE,6,0,1,0,0,0,0,0,1,0,A,10000,7.49,0,0.17,0,7
23029,27,54000,MORTGAGE,0,0,1,0,0,0,0,0,1,0,D,12000,16.49,1,0.22,0,5
23049,28,60000,MORTGAGE,12,0,1,0,0,0,0,0,1,0,B,6000,,0,0.1,0,5
23051,29,60000,MORTGAGE,7,0,1,0,0,0,0,0,1,0,A,8500,6.92,0,0.14,0,6
23061,27,60000,MORTGAGE,8,0,1,0,0,0,0,0,1,0,B,5000,9.63,0,0.08,0,6
23065,30,60000,MORTGAGE,5,0,1,0,0,0,0,0,1,0,A,8000,7.66,0,0.13,0,6
23077,33,60000,MORTGAGE,4,0,1,0,0,0,0,0,1,0,B,6300,9.62,0,0.1,0,10
23091,30,60000,MORTGAGE,14,0,1,0,0,0,0,0,1,0,B,1750,9.99,0,0.03,0,8
23105,29,60000,MORTGAGE,3,0,1,0,0,0,0,0,1,0,A,7200,7.88,0,0.12,0,7
23120,29,60000,MORTGAGE,13,0,1,0,0,0,0,0,1,0,A,13500,7.51,0,0.23,0,7
23139,27,60000,MORTGAGE,3,0,1,0,0,0,0,0,1,0,E,5000,16.45,0,0.08,0,6
23141,27,60000,MORTGAGE,9,0,1,0,0,0,0,0,1,0,A,5000,7.88,0,0.08,0,5
23144,28,60000,MORTGAGE,,0,1,0,0,0,0,0,1,0,B,3500,10.25,0,0.06,0,10
23158,34,60000,MORTGAGE,4,0,1,0,0,0,0,0,1,0,B,10000,9.88,0,0.17,0,8
23161,34,60000,MORTGAGE,8,0,1,0,0,0,0,0,1,0,B,10000,11.36,0,0.17,0,7
23170,27,60000,MORTGAGE,3,0,1,0,0,0,0,0,1,0,B,6000,11.48,0,0.1,0,8
23175,32,60000,MORTGAGE,4,0,1,0,0,0,0,0,1,0,B,13250,11.83,0,0.22,0,10
23232,29,60000,MORTGAGE,8,0,1,0,0,0,0,0,1,0,B,8000,10.51,0,0.13,0,8
23244,27,60000,MORTGAGE,0,0,1,0,0,0,0,0,1,0,A,10000,8.63,0,0.17,0,5
23259,31,60380,MORTGAGE,10,0,1,0,0,0,0,0,1,0,B,6000,11.48,0,0.1,0,10
23272,28,60996,MORTGAGE,11,0,1,0,0,0,0,0,1,0,E,24250,16.4,0,0.4,0,8
23277,28,61000,MORTGAGE,12,0,1,0,0,0,0,0,1,0,A,12000,6.03,0,0.2,0,7
23279,32,61000,MORTGAGE,3,0,1,0,0,0,0,0,1,0,A,2000,7.9,0,0.03,0,7
23284,28,61000,MORTGAGE,12,0,1,0,0,0,0,0,1,0,B,12000,9.99,0,0.2,0,5
23291,30,61000,MORTGAGE,4,0,1,0,0,0,0,0,1,0,A,4500,6.54,0,0.07,0,6
23293,29,61000,MORTGAGE,9,0,1,0,0,0,0,0,1,0,A,9000,7.88,0,0.15,0,7
23314,31,61400,MORTGAGE,15,0,1,0,0,0,0,0,1,0,B,15000,10.25,0,0.24,0,10
23361,31,62000,MORTGAGE,7,0,1,0,0,0,0,0,1,0,B,7500,10.99,0,0.12,0,5
23362,30,62000,MORTGAGE,7,0,1,0,0,0,0,0,1,0,B,9600,11.99,0,0.15,0,8
23375,30,62000,MORTGAGE,4,0,1,0,0,0,0,0,1,0,B,8000,,0,0.13,0,10
23377,29,62000,MORTGAGE,4,0,1,0,0,0,0,0,1,0,D,3000,14.84,0,0.05,0,7
23380,32,62000,MORTGAGE,6,0,1,0,0,0,0,0,1,0,B,6000,11.36,0,0.1,0,6
23387,28,62000,MORTGAGE,8,0,1,0,0,0,0,0,1,0,B,5000,10.25,0,0.08,0,6
23435,30,62496,MORTGAGE,14,0,1,0,0,0,0,0,1,0,B,3200,,0,0.05,0,8
23470,27,63000,MORTGAGE,12,0,1,0,0,0,0,0,1,0,A,18000,7.49,0,0.29,0,9
23474,32,63000,MORTGAGE,6,0,1,0,0,0,0,0,1,0,A,8000,6.17,0,0.13,0,8
23497,27,63000,MORTGAGE,11,0,1,0,0,0,0,0,1,0,A,2500,7.68,0,0.04,0,7
23517,35,57600,MORTGAGE,19,0,1,0,0,0,0,0,1,0,A,2000,6.76,1,0.03,0,9
23546,28,64000,MORTGAGE,4,0,1,0,0,0,0,0,1,0,A,8825,5.99,0,0.14,0,5
23597,27,65000,MORTGAGE,11,0,1,0,0,0,0,0,1,0,A,3000,7.51,0,0.05,0,8
23599,27,59000,MORTGAGE,11,0,1,0,0,0,0,0,1,0,A,3000,7.9,1,0.05,0,9
23618,29,65000,MORTGAGE,7,0,1,0,0,0,0,0,1,0,B,7000,,0,0.11,0,10
23625,30,65000,MORTGAGE,6,0,1,0,0,0,0,0,1,0,A,17500,,0,0.27,0,8
23640,31,65000,MORTGAGE,11,0,1,0,0,0,0,0,1,0,B,5000,,0,0.08,0,5
23643,32,65000,MORTGAGE,3,0,1,0,0,0,0,0,1,0,A,8000,,0,0.12,0,5
23665,29,65000,MORTGAGE,9,0,1,0,0,0,0,0,1,0,A,6000,6.99,0,0.09,0,10
23678,30,65000,MORTGAGE,14,0,1,0,0,0,0,0,1,0,A,6200,,0,0.1,0,5
23689,30,65000,MORTGAGE,3,0,1,0,0,0,0,0,1,0,A,12000,7.66,0,0.18,0,7
23731,27,65000,MORTGAGE,11,0,1,0,0,0,0,0,1,0,A,18000,7.51,0,0.28,0,8
23736,34,65000,MORTGAGE,17,0,1,0,0,0,0,0,1,0,B,10000,11.36,0,0.15,0,7
23745,28,65000,MORTGAGE,6,0,1,0,0,0,0,0,1,0,D,22000,15.65,0,0.34,0,5
23763,32,65000,MORTGAGE,6,0,1,0,0,0,0,0,1,0,B,5600,11.58,0,0.09,0,5
23781,30,65004,MORTGAGE,3,0,1,0,0,0,0,0,1,0,A,1500,5.99,0,0.02,0,9
23790,30,65004,MORTGAGE,6,0,1,0,0,0,0,0,1,0,A,7100,8,0,0.11,0,10
23791,28,59004,MORTGAGE,1,0,1,0,0,0,0,0,1,0,A,8000,7.37,1,0.14,0,6
23795,29,65061,MORTGAGE,13,0,1,0,0,0,0,0,1,0,B,12000,9.62,0,0.18,0,5
23798,31,65200,MORTGAGE,7,0,1,0,0,0,0,0,1,0,A,7000,8,0,0.11,0,8
23831,29,66000,MORTGAGE,,0,1,0,0,0,0,0,1,0,A,3000,7.66,0,0.05,0,7
23850,31,66000,MORTGAGE,15,0,1,0,0,0,0,0,1,0,A,10000,,0,0.15,0,5
23854,30,66120,MORTGAGE,10,0,1,0,0,0,0,0,1,0,C,2800,13.57,0,0.04,0,6
23867,33,66500,MORTGAGE,1,0,1,0,0,0,0,0,1,0,A,9200,,0,0.14,0,7
23879,30,66888,MORTGAGE,6,0,1,0,0,0,0,0,1,0,C,15000,12.23,0,0.22,0,8
23884,29,66996,MORTGAGE,1,0,1,0,0,0,0,0,1,0,A,9000,8.94,0,0.13,0,7
23890,27,67000,MORTGAGE,1,0,1,0,0,0,0,0,1,0,A,4200,,0,0.06,0,5
23898,35,67000,MORTGAGE,10,0,1,0,0,0,0,0,1,0,A,3300,7.88,0,0.05,0,6
23915,31,67200,MORTGAGE,2,0,1,0,0,0,0,0,1,0,A,10000,6.03,0,0.15,0,7
23928,30,67642,MORTGAGE,5,0,1,0,0,0,0,0,1,0,B,17000,11.58,0,0.25,0,6
23941,33,68000,MORTGAGE,15,0,1,0,0,0,0,0,1,0,A,18000,7.9,0,0.26,0,10
23942,31,68000,MORTGAGE,2,0,1,0,0,0,0,0,1,0,B,12000,12.69,0,0.18,0,9
23943,34,68000,MORTGAGE,17,0,1,0,0,0,0,0,1,0,D,10000,16.29,0,0.15,0,9
23955,33,68000,MORTGAGE,8,0,1,0,0,0,0,0,1,0,B,3500,11.99,0,0.05,0,10
23964,31,68000,MORTGAGE,15,0,1,0,0,0,0,0,1,0,A,13600,7.88,0,0.2,0,9
23968,28,68000,MORTGAGE,12,0,1,0,0,0,0,0,1,0,C,15000,,0,0.22,0,8
23986,27,68004,MORTGAGE,2,0,1,0,0,0,0,0,1,0,B,6000,11.86,0,0.09,0,6
23987,29,68004,MORTGAGE,9,0,1,0,0,0,0,0,1,0,B,10000,10.99,0,0.15,0,9
23989,29,68004,MORTGAGE,13,0,1,0,0,0,0,0,1,0,B,3500,12.21,0,0.05,0,9
23997,32,62500,MORTGAGE,3,0,1,0,0,0,0,0,1,0,C,3800,13.11,1,0.06,0,10
24040,29,69000,MORTGAGE,6,0,1,0,0,0,0,0,1,0,D,18000,12.61,0,0.26,0,9
24050,33,69600,MORTGAGE,17,0,1,0,0,0,0,0,1,0,B,16000,11.99,0,0.23,0,8
24054,32,69900,MORTGAGE,16,0,1,0,0,0,0,0,1,0,B,18000,11.49,0,0.26,0,8
24059,27,69960,MORTGAGE,3,0,1,0,0,0,0,0,1,0,A,10000,,0,0.14,0,9
24070,30,69996,MORTGAGE,14,0,1,0,0,0,0,0,1,0,B,11250,12.21,0,0.16,0,10
24113,27,70000,MORTGAGE,11,0,1,0,0,0,0,0,1,0,A,5600,5.42,0,0.08,0,7
24120,27,70000,MORTGAGE,11,0,1,0,0,0,0,0,1,0,A,3000,5.42,0,0.04,0,7
24128,32,70000,MORTGAGE,7,0,1,0,0,0,0,0,1,0,A,6000,5.42,0,0.09,0,6
24158,34,70000,MORTGAGE,14,0,1,0,0,0,0,0,1,0,E,14000,16.4,0,0.2,0,6
24161,31,70000,MORTGAGE,3,0,1,0,0,0,0,0,1,0,A,8400,6.91,0,0.12,0,9
24181,30,70000,MORTGAGE,15,0,1,0,0,0,0,0,1,0,A,12250,7.51,0,0.17,0,6
24193,31,70000,MORTGAGE,3,0,1,0,0,0,0,0,1,0,A,8000,7.88,0,0.11,0,5
24198,28,70000,MORTGAGE,12,0,1,0,0,0,0,0,1,0,A,3000,6.39,0,0.04,0,8
24223,34,70000,MORTGAGE,16,0,1,0,0,0,0,0,1,0,A,4000,7.74,0,0.06,0,5
24252,34,64000,MORTGAGE,13,0,1,0,0,0,0,0,1,0,B,24000,10.71,1,0.38,0,7
24257,33,70116,MORTGAGE,,0,1,0,0,0,0,0,1,0,B,5000,11.71,0,0.07,0,6
24264,32,70400,MORTGAGE,3,0,1,0,0,0,0,0,1,0,A,13000,7.88,0,0.18,0,9
24275,28,70834,MORTGAGE,4,0,1,0,0,0,0,0,1,0,B,20000,12.21,0,0.28,0,9
24278,28,70920,MORTGAGE,12,0,1,0,0,0,0,0,1,0,A,7600,6.03,0,0.11,0,9
24282,28,71000,MORTGAGE,4,0,1,0,0,0,0,0,1,0,A,12000,8.49,0,0.17,0,9
24291,28,71000,MORTGAGE,1,0,1,0,0,0,0,0,1,0,B,20000,,0,0.28,0,8
24343,27,72000,MORTGAGE,4,0,1,0,0,0,0,0,1,0,B,14000,12.42,0,0.19,0,10
24357,33,72000,MORTGAGE,,0,1,0,0,0,0,0,1,0,A,5000,6.99,0,0.07,0,5
24368,27,72000,MORTGAGE,11,0,1,0,0,0,0,0,1,0,B,7000,11.49,0,0.1,0,8
24391,29,72000,MORTGAGE,5,0,1,0,0,0,0,0,1,0,A,10000,6.17,0,0.14,0,10
24396,28,72000,MORTGAGE,12,0,1,0,0,0,0,0,1,0,E,16000,15.95,0,0.22,0,5
24417,27,72000,MORTGAGE,7,0,1,0,0,0,0,0,1,0,B,4200,,0,0.06,0,5
24419,28,72000,MORTGAGE,13,0,1,0,0,0,0,0,1,0,C,16000,14.26,0,0.22,0,9
24429,30,72000,MORTGAGE,3,0,1,0,0,0,0,0,1,0,B,12000,10.95,0,0.17,0,5
24434,28,72000,MORTGAGE,9,0,1,0,0,0,0,0,1,0,B,18000,11.89,0,0.25,0,10
24439,28,72000,MORTGAGE,8,0,1,0,0,0,0,0,1,0,D,7500,6,0,0.1,0,10
24445,28,72087,MORTGAGE,10,0,1,0,0,0,0,0,1,0,C,16000,,0,0.22,0,6
24450,29,72396,MORTGAGE,9,0,1,0,0,0,0,0,1,0,B,9000,10.59,0,0.12,0,9
24452,29,72500,MORTGAGE,0,0,1,0,0,0,0,0,1,0,A,30000,7.49,0,0.41,0,7
24475,32,73000,MORTGAGE,7,0,1,0,0,0,0,0,1,0,A,9600,7.9,0,0.13,0,7
24481,27,73000,MORTGAGE,11,0,1,0,0,0,0,0,1,0,A,10000,5.79,0,0.14,0,8
24489,28,73000,MORTGAGE,5,0,1,0,0,0,0,0,1,0,C,12000,13.11,0,0.16,0,9
24502,27,73200,MORTGAGE,5,0,1,0,0,0,0,0,1,0,B,18000,10.99,0,0.25,0,8
24504,32,73200,MORTGAGE,1,0,1,0,0,0,0,0,1,0,B,7200,10.2,0,0.1,0,7
24524,28,74000,MORTGAGE,13,0,1,0,0,0,0,0,1,0,B,7800,10.99,0,0.11,0,7
24526,32,74000,MORTGAGE,5,0,1,0,0,0,0,0,1,0,B,15000,11.11,0,0.2,0,7
24528,30,74000,MORTGAGE,0,0,1,0,0,0,0,0,1,0,A,7625,,0,0.1,0,5
24540,32,74000,MORTGAGE,0,0,1,0,0,0,0,0,1,0,A,1800,8.94,0,0.02,0,10
24548,29,74004,MORTGAGE,13,0,1,0,0,0,0,0,1,0,B,13000,11.26,0,0.18,0,6
24569,28,74778,MORTGAGE,13,0,1,0,0,0,0,0,1,0,C,6000,13.98,0,0.08,0,9
24573,28,68900,MORTGAGE,1,0,1,0,0,0,0,0,1,0,E,18000,17.39,1,0.26,0,7
24585,33,75000,MORTGAGE,,0,1,0,0,0,0,0,1,0,A,6000,7.9,0,0.08,0,8
24587,27,75000,MORTGAGE,0,0,1,0,0,0,0,0,1,0,A,7500,8.9,0,0.1,0,10
24592,27,75000,MORTGAGE,6,0,1,0,0,0,0,0,1,0,A,3500,6.03,0,0.05,0,10
24626,29,75000,MORTGAGE,2,0,1,0,0,0,0,0,1,0,A,9000,,0,0.12,0,6
24627,32,75000,MORTGAGE,6,0,1,0,0,0,0,0,1,0,B,5000,11.49,0,0.07,0,8
24632,30,75000,MORTGAGE,11,0,1,0,0,0,0,0,1,0,B,5000,,0,0.07,0,10
24638,29,75000,MORTGAGE,9,0,1,0,0,0,0,0,1,0,B,8000,11.99,0,0.11,0,5
24671,33,75000,MORTGAGE,6,0,1,0,0,0,0,0,1,0,A,12000,5.42,0,0.16,0,10
24687,30,75000,MORTGAGE,12,0,1,0,0,0,0,0,1,0,A,8000,7.14,0,0.11,0,9
24689,29,75000,MORTGAGE,3,0,1,0,0,0,0,0,1,0,B,4000,10.75,0,0.05,0,9
24716,27,75000,MORTGAGE,4,0,1,0,0,0,0,0,1,0,B,20150,11.36,0,0.27,0,6
24722,32,75000,MORTGAGE,10,0,1,0,0,0,0,0,1,0,C,22000,13.92,0,0.29,0,10
24730,32,75000,MORTGAGE,5,0,1,0,0,0,0,0,1,0,C,15000,13.57,0,0.2,0,6
24766,29,75000,MORTGAGE,0,0,1,0,0,0,0,0,1,0,B,3000,9.45,0,0.04,0,10
24773,35,75000,MORTGAGE,5,0,1,0,0,0,0,0,1,0,B,5000,8.7,0,0.07,0,9
24783,27,75600,MORTGAGE,4,0,1,0,0,0,0,0,1,0,C,25000,13.61,0,0.33,0,6
24806,35,76000,MORTGAGE,6,0,1,0,0,0,0,0,1,0,A,10000,5.42,0,0.13,0,10
24844,33,77000,MORTGAGE,9,0,1,0,0,0,0,0,1,0,A,12000,7.29,0,0.16,0,10
24850,29,77000,MORTGAGE,3,0,1,0,0,0,0,0,1,0,A,5000,7.14,0,0.06,0,7
24852,30,77000,MORTGAGE,2,0,1,0,0,0,0,0,1,0,B,25000,12.18,0,0.32,0,10
24855,28,77000,MORTGAGE,5,0,1,0,0,0,0,0,1,0,B,15000,12.21,0,0.19,0,5
24859,27,77065,MORTGAGE,11,0,1,0,0,0,0,0,1,0,A,23700,6.17,0,0.31,0,10
24868,29,71400,MORTGAGE,14,0,1,0,0,0,0,0,1,0,C,10000,14.27,1,0.14,0,8
24870,32,77500,MORTGAGE,3,0,1,0,0,0,0,0,1,0,B,13000,,0,0.17,0,10
24874,28,71652,MORTGAGE,11,0,1,0,0,0,0,0,1,0,G,25000,20.03,1,0.35,0,9
24877,29,78000,MORTGAGE,2,0,1,0,0,0,0,0,1,0,A,18000,6.62,0,0.23,0,5
24893,29,78000,MORTGAGE,0,0,1,0,0,0,0,0,1,0,B,9600,,0,0.12,0,5
24919,27,72000,MORTGAGE,11,0,1,0,0,0,0,0,1,0,B,5000,11.86,1,0.07,0,10
24970,27,79000,MORTGAGE,4,0,1,0,0,0,0,0,1,0,A,9000,6.76,0,0.11,0,10
24971,30,79000,MORTGAGE,14,0,1,0,0,0,0,0,1,0,A,7500,7.14,0,0.09,0,8
24977,34,79000,MORTGAGE,1,0,1,0,0,0,0,0,1,0,A,4800,9.32,0,0.06,0,6
24995,28,79536,MORTGAGE,12,0,1,0,0,0,0,0,1,0,A,16425,7.9,0,0.21,0,8
25002,31,79800,MORTGAGE,3,0,1,0,0,0,0,0,1,0,A,5000,6.91,0,0.06,0,9
25018,34,80000,MORTGAGE,,0,1,0,0,0,0,0,1,0,A,15000,6.03,0,0.19,0,10
25021,27,80000,MORTGAGE,11,0,1,0,0,0,0,0,1,0,A,8500,6.03,0,0.11,0,6
25031,27,80000,MORTGAGE,4,0,1,0,0,0,0,0,1,0,A,6000,6.03,0,0.07,0,10
25049,27,80000,MORTGAGE,5,0,1,0,0,0,0,0,1,0,C,35000,,0,0.44,0,8
25059,31,80000,MORTGAGE,7,0,1,0,0,0,0,0,1,0,B,25000,9.99,0,0.31,0,10
25068,28,80000,MORTGAGE,11,0,1,0,0,0,0,0,1,0,A,16000,5.99,0,0.2,0,7
25071,34,80000,MORTGAGE,5,0,1,0,0,0,0,0,1,0,A,12000,7.49,0,0.15,0,9
25080,27,80000,MORTGAGE,0,0,1,0,0,0,0,0,1,0,B,8000,9.63,0,0.1,0,6
25093,27,80000,MORTGAGE,11,0,1,0,0,0,0,0,1,0,A,16000,6.91,0,0.2,0,5
25122,28,80000,MORTGAGE,13,0,1,0,0,0,0,0,1,0,B,21000,11.36,0,0.26,0,7
25139,29,80000,MORTGAGE,2,0,1,0,0,0,0,0,1,0,A,5000,7.74,0,0.06,0,9
25140,28,80000,MORTGAGE,1,0,1,0,0,0,0,0,1,0,A,3100,7.05,0,0.04,0,9
25144,27,80000,MORTGAGE,11,0,1,0,0,0,0,0,1,0,B,20000,,0,0.25,0,10
25166,35,80004,MORTGAGE,2,0,1,0,0,0,0,0,1,0,B,3200,11.11,0,0.04,0,7
25198,27,80800,MORTGAGE,3,0,1,0,0,0,0,0,1,0,C,3000,,0,0.04,0,10
25206,29,81000,MORTGAGE,5,0,1,0,0,0,0,0,1,0,A,14000,7.66,0,0.17,0,9
25208,32,81000,MORTGAGE,1,0,1,0,0,0,0,0,1,0,B,10000,10.37,0,0.12,0,10
25238,35,82000,MORTGAGE,3,0,1,0,0,0,0,0,1,0,A,18800,7.51,0,0.23,0,10
25244,27,82000,MORTGAGE,11,0,1,0,0,0,0,0,1,0,A,10000,7.51,0,0.12,0,9
25247,31,82000,MORTGAGE,15,0,1,0,0,0,0,0,1,0,B,8000,11.99,0,0.1,0,5
25251,33,82000,MORTGAGE,2,0,1,0,0,0,0,0,1,0,B,20000,10.99,0,0.24,0,10
25256,32,82000,MORTGAGE,13,0,1,0,0,0,0,0,1,0,B,10000,10.36,0,0.12,0,9
25262,30,82000,MORTGAGE,5,0,1,0,0,0,0,0,1,0,A,5000,6.76,0,0.06,0,8
25282,27,82500,MORTGAGE,3,0,1,0,0,0,0,0,1,0,A,11100,8.94,0,0.13,0,5
25316,29,83004,MORTGAGE,3,0,1,0,0,0,0,0,1,0,B,4500,11.49,0,0.05,0,10
25344,27,84000,MORTGAGE,2,0,1,0,0,0,0,0,1,0,B,7000,12.69,0,0.08,0,10
25345,31,84000,MORTGAGE,0,0,1,0,0,0,0,0,1,0,A,7000,7.9,0,0.08,0,6
25358,27,78000,MORTGAGE,5,0,1,0,0,0,0,0,1,0,B,6775,10.59,1,0.09,0,5
25377,34,84000,MORTGAGE,15,0,1,0,0,0,0,0,1,0,B,9250,11.36,0,0.11,0,8
25378,28,84000,MORTGAGE,1,0,1,0,0,0,0,0,1,0,A,8400,7.51,0,0.1,0,10
25394,29,84500,MORTGAGE,3,0,1,0,0,0,0,0,1,0,A,35000,8.9,0,0.41,0,6
25403,30,84996,MORTGAGE,4,0,1,0,0,0,0,0,1,0,B,8000,12.69,0,0.09,0,7
25449,28,85000,MORTGAGE,4,0,1,0,0,0,0,0,1,0,B,35000,9.99,0,0.41,0,5
25453,28,85000,MORTGAGE,8,0,1,0,0,0,0,0,1,0,A,12500,7.49,0,0.15,0,7
25463,27,85000,MORTGAGE,11,0,1,0,0,0,0,0,1,0,A,10000,7.49,0,0.12,0,8
25477,35,85000,MORTGAGE,0,0,1,0,0,0,0,0,1,0,B,12000,10,0,0.14,0,5
25480,31,85000,MORTGAGE,15,0,1,0,0,0,0,0,1,0,A,4500,6.54,0,0.05,0,6
25482,29,85000,MORTGAGE,12,0,1,0,0,0,0,0,1,0,B,25000,9.25,0,0.29,0,10
25502,32,85000,MORTGAGE,16,0,1,0,0,0,0,0,1,0,A,10000,7.74,0,0.12,0,8
25537,30,85634,MORTGAGE,4,0,1,0,0,0,0,0,1,0,A,14000,7.66,0,0.16,0,8
25542,29,86000,MORTGAGE,5,0,1,0,0,0,0,0,1,0,C,14000,14.27,0,0.16,0,9
25548,28,86000,MORTGAGE,12,0,1,0,0,0,0,0,1,0,A,15600,5.99,0,0.18,0,7
25558,27,74000,MORTGAGE,3,0,1,0,0,0,0,0,1,0,B,25000,11.46,1,0.34,0,5
25567,27,86399,MORTGAGE,7,0,1,0,0,0,0,0,1,0,A,2250,,0,0.03,0,6
25572,29,86400,MORTGAGE,12,0,1,0,0,0,0,0,1,0,C,8000,12.99,0,0.09,0,8
25586,28,75000,MORTGAGE,11,0,1,0,0,0,0,0,1,0,A,3000,7.9,1,0.04,0,8
25610,33,87120,MORTGAGE,10,0,1,0,0,0,0,0,1,0,A,2850,7.51,0,0.03,0,7
25612,34,87360,MORTGAGE,11,0,1,0,0,0,0,0,1,0,B,12000,11.11,0,0.14,0,5
25620,29,87600,MORTGAGE,4,0,1,0,0,0,0,0,1,0,B,12000,11.49,0,0.14,0,8
25624,28,87950,MORTGAGE,12,0,1,0,0,0,0,0,1,0,B,24000,10.75,0,0.27,0,7
25633,27,88000,MORTGAGE,8,0,1,0,0,0,0,0,1,0,B,14400,11.71,0,0.16,0,6
25658,30,89000,MORTGAGE,3,0,1,0,0,0,0,0,1,0,B,10800,11.99,0,0.12,0,8
25668,31,89000,MORTGAGE,8,0,1,0,0,0,0,0,1,0,D,12250,15.05,0,0.14,0,8
25669,27,89004,MORTGAGE,4,0,1,0,0,0,0,0,1,0,A,10000,7.51,0,0.11,0,9
25704,33,90000,MORTGAGE,5,0,1,0,0,0,0,0,1,0,A,11400,6.62,0,0.13,0,8
25711,32,90000,MORTGAGE,6,0,1,0,0,0,0,0,1,0,A,15600,7.9,0,0.17,0,9
25755,30,90000,MORTGAGE,5,0,1,0,0,0,0,0,1,0,A,10000,5.79,0,0.11,0,7
25762,33,90000,MORTGAGE,12,0,1,0,0,0,0,0,1,0,A,6000,5.42,0,0.07,0,7
25782,32,90000,MORTGAGE,2,0,1,0,0,0,0,0,1,0,B,25000,11.36,0,0.28,0,9
25784,30,90000,MORTGAGE,10,0,1,0,0,0,0,0,1,0,A,5000,6.76,0,0.06,0,5
25785,34,90000,MORTGAGE,5,0,1,0,0,0,0,0,1,0,B,24250,10.62,0,0.27,0,7
25807,27,90000,MORTGAGE,11,0,1,0,0,0,0,0,1,0,A,10000,8.94,0,0.11,0,7
25808,27,90000,MORTGAGE,4,0,1,0,0,0,0,0,1,0,A,15000,,0,0.17,0,6
25815,27,90000,MORTGAGE,2,0,1,0,0,0,0,0,1,0,E,20000,16.7,0,0.22,0,9
25832,30,90000,MORTGAGE,5,0,1,0,0,0,0,0,1,0,B,7500,10.71,0,0.08,0,5
25840,30,78111,MORTGAGE,5,0,1,0,0,0,0,0,1,0,A,25000,7.51,1,0.32,0,7
25855,27,91000,MORTGAGE,2,0,1,0,0,0,0,0,1,0,A,11525,7.49,0,0.13,0,7
25865,28,91000,MORTGAGE,6,0,1,0,0,0,0,0,1,0,B,15000,9.88,0,0.16,0,9
25871,29,91200,MORTGAGE,13,0,1,0,0,0,0,0,1,0,B,2000,11.49,0,0.02,0,8
25907,33,92000,MORTGAGE,18,0,1,0,0,0,0,0,1,0,A,12000,5.79,0,0.13,0,5
25916,29,92000,MORTGAGE,8,0,1,0,0,0,0,0,1,0,B,10000,11.26,0,0.11,0,9
25917,34,92000,MORTGAGE,1,0,1,0,0,0,0,0,1,0,A,9000,9.63,0,0.1,0,8
25931,27,92508,MORTGAGE,11,0,1,0,0,0,0,0,1,0,A,13000,7.14,0,0.14,0,5
25947,29,93000,MORTGAGE,9,0,1,0,0,0,0,0,1,0,E,20000,16.82,0,0.22,0,8
25958,28,93600,MORTGAGE,,0,1,0,0,0,0,0,1,0,A,35000,8.49,0,0.37,0,6
25963,29,94000,MORTGAGE,13,0,1,0,0,0,0,0,1,0,A,30000,6.62,0,0.32,0,7
25969,31,94000,MORTGAGE,15,0,1,0,0,0,0,0,1,0,A,3000,5.42,0,0.03,0,10
25973,29,94000,MORTGAGE,9,0,1,0,0,0,0,0,1,0,A,10000,7.51,0,0.11,0,7
25979,27,94500,MORTGAGE,2,0,1,0,0,0,0,0,1,0,C,10000,14.26,0,0.11,0,5
25997,32,95000,MORTGAGE,16,0,1,0,0,0,0,0,1,0,B,20000,10.65,0,0.21,0,5
26010,30,95000,MORTGAGE,6,0,1,0,0,0,0,0,1,0,A,4000,5.99,0,0.04,0,9
26017,27,95000,MORTGAGE,6,0,1,0,0,0,0,0,1,0,C,15000,12.68,0,0.16,0,9
26021,32,95000,MORTGAGE,9,0,1,0,0,0,0,0,1,0,A,8500,5.79,0,0.09,0,6
26030,32,95000,MORTGAGE,3,0,1,0,0,0,0,0,1,0,B,18000,11.11,0,0.19,0,8
26042,30,95000,MORTGAGE,14,0,1,0,0,0,0,0,1,0,B,25000,11.12,0,0.26,0,6
26048,32,95000,MORTGAGE,2,0,1,0,0,0,0,0,1,0,A,5000,7.51,0,0.05,0,10
26069,27,95004,MORTGAGE,1,0,1,0,0,0,0,0,1,0,A,15000,7.51,0,0.16,0,9
26087,28,96000,MORTGAGE,12,0,1,0,0,0,0,0,1,0,B,6000,12.69,0,0.06,0,10
26121,30,96000,MORTGAGE,7,0,1,0,0,0,0,0,1,0,B,6000,11.49,0,0.06,0,6
26160,27,97000,MORTGAGE,11,0,1,0,0,0,0,0,1,0,B,3600,9.25,0,0.04,0,7
26161,33,97000,MORTGAGE,15,0,1,0,0,0,0,0,1,0,A,20000,6.17,0,0.21,0,8
26175,30,97192,MORTGAGE,3,0,1,0,0,0,0,0,1,0,A,6500,7.29,0,0.07,0,10
26179,33,97200,MORTGAGE,4,0,1,0,0,0,0,0,1,0,C,20000,12.29,0,0.21,0,9
26191,27,98000,MORTGAGE,,0,1,0,0,0,0,0,1,0,B,10000,12.69,0,0.1,0,7
26200,27,98000,MORTGAGE,11,0,1,0,0,0,0,0,1,0,B,17000,8.88,0,0.17,0,5
26218,35,98300,MORTGAGE,8,0,1,0,0,0,0,0,1,0,A,15000,7.88,0,0.15,0,5
26219,35,98320,MORTGAGE,15,0,1,0,0,0,0,0,1,0,B,10425,11.49,0,0.11,0,9
26220,28,98400,MORTGAGE,12,0,1,0,0,0,0,0,1,0,A,1500,5.42,0,0.02,0,5
26230,29,99000,MORTGAGE,13,0,1,0,0,0,0,0,1,0,A,4500,5.42,0,0.05,0,9
26234,27,99000,MORTGAGE,5,0,1,0,0,0,0,0,1,0,A,5000,6.92,0,0.05,0,8
26246,35,99800,MORTGAGE,9,0,1,0,0,0,0,0,1,0,A,8000,7.14,0,0.08,0,9
26249,33,99996,MORTGAGE,14,0,1,0,0,0,0,0,1,0,B,6000,11.11,0,0.06,0,7
26252,34,99996,MORTGAGE,18,0,1,0,0,0,0,0,1,0,A,9800,7.14,0,0.1,0,8
26259,29,100000,MORTGAGE,2,0,1,0,0,0,0,0,1,0,C,5000,15.96,0,0.05,0,8
26274,27,100000,MORTGAGE,11,0,1,0,0,0,0,0,1,0,A,12000,,0,0.12,0,6
26288,31,100000,MORTGAGE,15,0,1,0,0,0,0,0,1,0,A,19000,8.49,0,0.19,0,9
26294,29,100000,MORTGAGE,1,0,1,0,0,0,0,0,1,0,C,10000,14.79,0,0.1,0,6
26299,29,100000,MORTGAGE,5,0,1,0,0,0,0,0,1,0,A,10000,7.49,0,0.1,0,6
26305,33,100000,MORTGAGE,3,0,1,0,0,0,0,0,1,0,B,15000,10,0,0.15,0,7
26308,27,100000,MORTGAGE,11,0,1,0,0,0,0,0,1,0,A,14400,,0,0.14,0,8
26331,27,100000,MORTGAGE,0,0,1,0,0,0,0,0,1,0,A,6575,5.79,0,0.07,0,6
26336,30,100000,MORTGAGE,13,0,1,0,0,0,0,0,1,0,A,10000,6.17,0,0.1,0,9
26340,28,100000,MORTGAGE,12,0,1,0,0,0,0,0,1,0,A,10000,5.42,0,0.1,0,8
26353,29,100000,MORTGAGE,3,0,1,0,0,0,0,0,1,0,D,13000,15.33,0,0.13,0,6
26355,32,100000,MORTGAGE,4,0,1,0,0,0,0,0,1,0,A,6000,7.14,0,0.06,0,10
26365,30,100000,MORTGAGE,7,0,1,0,0,0,0,0,1,0,A,1000,6.76,0,0.01,0,6
26392,28,100000,MORTGAGE,2,0,1,0,0,0,0,0,1,0,A,13500,9.38,0,0.14,0,9
26411,35,100596,MORTGAGE,2,0,1,0,0,0,0,0,1,0,B,25000,10.59,0,0.25,0,8
26426,27,101000,MORTGAGE,1,0,1,0,0,0,0,0,1,0,D,20000,,0,0.2,0,8
26427,31,101000,MORTGAGE,6,0,1,0,0,0,0,0,1,0,A,12000,9.63,0,0.12,0,7
26428,28,101000,MORTGAGE,7,0,1,0,0,0,0,0,1,0,A,6000,8.32,0,0.06,0,9
26441,27,102000,MORTGAGE,1,0,1,0,0,0,0,0,1,0,B,16000,11.99,0,0.16,0,5
26442,28,102000,MORTGAGE,0,0,1,0,0,0,0,0,1,0,A,10000,5.99,0,0.1,0,10
26443,27,102000,MORTGAGE,9,0,1,0,0,0,0,0,1,0,A,6000,7.49,0,0.06,0,9
26461,30,102489,MORTGAGE,14,0,1,0,0,0,0,0,1,0,B,25000,12.18,0,0.24,0,7
26472,30,103000,MORTGAGE,14,0,1,0,0,0,0,0,1,0,A,6400,7.49,0,0.06,0,9
26489,28,103992,MORTGAGE,3,0,1,0,0,0,0,0,1,0,B,18000,10.99,0,0.17,0,7
26491,27,104000,MORTGAGE,11,0,1,0,0,0,0,0,1,0,B,10000,10.65,0,0.1,0,9
26501,28,104000,MORTGAGE,12,0,1,0,0,0,0,0,1,0,D,20000,,0,0.19,0,9
26502,28,92000,MORTGAGE,8,0,1,0,0,0,0,0,1,0,C,7750,14.22,1,0.08,0,6
26526,35,105000,MORTGAGE,18,0,1,0,0,0,0,0,1,0,B,3000,10.37,0,0.03,0,7
26534,27,105000,MORTGAGE,9,0,1,0,0,0,0,0,1,0,A,24000,6.17,0,0.23,0,6
26555,29,105000,MORTGAGE,13,0,1,0,0,0,0,0,1,0,C,5000,12.53,0,0.05,0,9
26581,32,106300,MORTGAGE,13,0,1,0,0,0,0,0,1,0,A,20000,,0,0.19,0,5
26582,29,106300,MORTGAGE,9,0,1,0,0,0,0,0,1,0,A,6000,,0,0.06,0,7
26587,35,106500,MORTGAGE,4,0,1,0,0,0,0,0,1,0,A,14550,,0,0.14,0,10
26592,29,107000,MORTGAGE,3,0,1,0,0,0,0,0,1,0,B,25000,10.99,0,0.23,0,5
26594,30,107000,MORTGAGE,2,0,1,0,0,0,0,0,1,0,A,5000,,0,0.05,0,7
26618,34,108000,MORTGAGE,,0,1,0,0,0,0,0,1,0,A,10000,6.91,0,0.09,0,6
26643,28,109200,MORTGAGE,12,0,1,0,0,0,0,0,1,0,B,8000,11.12,0,0.07,0,6
26662,28,110000,MORTGAGE,12,0,1,0,0,0,0,0,1,0,B,22400,,0,0.2,0,6
26678,30,110000,MORTGAGE,0,0,1,0,0,0,0,0,1,0,B,12000,10.74,0,0.11,0,8
26706,30,110000,MORTGAGE,15,0,1,0,0,0,0,0,1,0,C,12000,13.61,0,0.11,0,10
26735,28,110000,MORTGAGE,12,0,1,0,0,0,0,0,1,0,A,5000,9.63,0,0.05,0,9
26742,27,110000,MORTGAGE,4,0,1,0,0,0,0,0,1,0,A,2500,8.07,0,0.02,0,6
26768,27,112000,MORTGAGE,5,0,1,0,0,0,0,0,1,0,A,8000,6.17,0,0.07,0,8
26770,29,112000,MORTGAGE,3,0,1,0,0,0,0,0,1,0,D,25000,14.61,0,0.22,0,5
26815,28,114400,MORTGAGE,0,0,1,0,0,0,0,0,1,0,A,12000,7.29,0,0.1,0,6
26816,33,114400,MORTGAGE,3,0,1,0,0,0,0,0,1,0,C,20000,13.48,0,0.17,0,5
26819,33,114996,MORTGAGE,0,0,1,0,0,0,0,0,1,0,B,7450,11.71,0,0.06,0,5
26821,32,103000,MORTGAGE,0,0,1,0,0,0,0,0,1,0,E,33000,18.64,1,0.32,0,6
26823,33,115000,MORTGAGE,3,0,1,0,0,0,0,0,1,0,A,14000,6.03,0,0.12,0,8
26825,27,115000,MORTGAGE,11,0,1,0,0,0,0,0,1,0,B,14400,12.69,0,0.13,0,6
26841,28,115000,MORTGAGE,2,0,1,0,0,0,0,0,1,0,B,18000,10.59,0,0.16,0,10
26850,28,115000,MORTGAGE,3,0,1,0,0,0,0,0,1,0,C,4500,12.68,0,0.04,0,7
26874,29,115742,MORTGAGE,13,0,1,0,0,0,0,0,1,0,A,7000,6.62,0,0.06,0,8
26899,30,117500,MORTGAGE,3,0,1,0,0,0,0,0,1,0,A,17500,7.37,0,0.15,0,6
26906,27,118000,MORTGAGE,3,0,1,0,0,0,0,0,1,0,A,10000,6.17,0,0.08,0,6
26918,32,119000,MORTGAGE,12,0,1,0,0,0,0,0,1,0,B,18000,10.99,0,0.15,0,7
26942,29,120000,MORTGAGE,2,0,1,0,0,0,0,0,1,0,D,7000,,0,0.06,0,8
26954,27,120000,MORTGAGE,0,0,1,0,0,0,0,0,1,0,A,7000,7.49,0,0.06,0,9
26955,35,120000,MORTGAGE,2,0,1,0,0,0,0,0,1,0,A,8000,,0,0.07,0,10
26965,30,120000,MORTGAGE,3,0,1,0,0,0,0,0,1,0,B,6000,10.99,0,0.05,0,7
26968,27,120000,MORTGAGE,3,0,1,0,0,0,0,0,1,0,B,14000,11.99,0,0.12,0,10
26974,31,120000,MORTGAGE,15,0,1,0,0,0,0,0,1,0,B,7500,10.99,0,0.06,0,9
26975,27,120000,MORTGAGE,11,0,1,0,0,0,0,0,1,0,A,8000,5.99,0,0.07,0,6
26979,28,120000,MORTGAGE,4,0,1,0,0,0,0,0,1,0,D,8000,15.62,0,0.07,0,7
26992,33,120000,MORTGAGE,4,0,1,0,0,0,0,0,1,0,A,6000,6.92,0,0.05,0,8
27008,33,120000,MORTGAGE,17,0,1,0,0,0,0,0,1,0,A,15000,5.79,0,0.13,0,9
27011,27,120000,MORTGAGE,11,0,1,0,0,0,0,0,1,0,C,8000,12.61,0,0.07,0,9
27026,28,120000,MORTGAGE,0,0,1,0,0,0,0,0,1,0,B,20000,,0,0.17,0,5
27036,27,120000,MORTGAGE,11,0,1,0,0,0,0,0,1,0,A,7000,6.76,0,0.06,0,5
27040,29,120000,MORTGAGE,10,0,1,0,0,0,0,0,1,0,A,4700,7.14,0,0.04,0,6
27045,29,120000,MORTGAGE,2,0,1,0,0,0,0,0,1,0,C,20000,13.92,0,0.17,0,6
27061,27,120000,MORTGAGE,4,0,1,0,0,0,0,0,1,0,C,6000,13.79,0,0.05,0,10
27072,29,108000,MORTGAGE,2,0,1,0,0,0,0,0,1,0,D,24500,12.61,1,0.23,0,9
27093,28,121008,MORTGAGE,0,0,1,0,0,0,0,0,1,0,A,5400,5.99,0,0.04,0,6
27120,27,124000,MORTGAGE,9,0,1,0,0,0,0,0,1,0,B,4350,11.49,0,0.04,0,6
27137,28,125000,MORTGAGE,12,0,1,0,0,0,0,0,1,0,A,30000,7.51,0,0.24,0,5
27162,29,125000,MORTGAGE,5,0,1,0,0,0,0,0,1,0,A,12000,5.79,0,0.1,0,7
27163,31,125000,MORTGAGE,2,0,1,0,0,0,0,0,1,0,B,25000,10.75,0,0.2,0,7
27165,32,125000,MORTGAGE,2,0,1,0,0,0,0,0,1,0,B,20000,11.12,0,0.16,0,9
27169,28,113000,MORTGAGE,1,0,1,0,0,0,0,0,1,0,F,13200,18.67,1,0.12,0,10
27175,29,125000,MORTGAGE,12,0,1,0,0,0,0,0,1,0,B,25000,10.62,0,0.2,0,8
27202,28,125004,MORTGAGE,9,0,1,0,0,0,0,0,1,0,A,12000,7.14,0,0.1,0,5
27203,28,125600,MORTGAGE,0,0,1,0,0,0,0,0,1,0,A,13800,7.88,0,0.11,0,6
27214,27,126000,MORTGAGE,11,0,1,0,0,0,0,0,1,0,A,5500,7.51,0,0.04,0,9
27226,27,127000,MORTGAGE,6,0,1,0,0,0,0,0,1,0,B,21000,10.99,0,0.17,0,8
27227,29,127000,MORTGAGE,1,0,1,0,0,0,0,0,1,0,B,24250,11.36,0,0.19,0,8
27241,27,129700,MORTGAGE,1,0,1,0,0,0,0,0,1,0,A,10000,6.54,0,0.08,0,9
27244,27,129996,MORTGAGE,11,0,1,0,0,0,0,0,1,0,A,4800,9.63,0,0.04,0,9
27263,33,130000,MORTGAGE,7,0,1,0,0,0,0,0,1,0,A,2400,5.42,0,0.02,0,7
27280,28,130000,MORTGAGE,12,0,1,0,0,0,0,0,1,0,B,13000,10.75,0,0.1,0,10
27301,32,130000,MORTGAGE,0,0,1,0,0,0,0,0,1,0,A,12000,8.59,0,0.09,0,7
27310,27,130000,MORTGAGE,12,0,1,0,0,0,0,0,1,0,A,5000,8.63,0,0.04,0,5
27312,35,130000,MORTGAGE,2,0,1,0,0,0,0,0,1,0,B,12000,10.08,0,0.09,0,7
27324,35,132000,MORTGAGE,14,0,1,0,0,0,0,0,1,0,A,22000,6.54,0,0.17,0,5
27339,29,134000,MORTGAGE,2,0,1,0,0,0,0,0,1,0,C,8000,14.22,0,0.06,0,7
27347,34,135000,MORTGAGE,2,0,1,0,0,0,0,0,1,0,A,15000,5.42,0,0.11,0,6
27351,32,135000,MORTGAGE,10,0,1,0,0,0,0,0,1,0,B,10000,10.99,0,0.07,0,6
27356,31,135000,MORTGAGE,14,0,1,0,0,0,0,0,1,0,B,15000,10.75,0,0.11,0,6
27358,28,123000,MORTGAGE,0,0,1,0,0,0,0,0,1,0,A,10000,7.14,1,0.08,0,6
27365,32,135000,MORTGAGE,16,0,1,0,0,0,0,0,1,0,A,13000,7.88,0,0.1,0,5
27385,27,136000,MORTGAGE,3,0,1,0,0,0,0,0,1,0,A,5000,6.17,0,0.04,0,10
27387,28,136092,MORTGAGE,2,0,1,0,0,0,0,0,1,0,C,8000,13.61,0,0.06,0,7
27400,27,138000,MORTGAGE,5,0,1,0,0,0,0,0,1,0,A,17000,7.88,0,0.12,0,5
27403,34,138571,MORTGAGE,18,0,1,0,0,0,0,0,1,0,D,25000,14.59,0,0.18,0,8
27416,30,140000,MORTGAGE,6,0,1,0,0,0,0,0,1,0,A,5000,8.9,0,0.04,0,6
27418,27,140000,MORTGAGE,7,0,1,0,0,0,0,0,1,0,A,18000,7.9,0,0.13,0,9
27427,27,140000,MORTGAGE,4,0,1,0,0,0,0,0,1,0,B,2800,11.99,0,0.02,0,9
27483,30,143000,MORTGAGE,11,0,1,0,0,0,0,0,1,0,A,18000,8.49,0,0.13,0,7
27488,35,143485,MORTGAGE,10,0,1,0,0,0,0,0,1,0,B,8000,10.62,0,0.06,0,7
27499,28,144000,MORTGAGE,12,0,1,0,0,0,0,0,1,0,A,30000,,0,0.21,0,5
27501,30,144000,MORTGAGE,12,0,1,0,0,0,0,0,1,0,C,35000,12.68,0,0.24,0,8
27510,30,144997,MORTGAGE,14,0,1,0,0,0,0,0,1,0,B,25000,11.83,0,0.17,0,5
27546,32,150000,MORTGAGE,11,0,1,0,0,0,0,0,1,0,A,20000,7.9,0,0.13,0,10
27555,31,138000,MORTGAGE,0,0,1,0,0,0,0,0,1,0,A,35000,7.49,1,0.25,0,5
27561,32,150000,MORTGAGE,16,0,1,0,0,0,0,0,1,0,A,6000,7.49,0,0.04,0,9
27573,27,150000,MORTGAGE,11,0,1,0,0,0,0,0,1,0,B,25000,10.36,0,0.17,0,7
27593,29,138000,MORTGAGE,2,0,1,0,0,0,0,0,1,0,E,24000,16.35,1,0.17,0,6
27604,29,150000,MORTGAGE,12,0,1,0,0,0,0,0,1,0,A,7000,9.32,0,0.05,0,6
27609,27,150000,MORTGAGE,11,0,1,0,0,0,0,0,1,0,A,9000,9.63,0,0.06,0,10
27616,30,150000,MORTGAGE,8,0,1,0,0,0,0,0,1,0,A,5000,,0,0.03,0,9
27618,27,150792,MORTGAGE,11,0,1,0,0,0,0,0,1,0,B,6000,11.71,0,0.04,0,9
27622,31,152000,MORTGAGE,15,0,1,0,0,0,0,0,1,0,A,15000,8.49,0,0.1,0,7
27624,35,153000,MORTGAGE,13,0,1,0,0,0,0,0,1,0,B,9500,11.99,0,0.06,0,10
27631,34,154000,MORTGAGE,4,0,1,0,0,0,0,0,1,0,B,4000,10.37,0,0.03,0,8
27645,32,156000,MORTGAGE,14,0,1,0,0,0,0,0,1,0,B,10000,9.63,0,0.06,0,9
27661,28,159000,MORTGAGE,3,0,1,0,0,0,0,0,1,0,B,15000,11.86,0,0.09,0,8
27672,33,160000,MORTGAGE,3,0,1,0,0,0,0,0,1,0,B,22000,10.75,0,0.14,0,8
27682,29,162480,MORTGAGE,2,0,1,0,0,0,0,0,1,0,B,25000,12.42,0,0.15,0,10
27716,30,163000,MORTGAGE,15,0,1,0,0,0,0,0,1,0,B,3500,10.65,1,0.02,0,8
27720,34,175000,MORTGAGE,18,0,1,0,0,0,0,0,1,0,B,12000,10.74,0,0.07,0,7
27740,30,180000,MORTGAGE,13,0,1,0,0,0,0,0,1,0,B,28000,10.65,0,0.16,0,6
27747,30,182004,MORTGAGE,2,0,1,0,0,0,0,0,1,0,A,7200,6.62,0,0.04,0,5
27759,34,195000,MORTGAGE,18,0,1,0,0,0,0,0,1,0,A,6000,6.92,0,0.03,0,10
27763,27,200000,MORTGAGE,9,0,1,0,0,0,0,0,1,0,A,7000,6.03,0,0.04,0,10
27802,28,225000,MORTGAGE,12,0,1,0,0,0,0,0,1,0,A,20000,7.88,0,0.09,0,9
27825,32,249996,MORTGAGE,4,0,1,0,0,0,0,0,1,0,C,14000,12.99,0,0.06,0,8
27827,29,250000,MORTGAGE,5,0,1,0,0,0,0,0,1,0,A,10000,7.49,0,0.04,0,10
27838,29,265000,MORTGAGE,2,0,1,0,0,0,0,0,1,0,B,25000,11.26,0,0.09,0,10
27839,28,266000,MORTGAGE,12,0,1,0,0,0,0,0,1,0,A,9000,5.42,0,0.03,0,10
27841,31,275000,MORTGAGE,4,0,1,0,0,0,0,0,1,0,B,30000,10.59,0,0.11,0,8
27846,29,290000,MORTGAGE,13,0,1,0,0,0,0,0,1,0,B,13175,10.99,0,0.05,0,7
27874,29,445000,MORTGAGE,3,0,1,0,0,0,0,0,1,0,B,25000,9.62,0,0.06,0,5
27882,28,604000,MORTGAGE,12,0,1,0,0,0,0,0,1,0,B,25000,9.01,1,0.04,0,9
27905,29,46000,MORTGAGE,3,0,1,0,0,0,0,0,1,0,B,6000,11.49,0,0.13,0,8
27907,27,100000,MORTGAGE,11,0,1,0,0,0,0,0,1,0,A,14400,,0,0.14,0,8
27925,32,45000,MORTGAGE,2,0,1,0,0,0,0,0,1,0,C,8000,14.65,0,0.18,0,8
27945,32,82000,MORTGAGE,13,0,1,0,0,0,0,0,1,0,B,10000,10.36,0,0.12,0,6
27950,27,231252,MORTGAGE,1,0,1,0,0,0,0,0,1,0,B,2000,9.91,0,0.01,0,10
27951,28,38196,MORTGAGE,5,0,1,0,0,0,0,0,1,0,B,10750,10.75,0,0.28,0,8
27959,29,75000,MORTGAGE,9,0,1,0,0,0,0,0,1,0,B,8000,11.99,0,0.11,0,8
27961,29,240000,MORTGAGE,11,0,1,0,0,0,0,0,1,0,D,35000,14.91,0,0.15,0,6
27964,27,116000,MORTGAGE,4,0,1,0,0,0,0,0,1,0,D,25000,13.36,1,0.22,0,6
27970,28,95000,MORTGAGE,5,0,1,0,0,0,0,0,1,0,A,5000,7.88,0,0.05,0,7
27987,31,201000,MORTGAGE,3,0,1,0,0,0,0,0,1,0,B,15000,11.12,0,0.07,0,5
28028,27,207182,MORTGAGE,11,0,1,0,0,0,0,0,1,0,B,22000,10.62,0,0.11,0,7
28032,29,99000,MORTGAGE,1,0,1,0,0,0,0,0,1,0,B,6000,10.25,0,0.06,0,6
28118,32,65000,MORTGAGE,6,0,1,0,0,0,0,0,1,0,B,5600,11.58,0,0.09,0,5
28119,35,101400,MORTGAGE,11,0,1,0,0,0,0,0,1,0,A,4500,9.32,0,0.04,0,8
28131,27,103000,MORTGAGE,8,0,1,0,0,0,0,0,1,0,A,8800,7.29,0,0.09,0,8
28133,28,43500,MORTGAGE,12,0,1,0,0,0,0,0,1,0,B,4000,12.69,0,0.09,0,5
28142,29,55000,MORTGAGE,11,0,1,0,0,0,0,0,1,0,B,4000,10.99,0,0.07,0,8
28196,30,70000,MORTGAGE,9,0,1,0,0,0,0,0,1,0,A,7000,8.9,0,0.1,0,8
28197,30,45600,MORTGAGE,0,0,1,0,0,0,0,0,1,0,A,6400,8.94,0,0.14,0,7
28210,34,55000,MORTGAGE,6,0,1,0,0,0,0,0,1,0,C,2500,13.49,0,0.05,0,5
28271,27,75400,MORTGAGE,3,0,1,0,0,0,0,0,1,0,A,6000,7.74,0,0.08,0,7
28277,28,108000,MORTGAGE,6,0,1,0,0,0,0,0,1,0,B,27400,10.99,0,0.25,0,8
28294,28,59160,MORTGAGE,2,0,1,0,0,0,0,0,1,0,B,23500,,0,0.4,0,6
28299,28,61000,MORTGAGE,12,0,1,0,0,0,0,0,1,0,B,12000,9.99,0,0.2,0,6
28301,35,100000,MORTGAGE,14,0,1,0,0,0,0,0,1,0,A,10000,6.62,0,0.1,0,8
28304,27,53000,MORTGAGE,6,0,1,0,0,0,0,0,1,0,A,5000,,0,0.09,0,5
28305,27,65000,MORTGAGE,11,0,1,0,0,0,0,0,1,0,A,18000,7.51,0,0.28,0,5
28307,32,36000,MORTGAGE,7,0,1,0,0,0,0,0,1,0,A,2600,7.49,0,0.07,0,10
28338,31,40000,MORTGAGE,5,0,1,0,0,0,0,0,1,0,A,14000,6.03,0,0.35,0,10
28341,28,55000,MORTGAGE,7,0,1,0,0,0,0,0,1,0,A,8000,,0,0.15,0,9
28355,29,32000,MORTGAGE,13,0,1,0,0,0,0,0,1,0,A,8000,5.99,0,0.25,0,6
28361,29,60000,MORTGAGE,,0,1,0,0,0,0,0,1,0,C,14125,13.49,0,0.24,0,5
28370,32,84996,MORTGAGE,4,0,1,0,0,0,0,0,1,0,A,9000,9.32,0,0.11,0,10
28379,30,84000,MORTGAGE,13,0,1,0,0,0,0,0,1,0,B,12000,11.11,0,0.14,0,7
28383,28,64049,MORTGAGE,7,0,1,0,0,0,0,0,1,0,B,20000,12.69,0,0.31,0,8
28386,27,235000,MORTGAGE,5,0,1,0,0,0,0,0,1,0,C,28000,15.96,0,0.12,0,9
28415,27,120000,MORTGAGE,3,0,1,0,0,0,0,0,1,0,B,14000,11.99,0,0.12,0,7
28422,33,86000,MORTGAGE,5,0,1,0,0,0,0,0,1,0,D,15000,16.49,0,0.17,0,9
28426,28,33400,MORTGAGE,12,0,1,0,0,0,0,0,1,0,A,16700,7.66,0,0.5,0,5
28441,28,90000,MORTGAGE,7,0,1,0,0,0,0,0,1,0,A,12000,8.32,0,0.13,0,9
28444,28,30000,MORTGAGE,4,0,1,0,0,0,0,0,1,0,C,7500,11.78,0,0.25,0,9
28460,32,45000,MORTGAGE,,0,1,0,0,0,0,0,1,0,B,7200,12.69,0,0.16,0,5
28466,31,80000,MORTGAGE,0,0,1,0,0,0,0,0,1,0,B,15000,10.95,0,0.19,0,10
28483,29,50000,MORTGAGE,4,0,1,0,0,0,0,0,1,0,B,21850,12.42,0,0.44,0,9
28488,28,60000,MORTGAGE,5,0,1,0,0,0,0,0,1,0,B,6000,10.99,0,0.1,0,9
28497,28,57360,MORTGAGE,3,0,1,0,0,0,0,0,1,0,B,23000,,0,0.4,0,8
28500,29,50000,MORTGAGE,0,0,1,0,0,0,0,0,1,0,A,6300,6.62,0,0.13,0,8
28530,29,85000,MORTGAGE,2,0,1,0,0,0,0,0,1,0,A,10000,7.88,0,0.12,0,5
28537,32,348000,MORTGAGE,16,0,1,0,0,0,0,0,1,0,B,25000,11.83,0,0.07,0,10
28550,30,144000,MORTGAGE,7,0,1,0,0,0,0,0,1,0,A,6000,8.49,0,0.04,0,7
28560,32,34000,MORTGAGE,5,0,1,0,0,0,0,0,1,0,A,4000,7.49,0,0.12,0,6
28581,27,60000,MORTGAGE,3,0,1,0,0,0,0,0,1,0,B,6000,11.48,0,0.1,0,10
28585,29,40000,MORTGAGE,9,0,1,0,0,0,0,0,1,0,A,5000,6.99,0,0.13,0,7
28600,28,100000,MORTGAGE,13,0,1,0,0,0,0,0,1,0,A,13000,8.59,0,0.13,0,9
28608,34,30000,MORTGAGE,4,0,1,0,0,0,0,0,1,0,A,4300,7.9,0,0.14,0,9
28610,27,75000,MORTGAGE,0,0,1,0,0,0,0,0,1,0,A,7500,8.9,0,0.1,0,10
28622,31,80000,MORTGAGE,5,0,1,0,0,0,0,0,1,0,A,6000,7.4,0,0.07,0,9
28637,28,81000,MORTGAGE,11,0,1,0,0,0,0,0,1,0,A,6000,6.17,0,0.07,0,8
28651,32,61200,MORTGAGE,,0,1,0,0,0,0,0,1,0,A,15000,6.99,0,0.25,0,9
28675,27,120000,MORTGAGE,11,0,1,0,0,0,0,0,1,0,A,7000,6.76,0,0.06,0,7
28679,33,92000,MORTGAGE,8,0,1,0,0,0,0,0,1,0,C,20000,13.06,0,0.22,0,9
28703,28,24000,MORTGAGE,2,0,1,0,0,0,0,0,1,0,A,1500,7.14,0,0.06,0,6
28704,33,36500,MORTGAGE,4,0,1,0,0,0,0,0,1,0,A,8500,,0,0.23,0,8
28727,33,59450,MORTGAGE,1,0,1,0,0,0,0,0,1,0,B,3000,10.38,0,0.05,0,5
28739,27,136000,MORTGAGE,3,0,1,0,0,0,0,0,1,0,A,5000,6.17,0,0.04,0,6
28758,28,50000,MORTGAGE,1,0,1,0,0,0,0,0,1,0,A,8000,5.99,0,0.16,0,6
28771,28,604000,MORTGAGE,12,0,1,0,0,0,0,0,1,0,B,25000,9.01,1,0.04,0,9
28796,33,39504,MORTGAGE,17,0,1,0,0,0,0,0,1,0,A,3000,7.37,0,0.08,0,9
28797,34,480000,MORTGAGE,5,0,1,0,0,0,0,0,1,0,D,14000,14.61,0,0.03,0,9
28838,34,73000,MORTGAGE,7,0,1,0,0,0,0,0,1,0,A,20675,,0,0.28,0,9
28849,33,87000,MORTGAGE,1,0,1,0,0,0,0,0,1,0,D,5000,14.96,0,0.06,0,6
28866,28,79536,MORTGAGE,12,0,1,0,0,0,0,0,1,0,A,16425,7.9,0,0.21,0,10
28877,33,115000,MORTGAGE,10,0,1,0,0,0,0,0,1,0,B,25000,11.86,0,0.22,0,10
28898,28,61000,MORTGAGE,12,0,1,0,0,0,0,0,1,0,A,12000,6.03,0,0.2,0,5
28906,31,111000,MORTGAGE,3,0,1,0,0,0,0,0,1,0,A,5150,6.62,0,0.05,0,7
28951,29,91560,MORTGAGE,8,0,1,0,0,0,0,0,1,0,A,22000,6.91,0,0.24,0,5
28956,28,55640,MORTGAGE,9,0,1,0,0,0,0,0,1,0,C,5000,,0,0.09,0,6
28988,28,73000,MORTGAGE,6,0,1,0,0,0,0,0,1,0,B,15000,11.83,0,0.21,0,7
29000,35,78000,MORTGAGE,9,0,1,0,0,0,0,0,1,0,A,10000,6.54,0,0.13,0,5
29014,27,180000,MORTGAGE,2,0,1,0,0,0,0,0,1,0,C,8000,13.23,0,0.04,0,9
29057,28,124886,MORTGAGE,12,0,1,0,0,0,0,0,1,0,B,5000,11.99,1,0.04,0,5
29058,29,36100,MORTGAGE,2,0,1,0,0,0,0,0,1,0,C,14000,14.27,0,0.39,0,10
29059,30,90000,MORTGAGE,14,0,1,0,0,0,0,0,1,0,A,18000,8.49,0,0.2,0,7
29064,29,37100,MORTGAGE,9,0,1,0,0,0,0,0,1,0,E,3000,16.82,0,0.08,0,7
29086,30,51996,MORTGAGE,5,0,1,0,0,0,0,0,1,0,A,3200,6.99,0,0.06,0,5
29102,30,95000,MORTGAGE,6,0,1,0,0,0,0,0,1,0,A,4000,5.99,0,0.04,0,7
29108,27,129700,MORTGAGE,1,0,1,0,0,0,0,0,1,0,A,10000,6.54,0,0.08,0,7
29118,31,26010,MORTGAGE,2,0,1,0,0,0,0,0,1,0,B,6500,9.99,0,0.25,0,9
29123,36,900000,MORTGAGE,8,0,1,0,0,0,0,0,1,0,B,6000,,0,0.01,0,12
29154,41,268000,MORTGAGE,0,0,1,0,0,0,0,0,1,0,B,24000,10.37,0,0.09,0,11
29181,37,200004,MORTGAGE,0,0,1,0,0,0,0,0,1,0,C,5000,,0,0.02,0,12
29182,38,200000,MORTGAGE,2,0,1,0,0,0,0,0,1,0,A,25000,7.9,0,0.13,0,13
29185,39,200000,MORTGAGE,3,0,1,0,0,0,0,0,1,0,A,4800,7.49,0,0.02,0,13
29193,38,200000,MORTGAGE,0,0,1,0,0,0,0,0,1,0,B,20000,11.48,0,0.1,0,15
29201,44,189996,MORTGAGE,12,0,1,0,0,0,0,0,1,0,C,8000,13.16,0,0.04,0,15
29245,37,160000,MORTGAGE,3,0,1,0,0,0,0,0,1,0,A,24000,6.54,0,0.15,0,15
29270,47,18000,MORTGAGE,,0,1,0,0,0,0,0,1,0,A,3000,5.42,1,0.17,0,12
29440,45,27012,MORTGAGE,20,0,1,0,0,0,0,0,1,0,A,6000,5.99,1,0.22,0,13
29497,46,29004,MORTGAGE,4,0,1,0,0,0,0,0,1,0,B,10000,11.58,0,0.34,0,11
29557,44,30160,MORTGAGE,4,0,1,0,0,0,0,0,1,0,C,7500,,0,0.25,0,16
29575,41,32000,MORTGAGE,2,0,1,0,0,0,0,0,1,0,C,6000,,0,0.19,0,12
29617,47,33600,MORTGAGE,12,0,1,0,0,0,0,0,1,0,A,10000,5.42,0,0.3,0,12
29624,47,33888,MORTGAGE,5,0,1,0,0,0,0,0,1,0,A,7000,7.49,0,0.21,0,13
29644,38,34800,MORTGAGE,2,0,1,0,0,0,0,0,1,0,A,6250,7.49,0,0.18,0,16
29675,41,35000,MORTGAGE,13,0,1,0,0,0,0,0,1,0,B,1500,10.38,0,0.04,0,16
29689,48,35004,MORTGAGE,14,0,1,0,0,0,0,0,1,0,A,3300,6.39,0,0.09,0,13
29699,39,36000,MORTGAGE,1,0,1,0,0,0,0,0,1,0,A,7125,7.9,0,0.2,0,12
29754,36,37000,MORTGAGE,3,0,1,0,0,0,0,0,1,0,A,7000,6.91,0,0.19,0,13
29756,47,37000,MORTGAGE,6,0,1,0,0,0,0,0,1,0,A,7400,8,0,0.2,0,13
29760,36,37400,MORTGAGE,2,0,1,0,0,0,0,0,1,0,B,6250,6,0,0.17,0,14
29761,40,37440,MORTGAGE,3,0,1,0,0,0,0,0,1,0,B,10000,11.14,0,0.27,0,11
29776,42,32000,MORTGAGE,0,0,1,0,0,0,0,0,1,0,B,10000,10.59,1,0.31,0,12
29790,45,38268,MORTGAGE,14,0,1,0,0,0,0,0,1,0,B,8400,12.18,0,0.22,0,11
29794,44,38400,MORTGAGE,4,0,1,0,0,0,0,0,1,0,A,6825,8.9,0,0.18,0,12
29879,47,40000,MORTGAGE,0,0,1,0,0,0,0,0,1,0,A,6000,7.74,0,0.15,0,11
29883,38,40000,MORTGAGE,4,0,1,0,0,0,0,0,1,0,B,4000,12.21,0,0.1,0,13
29944,39,42000,MORTGAGE,,0,1,0,0,0,0,0,1,0,A,5000,8.49,0,0.12,0,11
29948,38,42000,MORTGAGE,5,0,1,0,0,0,0,0,1,0,B,4000,10.74,0,0.1,0,12
29966,36,42000,MORTGAGE,11,0,1,0,0,0,0,0,1,0,B,7800,12.53,0,0.19,0,13
30008,36,43680,MORTGAGE,0,0,1,0,0,0,0,0,1,0,C,15000,13.11,0,0.34,0,15
30011,37,44000,MORTGAGE,14,0,1,0,0,0,0,0,1,0,A,5000,7.49,0,0.11,0,13
30012,38,44000,MORTGAGE,3,0,1,0,0,0,0,0,1,0,B,10000,9.63,0,0.23,0,17
30015,43,44000,MORTGAGE,8,0,1,0,0,0,0,0,1,0,B,10000,10.38,0,0.23,0,14
30020,39,44000,MORTGAGE,14,0,1,0,0,0,0,0,1,0,A,2500,7.68,0,0.06,0,15
30032,45,45000,MORTGAGE,20,0,1,0,0,0,0,0,1,0,A,15625,8.9,0,0.35,0,13
30042,39,45000,MORTGAGE,2,0,1,0,0,0,0,0,1,0,A,3000,7.9,0,0.07,0,15
30087,50,45600,MORTGAGE,,0,1,0,0,0,0,0,1,0,A,5000,7.9,0,0.11,0,16
30125,47,47000,MORTGAGE,9,0,1,0,0,0,0,0,1,0,A,7500,6.62,0,0.16,0,12
30134,46,47000,MORTGAGE,5,0,1,0,0,0,0,0,1,0,A,6000,7.14,0,0.13,0,15
30136,37,47000,MORTGAGE,4,0,1,0,0,0,0,0,1,0,A,7000,,0,0.15,0,11
30165,38,48000,MORTGAGE,1,0,1,0,0,0,0,0,1,0,A,18000,8.49,0,0.38,0,11
30166,38,48000,MORTGAGE,6,0,1,0,0,0,0,0,1,0,A,6200,7.29,0,0.13,0,14
30190,46,48000,MORTGAGE,0,0,1,0,0,0,0,0,1,0,A,9600,,0,0.2,0,17
30194,37,48500,MORTGAGE,4,0,1,0,0,0,0,0,1,0,A,6000,7.88,0,0.12,0,12
30197,39,48840,MORTGAGE,5,0,1,0,0,0,0,0,1,0,B,15000,9.88,0,0.31,0,15
30220,36,50000,MORTGAGE,7,0,1,0,0,0,0,0,1,0,A,5000,7.51,0,0.1,0,16
30232,37,50000,MORTGAGE,0,0,1,0,0,0,0,0,1,0,A,3200,7.51,0,0.06,0,17
30250,38,50000,MORTGAGE,8,0,1,0,0,0,0,0,1,0,B,10000,,0,0.2,0,15
30271,36,50000,MORTGAGE,13,0,1,0,0,0,0,0,1,0,C,12250,12.73,0,0.24,0,12
30276,49,50000,MORTGAGE,8,0,1,0,0,0,0,0,1,0,C,15850,14.26,0,0.32,0,17
30277,38,50000,MORTGAGE,6,0,1,0,0,0,0,0,1,0,D,3000,15.05,0,0.06,0,12
30301,46,50004,MORTGAGE,5,0,1,0,0,0,0,0,1,0,A,3000,8.59,0,0.06,0,13
30312,41,50780,MORTGAGE,14,0,1,0,0,0,0,0,1,0,B,6000,10.99,0,0.12,0,17
30333,46,51600,MORTGAGE,16,0,1,0,0,0,0,0,1,0,A,10000,7.51,0,0.19,0,17
30341,36,46000,MORTGAGE,6,0,1,0,0,0,0,0,1,0,C,5350,15.27,1,0.12,0,12
30367,40,52200,MORTGAGE,3,0,1,0,0,0,0,0,1,0,D,4000,,0,0.08,0,15
30404,40,54000,MORTGAGE,19,0,1,0,0,0,0,0,1,0,A,5000,5.42,0,0.09,0,13
30408,39,54000,MORTGAGE,17,0,1,0,0,0,0,0,1,0,B,25000,11.49,0,0.46,0,16
30436,39,55000,MORTGAGE,8,0,1,0,0,0,0,0,1,0,A,10000,5.42,0,0.18,0,16
30440,38,55000,MORTGAGE,16,0,1,0,0,0,0,0,1,0,A,6000,5.42,0,0.11,0,14
30445,41,55000,MORTGAGE,17,0,1,0,0,0,0,0,1,0,A,9000,5.99,0,0.16,0,17
30453,36,55000,MORTGAGE,2,0,1,0,0,0,0,0,1,0,A,12000,,0,0.22,0,13
30484,37,55900,MORTGAGE,1,0,1,0,0,0,0,0,1,0,B,17000,8.7,0,0.3,0,12
30510,41,57000,MORTGAGE,11,0,1,0,0,0,0,0,1,0,A,10000,7.51,0,0.18,0,12
30530,41,57996,MORTGAGE,2,0,1,0,0,0,0,0,1,0,B,15000,9.62,0,0.26,0,12
30547,36,58000,MORTGAGE,12,0,1,0,0,0,0,0,1,0,A,21600,6.54,0,0.37,0,14
30549,36,52000,MORTGAGE,11,0,1,0,0,0,0,0,1,0,B,1500,11.36,1,0.03,0,17
30553,46,58000,MORTGAGE,10,0,1,0,0,0,0,0,1,0,C,6300,11.03,0,0.11,0,13
30598,39,60000,MORTGAGE,22,0,1,0,0,0,0,0,1,0,B,4000,10.59,0,0.07,0,12
30653,39,54000,MORTGAGE,0,0,1,0,0,0,0,0,1,0,B,6000,11.83,1,0.11,0,16
30675,40,54996,MORTGAGE,6,0,1,0,0,0,0,0,1,0,B,6000,9.76,1,0.11,0,14
30679,41,61000,MORTGAGE,16,0,1,0,0,0,0,0,1,0,B,8500,,0,0.14,0,14
30691,39,61250,MORTGAGE,0,0,1,0,0,0,0,0,1,0,A,5200,8.49,0,0.08,0,17
30698,49,61776,MORTGAGE,1,0,1,0,0,0,0,0,1,0,B,12000,12.21,0,0.19,0,12
30736,39,63000,MORTGAGE,0,0,1,0,0,0,0,0,1,0,A,15000,,0,0.24,0,15
30757,49,58000,MORTGAGE,5,0,1,0,0,0,0,0,1,0,D,16000,15.33,1,0.28,0,13
30770,37,65000,MORTGAGE,12,0,1,0,0,0,0,0,1,0,B,11000,9.91,0,0.17,0,16
30796,37,65000,MORTGAGE,0,0,1,0,0,0,0,0,1,0,B,4000,10.75,0,0.06,0,15
30801,49,65000,MORTGAGE,0,0,1,0,0,0,0,0,1,0,B,12000,10.62,0,0.18,0,17
30822,37,65379,MORTGAGE,5,0,1,0,0,0,0,0,1,0,B,10000,10.39,0,0.15,0,13
30865,50,68000,MORTGAGE,5,0,1,0,0,0,0,0,1,0,B,10000,11.49,0,0.15,0,13
30870,43,68000,MORTGAGE,2,0,1,0,0,0,0,0,1,0,C,7000,12.61,0,0.1,0,11
30874,40,68000,MORTGAGE,1,0,1,0,0,0,0,0,1,0,A,9200,8.94,0,0.14,0,11
30883,44,68500,MORTGAGE,4,0,1,0,0,0,0,0,1,0,D,14300,15.31,0,0.21,0,17
30894,42,69996,MORTGAGE,1,0,1,0,0,0,0,0,1,0,A,10000,7.66,0,0.14,0,12
30895,37,69996,MORTGAGE,10,0,1,0,0,0,0,0,1,0,B,5000,,0,0.07,0,16
30900,45,64000,MORTGAGE,8,0,1,0,0,0,0,0,1,0,A,4800,8.9,1,0.07,0,17
30902,39,70000,MORTGAGE,7,0,1,0,0,0,0,0,1,0,A,12500,7.9,0,0.18,0,12
30909,41,70000,MORTGAGE,2,0,1,0,0,0,0,0,1,0,B,5000,12.69,0,0.07,0,12
30916,46,70000,MORTGAGE,5,0,1,0,0,0,0,0,1,0,A,8000,7.29,0,0.11,0,13
30926,38,70000,MORTGAGE,0,0,1,0,0,0,0,0,1,0,A,9250,7.51,0,0.13,0,17
30930,36,70000,MORTGAGE,2,0,1,0,0,0,0,0,1,0,A,11000,7.51,0,0.16,0,12
30953,41,70800,MORTGAGE,25,0,1,0,0,0,0,0,1,0,A,12000,6.62,0,0.17,0,11
30998,38,72000,MORTGAGE,2,0,1,0,0,0,0,0,1,0,B,8000,12.21,0,0.11,0,14
31025,42,74000,MORTGAGE,1,0,1,0,0,0,0,0,1,0,C,16000,12.73,0,0.22,0,16
31037,36,75000,MORTGAGE,9,0,1,0,0,0,0,0,1,0,A,24000,7.51,0,0.32,0,13
31103,38,76000,MORTGAGE,4,0,1,0,0,0,0,0,1,0,A,9000,5.99,0,0.12,0,12
31109,36,76800,MORTGAGE,18,0,1,0,0,0,0,0,1,0,A,6200,5.99,0,0.08,0,17
31116,36,77000,MORTGAGE,7,0,1,0,0,0,0,0,1,0,A,6000,6.99,0,0.08,0,12
31138,36,78000,MORTGAGE,7,0,1,0,0,0,0,0,1,0,A,15000,7.88,0,0.19,0,16
31154,36,79200,MORTGAGE,19,0,1,0,0,0,0,0,1,0,A,10000,6.03,0,0.13,0,14
31166,37,74000,MORTGAGE,6,0,1,0,0,0,0,0,1,0,D,10000,16.29,1,0.14,0,14
31174,42,80000,MORTGAGE,3,0,1,0,0,0,0,0,1,0,B,10000,11.49,0,0.13,0,14
31181,42,80000,MORTGAGE,8,0,1,0,0,0,0,0,1,0,B,5000,11.99,0,0.06,0,17
31184,43,80000,MORTGAGE,3,0,1,0,0,0,0,0,1,0,A,10000,,0,0.13,0,16
31189,39,80000,MORTGAGE,18,0,1,0,0,0,0,0,1,0,C,5600,13.43,0,0.07,0,13
31210,36,74000,MORTGAGE,4,0,1,0,0,0,0,0,1,0,C,10000,11.03,1,0.14,0,15
31242,46,82359,MORTGAGE,6,0,1,0,0,0,0,0,1,0,A,6600,7.66,0,0.08,0,13
31253,36,83625,MORTGAGE,6,0,1,0,0,0,0,0,1,0,A,13200,7.51,0,0.16,0,12
31254,36,84000,MORTGAGE,2,0,1,0,0,0,0,0,1,0,B,6000,12.69,0,0.07,0,13
31269,36,84996,MORTGAGE,11,0,1,0,0,0,0,0,1,0,B,3500,12.69,0,0.04,0,16
31280,38,85000,MORTGAGE,4,0,1,0,0,0,0,0,1,0,B,6000,10.99,0,0.07,0,14
31297,39,85000,MORTGAGE,1,0,1,0,0,0,0,0,1,0,A,12000,9.32,0,0.14,0,13
31301,44,85280,MORTGAGE,4,0,1,0,0,0,0,0,1,0,B,7000,10.62,0,0.08,0,12
31317,38,86760,MORTGAGE,,0,1,0,0,0,0,0,1,0,D,5000,15.58,0,0.06,0,12
31323,41,87000,MORTGAGE,4,0,1,0,0,0,0,0,1,0,D,9000,16,0,0.1,0,12
31324,47,87000,MORTGAGE,15,0,1,0,0,0,0,0,1,0,A,10000,,0,0.11,0,11
31325,46,87000,MORTGAGE,1,0,1,0,0,0,0,0,1,0,C,20000,12.41,0,0.23,0,17
31327,40,87048,MORTGAGE,11,0,1,0,0,0,0,0,1,0,A,17600,7.9,0,0.2,0,13
31341,38,89000,MORTGAGE,2,0,1,0,0,0,0,0,1,0,A,6000,5.42,0,0.07,0,13
31365,37,78000,MORTGAGE,0,0,1,0,0,0,0,0,1,0,B,5600,10.74,1,0.07,0,12
31366,39,90000,MORTGAGE,2,0,1,0,0,0,0,0,1,0,B,4600,11.11,0,0.05,0,11
31403,39,92000,MORTGAGE,1,0,1,0,0,0,0,0,1,0,C,20000,14.79,0,0.22,0,16
31412,43,93000,MORTGAGE,7,0,1,0,0,0,0,0,1,0,A,7000,7.14,0,0.08,0,13
31420,36,94185,MORTGAGE,3,0,1,0,0,0,0,0,1,0,A,10000,9.32,0,0.11,0,15
31423,36,95000,MORTGAGE,18,0,1,0,0,0,0,0,1,0,B,13000,10.65,0,0.14,0,11
31428,44,95000,MORTGAGE,1,0,1,0,0,0,0,0,1,0,B,21200,9.91,0,0.22,0,14
31439,41,95000,MORTGAGE,5,0,1,0,0,0,0,0,1,0,B,25000,,0,0.26,0,12
31454,42,96000,MORTGAGE,9,0,1,0,0,0,0,0,1,0,A,5100,5.42,0,0.05,0,14
31463,38,96000,MORTGAGE,0,0,1,0,0,0,0,0,1,0,C,1500,14.26,0,0.02,0,14
31464,37,96996,MORTGAGE,21,0,1,0,0,0,0,0,1,0,A,13000,,0,0.13,0,13
31470,37,97000,MORTGAGE,7,0,1,0,0,0,0,0,1,0,A,10000,,0,0.1,0,15
31483,43,98004,MORTGAGE,11,0,1,0,0,0,0,0,1,0,A,6000,5.42,0,0.06,0,15
31485,36,98240,MORTGAGE,4,0,1,0,0,0,0,0,1,0,E,20000,16.35,0,0.2,0,16
31497,45,100000,MORTGAGE,16,0,1,0,0,0,0,0,1,0,A,16000,6.62,0,0.16,0,16
31507,38,100000,MORTGAGE,5,0,1,0,0,0,0,0,1,0,B,5500,10.37,0,0.06,0,13
31591,40,110000,MORTGAGE,14,0,1,0,0,0,0,0,1,0,B,5000,11.49,0,0.05,0,14
31594,38,110000,MORTGAGE,5,0,1,0,0,0,0,0,1,0,B,16000,11.99,0,0.15,0,17
31595,45,110000,MORTGAGE,5,0,1,0,0,0,0,0,1,0,B,20000,11.11,0,0.18,0,16
31616,42,114000,MORTGAGE,4,0,1,0,0,0,0,0,1,0,B,19200,11.36,0,0.17,0,15
31628,41,115000,MORTGAGE,2,0,1,0,0,0,0,0,1,0,D,20000,14.61,0,0.17,0,11
31635,50,116000,MORTGAGE,22,0,1,0,0,0,0,0,1,0,B,5000,10.25,0,0.04,0,17
31639,37,117000,MORTGAGE,3,0,1,0,0,0,0,0,1,0,A,10000,8.94,0,0.09,0,11
31640,38,117400,MORTGAGE,7,0,1,0,0,0,0,0,1,0,B,16000,10.75,0,0.14,0,16
31651,45,119004,MORTGAGE,13,0,1,0,0,0,0,0,1,0,B,5000,11.49,0,0.04,0,13
31660,37,120000,MORTGAGE,5,0,1,0,0,0,0,0,1,0,A,5400,5.99,0,0.04,0,17
31664,40,120000,MORTGAGE,6,0,1,0,0,0,0,0,1,0,B,9600,10.59,0,0.08,0,14
31674,42,120000,MORTGAGE,18,0,1,0,0,0,0,0,1,0,B,6000,10.38,0,0.05,0,11
31711,40,125000,MORTGAGE,3,0,1,0,0,0,0,0,1,0,A,10200,7.49,0,0.08,0,13
31715,45,125000,MORTGAGE,14,0,1,0,0,0,0,0,1,0,B,10000,,0,0.08,0,12
31737,36,130000,MORTGAGE,9,0,1,0,0,0,0,0,1,0,B,12000,,0,0.09,0,14
31764,36,140000,MORTGAGE,21,0,1,0,0,0,0,0,1,0,A,8000,6.99,0,0.06,0,11
31771,38,140000,MORTGAGE,1,0,1,0,0,0,0,0,1,0,D,10000,14.09,0,0.07,0,16
31783,42,140400,MORTGAGE,6,0,1,0,0,0,0,0,1,0,B,14000,10.99,0,0.1,0,14
31789,40,142000,MORTGAGE,2,0,1,0,0,0,0,0,1,0,D,25000,15.31,0,0.18,0,14
31793,36,144000,MORTGAGE,0,0,1,0,0,0,0,0,1,0,C,7600,15.23,0,0.05,0,16
31797,36,145000,MORTGAGE,4,0,1,0,0,0,0,0,1,0,B,5000,9.62,0,0.03,0,16
31807,40,150000,MORTGAGE,2,0,1,0,0,0,0,0,1,0,C,20000,12.99,0,0.13,0,14
31810,40,150000,MORTGAGE,5,0,1,0,0,0,0,0,1,0,B,12000,10.37,0,0.08,0,12
31811,44,150000,MORTGAGE,17,0,1,0,0,0,0,0,1,0,C,25000,13.43,0,0.17,0,17
31840,37,145124,MORTGAGE,21,0,1,0,0,0,0,0,1,0,B,11375,10.99,1,0.08,0,14
31899,36,290000,MORTGAGE,6,0,1,0,0,0,0,0,1,0,D,25000,15.65,0,0.09,0,16
31944,46,47000,MORTGAGE,5,0,1,0,0,0,0,0,1,0,A,6000,7.14,0,0.13,0,14
31978,50,68000,MORTGAGE,5,0,1,0,0,0,0,0,1,0,B,10000,11.49,0,0.15,0,16
32013,38,65000,MORTGAGE,6,0,1,0,0,0,0,0,1,0,C,11500,13.92,0,0.18,0,14
32015,40,50000,MORTGAGE,5,0,1,0,0,0,0,0,1,0,D,6000,14.96,0,0.12,0,15
32021,37,72000,MORTGAGE,9,0,1,0,0,0,0,0,1,0,C,1600,13.92,0,0.02,0,12
32034,36,62400,MORTGAGE,0,0,1,0,0,0,0,0,1,0,A,2400,7.49,0,0.04,0,14
32053,46,60000,MORTGAGE,7,0,1,0,0,0,0,0,1,0,A,3600,6.99,0,0.06,0,13
32063,38,118000,MORTGAGE,12,0,1,0,0,0,0,0,1,0,B,11400,10.59,0,0.1,0,16
32068,37,145124,MORTGAGE,21,0,1,0,0,0,0,0,1,0,B,11375,10.99,1,0.08,0,11
32113,37,54000,MORTGAGE,10,0,1,0,0,0,0,0,1,0,D,8000,,0,0.15,0,15
32130,36,34000,MORTGAGE,2,0,1,0,0,0,0,0,1,0,B,5000,10.65,0,0.15,0,15
32134,42,52400,MORTGAGE,14,0,1,0,0,0,0,0,1,0,B,21000,10.38,0,0.4,0,15
32142,39,50000,MORTGAGE,1,0,1,0,0,0,0,0,1,0,A,8000,7.68,0,0.16,0,11
32144,36,84996,MORTGAGE,11,0,1,0,0,0,0,0,1,0,B,3500,12.69,0,0.04,0,13
32200,36,59617,MORTGAGE,14,0,1,0,0,0,0,0,1,0,D,21000,15.62,0,0.35,0,14
32202,40,150000,MORTGAGE,5,0,1,0,0,0,0,0,1,0,B,12000,10.37,0,0.08,0,15
32208,40,50000,MORTGAGE,1,0,1,0,0,0,0,0,1,0,B,12000,,0,0.24,0,17
32211,40,100010,MORTGAGE,11,0,1,0,0,0,0,0,1,0,B,8000,9.99,0,0.08,0,17
32218,37,120000,MORTGAGE,21,0,1,0,0,0,0,0,1,0,D,20000,14.84,0,0.17,0,11
32233,43,43000,MORTGAGE,5,0,1,0,0,0,0,0,1,0,B,15000,8.88,0,0.35,0,15
32234,43,350000,MORTGAGE,3,0,1,0,0,0,0,0,1,0,B,18000,11.49,0,0.05,0,14
32236,39,45000,MORTGAGE,3,0,1,0,0,0,0,0,1,0,C,12000,14.72,0,0.27,0,13
32271,41,90000,MORTGAGE,3,0,1,0,0,0,0,0,1,0,A,3000,7.14,0,0.03,0,17
32273,40,43000,MORTGAGE,18,0,1,0,0,0,0,0,1,0,C,2500,12.84,0,0.06,0,14
32277,38,40000,MORTGAGE,5,0,1,0,0,0,0,0,1,0,A,10000,5.99,0,0.25,0,17
32284,45,64000,MORTGAGE,3,0,1,0,0,0,0,0,1,0,A,6000,7.29,0,0.09,0,12
32285,43,112000,MORTGAGE,14,0,1,0,0,0,0,0,1,0,D,25000,14.96,0,0.22,0,16
32298,144,6000000,MORTGAGE,12,0,1,0,0,0,0,0,1,0,C,5000,12.73,0,0,0,25
32304,51,500000,MORTGAGE,1,0,1,0,0,0,0,0,1,0,B,20000,10.37,0,0.04,0,19
32306,66,300000,MORTGAGE,3,0,1,0,0,0,0,0,1,0,A,28000,6.62,0,0.09,0,23
32309,51,260000,MORTGAGE,1,0,1,0,0,0,0,0,1,0,A,14000,7.66,0,0.05,0,26
32328,52,22500,MORTGAGE,2,0,1,0,0,0,0,0,1,0,C,6000,13.49,0,0.27,0,21
32343,54,29000,MORTGAGE,7,0,1,0,0,0,0,0,1,0,B,2500,11.71,0,0.09,0,24
32370,54,39000,MORTGAGE,4,0,1,0,0,0,0,0,1,0,B,20000,10.71,0,0.51,0,19
32372,59,40000,MORTGAGE,5,0,1,0,0,0,0,0,1,0,A,3600,7.49,0,0.09,0,24
32382,73,42000,MORTGAGE,7,0,1,0,0,0,0,0,1,0,A,5000,7.49,0,0.12,0,28
32385,60,37200,MORTGAGE,2,0,1,0,0,0,0,0,1,0,A,10000,6.54,1,0.27,0,27
32386,70,44000,MORTGAGE,3,0,1,0,0,0,0,0,1,0,C,7000,11.66,0,0.16,0,24
32390,58,45000,MORTGAGE,3,0,1,0,0,0,0,0,1,0,A,3500,6.76,0,0.08,0,20
32393,58,45600,MORTGAGE,20,0,1,0,0,0,0,0,1,0,C,6000,12.99,0,0.13,0,25
32396,51,46560,MORTGAGE,2,0,1,0,0,0,0,0,1,0,A,11600,8.94,0,0.25,0,30
32406,53,50004,MORTGAGE,16,0,1,0,0,0,0,0,1,0,A,4500,,0,0.09,0,18
32414,54,52000,MORTGAGE,5,0,1,0,0,0,0,0,1,0,B,1000,10,0,0.02,0,26
32418,52,52000,MORTGAGE,2,0,1,0,0,0,0,0,1,0,A,10000,,0,0.19,0,29
32420,61,53000,MORTGAGE,3,0,1,0,0,0,0,0,1,0,A,7000,7.49,0,0.13,0,23
32426,59,55000,MORTGAGE,15,0,1,0,0,0,0,0,1,0,B,1000,10.59,0,0.02,0,29
32436,62,60000,MORTGAGE,5,0,1,0,0,0,0,0,1,0,A,16000,8.9,0,0.27,0,19
32438,51,60000,MORTGAGE,1,0,1,0,0,0,0,0,1,0,A,7500,,0,0.13,0,24
32446,55,60900,MORTGAGE,5,0,1,0,0,0,0,0,1,0,A,8500,6.76,0,0.14,0,20
32455,54,65000,MORTGAGE,4,0,1,0,0,0,0,0,1,0,D,9600,15.99,0,0.15,0,20
32459,51,67619,MORTGAGE,11,0,1,0,0,0,0,0,1,0,C,15000,13.11,0,0.22,0,27
32460,58,68000,MORTGAGE,1,0,1,0,0,0,0,0,1,0,B,8000,10.99,0,0.12,0,29
32463,56,70000,MORTGAGE,17,0,1,0,0,0,0,0,1,0,A,2500,5.99,0,0.04,0,23
32465,56,70000,MORTGAGE,7,0,1,0,0,0,0,0,1,0,B,15000,10.38,0,0.21,0,20
32470,51,72800,MORTGAGE,0,0,1,0,0,0,0,0,1,0,A,5700,7.66,0,0.08,0,28
32476,55,75000,MORTGAGE,3,0,1,0,0,0,0,0,1,0,A,10000,7.51,0,0.13,0,20
32477,53,75000,MORTGAGE,4,0,1,0,0,0,0,0,1,0,A,10000,8.94,0,0.13,0,19
32479,51,76960,MORTGAGE,0,0,1,0,0,0,0,0,1,0,B,15000,9.99,0,0.19,0,20
32482,54,79864,MORTGAGE,5,0,1,0,0,0,0,0,1,0,B,1800,9.88,0,0.02,0,21
32485,66,82000,MORTGAGE,8,0,1,0,0,0,0,0,1,0,A,28000,7.9,0,0.34,0,20
32487,59,83768,MORTGAGE,15,0,1,0,0,0,0,0,1,0,B,12000,11.86,0,0.14,0,18
32490,61,85000,MORTGAGE,11,0,1,0,0,0,0,0,1,0,B,9000,9.99,0,0.11,0,22
32491,58,85000,MORTGAGE,0,0,1,0,0,0,0,0,1,0,B,8000,11.49,0,0.09,0,28
32494,64,87000,MORTGAGE,12,0,1,0,0,0,0,0,1,0,A,15000,7.51,0,0.17,0,27
32500,56,90000,MORTGAGE,0,0,1,0,0,0,0,0,1,0,A,7200,6.17,0,0.08,0,21
32501,55,91154,MORTGAGE,15,0,1,0,0,0,0,0,1,0,A,10000,6.62,0,0.11,0,28
32502,53,92000,MORTGAGE,7,0,1,0,0,0,0,0,1,0,B,15000,11.12,0,0.16,0,22
32504,65,93000,MORTGAGE,27,0,1,0,0,0,0,0,1,0,B,25000,9.99,0,0.27,0,27
32505,55,94000,MORTGAGE,11,0,1,0,0,0,0,0,1,0,A,4000,6.62,0,0.04,0,26
32506,51,94368,MORTGAGE,4,0,1,0,0,0,0,0,1,0,A,5000,,0,0.05,0,30
32507,84,94800,MORTGAGE,2,0,1,0,0,0,0,0,1,0,A,10000,7.51,0,0.11,0,24
32508,54,95000,MORTGAGE,3,0,1,0,0,0,0,0,1,0,B,6500,10.65,0,0.07,0,26
32510,56,95004,MORTGAGE,6,0,1,0,0,0,0,0,1,0,B,12000,11.58,0,0.13,0,20
32511,55,97243,MORTGAGE,10,0,1,0,0,0,0,0,1,0,E,17000,,0,0.17,0,30
32513,58,100000,MORTGAGE,6,0,1,0,0,0,0,0,1,0,A,6000,5.42,0,0.06,0,19
32515,63,106000,MORTGAGE,0,0,1,0,0,0,0,0,1,0,C,11500,12.98,0,0.11,0,23
32516,53,106000,MORTGAGE,38,0,1,0,0,0,0,0,1,0,B,20000,9.88,0,0.19,0,23
32520,51,115900,MORTGAGE,16,0,1,0,0,0,0,0,1,0,A,12000,7.88,0,0.1,0,29
32521,52,116000,MORTGAGE,6,0,1,0,0,0,0,0,1,0,B,12800,9.99,0,0.11,0,23
32524,64,119000,MORTGAGE,3,0,1,0,0,0,0,0,1,0,A,5000,8,0,0.04,0,22
32525,51,120000,MORTGAGE,2,0,1,0,0,0,0,0,1,0,A,30000,7.9,0,0.25,0,22
32526,54,120000,MORTGAGE,4,0,1,0,0,0,0,0,1,0,A,17625,7.49,0,0.15,0,20
32527,64,120000,MORTGAGE,0,0,1,0,0,0,0,0,1,0,B,20000,11.11,0,0.17,0,25
32528,69,120000,MORTGAGE,3,0,1,0,0,0,0,0,1,0,D,20000,14.84,0,0.17,0,27
32529,65,120000,MORTGAGE,0,0,1,0,0,0,0,0,1,0,B,12000,11.48,0,0.1,0,21
32530,55,123000,MORTGAGE,3,0,1,0,0,0,0,0,1,0,B,10000,10.99,0,0.08,0,26
32531,54,125000,MORTGAGE,13,0,1,0,0,0,0,0,1,0,A,12000,6.62,0,0.1,0,24
32532,55,125000,MORTGAGE,9,0,1,0,0,0,0,0,1,0,B,8400,9.63,0,0.07,0,18
32533,70,132000,MORTGAGE,0,0,1,0,0,0,0,0,1,0,A,14000,,0,0.11,0,24
32537,60,150000,MORTGAGE,1,0,1,0,0,0,0,0,1,0,A,10000,5.79,0,0.07,0,18
32538,56,150000,MORTGAGE,5,0,1,0,0,0,0,0,1,0,B,15000,11.48,0,0.1,0,28
32539,54,154000,MORTGAGE,1,0,1,0,0,0,0,0,1,0,B,12000,12.69,0,0.08,0,26
32541,54,170000,MORTGAGE,12,0,1,0,0,0,0,0,1,0,A,11000,6.62,0,0.06,0,20
32542,52,163000,MORTGAGE,9,0,1,0,0,0,0,0,1,0,D,25000,14.11,1,0.15,0,30
32543,67,200000,MORTGAGE,2,0,1,0,0,0,0,0,1,0,C,3000,10.28,0,0.01,0,26
32544,52,720000,MORTGAGE,1,0,1,0,0,0,0,0,1,0,A,7925,8.94,0,0.01,0,30
32545,58,780000,MORTGAGE,7,0,1,0,0,0,0,0,1,0,A,4500,6.91,0,0.01,0,20
32547,60,1900000,MORTGAGE,5,0,1,0,0,0,0,0,1,0,A,1500,,0,0,0,21
32549,54,29000,MORTGAGE,7,0,1,0,0,0,0,0,1,0,B,2500,11.71,0,0.09,0,28
32552,58,780000,MORTGAGE,7,0,1,0,0,0,0,0,1,0,A,4500,6.91,0,0.01,0,19
32559,56,70000,MORTGAGE,7,0,1,0,0,0,0,0,1,0,B,15000,10.38,0,0.21,0,24
32563,61,160000,MORTGAGE,30,0,1,0,0,0,0,0,1,0,B,24000,10.38,0,0.15,0,21
32570,51,60000,MORTGAGE,1,0,1,0,0,0,0,0,1,0,A,7500,,0,0.13,0,23
32574,56,90000,MORTGAGE,0,0,1,0,0,0,0,0,1,0,A,7200,6.17,0,0.08,0,19
32577,57,53000,MORTGAGE,1,0,1,0,0,0,0,0,1,0,C,5800,13.16,0,0.11,0,30
32578,54,120000,MORTGAGE,4,0,1,0,0,0,0,0,1,0,A,17625,7.49,0,0.15,0,19
32580,56,150000,MORTGAGE,5,0,1,0,0,0,0,0,1,0,B,15000,11.48,0,0.1,0,26
24,24,10980,OWN,0,1,0,0,0,0,0,0,1,0,A,1500,7.29,0,0.14,0,3
28,23,11000,OWN,0,1,0,0,0,0,0,0,1,0,A,1400,9.32,0,0.13,0,3
58,23,277000,OWN,3,1,0,0,0,0,0,0,1,0,A,35000,,0,0.13,0,4
91,22,240000,OWN,6,1,0,0,0,0,0,0,1,0,B,25000,,0,0.1,0,2
107,25,12600,OWN,3,1,0,0,0,0,0,0,1,0,C,1750,13.61,0,0.14,0,3
151,26,210000,OWN,10,1,0,0,0,0,0,0,1,0,B,22000,11.83,0,0.1,0,4
161,23,13920,OWN,2,1,0,0,0,0,0,0,1,0,E,7750,17.04,1,0.56,0,4
202,24,14400,OWN,5,1,0,0,0,0,0,0,1,0,A,6000,7.49,1,0.42,0,3
218,23,189996,OWN,0,1,0,0,0,0,0,0,1,0,B,24000,11.83,0,0.13,0,3
234,26,185000,OWN,10,1,0,0,0,0,0,0,1,0,A,5000,7.68,0,0.03,0,2
251,22,14400,OWN,0,1,0,0,0,0,0,0,1,0,B,2100,11.14,0,0.15,0,4
264,26,180000,OWN,2,1,0,0,0,0,0,0,1,0,B,25000,10.99,0,0.14,0,4
354,23,16000,OWN,7,1,0,0,0,0,0,0,1,0,A,2000,6.39,0,0.13,0,3
360,22,16200,OWN,6,1,0,0,0,0,0,0,1,0,B,2000,12.42,0,0.12,0,3
366,25,16400,OWN,1,1,0,0,0,0,0,0,1,0,A,5000,8.94,1,0.3,0,4
428,22,18000,OWN,3,1,0,0,0,0,0,0,1,0,A,3000,7.9,1,0.17,0,4
461,24,18000,OWN,6,1,0,0,0,0,0,0,1,0,A,13000,7.88,1,0.72,0,3
466,21,18000,OWN,1,1,0,0,0,0,0,0,1,0,B,2500,11.36,0,0.14,0,3
580,23,20000,OWN,0,1,0,0,0,0,0,0,1,0,B,5000,11.71,0,0.25,0,4
581,22,20000,OWN,6,1,0,0,0,0,0,0,1,0,B,9250,10.65,0,0.46,0,4
788,23,21996,OWN,4,1,0,0,0,0,0,0,1,0,C,6000,13.23,0,0.27,0,4
830,26,22296,OWN,,1,0,0,0,0,0,0,1,0,A,5400,5.42,0,0.24,0,3
987,23,24000,OWN,,1,0,0,0,0,0,0,1,0,B,4200,10.99,0,0.17,0,4
998,23,24000,OWN,0,1,0,0,0,0,0,0,1,0,A,8000,5.79,0,0.33,0,3
1235,22,25000,OWN,1,1,0,0,0,0,0,0,1,0,A,11100,9.63,0,0.44,0,3
1328,23,26000,OWN,7,1,0,0,0,0,0,0,1,0,B,2000,10.36,0,0.08,0,2
1635,26,28000,OWN,5,1,0,0,0,0,0,0,1,0,D,4000,15.37,0,0.14,0,3
1713,22,28800,OWN,2,1,0,0,0,0,0,0,1,0,A,2000,,0,0.07,0,2
1717,23,28800,OWN,2,1,0,0,0,0,0,0,1,0,B,3000,11.11,0,0.1,0,4
1854,23,30000,OWN,1,1,0,0,0,0,0,0,1,0,A,5000,6.62,0,0.17,0,2
2042,26,30000,OWN,0,1,0,0,0,0,0,0,1,0,B,5000,10.38,0,0.17,0,4
2060,22,30000,OWN,4,1,0,0,0,0,0,0,1,0,B,5000,11.12,0,0.17,0,2
2095,23,30000,OWN,0,1,0,0,0,0,0,0,1,0,B,3000,11.14,0,0.1,0,3
2113,26,30000,OWN,0,1,0,0,0,0,0,0,1,0,C,15000,13.22,0,0.5,0,2
2233,25,31000,OWN,8,1,0,0,0,0,0,0,1,0,A,12000,,0,0.39,0,3
2306,24,31200,OWN,8,1,0,0,0,0,0,0,1,0,B,10000,12.18,0,0.32,0,2
2435,21,32000,OWN,3,1,0,0,0,0,0,0,1,0,E,4500,16,0,0.14,0,4
2537,22,33000,OWN,6,1,0,0,0,0,0,0,1,0,B,12000,9.91,0,0.36,0,2
2555,21,33000,OWN,,1,0,0,0,0,0,0,1,0,A,2500,6.03,0,0.08,0,4
2771,21,34056,OWN,6,1,0,0,0,0,0,0,1,0,B,1500,10.65,0,0.04,0,3
2947,26,35000,OWN,,1,0,0,0,0,0,0,1,0,B,7200,11.11,0,0.21,0,4
3181,24,36000,OWN,5,1,0,0,0,0,0,0,1,0,B,8000,10.65,0,0.22,0,2
3350,26,36000,OWN,,1,0,0,0,0,0,0,1,0,B,15000,10.25,0,0.42,0,2
3780,26,38400,OWN,1,1,0,0,0,0,0,0,1,0,B,15500,11.99,0,0.4,0,3
3814,22,38400,OWN,6,1,0,0,0,0,0,0,1,0,C,10000,14.72,0,0.26,0,3
3934,24,39456,OWN,8,1,0,0,0,0,0,0,1,0,A,1325,6.62,0,0.03,0,2
3948,21,39600,OWN,5,1,0,0,0,0,0,0,1,0,A,3500,6.62,0,0.09,0,3
3969,21,39828,OWN,,1,0,0,0,0,0,0,1,0,B,15000,10.99,0,0.38,0,3
4220,24,40000,OWN,0,1,0,0,0,0,0,0,1,0,A,6900,6.91,0,0.17,0,3
4261,24,40000,OWN,4,1,0,0,0,0,0,0,1,0,C,2000,14.35,0,0.05,0,2
4509,22,41000,OWN,0,1,0,0,0,0,0,0,1,0,A,1000,6.99,0,0.02,0,2
4539,21,41000,OWN,5,1,0,0,0,0,0,0,1,0,A,5000,7.74,0,0.12,0,3
4553,25,41004,OWN,1,1,0,0,0,0,0,0,1,0,B,12000,,0,0.29,0,2
4561,24,41100,OWN,,1,0,0,0,0,0,0,1,0,A,5600,6.03,0,0.14,0,3
4569,21,41200,OWN,3,1,0,0,0,0,0,0,1,0,B,8000,11.48,0,0.19,0,3
4597,22,41604,OWN,1,1,0,0,0,0,0,0,1,0,B,14400,,0,0.35,0,4
4658,22,42000,OWN,6,1,0,0,0,0,0,0,1,0,A,10000,6.03,0,0.24,0,2
4712,23,42000,OWN,0,1,0,0,0,0,0,0,1,0,A,6000,5.42,0,0.14,0,2
4855,23,42000,OWN,7,1,0,0,0,0,0,0,1,0,B,4400,11.89,0,0.1,0,4
4877,23,42000,OWN,1,1,0,0,0,0,0,0,1,0,B,5400,,0,0.13,0,2
5022,22,43000,OWN,7,1,0,0,0,0,0,0,1,0,A,6000,7.74,0,0.14,0,4
5086,22,43200,OWN,6,1,0,0,0,0,0,0,1,0,A,10000,9.63,0,0.23,0,3
5298,22,45000,OWN,4,1,0,0,0,0,0,0,1,0,A,7000,6.62,0,0.16,0,3
5686,25,45996,OWN,9,1,0,0,0,0,0,0,1,0,B,25000,12.18,0,0.54,0,3
5829,25,47000,OWN,9,1,0,0,0,0,0,0,1,0,A,7000,7.51,0,0.15,0,4
5866,24,47000,OWN,1,1,0,0,0,0,0,0,1,0,B,6000,11.11,0,0.13,0,4
6014,25,48000,OWN,0,1,0,0,0,0,0,0,1,0,B,6000,10.65,0,0.13,0,2
6247,24,48000,OWN,8,1,0,0,0,0,0,0,1,0,A,1300,9.07,0,0.03,0,4
6249,22,48000,OWN,4,1,0,0,0,0,0,0,1,0,B,2400,11.46,0,0.05,0,3
6492,23,50000,OWN,4,1,0,0,0,0,0,0,1,0,B,12600,11.71,0,0.25,0,4
6550,26,50000,OWN,10,1,0,0,0,0,0,0,1,0,A,14400,7.49,0,0.29,0,4
6571,26,50000,OWN,10,1,0,0,0,0,0,0,1,0,A,7500,5.99,0,0.15,0,2
6602,22,50000,OWN,4,1,0,0,0,0,0,0,1,0,B,5000,12.62,0,0.1,0,3
6728,23,50000,OWN,3,1,0,0,0,0,0,0,1,0,B,1500,11.49,0,0.03,0,2
6921,23,50052,OWN,8,1,0,0,0,0,0,0,1,0,B,15000,9.63,0,0.3,0,4
6923,24,50112,OWN,,1,0,0,0,0,0,0,1,0,A,1000,5.42,0,0.02,0,2
6973,23,50508,OWN,8,1,0,0,0,0,0,0,1,0,B,7500,10.83,0,0.15,0,4
6975,25,50600,OWN,3,1,0,0,0,0,0,0,1,0,A,3000,7.51,0,0.06,0,2
7000,23,51000,OWN,7,1,0,0,0,0,0,0,1,0,A,6000,5.42,0,0.12,0,4
7195,26,52000,OWN,10,1,0,0,0,0,0,0,1,0,A,10000,8.9,0,0.19,0,3
7296,23,52000,OWN,1,1,0,0,0,0,0,0,1,0,B,10000,11.14,0,0.19,0,2
7297,24,52000,OWN,8,1,0,0,0,0,0,0,1,0,A,5000,7.4,0,0.1,0,2
7456,21,53000,OWN,5,1,0,0,0,0,0,0,1,0,B,14400,11.36,0,0.27,0,3
7462,26,53000,OWN,8,1,0,0,0,0,0,0,1,0,B,16000,10.25,0,0.3,0,2
7548,22,53947,OWN,0,1,0,0,0,0,0,0,1,0,B,6400,9.62,0,0.12,0,4
7573,22,54000,OWN,,1,0,0,0,0,0,0,1,0,B,25000,,0,0.46,0,3
7675,24,54000,OWN,8,1,0,0,0,0,0,0,1,0,B,10000,10.99,0,0.19,0,3
8020,22,55000,OWN,4,1,0,0,0,0,0,0,1,0,A,2000,7.4,0,0.04,0,3
8273,21,57000,OWN,5,1,0,0,0,0,0,0,1,0,B,8000,10.65,0,0.14,0,3
8325,25,57000,OWN,5,1,0,0,0,0,0,0,1,0,C,12000,13.23,0,0.21,0,3
8910,24,60000,OWN,7,1,0,0,0,0,0,0,1,0,B,10000,10.37,0,0.17,0,4
9136,23,60000,OWN,0,1,0,0,0,0,0,0,1,0,B,8000,12.53,0,0.13,0,2
9273,25,60500,OWN,6,1,0,0,0,0,0,0,1,0,B,17000,12.42,0,0.28,0,2
9297,23,61000,OWN,1,1,0,0,0,0,0,0,1,0,B,12000,11.71,0,0.2,0,2
9370,23,61440,OWN,6,1,0,0,0,0,0,0,1,0,B,2500,,0,0.04,0,3
9381,24,61717,OWN,8,1,0,0,0,0,0,0,1,0,A,3200,7.68,0,0.05,0,4
9843,23,65000,OWN,6,1,0,0,0,0,0,0,1,0,B,6000,10.65,0,0.09,0,2
9904,24,65000,OWN,6,1,0,0,0,0,0,0,1,0,D,4400,16.89,0,0.07,0,2
9960,24,65000,OWN,8,1,0,0,0,0,0,0,1,0,A,6000,6.99,0,0.09,0,2
10062,24,65000,OWN,3,1,0,0,0,0,0,0,1,0,B,6000,11.36,0,0.09,0,2
10230,25,66000,OWN,9,1,0,0,0,0,0,0,1,0,A,15000,7.49,0,0.23,0,4
10325,26,66948,OWN,11,1,0,0,0,0,0,0,1,0,B,20000,10.95,0,0.3,0,4
10375,23,67000,OWN,7,1,0,0,0,0,0,0,1,0,C,6400,,0,0.1,0,3
10501,26,68000,OWN,8,1,0,0,0,0,0,0,1,0,B,24250,12.18,0,0.36,0,4
10504,26,68000,OWN,6,1,0,0,0,0,0,0,1,0,C,21000,13.92,0,0.31,0,4
10625,25,69570,OWN,0,1,0,0,0,0,0,0,1,0,A,1500,7.74,0,0.02,0,2
10721,26,70000,OWN,10,1,0,0,0,0,0,0,1,0,B,10000,12.42,0,0.14,0,4
10786,25,70000,OWN,4,1,0,0,0,0,0,0,1,0,A,4000,7.42,0,0.06,0,2
10791,24,70000,OWN,,1,0,0,0,0,0,0,1,0,A,6000,5.42,0,0.09,0,2
10932,24,70000,OWN,8,1,0,0,0,0,0,0,1,0,B,24250,12.18,0,0.35,0,2
11013,24,71000,OWN,4,1,0,0,0,0,0,0,1,0,B,14000,10.99,0,0.2,0,3
11103,23,72000,OWN,,1,0,0,0,0,0,0,1,0,A,15000,6.99,0,0.21,0,2
11205,22,72000,OWN,1,1,0,0,0,0,0,0,1,0,B,15000,10.25,0,0.21,0,3
11334,26,73440,OWN,1,1,0,0,0,0,0,0,1,0,B,35000,9.91,0,0.48,0,2
11478,23,75000,OWN,5,1,0,0,0,0,0,0,1,0,B,21000,12.42,0,0.28,0,2
11518,23,75000,OWN,5,1,0,0,0,0,0,0,1,0,A,5000,8.49,0,0.07,0,4
11593,24,75000,OWN,0,1,0,0,0,0,0,0,1,0,A,6675,6.54,0,0.09,0,3
11675,24,75000,OWN,2,1,0,0,0,0,0,0,1,0,B,8500,11.36,0,0.11,0,4
12002,22,78000,OWN,6,1,0,0,0,0,0,0,1,0,A,4000,7.74,0,0.05,0,4
12201,25,80000,OWN,9,1,0,0,0,0,0,0,1,0,B,2700,10.59,0,0.03,0,4
12250,23,80000,OWN,7,1,0,0,0,0,0,0,1,0,B,9000,9.62,0,0.11,0,2
12668,24,84000,OWN,5,1,0,0,0,0,0,0,1,0,B,20000,11.83,0,0.24,0,3
12931,21,36184,OWN,2,1,0,0,0,0,0,0,1,0,B,12000,9.99,0,0.33,0,4
13225,25,35412,OWN,3,1,0,0,0,0,0,0,1,0,B,5000,,0,0.14,0,4
13326,26,35000,OWN,1,1,0,0,0,0,0,0,1,0,A,7500,7.9,0,0.21,0,3
13430,25,35000,OWN,9,1,0,0,0,0,0,0,1,0,C,4000,13.11,0,0.11,0,2
13432,22,91200,OWN,6,1,0,0,0,0,0,0,1,0,B,5000,11.48,0,0.05,0,2
13512,26,34656,OWN,2,1,0,0,0,0,0,0,1,0,A,5500,7.51,0,0.16,0,2
13662,24,95000,OWN,8,1,0,0,0,0,0,0,1,0,C,4800,13.43,0,0.05,0,3
13926,23,32000,OWN,4,1,0,0,0,0,0,0,1,0,C,7500,12.98,0,0.23,0,3
13930,25,98000,OWN,0,1,0,0,0,0,0,0,1,0,A,2000,7.37,0,0.02,0,2
14004,25,31200,OWN,9,1,0,0,0,0,0,0,1,0,A,15000,6.03,0,0.48,0,4
14010,23,100000,OWN,7,1,0,0,0,0,0,0,1,0,D,35000,16.77,0,0.35,0,4
14133,21,100000,OWN,5,1,0,0,0,0,0,0,1,0,A,5000,7.14,0,0.05,0,3
14161,26,30000,OWN,3,1,0,0,0,0,0,0,1,0,A,6000,7.9,0,0.2,0,2
14225,24,102000,OWN,5,1,0,0,0,0,0,0,1,0,A,23800,8.9,0,0.23,0,2
14295,25,30000,OWN,0,1,0,0,0,0,0,0,1,0,A,3425,6.17,0,0.11,0,2
14306,22,30000,OWN,5,1,0,0,0,0,0,0,1,0,B,3000,10.36,0,0.1,0,2
14307,26,30000,OWN,3,1,0,0,0,0,0,0,1,0,B,7000,9.99,0,0.23,0,2
14387,26,30000,OWN,3,1,0,0,0,0,0,0,1,0,B,12000,11.36,0,0.4,0,3
14391,23,30000,OWN,5,1,0,0,0,0,0,0,1,0,B,3000,12.18,0,0.1,0,2
14444,25,30000,OWN,1,1,0,0,0,0,0,0,1,0,A,3000,9.63,0,0.1,0,2
14554,25,110000,OWN,6,1,0,0,0,0,0,0,1,0,B,28000,9.91,0,0.25,0,2
14671,21,110400,OWN,0,1,0,0,0,0,0,0,1,0,A,12000,,0,0.11,0,3
14990,24,120000,OWN,8,1,0,0,0,0,0,0,1,0,D,15000,15.28,0,0.13,0,3
15086,22,24996,OWN,2,1,0,0,0,0,0,0,1,0,B,13000,8.88,0,0.52,0,4
15105,22,24960,OWN,,1,0,0,0,0,0,0,1,0,A,4525,7.51,0,0.18,0,4
15116,22,24600,OWN,1,1,0,0,0,0,0,0,1,0,B,4750,10,0,0.19,0,4
15158,25,125000,OWN,9,1,0,0,0,0,0,0,1,0,A,15000,7.9,0,0.12,0,3
15179,25,125000,OWN,9,1,0,0,0,0,0,0,1,0,B,25000,10.59,0,0.2,0,2
15221,22,24000,OWN,2,1,0,0,0,0,0,0,1,0,C,3000,13.61,0,0.13,0,2
15283,23,129600,OWN,7,1,0,0,0,0,0,0,1,0,A,13500,5.42,0,0.1,0,2
15428,22,21600,OWN,5,1,0,0,0,0,0,0,1,0,A,5000,7.9,0,0.23,0,3
15468,24,138000,OWN,8,1,0,0,0,0,0,0,1,0,A,16500,6.54,0,0.12,0,3
15525,24,141000,OWN,8,1,0,0,0,0,0,0,1,0,A,10000,7.49,0,0.07,0,2
15553,22,20000,OWN,7,1,0,0,0,0,0,0,1,0,B,3200,12.21,0,0.16,0,4
15563,24,145000,OWN,2,1,0,0,0,0,0,0,1,0,B,11500,11.14,0,0.08,0,4
15574,26,19500,OWN,0,1,0,0,0,0,0,0,1,0,A,5000,8,1,0.26,0,3
15585,21,19200,OWN,0,1,0,0,0,0,0,0,1,0,B,2400,9.91,0,0.13,0,2
15604,23,19200,OWN,,1,0,0,0,0,0,0,1,0,A,6000,6.54,1,0.31,0,2
15610,26,19200,OWN,7,1,0,0,0,0,0,0,1,0,A,4500,7.88,1,0.23,0,3
15623,22,19008,OWN,,1,0,0,0,0,0,0,1,0,A,12000,5.42,1,0.63,0,4
15678,26,152229,OWN,3,1,0,0,0,0,0,0,1,0,B,15000,11.36,0,0.1,0,2
15713,26,17500,OWN,10,1,0,0,0,0,0,0,1,0,A,5500,,1,0.31,0,2
15836,26,190000,OWN,10,1,0,0,0,0,0,0,1,0,B,25000,9.25,0,0.13,0,2
16115,24,39996,OWN,0,1,0,0,0,0,0,0,1,0,A,3000,7.37,0,0.08,0,2
16117,23,80196,OWN,2,1,0,0,0,0,0,0,1,0,B,30000,9.91,0,0.37,0,3
16133,23,149385,OWN,7,1,0,0,0,0,0,0,1,0,A,7000,8.94,0,0.05,0,2
16257,22,41000,OWN,0,1,0,0,0,0,0,0,1,0,A,1000,6.99,0,0.02,0,2
16272,24,70000,OWN,8,1,0,0,0,0,0,0,1,0,B,24250,12.18,0,0.35,0,2
16401,21,24000,OWN,2,1,0,0,0,0,0,0,1,0,B,7000,11.86,0,0.29,0,3
16437,24,27600,OWN,8,1,0,0,0,0,0,0,1,0,A,7000,7.9,0,0.25,0,2
16465,25,50000,OWN,9,1,0,0,0,0,0,0,1,0,E,9175,19.42,0,0.18,0,4
16511,22,70000,OWN,6,1,0,0,0,0,0,0,1,0,B,12000,12.53,0,0.17,0,4
16542,24,20856,OWN,,1,0,0,0,0,0,0,1,0,B,10000,10.59,0,0.48,0,3
16559,25,61000,OWN,2,1,0,0,0,0,0,0,1,0,C,15000,14.65,0,0.25,0,2
16633,25,22000,OWN,0,1,0,0,0,0,0,0,1,0,E,7500,,0,0.34,0,3
16842,26,88900,OWN,2,1,0,0,0,0,0,0,1,0,B,5000,11.83,0,0.06,0,4
17007,24,65000,OWN,8,1,0,0,0,0,0,0,1,0,A,9000,7.29,0,0.14,0,3
17016,22,36000,OWN,4,1,0,0,0,0,0,0,1,0,A,3250,7.75,0,0.09,0,2
17224,22,55000,OWN,,1,0,0,0,0,0,0,1,0,A,1275,6.91,0,0.02,0,4
17270,25,49000,OWN,6,1,0,0,0,0,0,0,1,0,C,3000,,0,0.06,0,4
17315,24,20000,OWN,2,1,0,0,0,0,0,0,1,0,A,3000,8.94,0,0.15,0,3
17322,23,39456,OWN,7,1,0,0,0,0,0,0,1,0,A,14000,7.29,0,0.35,0,3
17373,24,95000,OWN,4,1,0,0,0,0,0,0,1,0,C,10000,15.23,0,0.11,0,4
17385,23,60000,OWN,0,1,0,0,0,0,0,0,1,0,B,8000,12.53,0,0.13,0,3
17512,24,12000,OWN,4,1,0,0,0,0,0,0,1,0,B,2500,12.69,1,0.21,0,4
17838,29,10000,OWN,0,1,0,0,0,0,0,0,1,0,B,3250,11.12,1,0.33,0,9
17869,30,350000,OWN,3,1,0,0,0,0,0,0,1,0,A,32000,6.62,0,0.09,0,7
17965,29,225000,OWN,11,1,0,0,0,0,0,0,1,0,B,24250,,0,0.11,0,7
17971,29,220000,OWN,1,1,0,0,0,0,0,0,1,0,F,14725,19.41,0,0.07,0,6
17986,28,13500,OWN,0,1,0,0,0,0,0,0,1,0,A,6700,9.63,1,0.5,0,5
18103,28,15000,OWN,2,1,0,0,0,0,0,0,1,0,B,4375,12.42,1,0.29,0,9
18112,29,15000,OWN,5,1,0,0,0,0,0,0,1,0,A,5000,7.51,1,0.33,0,7
18223,32,17000,OWN,0,1,0,0,0,0,0,0,1,0,D,3200,14.84,1,0.19,0,7
18300,33,19200,OWN,2,1,0,0,0,0,0,0,1,0,B,6000,11.99,1,0.31,0,7
18410,27,21600,OWN,1,1,0,0,0,0,0,0,1,0,A,4200,7.49,0,0.19,0,6
18430,29,21996,OWN,7,1,0,0,0,0,0,0,1,0,A,8300,5.42,0,0.38,0,7
18446,29,22000,OWN,,1,0,0,0,0,0,0,1,0,B,2400,10.75,0,0.11,0,7
18463,35,22300,OWN,1,1,0,0,0,0,0,0,1,0,C,3775,15.27,0,0.17,0,6
18496,31,23000,OWN,13,1,0,0,0,0,0,0,1,0,A,4500,5.79,0,0.2,0,9
18501,34,23000,OWN,2,1,0,0,0,0,0,0,1,0,A,2500,,0,0.11,0,7
18534,27,24000,OWN,1,1,0,0,0,0,0,0,1,0,A,6000,8.9,0,0.25,0,10
18535,32,24000,OWN,2,1,0,0,0,0,0,0,1,0,D,5000,16.29,0,0.21,0,9
18564,28,24000,OWN,3,1,0,0,0,0,0,0,1,0,B,8000,10.37,0,0.33,0,5
18683,27,25000,OWN,4,1,0,0,0,0,0,0,1,0,A,4000,,0,0.16,0,9
18758,30,26000,OWN,4,1,0,0,0,0,0,0,1,0,B,1200,10.99,0,0.05,0,6
18762,35,26000,OWN,1,1,0,0,0,0,0,0,1,0,A,6000,9.63,0,0.23,0,6
18810,28,27000,OWN,7,1,0,0,0,0,0,0,1,0,B,2400,10.99,0,0.09,0,5
18856,34,27852,OWN,0,1,0,0,0,0,0,0,1,0,C,4200,12.84,0,0.15,0,8
18867,30,28000,OWN,5,1,0,0,0,0,0,0,1,0,B,6300,11.99,0,0.23,0,9
19102,30,30000,OWN,14,1,0,0,0,0,0,0,1,0,A,5000,7.14,0,0.17,0,7
19197,28,30422,OWN,12,1,0,0,0,0,0,0,1,0,A,5000,8.49,0,0.16,0,9
19503,27,34000,OWN,1,1,0,0,0,0,0,0,1,0,B,16750,10.59,0,0.49,0,6
19612,28,35000,OWN,2,1,0,0,0,0,0,0,1,0,D,13250,16.89,0,0.38,0,7
19859,33,36000,OWN,0,1,0,0,0,0,0,0,1,0,A,10000,7.74,0,0.28,0,7
20070,31,38000,OWN,1,1,0,0,0,0,0,0,1,0,D,13750,15.21,0,0.36,0,5
20439,27,40000,OWN,3,1,0,0,0,0,0,0,1,0,A,5000,8.59,0,0.13,0,7
20567,32,41400,OWN,,1,0,0,0,0,0,0,1,0,A,10500,6.62,0,0.25,0,9
20602,28,42000,OWN,4,1,0,0,0,0,0,0,1,0,C,8000,15.96,0,0.19,0,7
20691,27,42000,OWN,3,1,0,0,0,0,0,0,1,0,B,8500,10.38,0,0.2,0,7
20710,32,42000,OWN,0,1,0,0,0,0,0,0,1,0,B,10400,11.14,0,0.25,0,9
20831,29,43200,OWN,13,1,0,0,0,0,0,0,1,0,A,4625,5.42,0,0.11,0,6
20837,28,43200,OWN,5,1,0,0,0,0,0,0,1,0,B,12250,9.99,0,0.28,0,6
20884,27,44000,OWN,4,1,0,0,0,0,0,0,1,0,C,2000,13.35,0,0.05,0,5
21082,29,45000,OWN,13,1,0,0,0,0,0,0,1,0,A,10000,7.88,0,0.22,0,10
21121,27,45000,OWN,3,1,0,0,0,0,0,0,1,0,B,3500,11.14,0,0.08,0,8
21214,28,45678,OWN,12,1,0,0,0,0,0,0,1,0,D,8000,15.58,0,0.18,0,10
21248,30,46000,OWN,14,1,0,0,0,0,0,0,1,0,C,6000,12.68,0,0.13,0,6
21392,29,48000,OWN,1,1,0,0,0,0,0,0,1,0,E,15000,18.64,0,0.31,0,9
21450,29,48000,OWN,1,1,0,0,0,0,0,0,1,0,B,1850,10.74,0,0.04,0,7
21537,27,48000,OWN,10,1,0,0,0,0,0,0,1,0,A,6500,7.75,0,0.14,0,8
21586,29,49000,OWN,,1,0,0,0,0,0,0,1,0,A,4400,6.62,0,0.09,0,9
21600,30,49000,OWN,7,1,0,0,0,0,0,0,1,0,B,8500,12.18,0,0.17,0,8
21640,27,50000,OWN,5,1,0,0,0,0,0,0,1,0,A,5275,,0,0.11,0,5
21680,34,50000,OWN,2,1,0,0,0,0,0,0,1,0,B,12000,,0,0.24,0,9
21691,29,50000,OWN,3,1,0,0,0,0,0,0,1,0,C,6000,13.99,0,0.12,0,8
21693,27,50000,OWN,,1,0,0,0,0,0,0,1,0,B,5125,9.99,0,0.1,0,10
21850,33,50000,OWN,2,1,0,0,0,0,0,0,1,0,C,1200,14.26,0,0.02,0,6
21978,27,51000,OWN,11,1,0,0,0,0,0,0,1,0,A,12000,7.49,0,0.24,0,7
22008,27,51456,OWN,3,1,0,0,0,0,0,0,1,0,B,8000,10.62,0,0.16,0,7
22151,27,52680,OWN,11,1,0,0,0,0,0,0,1,0,D,8000,14.54,0,0.15,0,10
22357,27,54996,OWN,5,1,0,0,0,0,0,0,1,0,C,16400,13.98,0,0.3,0,9
22385,28,55000,OWN,13,1,0,0,0,0,0,0,1,0,A,18000,7.9,0,0.33,0,6
22477,31,55000,OWN,15,1,0,0,0,0,0,0,1,0,A,8000,7.51,0,0.15,0,8
22695,28,57000,OWN,7,1,0,0,0,0,0,0,1,0,B,3500,11.83,0,0.06,0,6
22770,31,58000,OWN,6,1,0,0,0,0,0,0,1,0,B,6200,10.65,0,0.11,0,6
22790,30,58000,OWN,7,1,0,0,0,0,0,0,1,0,A,6000,5.79,0,0.1,0,5
22848,32,58800,OWN,16,1,0,0,0,0,0,0,1,0,C,7000,13.99,0,0.12,0,7
22970,29,60000,OWN,1,1,0,0,0,0,0,0,1,0,B,10000,10.99,0,0.17,0,10
23066,29,60000,OWN,9,1,0,0,0,0,0,0,1,0,C,9000,12.23,0,0.15,0,10
23152,35,60000,OWN,1,1,0,0,0,0,0,0,1,0,D,5000,15.7,0,0.08,0,9
23186,35,60000,OWN,9,1,0,0,0,0,0,0,1,0,B,24000,12.53,0,0.4,0,9
23228,28,60000,OWN,0,1,0,0,0,0,0,0,1,0,C,16000,12.72,0,0.27,0,7
23449,33,62910,OWN,3,1,0,0,0,0,0,0,1,0,D,7075,17.58,0,0.11,0,8
23527,29,63996,OWN,8,1,0,0,0,0,0,0,1,0,C,12000,12.61,0,0.19,0,5
23762,34,65000,OWN,2,1,0,0,0,0,0,0,1,0,A,5600,8,0,0.09,0,6
23914,27,67068,OWN,11,1,0,0,0,0,0,0,1,0,A,5000,,0,0.07,0,10
23939,27,68000,OWN,11,1,0,0,0,0,0,0,1,0,A,20000,7.9,0,0.29,0,9
24001,27,68700,OWN,0,1,0,0,0,0,0,0,1,0,A,10000,6.92,0,0.15,0,6
24024,29,69000,OWN,11,1,0,0,0,0,0,0,1,0,B,6000,11.12,0,0.09,0,5
24159,28,70000,OWN,4,1,0,0,0,0,0,0,1,0,D,25000,15.57,0,0.36,0,9
24240,27,70000,OWN,0,1,0,0,0,0,0,0,1,0,C,15000,12.84,0,0.21,0,10
24536,32,74000,OWN,3,1,0,0,0,0,0,0,1,0,B,5000,10.62,0,0.07,0,10
24565,28,74600,OWN,12,1,0,0,0,0,0,0,1,0,C,9500,10.78,0,0.13,0,9
24765,33,75000,OWN,17,1,0,0,0,0,0,0,1,0,A,6000,7.68,0,0.08,0,7
24932,27,78000,OWN,2,1,0,0,0,0,0,0,1,0,A,15000,8.94,0,0.19,0,7
25008,28,79995,OWN,3,1,0,0,0,0,0,0,1,0,C,15000,,0,0.19,0,10
25011,35,40000,OWN,0,1,0,0,0,0,0,0,1,0,A,5000,6.92,0,0.13,0,5
25151,27,80000,OWN,2,1,0,0,0,0,0,0,1,0,B,9000,12.21,0,0.11,0,8
25157,30,80000,OWN,0,1,0,0,0,0,0,0,1,0,D,8000,15.05,0,0.1,0,5
25209,33,81000,OWN,4,1,0,0,0,0,0,0,1,0,A,12000,6.17,0,0.15,0,8
25365,29,84000,OWN,13,1,0,0,0,0,0,0,1,0,A,6000,5.42,0,0.07,0,5
25527,28,36400,OWN,3,1,0,0,0,0,0,0,1,0,B,7000,11.11,0,0.19,0,9
25533,31,85224,OWN,15,1,0,0,0,0,0,0,1,0,B,6000,10,0,0.07,0,9
25940,33,34500,OWN,0,1,0,0,0,0,0,0,1,0,B,10000,9.63,0,0.29,0,7
26026,27,33600,OWN,1,1,0,0,0,0,0,0,1,0,B,21250,8.88,0,0.63,0,6
26098,31,96000,OWN,3,1,0,0,0,0,0,0,1,0,B,10000,9.99,0,0.1,0,6
26105,28,96000,OWN,12,1,0,0,0,0,0,0,1,0,B,3000,9.63,0,0.03,0,7
26115,27,96000,OWN,9,1,0,0,0,0,0,0,1,0,D,5600,15.21,0,0.06,0,8
26123,27,32500,OWN,3,1,0,0,0,0,0,0,1,0,A,5000,6.62,0,0.15,0,8
26322,31,31000,OWN,0,1,0,0,0,0,0,0,1,0,A,12500,8.94,0,0.4,0,8
26498,29,30000,OWN,0,1,0,0,0,0,0,0,1,0,A,10000,6.17,0,0.33,0,5
26645,32,29000,OWN,0,1,0,0,0,0,0,0,1,0,A,2000,8.49,0,0.07,0,8
26782,33,112732,OWN,5,1,0,0,0,0,0,0,1,0,B,5000,12.69,0,0.04,0,5
26808,28,27504,OWN,4,1,0,0,0,0,0,0,1,0,B,2000,11.12,0,0.07,0,8
26971,29,120000,OWN,10,1,0,0,0,0,0,0,1,0,B,18000,11.49,0,0.15,0,10
27023,28,120000,OWN,1,1,0,0,0,0,0,0,1,0,D,3600,14.84,0,0.03,0,9
27112,28,123000,OWN,7,1,0,0,0,0,0,0,1,0,A,4000,8.59,0,0.03,0,5
27128,31,24000,OWN,14,1,0,0,0,0,0,0,1,0,D,2000,16.29,0,0.08,0,9
27129,29,24000,OWN,3,1,0,0,0,0,0,0,1,0,A,7200,7.51,0,0.3,0,6
27167,28,125000,OWN,4,1,0,0,0,0,0,0,1,0,A,10000,7.51,0,0.08,0,8
27177,30,24000,OWN,,1,0,0,0,0,0,0,1,0,A,6000,5.79,0,0.25,0,9
27183,27,125000,OWN,7,1,0,0,0,0,0,0,1,0,B,13200,11.14,0,0.11,0,8
27196,33,125000,OWN,17,1,0,0,0,0,0,0,1,0,A,3000,7.75,0,0.02,0,8
27354,33,135000,OWN,0,1,0,0,0,0,0,0,1,0,A,6275,6.91,0,0.05,0,7
27366,33,135000,OWN,0,1,0,0,0,0,0,0,1,0,B,17500,11.83,0,0.13,0,8
27428,33,20988,OWN,2,1,0,0,0,0,0,0,1,0,B,3600,11.71,0,0.17,0,5
27434,27,140000,OWN,8,1,0,0,0,0,0,0,1,0,D,28000,15.65,0,0.2,0,5
27533,27,19200,OWN,3,1,0,0,0,0,0,0,1,0,A,8000,8.9,1,0.42,0,8
27553,30,19200,OWN,,1,0,0,0,0,0,0,1,0,A,2100,7.14,0,0.11,0,5
27596,30,150000,OWN,14,1,0,0,0,0,0,0,1,0,B,24000,11.83,0,0.16,0,5
27597,33,150000,OWN,17,1,0,0,0,0,0,0,1,0,B,20000,11.48,0,0.13,0,7
27679,28,160000,OWN,12,1,0,0,0,0,0,0,1,0,B,23000,11.83,0,0.14,0,8
27892,31,8412,OWN,,1,0,0,0,0,0,0,1,0,A,2500,7.14,1,0.3,0,8
27991,29,100000,OWN,13,1,0,0,0,0,0,0,1,0,A,10000,6.92,0,0.1,0,8
28074,28,31000,OWN,0,1,0,0,0,0,0,0,1,0,A,1000,7.4,0,0.03,0,7
28082,27,45000,OWN,9,1,0,0,0,0,0,0,1,0,A,12000,6.03,0,0.27,0,5
28166,27,40000,OWN,11,1,0,0,0,0,0,0,1,0,A,6400,9.32,0,0.16,0,9
28187,30,81120,OWN,3,1,0,0,0,0,0,0,1,0,B,18000,10.75,0,0.22,0,5
28440,28,42240,OWN,2,1,0,0,0,0,0,0,1,0,B,12000,11.86,0,0.28,0,6
28485,35,17640,OWN,,1,0,0,0,0,0,0,1,0,D,4000,16.29,1,0.23,0,8
28558,28,33000,OWN,1,1,0,0,0,0,0,0,1,0,D,7500,15.31,0,0.23,0,10
28563,29,19200,OWN,7,1,0,0,0,0,0,0,1,0,A,6000,,1,0.31,0,5
28574,27,55200,OWN,4,1,0,0,0,0,0,0,1,0,B,4000,,0,0.07,0,10
28677,30,10800,OWN,,1,0,0,0,0,0,0,1,0,B,2400,9.99,1,0.22,0,7
28680,32,107800,OWN,3,1,0,0,0,0,0,0,1,0,C,5200,14.65,0,0.05,0,9
28825,31,20000,OWN,3,1,0,0,0,0,0,0,1,0,B,5000,11.83,0,0.25,0,7
28959,29,45000,OWN,8,1,0,0,0,0,0,0,1,0,B,8000,12.21,0,0.18,0,5
29031,35,86000,OWN,5,1,0,0,0,0,0,0,1,0,B,18000,,0,0.21,0,9
29066,29,142000,OWN,14,1,0,0,0,0,0,0,1,0,B,24250,11.48,0,0.17,0,8
29275,37,18000,OWN,4,1,0,0,0,0,0,0,1,0,C,1500,13.47,0,0.08,0,13
29344,45,23000,OWN,2,1,0,0,0,0,0,0,1,0,A,7000,7.29,0,0.3,0,15
29615,36,33600,OWN,,1,0,0,0,0,0,0,1,0,A,3000,8.49,0,0.09,0,14
29679,47,35000,OWN,9,1,0,0,0,0,0,0,1,0,B,2500,,0,0.07,0,12
29683,42,35000,OWN,12,1,0,0,0,0,0,0,1,0,A,2000,7.37,0,0.06,0,14
29799,36,38400,OWN,5,1,0,0,0,0,0,0,1,0,A,10000,6.17,0,0.26,0,13
29822,40,39500,OWN,0,1,0,0,0,0,0,0,1,0,A,10000,7.29,0,0.25,0,11
29829,37,39960,OWN,21,1,0,0,0,0,0,0,1,0,A,5600,6.54,0,0.14,0,16
29868,36,40000,OWN,2,1,0,0,0,0,0,0,1,0,A,5000,7.88,0,0.13,0,12
29886,36,40000,OWN,0,1,0,0,0,0,0,0,1,0,A,5000,8,0,0.13,0,16
29888,40,40008,OWN,20,1,0,0,0,0,0,0,1,0,B,12000,11.71,0,0.3,0,15
29895,37,40800,OWN,4,1,0,0,0,0,0,0,1,0,B,2875,11.99,0,0.07,0,14
29958,39,42000,OWN,5,1,0,0,0,0,0,0,1,0,B,8000,10.38,0,0.19,0,17
30138,41,47000,OWN,2,1,0,0,0,0,0,0,1,0,A,14000,7.88,0,0.3,0,12
30153,37,48000,OWN,8,1,0,0,0,0,0,0,1,0,A,2500,6.03,0,0.05,0,11
30178,42,48000,OWN,0,1,0,0,0,0,0,0,1,0,C,3500,14.35,0,0.07,0,12
30349,38,52000,OWN,3,1,0,0,0,0,0,0,1,0,D,8000,15.21,0,0.15,0,13
30622,41,60000,OWN,7,1,0,0,0,0,0,0,1,0,A,12000,6.91,0,0.2,0,13
30655,49,60000,OWN,7,1,0,0,0,0,0,0,1,0,C,7000,,0,0.12,0,13
30668,44,60000,OWN,11,1,0,0,0,0,0,0,1,0,A,11800,8.63,0,0.2,0,12
30683,42,61000,OWN,2,1,0,0,0,0,0,0,1,0,A,14400,7.51,0,0.24,0,17
30703,39,62000,OWN,3,1,0,0,0,0,0,0,1,0,A,7200,7.49,0,0.12,0,12
30798,38,65000,OWN,3,1,0,0,0,0,0,0,1,0,B,8000,10.62,0,0.12,0,14
30838,37,66150,OWN,11,1,0,0,0,0,0,0,1,0,C,17000,12.73,0,0.26,0,17
31136,37,40000,OWN,6,1,0,0,0,0,0,0,1,0,B,3000,9.91,0,0.07,0,15
31296,45,36700,OWN,7,1,0,0,0,0,0,0,1,0,A,2000,7.51,0,0.05,0,16
31370,37,35000,OWN,2,1,0,0,0,0,0,0,1,0,B,13250,11.71,0,0.38,0,14
31385,39,35000,OWN,2,1,0,0,0,0,0,0,1,0,A,6800,8.49,0,0.19,0,15
31462,38,32560,OWN,8,1,0,0,0,0,0,0,1,0,A,6000,8.94,0,0.18,0,16
31574,40,108000,OWN,,1,0,0,0,0,0,0,1,0,A,3500,,0,0.03,0,15
31682,39,25000,OWN,16,1,0,0,0,0,0,0,1,0,A,8000,7.51,0,0.32,0,14
31782,38,20004,OWN,2,1,0,0,0,0,0,0,1,0,B,6250,,0,0.31,0,12
31827,42,150750,OWN,0,1,0,0,0,0,0,0,1,0,A,8150,6.99,0,0.05,0,17
31831,42,153936,OWN,26,1,0,0,0,0,0,0,1,0,A,20000,,0,0.13,0,15
32046,38,60000,OWN,2,1,0,0,0,0,0,0,1,0,D,6000,14.96,0,0.1,0,11
32207,40,66000,OWN,25,1,0,0,0,0,0,0,1,0,C,6125,14.65,0,0.09,0,13
32315,51,16800,OWN,3,1,0,0,0,0,0,0,1,0,B,1000,11.11,0,0.06,0,22
32394,53,46000,OWN,9,1,0,0,0,0,0,0,1,0,B,4925,11.71,0,0.11,0,28
32402,54,48000,OWN,20,1,0,0,0,0,0,0,1,0,A,6000,8,0,0.13,0,20
32413,52,52000,OWN,0,1,0,0,0,0,0,0,1,0,A,9600,8.49,0,0.18,0,19
32439,60,60000,OWN,5,1,0,0,0,0,0,0,1,0,C,9000,13.8,0,0.15,0,27
32462,52,69996,OWN,3,1,0,0,0,0,0,0,1,0,B,12000,11.11,0,0.17,0,22
32468,56,71884,OWN,11,1,0,0,0,0,0,0,1,0,B,7425,9.99,0,0.1,0,22
32469,60,72000,OWN,3,1,0,0,0,0,0,0,1,0,B,10000,10.59,0,0.14,0,24
32483,53,80000,OWN,8,1,0,0,0,0,0,0,1,0,A,15000,6.62,0,0.19,0,24
32509,53,95000,OWN,24,1,0,0,0,0,0,0,1,0,A,6000,5.42,0,0.06,0,30
32514,52,100000,OWN,4,1,0,0,0,0,0,0,1,0,B,10000,9.88,0,0.1,0,25
32517,52,29000,OWN,23,1,0,0,0,0,0,0,1,0,A,7000,7.49,0,0.24,0,20
32518,55,28800,OWN,1,1,0,0,0,0,0,0,1,0,D,5000,15.33,0,0.17,0,22
32550,53,46000,OWN,9,1,0,0,0,0,0,0,1,0,B,4925,11.71,0,0.11,0,23
32551,56,71884,OWN,11,1,0,0,0,0,0,0,1,0,B,7425,9.99,0,0.1,0,24
32573,52,52000,OWN,0,1,0,0,0,0,0,0,1,0,A,9600,8.49,0,0.18,0,22
9,24,83000,RENT,8,0,0,1,0,0,0,0,1,0,A,35000,8.9,1,0.42,0,2
48,26,80690,RENT,8,0,0,1,0,0,0,0,1,0,A,30000,7.49,1,0.37,0,3
59,25,128000,RENT,9,0,0,1,0,0,0,0,1,0,A,30000,7.29,0,0.23,0,4
128,22,49464,RENT,5,0,0,1,0,0,0,0,1,0,B,25000,11.83,1,0.51,0,3
143,23,52000,RENT,1,0,0,1,0,0,0,0,1,0,C,25000,13.22,1,0.48,0,2
162,24,60000,RENT,0,0,0,1,0,0,0,0,1,0,B,25000,10.99,1,0.42,0,3
163,24,60000,RENT,2,0,0,1,0,0,0,0,1,0,B,25000,11.11,1,0.42,0,3
170,23,60000,RENT,3,0,0,1,0,0,0,0,1,0,C,25000,12.73,1,0.42,0,3
171,23,60000,RENT,7,0,0,1,0,0,0,0,1,0,B,25000,10.25,1,0.42,0,4
195,25,69000,RENT,9,0,0,1,0,0,0,0,1,0,D,25000,17.49,1,0.36,0,2
252,22,84500,RENT,6,0,0,1,0,0,0,0,1,0,F,25000,18.3,0,0.3,0,4
294,24,102400,RENT,8,0,0,1,0,0,0,0,1,0,B,25000,10.36,0,0.24,0,3
327,26,108000,RENT,2,0,0,1,0,0,0,0,1,0,D,25000,15.05,1,0.23,0,3
328,26,129996,RENT,6,0,0,1,0,0,0,0,1,0,B,25000,10.75,0,0.19,0,3
333,22,169000,RENT,1,0,0,1,0,0,0,0,1,0,B,14000,11.14,0,0.08,0,3
359,25,175000,RENT,2,0,0,1,0,0,0,0,1,0,A,25000,8.9,0,0.14,0,2
362,25,162000,RENT,9,0,0,1,0,0,0,0,1,0,C,25000,11.03,0,0.15,0,2
368,25,49500,RENT,6,0,0,1,0,0,0,0,1,0,C,24750,14.22,1,0.5,0,3
378,25,54000,RENT,2,0,0,1,0,0,0,0,1,0,C,24250,13.98,1,0.45,0,4
381,25,68400,RENT,9,0,0,1,0,0,0,0,1,0,E,24250,17.56,1,0.35,0,4
388,23,103000,RENT,6,0,0,1,0,0,0,0,1,0,D,24250,15.7,0,0.24,0,2
397,25,111996,RENT,9,0,0,1,0,0,0,0,1,0,D,24250,,0,0.22,0,3
408,25,52000,RENT,,0,0,1,0,0,0,0,1,0,B,24000,10.74,1,0.46,0,2
410,24,47000,RENT,3,0,0,1,0,0,0,0,1,0,F,24000,17.8,1,0.51,0,2
413,26,60000,RENT,0,0,0,1,0,0,0,0,1,0,A,24000,7.9,1,0.4,0,4
414,25,60000,RENT,3,0,0,1,0,0,0,0,1,0,B,24000,10.99,1,0.4,0,4
415,22,60000,RENT,0,0,0,1,0,0,0,0,1,0,A,24000,7.29,1,0.4,0,3
433,23,78000,RENT,4,0,0,1,0,0,0,0,1,0,C,24000,13.92,1,0.31,0,3
438,23,74700,RENT,6,0,0,1,0,0,0,0,1,0,D,24000,12.92,1,0.32,0,2
439,26,88596,RENT,3,0,0,1,0,0,0,0,1,0,B,24000,11.58,0,0.27,0,3
445,26,100000,RENT,5,0,0,1,0,0,0,0,1,0,C,24000,12.73,0,0.24,0,4
456,25,135000,RENT,8,0,0,1,0,0,0,0,1,0,B,24000,10.99,0,0.18,0,2
469,24,54996,RENT,2,0,0,1,0,0,0,0,1,0,B,23600,11.89,1,0.43,0,3
472,23,75000,RENT,3,0,0,1,0,0,0,0,1,0,E,23575,14.5,1,0.31,0,4
478,22,43385,RENT,7,0,0,1,0,0,0,0,1,0,C,23000,,1,0.53,0,3
496,25,52000,RENT,4,0,0,1,0,0,0,0,1,0,B,22000,10.74,1,0.42,0,2
516,25,77650,RENT,8,0,0,1,0,0,0,0,1,0,B,22000,11.48,1,0.28,0,3
520,23,110000,RENT,0,0,0,1,0,0,0,0,1,0,B,22000,,0,0.2,0,3
522,25,57000,RENT,4,0,0,1,0,0,0,0,1,0,B,21700,11.99,1,0.38,0,2
552,22,59000,RENT,2,0,0,1,0,0,0,0,1,0,B,21000,10.71,1,0.36,0,3
571,23,82000,RENT,2,0,0,1,0,0,0,0,1,0,B,20900,12.69,0,0.25,0,2
577,23,54000,RENT,7,0,0,1,0,0,0,0,1,0,A,20375,7.49,1,0.38,0,2
590,24,40000,RENT,4,0,0,1,0,0,0,0,1,0,B,20000,12.53,1,0.5,0,3
600,23,45000,RENT,4,0,0,1,0,0,0,0,1,0,B,20000,10.25,1,0.44,0,2
607,22,42000,RENT,1,0,0,1,0,0,0,0,1,0,D,20000,12.99,1,0.48,0,3
657,24,60000,RENT,0,0,0,1,0,0,0,0,1,0,B,20000,10.99,1,0.33,0,2
659,25,54000,RENT,6,0,0,1,0,0,0,0,1,0,B,20000,8.88,1,0.37,0,3
662,23,54000,RENT,2,0,0,1,0,0,0,0,1,0,B,20000,11.12,1,0.37,0,2
673,24,60000,RENT,0,0,0,1,0,0,0,0,1,0,B,20000,11.14,1,0.33,0,2
675,24,60000,RENT,8,0,0,1,0,0,0,0,1,0,D,20000,13.87,1,0.33,0,4
694,26,59000,RENT,3,0,0,1,0,0,0,0,1,0,C,20000,,1,0.34,0,4
709,22,70000,RENT,2,0,0,1,0,0,0,0,1,0,A,20000,6.91,0,0.29,0,4
711,25,71004,RENT,9,0,0,1,0,0,0,0,1,0,D,20000,14.09,0,0.28,0,2
728,25,75000,RENT,0,0,0,1,0,0,0,0,1,0,B,20000,10.38,0,0.27,0,3
775,23,84000,RENT,7,0,0,1,0,0,0,0,1,0,B,20000,11.11,0,0.24,0,4
782,26,73000,RENT,3,0,0,1,0,0,0,0,1,0,B,20000,12.53,1,0.27,0,2
789,22,90000,RENT,5,0,0,1,0,0,0,0,1,0,B,20000,,0,0.22,0,4
806,22,94500,RENT,2,0,0,1,0,0,0,0,1,0,B,20000,,0,0.21,0,2
828,22,100000,RENT,0,0,0,1,0,0,0,0,1,0,B,20000,12.21,0,0.2,0,3
832,23,93000,RENT,6,0,0,1,0,0,0,0,1,0,C,20000,13.22,1,0.22,0,3
835,25,96901,RENT,3,0,0,1,0,0,0,0,1,0,C,20000,,1,0.21,0,3
839,24,110000,RENT,1,0,0,1,0,0,0,0,1,0,B,20000,10.38,0,0.18,0,4
852,25,130000,RENT,0,0,0,1,0,0,0,0,1,0,C,20000,15.27,0,0.15,0,2
862,22,160000,RENT,6,0,0,1,0,0,0,0,1,0,A,20000,7.49,0,0.13,0,4
877,23,10000,RENT,,0,0,1,0,0,0,0,1,0,B,1000,10.37,1,0.1,0,2
888,22,12000,RENT,0,0,0,1,0,0,0,0,1,0,C,1000,13.57,1,0.08,0,3
910,23,54586,RENT,5,0,0,1,0,0,0,0,1,0,B,19000,11.14,1,0.35,0,2
920,24,175000,RENT,1,0,0,1,0,0,0,0,1,0,B,19000,11.48,0,0.11,0,3
921,26,50000,RENT,10,0,0,1,0,0,0,0,1,0,B,18950,,1,0.38,0,3
939,22,48888,RENT,1,0,0,1,0,0,0,0,1,0,C,18400,13.16,1,0.38,0,2
941,23,120000,RENT,7,0,0,1,0,0,0,0,1,0,A,18400,8.9,0,0.15,0,2
945,24,35004,RENT,3,0,0,1,0,0,0,0,1,0,B,18250,11.49,1,0.52,0,4
952,23,46000,RENT,6,0,0,1,0,0,0,0,1,0,B,18250,10.75,1,0.4,0,2
960,25,36400,RENT,2,0,0,1,0,0,0,0,1,0,B,18200,9.91,1,0.5,0,4
966,21,36000,RENT,,0,0,1,0,0,0,0,1,0,B,18000,9.88,1,0.5,0,3
997,24,48000,RENT,5,0,0,1,0,0,0,0,1,0,A,18000,6.54,1,0.38,0,2
1028,25,65000,RENT,3,0,0,1,0,0,0,0,1,0,D,18000,15.33,1,0.28,0,4
1058,23,90000,RENT,4,0,0,1,0,0,0,0,1,0,B,18000,8.88,0,0.2,0,4
1065,24,121000,RENT,8,0,0,1,0,0,0,0,1,0,F,18000,18.3,0,0.15,0,3
1072,26,130000,RENT,2,0,0,1,0,0,0,0,1,0,A,17950,,0,0.14,0,2
1106,26,75000,RENT,4,0,0,1,0,0,0,0,1,0,A,17500,7.9,0,0.23,0,2
1114,24,82000,RENT,7,0,0,1,0,0,0,0,1,0,B,17400,11.99,0,0.21,0,4
1117,24,95000,RENT,8,0,0,1,0,0,0,0,1,0,D,17200,17.58,0,0.18,0,3
1128,24,50000,RENT,3,0,0,1,0,0,0,0,1,0,C,17000,13.79,1,0.34,0,3
1131,23,51000,RENT,7,0,0,1,0,0,0,0,1,0,A,17000,8.49,1,0.33,0,4
1140,23,53000,RENT,8,0,0,1,0,0,0,0,1,0,B,17000,10.25,1,0.32,0,4
1142,23,60000,RENT,3,0,0,1,0,0,0,0,1,0,B,17000,11.11,0,0.28,0,2
1143,25,60000,RENT,3,0,0,1,0,0,0,0,1,0,A,17000,6.91,0,0.28,0,2
1147,23,70000,RENT,1,0,0,1,0,0,0,0,1,0,B,17000,8.88,0,0.24,0,3
1158,22,96000,RENT,6,0,0,1,0,0,0,0,1,0,B,17000,11.48,0,0.18,0,2
1165,22,34819,RENT,2,0,0,1,0,0,0,0,1,0,B,16800,10.99,1,0.48,0,4
1209,26,47000,RENT,5,0,0,1,0,0,0,0,1,0,B,16250,12.42,1,0.35,0,4
1218,24,35500,RENT,3,0,0,1,0,0,0,0,1,0,A,16000,,1,0.45,0,4
1254,23,39000,RENT,1,0,0,1,0,0,0,0,1,0,B,16000,11.36,1,0.41,0,3
1268,21,52000,RENT,5,0,0,1,0,0,0,0,1,0,D,16000,15.7,1,0.31,0,4
1277,25,58000,RENT,9,0,0,1,0,0,0,0,1,0,A,16000,,0,0.28,0,2
1295,23,64000,RENT,2,0,0,1,0,0,0,0,1,0,B,16000,10.74,0,0.25,0,3
1298,21,65000,RENT,5,0,0,1,0,0,0,0,1,0,B,16000,9.91,0,0.25,0,3
1302,22,65000,RENT,6,0,0,1,0,0,0,0,1,0,A,16000,7.88,0,0.25,0,3
1304,23,65000,RENT,7,0,0,1,0,0,0,0,1,0,D,16000,14.59,0,0.25,0,4
1317,24,74337,RENT,8,0,0,1,0,0,0,0,1,0,B,16000,11.86,0,0.22,0,3
1332,24,24000,RENT,1,0,0,1,0,0,0,0,1,0,E,1000,17.99,1,0.04,0,3
1368,23,33600,RENT,2,0,0,1,0,0,0,0,1,0,B,1000,10.36,0,0.03,0,2
1383,22,36000,RENT,1,0,0,1,0,0,0,0,1,0,A,1000,7.68,0,0.03,0,4
1416,26,50400,RENT,1,0,0,1,0,0,0,0,1,0,A,1000,5.42,0,0.02,0,3
1418,26,54000,RENT,10,0,0,1,0,0,0,0,1,0,B,1000,11.71,0,0.02,0,3
1428,24,87000,RENT,0,0,0,1,0,0,0,0,1,0,C,1000,13.99,0,0.01,0,4
1441,22,14400,RENT,0,0,0,1,0,0,0,0,1,0,B,1200,10.37,0,0.08,0,2
1466,22,31200,RENT,2,0,0,1,0,0,0,0,1,0,B,1200,12.21,0,0.04,0,4
1482,25,40000,RENT,5,0,0,1,0,0,0,0,1,0,A,1200,8,0,0.03,0,4
1494,23,58700,RENT,8,0,0,1,0,0,0,0,1,0,B,1200,11.71,0,0.02,0,4
1509,24,44400,RENT,0,0,0,1,0,0,0,0,1,0,B,1325,10,1,0.03,0,4
1541,23,30000,RENT,1,0,0,1,0,0,0,0,1,0,D,1450,15.58,1,0.05,0,4
1580,25,34942,RENT,7,0,0,1,0,0,0,0,1,0,B,1500,10.99,0,0.04,0,4
1588,24,36000,RENT,5,0,0,1,0,0,0,0,1,0,B,1500,10,0,0.04,0,3
1636,23,54000,RENT,7,0,0,1,0,0,0,0,1,0,B,1500,9.62,0,0.03,0,3
1658,24,14400,RENT,0,0,0,1,0,0,0,0,1,0,D,1600,18.25,1,0.11,0,3
1663,23,22800,RENT,0,0,0,1,0,0,0,0,1,0,C,1600,13.06,0,0.07,0,2
1669,23,46300,RENT,0,0,0,1,0,0,0,0,1,0,A,1675,6.54,0,0.04,0,3
1672,23,17688,RENT,0,0,0,1,0,0,0,0,1,0,B,1700,11.11,0,0.1,0,3
1698,21,18000,RENT,5,0,0,1,0,0,0,0,1,0,A,1800,6.62,0,0.1,0,3
1708,26,22584,RENT,,0,0,1,0,0,0,0,1,0,A,1800,8.49,0,0.08,0,2
1722,23,48000,RENT,4,0,0,1,0,0,0,0,1,0,B,1800,11.49,0,0.04,0,4
1727,22,58000,RENT,3,0,0,1,0,0,0,0,1,0,B,1800,12.18,0,0.03,0,2
1743,23,30000,RENT,0,0,0,1,0,0,0,0,1,0,B,1925,12.18,0,0.06,0,2
1757,26,14400,RENT,1,0,0,1,0,0,0,0,1,0,D,2000,17.49,1,0.14,0,4
1759,26,14400,RENT,4,0,0,1,0,0,0,0,1,0,B,2000,10.37,0,0.14,0,2
1800,25,24000,RENT,0,0,0,1,0,0,0,0,1,0,B,2000,10.38,0,0.08,0,4
1812,24,25000,RENT,6,0,0,1,0,0,0,0,1,0,A,2000,6.62,0,0.08,0,4
1843,23,99000,RENT,7,0,0,1,0,0,0,0,1,0,A,15000,6.99,0,0.15,0,4
1863,24,118300,RENT,1,0,0,1,0,0,0,0,1,0,C,15000,12.68,0,0.13,0,4
1864,25,120000,RENT,2,0,0,1,0,0,0,0,1,0,A,15000,7.51,0,0.13,0,2
1873,24,123000,RENT,8,0,0,1,0,0,0,0,1,0,D,15000,15.37,1,0.12,0,4
1881,26,210000,RENT,4,0,0,1,0,0,0,0,1,0,C,15000,12.99,0,0.07,0,4
1885,24,55000,RENT,4,0,0,1,0,0,0,0,1,0,B,14900,11.83,0,0.27,0,3
1909,24,40000,RENT,2,0,0,1,0,0,0,0,1,0,B,2000,11.99,0,0.05,0,4
1915,24,53117,RENT,1,0,0,1,0,0,0,0,1,0,C,2000,13.79,0,0.04,0,2
1921,25,58020,RENT,9,0,0,1,0,0,0,0,1,0,A,2000,6.91,0,0.03,0,4
1929,26,62400,RENT,3,0,0,1,0,0,0,0,1,0,B,2000,12.53,0,0.03,0,2
1935,23,70000,RENT,4,0,0,1,0,0,0,0,1,0,A,2000,7.66,0,0.03,0,2
1953,23,80004,RENT,0,0,0,1,0,0,0,0,1,0,A,2000,,0,0.02,0,3
1955,23,90000,RENT,0,0,0,1,0,0,0,0,1,0,A,2000,7.88,0,0.02,0,3
1972,22,24000,RENT,0,0,0,1,0,0,0,0,1,0,B,2100,12.21,0,0.09,0,2
1978,25,44400,RENT,4,0,0,1,0,0,0,0,1,0,D,2100,17.27,0,0.05,0,4
1981,22,52800,RENT,1,0,0,1,0,0,0,0,1,0,A,2100,6.76,0,0.04,0,2
1987,25,80000,RENT,9,0,0,1,0,0,0,0,1,0,A,2100,,0,0.03,0,4
1992,26,43000,RENT,,0,0,1,0,0,0,0,1,0,A,2125,8.9,0,0.05,0,3
2009,22,37000,RENT,6,0,0,1,0,0,0,0,1,0,A,14000,6.92,1,0.38,0,2
2010,26,37000,RENT,0,0,0,1,0,0,0,0,1,0,B,14000,9.88,1,0.38,0,4
2012,21,37947,RENT,5,0,0,1,0,0,0,0,1,0,A,14000,7.9,1,0.37,0,2
2054,25,25920,RENT,0,0,0,1,0,0,0,0,1,0,B,2300,11.11,0,0.09,0,4
2068,23,13000,RENT,0,0,0,1,0,0,0,0,1,0,E,2400,16.82,1,0.18,0,3
2073,26,16428,RENT,0,0,0,1,0,0,0,0,1,0,C,2400,12.23,0,0.15,0,4
2098,21,26000,RENT,1,0,0,1,0,0,0,0,1,0,B,2400,11.58,1,0.09,0,4
2135,22,37080,RENT,6,0,0,1,0,0,0,0,1,0,B,2400,10.65,1,0.06,0,3
2147,23,49800,RENT,2,0,0,1,0,0,0,0,1,0,B,2400,11.83,0,0.05,0,2
2150,24,54000,RENT,5,0,0,1,0,0,0,0,1,0,A,2400,8,0,0.04,0,3
2153,22,57500,RENT,3,0,0,1,0,0,0,0,1,0,C,2400,15.23,0,0.04,0,3
2164,24,95000,RENT,4,0,0,1,0,0,0,0,1,0,A,2400,5.99,0,0.03,0,3
2171,21,10800,RENT,4,0,0,1,0,0,0,0,1,0,B,2500,8.88,1,0.23,0,2
2178,22,43000,RENT,6,0,0,1,0,0,0,0,1,0,B,13500,10.95,1,0.31,0,3
2188,24,57000,RENT,0,0,0,1,0,0,0,0,1,0,A,13500,6.92,0,0.24,0,2
2196,26,100000,RENT,0,0,0,1,0,0,0,0,1,0,A,13500,7.14,0,0.14,0,3
2215,26,40000,RENT,3,0,0,1,0,0,0,0,1,0,B,13250,11.71,1,0.33,0,2
2216,25,40000,RENT,9,0,0,1,0,0,0,0,1,0,D,13250,,1,0.33,0,3
2224,24,60000,RENT,1,0,0,1,0,0,0,0,1,0,A,13200,6.62,0,0.22,0,4
2225,22,60000,RENT,0,0,0,1,0,0,0,0,1,0,A,13200,8.49,0,0.22,0,3
2240,24,135000,RENT,8,0,0,1,0,0,0,0,1,0,A,13050,,0,0.1,0,3
2247,25,28000,RENT,10,0,0,1,0,0,0,0,1,0,A,13000,7.9,1,0.46,0,3
2270,25,40000,RENT,9,0,0,1,0,0,0,0,1,0,B,13000,10.99,1,0.33,0,3
2283,24,46000,RENT,8,0,0,1,0,0,0,0,1,0,B,13000,10.99,0,0.28,0,3
2290,23,49000,RENT,0,0,0,1,0,0,0,0,1,0,A,13000,6.17,0,0.27,0,4
2300,21,22200,RENT,2,0,0,1,0,0,0,0,1,0,D,2500,16.29,1,0.11,0,4
2301,26,22406,RENT,5,0,0,1,0,0,0,0,1,0,A,2500,6.76,1,0.11,0,4
2312,23,25000,RENT,0,0,0,1,0,0,0,0,1,0,A,2500,6.91,0,0.1,0,2
2328,24,29000,RENT,4,0,0,1,0,0,0,0,1,0,B,2500,10.99,0,0.09,0,3
2351,26,37225,RENT,4,0,0,1,0,0,0,0,1,0,C,2500,,0,0.07,0,3
2357,24,40000,RENT,6,0,0,1,0,0,0,0,1,0,C,2500,15.27,0,0.06,0,3
2391,25,54000,RENT,4,0,0,1,0,0,0,0,1,0,C,2500,13.98,0,0.05,0,2
2396,25,55000,RENT,4,0,0,1,0,0,0,0,1,0,A,2500,7.88,0,0.05,0,2
2401,23,59000,RENT,7,0,0,1,0,0,0,0,1,0,D,2500,14.96,0,0.04,0,2
2403,25,60000,RENT,9,0,0,1,0,0,0,0,1,0,A,2500,8.63,0,0.04,0,3
2448,23,28800,RENT,5,0,0,1,0,0,0,0,1,0,B,2800,10.38,0,0.1,0,2
2462,21,19000,RENT,0,0,0,1,0,0,0,0,1,0,A,2900,8,0,0.15,0,2
2466,22,27000,RENT,5,0,0,1,0,0,0,0,1,0,B,2925,10.71,0,0.11,0,4
2472,24,10000,RENT,8,0,0,1,0,0,0,0,1,0,A,3000,7.9,1,0.3,0,3
2507,23,18000,RENT,4,0,0,1,0,0,0,0,1,0,C,3000,13.06,1,0.17,0,2
2509,22,18000,RENT,1,0,0,1,0,0,0,0,1,0,B,3000,11.86,1,0.17,0,2
2517,23,19200,RENT,0,0,0,1,0,0,0,0,1,0,B,3000,9.99,1,0.16,0,3
2521,21,19200,RENT,0,0,0,1,0,0,0,0,1,0,B,3000,10.99,1,0.16,0,2
2528,26,21000,RENT,3,0,0,1,0,0,0,0,1,0,B,3000,10.59,0,0.14,0,2
2533,24,22000,RENT,3,0,0,1,0,0,0,0,1,0,B,3000,10.33,0,0.14,0,2
2541,24,30000,RENT,2,0,0,1,0,0,0,0,1,0,A,3000,7.49,0,0.1,0,3
2544,24,30000,RENT,1,0,0,1,0,0,0,0,1,0,B,3000,10.37,0,0.1,0,2
2548,21,30000,RENT,5,0,0,1,0,0,0,0,1,0,B,3000,9.62,0,0.1,0,4
2549,25,30000,RENT,3,0,0,1,0,0,0,0,1,0,C,3000,13.61,0,0.1,0,2
2550,22,30000,RENT,3,0,0,1,0,0,0,0,1,0,B,3000,11.12,0,0.1,0,3
2576,22,32400,RENT,5,0,0,1,0,0,0,0,1,0,E,3000,16.45,0,0.09,0,3
2581,25,33000,RENT,6,0,0,1,0,0,0,0,1,0,B,3000,10.95,0,0.09,0,4
2587,23,35000,RENT,4,0,0,1,0,0,0,0,1,0,C,3000,13.85,0,0.09,0,3
2591,22,36000,RENT,0,0,0,1,0,0,0,0,1,0,B,3000,11.71,0,0.08,0,3
2608,25,38748,RENT,2,0,0,1,0,0,0,0,1,0,A,3000,7.29,0,0.08,0,3
2614,23,40000,RENT,2,0,0,1,0,0,0,0,1,0,C,3000,13.49,0,0.07,0,3
2615,24,40000,RENT,1,0,0,1,0,0,0,0,1,0,B,3000,10.74,0,0.07,0,3
2628,24,43500,RENT,1,0,0,1,0,0,0,0,1,0,A,3000,8,0,0.07,0,2
2641,22,45000,RENT,3,0,0,1,0,0,0,0,1,0,B,3000,11.99,0,0.07,0,4
2663,22,48000,RENT,0,0,0,1,0,0,0,0,1,0,C,3000,14.79,0,0.06,0,2
2668,22,49800,RENT,1,0,0,1,0,0,0,0,1,0,A,3000,7.88,0,0.06,0,3
2675,23,44000,RENT,4,0,0,1,0,0,0,0,1,0,B,3000,9.62,1,0.07,0,4
2678,26,50000,RENT,8,0,0,1,0,0,0,0,1,0,B,3000,9.88,0,0.06,0,4
2679,22,50000,RENT,6,0,0,1,0,0,0,0,1,0,B,3000,10.99,0,0.06,0,3
2683,24,51684,RENT,8,0,0,1,0,0,0,0,1,0,B,3000,10.59,0,0.06,0,2
2701,25,50000,RENT,3,0,0,1,0,0,0,0,1,0,D,12000,16.77,0,0.24,0,3
2706,21,50000,RENT,0,0,0,1,0,0,0,0,1,0,B,12000,11.71,0,0.24,0,3
2715,25,50000,RENT,5,0,0,1,0,0,0,0,1,0,A,12000,7.88,0,0.24,0,2
2717,22,50004,RENT,6,0,0,1,0,0,0,0,1,0,B,12000,10,0,0.24,0,2
2730,24,52000,RENT,7,0,0,1,0,0,0,0,1,0,A,12000,7.51,0,0.23,0,3
2757,26,54996,RENT,2,0,0,1,0,0,0,0,1,0,A,12000,7.88,0,0.22,0,4
2760,26,55000,RENT,10,0,0,1,0,0,0,0,1,0,B,12000,12.42,0,0.22,0,3
2778,23,56000,RENT,2,0,0,1,0,0,0,0,1,0,B,12000,10.75,0,0.21,0,3
2788,24,51000,RENT,3,0,0,1,0,0,0,0,1,0,A,12000,7.88,1,0.24,0,3
2800,22,59000,RENT,6,0,0,1,0,0,0,0,1,0,B,12000,10.37,0,0.2,0,3
2825,25,56000,RENT,2,0,0,1,0,0,0,0,1,0,B,3000,12.69,0,0.05,0,3
2831,21,57000,RENT,3,0,0,1,0,0,0,0,1,0,A,3000,5.42,0,0.05,0,3
2850,22,60000,RENT,2,0,0,1,0,0,0,0,1,0,B,3000,11.89,0,0.05,0,4
2855,23,61200,RENT,7,0,0,1,0,0,0,0,1,0,B,3000,12.42,0,0.05,0,2
2865,23,58800,RENT,7,0,0,1,0,0,0,0,1,0,B,3000,10.36,1,0.05,0,4
2883,21,68000,RENT,3,0,0,1,0,0,0,0,1,0,C,3000,11.78,0,0.04,0,2
2886,22,70000,RENT,2,0,0,1,0,0,0,0,1,0,A,3000,7.29,0,0.04,0,4
2895,23,72000,RENT,7,0,0,1,0,0,0,0,1,0,A,3000,7.43,0,0.04,0,2
2905,23,75000,RENT,2,0,0,1,0,0,0,0,1,0,A,3000,,0,0.04,0,2
2912,22,78000,RENT,7,0,0,1,0,0,0,0,1,0,A,3000,6.99,0,0.04,0,4
2920,24,89523,RENT,8,0,0,1,0,0,0,0,1,0,B,3000,10.25,0,0.03,0,3
2928,26,103000,RENT,4,0,0,1,0,0,0,0,1,0,A,3000,7.88,0,0.03,0,4
2949,23,12000,RENT,2,0,0,1,0,0,0,0,1,0,B,3075,10.37,1,0.26,0,2
2957,23,20400,RENT,3,0,0,1,0,0,0,0,1,0,C,3125,12.61,0,0.15,0,3
2966,24,12000,RENT,0,0,0,1,0,0,0,0,1,0,A,3200,5.99,1,0.27,0,3
2972,21,18000,RENT,1,0,0,1,0,0,0,0,1,0,A,3200,8.49,1,0.18,0,3
2978,23,20000,RENT,1,0,0,1,0,0,0,0,1,0,A,3200,7.14,0,0.16,0,4
2989,21,30000,RENT,6,0,0,1,0,0,0,0,1,0,A,3200,,0,0.11,0,2
2998,22,32000,RENT,0,0,0,1,0,0,0,0,1,0,B,3200,10.2,0,0.1,0,3
3006,26,38400,RENT,7,0,0,1,0,0,0,0,1,0,C,3200,13.49,0,0.08,0,2
3008,24,41745,RENT,2,0,0,1,0,0,0,0,1,0,A,3200,9.63,0,0.08,0,3
3012,22,44568,RENT,3,0,0,1,0,0,0,0,1,0,B,3200,,0,0.07,0,4
3013,21,45000,RENT,3,0,0,1,0,0,0,0,1,0,A,3200,6.54,0,0.07,0,4
3032,26,61200,RENT,9,0,0,1,0,0,0,0,1,0,B,3200,9.91,0,0.05,0,2
3038,24,72000,RENT,8,0,0,1,0,0,0,0,1,0,C,3200,13.92,0,0.04,0,3
3045,21,85000,RENT,5,0,0,1,0,0,0,0,1,0,B,3200,10.25,0,0.04,0,4
3053,22,14400,RENT,6,0,0,1,0,0,0,0,1,0,D,3250,16.29,1,0.23,0,4
3079,21,70000,RENT,3,0,0,1,0,0,0,0,1,0,C,3300,,0,0.05,0,4
3085,25,36000,RENT,8,0,0,1,0,0,0,0,1,0,A,3350,7.9,0,0.09,0,4
3086,24,77300,RENT,4,0,0,1,0,0,0,0,1,0,A,3350,,0,0.04,0,3
3111,21,15600,RENT,2,0,0,1,0,0,0,0,1,0,D,3500,16.07,1,0.22,0,3
3143,21,30000,RENT,5,0,0,1,0,0,0,0,1,0,A,3500,7.9,0,0.12,0,2
3161,25,35000,RENT,6,0,0,1,0,0,0,0,1,0,B,3500,11.58,0,0.1,0,3
3184,26,42000,RENT,3,0,0,1,0,0,0,0,1,0,B,3500,10.74,0,0.08,0,4
3188,24,42000,RENT,1,0,0,1,0,0,0,0,1,0,A,3500,,0,0.08,0,3
3211,22,51996,RENT,4,0,0,1,0,0,0,0,1,0,B,3500,9.62,0,0.07,0,2
3213,24,45996,RENT,9,0,0,1,0,0,0,0,1,0,B,3500,12.21,1,0.08,0,2
3273,21,15000,RENT,0,0,0,1,0,0,0,0,1,0,D,3600,15.95,1,0.24,0,2
3279,25,21600,RENT,3,0,0,1,0,0,0,0,1,0,B,3600,10.99,0,0.17,0,4
3288,23,30000,RENT,3,0,0,1,0,0,0,0,1,0,A,3600,5.99,0,0.12,0,2
3289,24,30000,RENT,0,0,0,1,0,0,0,0,1,0,A,3600,7.49,0,0.12,0,4
3294,23,30000,RENT,4,0,0,1,0,0,0,0,1,0,C,3600,14.17,0,0.12,0,3
3306,25,31800,RENT,2,0,0,1,0,0,0,0,1,0,A,3600,7.51,0,0.11,0,3
3308,23,32000,RENT,6,0,0,1,0,0,0,0,1,0,A,3600,9.63,0,0.11,0,3
3310,22,35000,RENT,0,0,0,1,0,0,0,0,1,0,B,3600,11.83,0,0.1,0,3
3315,22,36000,RENT,3,0,0,1,0,0,0,0,1,0,A,3600,5.99,0,0.1,0,2
3339,22,40000,RENT,0,0,0,1,0,0,0,0,1,0,A,3600,6.17,0,0.09,0,2
3353,23,39520,RENT,8,0,0,1,0,0,0,0,1,0,A,11000,5.42,0,0.28,0,2
3354,22,39996,RENT,3,0,0,1,0,0,0,0,1,0,A,11000,5.79,0,0.28,0,2
3362,22,42000,RENT,3,0,0,1,0,0,0,0,1,0,B,11000,11.71,0,0.26,0,2
3374,26,45000,RENT,10,0,0,1,0,0,0,0,1,0,D,11000,14.61,0,0.24,0,2
3379,22,46000,RENT,4,0,0,1,0,0,0,0,1,0,A,11000,7.49,0,0.24,0,4
3403,26,58195,RENT,3,0,0,1,0,0,0,0,1,0,B,11000,9.91,0,0.19,0,2
3416,23,81600,RENT,3,0,0,1,0,0,0,0,1,0,B,11000,,0,0.13,0,3
3432,22,60000,RENT,5,0,0,1,0,0,0,0,1,0,D,10900,15.65,0,0.18,0,2
3438,26,33996,RENT,2,0,0,1,0,0,0,0,1,0,B,10800,11.12,1,0.32,0,3
3447,26,42000,RENT,2,0,0,1,0,0,0,0,1,0,C,10800,13.99,1,0.26,0,2
3454,22,44400,RENT,2,0,0,1,0,0,0,0,1,0,E,10800,18.79,1,0.24,0,3
3469,23,115000,RENT,0,0,0,1,0,0,0,0,1,0,C,10800,14.65,0,0.09,0,4
3481,23,32000,RENT,4,0,0,1,0,0,0,0,1,0,A,10700,6.03,1,0.33,0,3
3488,26,16800,RENT,,0,0,1,0,0,0,0,1,0,B,10625,,1,0.63,0,3
3506,24,94000,RENT,3,0,0,1,0,0,0,0,1,0,B,10600,12.18,0,0.11,0,4
3520,22,45000,RENT,0,0,0,1,0,0,0,0,1,0,A,10500,6.99,0,0.23,0,2
3523,26,58000,RENT,9,0,0,1,0,0,0,0,1,0,B,10500,11.48,0,0.18,0,2
3529,24,35004,RENT,9,0,0,1,0,0,0,0,1,0,E,10400,,0,0.3,0,2
3534,21,40800,RENT,1,0,0,1,0,0,0,0,1,0,A,10400,9.32,0,0.25,0,3
3535,23,41004,RENT,2,0,0,1,0,0,0,0,1,0,B,10400,12.53,0,0.25,0,4
3538,23,43500,RENT,2,0,0,1,0,0,0,0,1,0,C,10400,13.49,0,0.24,0,4
3541,25,57300,RENT,2,0,0,1,0,0,0,0,1,0,C,10400,11.66,0,0.18,0,4
3549,23,29856,RENT,0,0,0,1,0,0,0,0,1,0,A,10300,8.94,1,0.34,0,4
3551,26,165000,RENT,10,0,0,1,0,0,0,0,1,0,B,10300,9.91,0,0.06,0,3
3558,26,36000,RENT,1,0,0,1,0,0,0,0,1,0,B,10200,12.69,0,0.28,0,4
3559,22,42000,RENT,0,0,0,1,0,0,0,0,1,0,A,3600,7.37,0,0.09,0,3
3580,23,55000,RENT,5,0,0,1,0,0,0,0,1,0,A,3600,5.99,0,0.07,0,3
3582,25,54000,RENT,1,0,0,1,0,0,0,0,1,0,A,3600,,1,0.07,0,3
3588,25,60900,RENT,2,0,0,1,0,0,0,0,1,0,A,3600,6.91,0,0.06,0,3
3606,23,110000,RENT,0,0,0,1,0,0,0,0,1,0,A,3600,,0,0.03,0,3
3612,23,52000,RENT,2,0,0,1,0,0,0,0,1,0,B,3625,10.59,1,0.07,0,2
3641,26,47000,RENT,8,0,0,1,0,0,0,0,1,0,C,3800,13.49,0,0.08,0,3
3666,22,12600,RENT,2,0,0,1,0,0,0,0,1,0,B,4000,10.37,1,0.32,0,4
3669,24,13000,RENT,4,0,0,1,0,0,0,0,1,0,B,4000,9.88,1,0.31,0,2
3691,22,16800,RENT,2,0,0,1,0,0,0,0,1,0,B,4000,10.25,1,0.24,0,4
3696,23,18000,RENT,5,0,0,1,0,0,0,0,1,0,B,4000,10.99,1,0.22,0,2
3723,24,22000,RENT,0,0,0,1,0,0,0,0,1,0,B,4000,11.36,1,0.18,0,3
3727,25,24000,RENT,,0,0,1,0,0,0,0,1,0,B,4000,11.71,0,0.17,0,3
3738,24,24996,RENT,0,0,0,1,0,0,0,0,1,0,B,4000,9.45,0,0.16,0,3
3742,21,25200,RENT,1,0,0,1,0,0,0,0,1,0,A,4000,8.49,0,0.16,0,4
3750,23,26000,RENT,0,0,0,1,0,0,0,0,1,0,A,4000,6.76,0,0.15,0,3
3757,22,27000,RENT,0,0,0,1,0,0,0,0,1,0,A,4000,5.79,0,0.15,0,2
3790,22,30000,RENT,3,0,0,1,0,0,0,0,1,0,B,4000,11.49,0,0.13,0,3
3804,22,30000,RENT,1,0,0,1,0,0,0,0,1,0,C,4000,,0,0.13,0,4
3806,26,30000,RENT,1,0,0,1,0,0,0,0,1,0,B,4000,11.83,1,0.13,0,4
3824,23,32000,RENT,0,0,0,1,0,0,0,0,1,0,A,4000,7.68,0,0.13,0,4
3828,23,32535,RENT,6,0,0,1,0,0,0,0,1,0,B,4000,,0,0.12,0,2
3871,22,36000,RENT,0,0,0,1,0,0,0,0,1,0,A,4000,8.94,0,0.11,0,4
3872,26,36000,RENT,0,0,0,1,0,0,0,0,1,0,B,4000,10.14,0,0.11,0,2
3875,21,37000,RENT,0,0,0,1,0,0,0,0,1,0,B,4000,10.08,0,0.11,0,3
3881,23,38400,RENT,7,0,0,1,0,0,0,0,1,0,B,4000,10.59,0,0.1,0,2
3905,22,40000,RENT,2,0,0,1,0,0,0,0,1,0,B,4000,11.49,0,0.1,0,4
3906,22,40000,RENT,0,0,0,1,0,0,0,0,1,0,A,4000,7.43,0,0.1,0,4
3922,26,36000,RENT,2,0,0,1,0,0,0,0,1,0,D,4000,14.54,1,0.11,0,2
3940,22,41000,RENT,7,0,0,1,0,0,0,0,1,0,A,4000,7.51,1,0.1,0,3
3943,22,47004,RENT,2,0,0,1,0,0,0,0,1,0,A,4000,,0,0.09,0,3
3963,24,50000,RENT,6,0,0,1,0,0,0,0,1,0,A,4000,7.66,0,0.08,0,4
3964,24,50000,RENT,0,0,0,1,0,0,0,0,1,0,A,4000,,0,0.08,0,4
3986,23,51600,RENT,6,0,0,1,0,0,0,0,1,0,B,4000,9.91,0,0.08,0,3
3994,26,52800,RENT,1,0,0,1,0,0,0,0,1,0,A,4000,,0,0.08,0,3
3997,23,48000,RENT,8,0,0,1,0,0,0,0,1,0,B,4000,10.37,1,0.08,0,3
3999,26,54996,RENT,0,0,0,1,0,0,0,0,1,0,A,4000,7.51,0,0.07,0,4
4004,23,55000,RENT,5,0,0,1,0,0,0,0,1,0,B,4000,11.86,0,0.07,0,4
4021,26,52800,RENT,4,0,0,1,0,0,0,0,1,0,B,4000,9.99,1,0.08,0,3
4027,22,60000,RENT,6,0,0,1,0,0,0,0,1,0,B,4000,12.21,0,0.07,0,3
4041,25,65000,RENT,3,0,0,1,0,0,0,0,1,0,A,4000,6.62,0,0.06,0,2
4044,23,65000,RENT,1,0,0,1,0,0,0,0,1,0,A,4000,7.49,0,0.06,0,4
4060,26,70000,RENT,5,0,0,1,0,0,0,0,1,0,C,4000,13.85,0,0.06,0,4
4064,25,75000,RENT,4,0,0,1,0,0,0,0,1,0,B,4000,11.49,0,0.05,0,2
4071,22,77250,RENT,3,0,0,1,0,0,0,0,1,0,B,4000,11.71,0,0.05,0,3
4105,23,21600,RENT,0,0,0,1,0,0,0,0,1,0,C,4200,15.23,0,0.19,0,4
4110,24,26000,RENT,0,0,0,1,0,0,0,0,1,0,E,4200,16,1,0.16,0,2
4114,26,30000,RENT,3,0,0,1,0,0,0,0,1,0,B,4200,9.91,0,0.14,0,4
4135,22,19200,RENT,6,0,0,1,0,0,0,0,1,0,B,4400,11.49,1,0.23,0,2
4136,21,20000,RENT,3,0,0,1,0,0,0,0,1,0,A,4400,6.91,0,0.22,0,4
4139,22,32496,RENT,5,0,0,1,0,0,0,0,1,0,A,4400,8.49,0,0.14,0,4
4149,24,72000,RENT,6,0,0,1,0,0,0,0,1,0,A,4400,,0,0.06,0,4
4153,24,33600,RENT,5,0,0,1,0,0,0,0,1,0,B,4450,11.49,0,0.13,0,4
4162,25,15600,RENT,3,0,0,1,0,0,0,0,1,0,A,4500,7.51,1,0.29,0,3
4165,25,17600,RENT,,0,0,1,0,0,0,0,1,0,C,4500,13.99,1,0.26,0,2
4172,21,18000,RENT,2,0,0,1,0,0,0,0,1,0,B,4500,10.38,1,0.25,0,2
4179,21,20000,RENT,5,0,0,1,0,0,0,0,1,0,C,4500,13.49,0,0.23,0,2
4182,21,20400,RENT,2,0,0,1,0,0,0,0,1,0,B,4500,10.99,0,0.22,0,2
4203,22,33000,RENT,2,0,0,1,0,0,0,0,1,0,A,4500,7.88,0,0.14,0,3
4207,23,35000,RENT,5,0,0,1,0,0,0,0,1,0,B,4500,10.59,0,0.13,0,2
4219,24,37500,RENT,0,0,0,1,0,0,0,0,1,0,A,4500,5.42,0,0.12,0,4
4233,23,41000,RENT,6,0,0,1,0,0,0,0,1,0,C,4500,12.99,0,0.11,0,4
4241,26,42000,RENT,3,0,0,1,0,0,0,0,1,0,A,4500,7.66,0,0.11,0,2
4251,22,44000,RENT,3,0,0,1,0,0,0,0,1,0,A,4500,5.79,1,0.1,0,3
4255,24,54100,RENT,5,0,0,1,0,0,0,0,1,0,A,4500,7.14,0,0.08,0,4
4276,24,74000,RENT,0,0,0,1,0,0,0,0,1,0,B,4500,12.18,0,0.06,0,4
4294,21,28416,RENT,6,0,0,1,0,0,0,0,1,0,A,4600,,0,0.16,0,2
4304,21,51996,RENT,5,0,0,1,0,0,0,0,1,0,A,4600,8.59,0,0.09,0,2
4306,23,52000,RENT,5,0,0,1,0,0,0,0,1,0,D,4600,14.96,1,0.09,0,2
4323,23,41000,RENT,7,0,0,1,0,0,0,0,1,0,A,4700,7.9,0,0.11,0,2
4331,22,14000,RENT,2,0,0,1,0,0,0,0,1,0,D,4750,14.61,1,0.34,0,4
4335,26,15000,RENT,0,0,0,1,0,0,0,0,1,0,A,4750,8.49,1,0.32,0,3
4336,25,15600,RENT,1,0,0,1,0,0,0,0,1,0,C,4750,13.85,1,0.3,0,4
4345,21,26400,RENT,5,0,0,1,0,0,0,0,1,0,C,4750,12.23,0,0.18,0,3
4353,24,15000,RENT,3,0,0,1,0,0,0,0,1,0,E,4800,16.95,1,0.32,0,3
4360,23,20400,RENT,0,0,0,1,0,0,0,0,1,0,A,4800,,0,0.24,0,2
4375,25,26000,RENT,1,0,0,1,0,0,0,0,1,0,B,4800,10.65,0,0.18,0,4
4378,23,26400,RENT,,0,0,1,0,0,0,0,1,0,A,4800,,0,0.18,0,4
4382,21,27700,RENT,5,0,0,1,0,0,0,0,1,0,A,4800,6.62,0,0.17,0,4
4422,22,30000,RENT,4,0,0,1,0,0,0,0,1,0,C,4800,,1,0.16,0,3
4423,23,36000,RENT,0,0,0,1,0,0,0,0,1,0,B,4800,11.11,0,0.13,0,3
4441,22,42996,RENT,3,0,0,1,0,0,0,0,1,0,C,4800,11.03,0,0.11,0,4
4446,23,39000,RENT,0,0,0,1,0,0,0,0,1,0,E,4800,17.99,1,0.12,0,4
4454,25,45000,RENT,2,0,0,1,0,0,0,0,1,0,B,4800,9.45,0,0.11,0,4
4457,24,46000,RENT,0,0,0,1,0,0,0,0,1,0,A,4800,8.9,0,0.1,0,2
4475,24,48000,RENT,0,0,0,1,0,0,0,0,1,0,B,4800,9.88,0,0.1,0,3
4493,24,55000,RENT,8,0,0,1,0,0,0,0,1,0,A,4800,6.92,0,0.09,0,3
4499,23,56928,RENT,3,0,0,1,0,0,0,0,1,0,B,4800,10.38,0,0.08,0,3
4507,24,62000,RENT,4,0,0,1,0,0,0,0,1,0,A,4800,7.14,0,0.08,0,3
4511,24,65000,RENT,0,0,0,1,0,0,0,0,1,0,A,4800,7.88,0,0.07,0,4
4519,23,70000,RENT,2,0,0,1,0,0,0,0,1,0,C,4800,,0,0.07,0,2
4541,25,120000,RENT,9,0,0,1,0,0,0,0,1,0,C,4800,14.22,0,0.04,0,3
4543,24,125000,RENT,6,0,0,1,0,0,0,0,1,0,A,4800,6.76,0,0.04,0,3
4554,23,95000,RENT,4,0,0,1,0,0,0,0,1,0,B,10000,10.99,0,0.11,0,4
4558,23,96000,RENT,7,0,0,1,0,0,0,0,1,0,B,10000,10.65,0,0.1,0,3
4567,26,99000,RENT,5,0,0,1,0,0,0,0,1,0,A,10000,7.29,0,0.1,0,2
4573,24,100000,RENT,5,0,0,1,0,0,0,0,1,0,A,10000,7.51,0,0.1,0,3
4578,23,100000,RENT,0,0,0,1,0,0,0,0,1,0,B,10000,11.46,0,0.1,0,2
4596,24,114800,RENT,6,0,0,1,0,0,0,0,1,0,A,10000,8.94,0,0.09,0,4
4620,23,124000,RENT,2,0,0,1,0,0,0,0,1,0,C,10000,14.27,0,0.08,0,3
4644,24,165000,RENT,2,0,0,1,0,0,0,0,1,0,B,10000,9.2,0,0.06,0,3
4677,22,60000,RENT,4,0,0,1,0,0,0,0,1,0,B,9800,,0,0.16,0,3
4678,25,60000,RENT,4,0,0,1,0,0,0,0,1,0,A,9800,,0,0.16,0,3
4697,23,54096,RENT,2,0,0,1,0,0,0,0,1,0,B,4900,,0,0.09,0,2
4699,24,69600,RENT,8,0,0,1,0,0,0,0,1,0,B,4900,9.99,0,0.07,0,2
4702,24,74000,RENT,1,0,0,1,0,0,0,0,1,0,C,4900,12.87,0,0.07,0,3
4705,22,15000,RENT,3,0,0,1,0,0,0,0,1,0,A,4950,8.9,1,0.33,0,4
4747,23,30000,RENT,0,0,0,1,0,0,0,0,1,0,B,5000,11.86,0,0.17,0,2
4749,21,30000,RENT,2,0,0,1,0,0,0,0,1,0,D,5000,14.96,1,0.17,0,2
4764,25,31000,RENT,0,0,0,1,0,0,0,0,1,0,A,5000,8.94,0,0.16,0,2
4766,22,31404,RENT,0,0,0,1,0,0,0,0,1,0,A,5000,7.51,0,0.16,0,3
4791,23,33000,RENT,5,0,0,1,0,0,0,0,1,0,B,5000,10.62,0,0.15,0,2
4797,23,33017,RENT,1,0,0,1,0,0,0,0,1,0,B,5000,,0,0.15,0,4
4802,21,33996,RENT,0,0,0,1,0,0,0,0,1,0,B,5000,12.18,0,0.15,0,3
4814,22,34992,RENT,1,0,0,1,0,0,0,0,1,0,B,5000,,0,0.14,0,3
4819,23,35000,RENT,5,0,0,1,0,0,0,0,1,0,A,5000,6.99,0,0.14,0,2
4828,22,35000,RENT,4,0,0,1,0,0,0,0,1,0,C,5000,13.23,0,0.14,0,2
4839,25,35004,RENT,3,0,0,1,0,0,0,0,1,0,A,5000,8.94,0,0.14,0,2
4841,21,35550,RENT,3,0,0,1,0,0,0,0,1,0,C,5000,,0,0.14,0,4
4872,22,37000,RENT,4,0,0,1,0,0,0,0,1,0,B,5000,10.65,0,0.14,0,4
4879,23,32000,RENT,,0,0,1,0,0,0,0,1,0,B,5000,9.91,1,0.16,0,3
4893,21,38400,RENT,5,0,0,1,0,0,0,0,1,0,B,5000,10.59,0,0.13,0,4
4910,21,33996,RENT,3,0,0,1,0,0,0,0,1,0,B,5000,9.25,1,0.15,0,3
4915,23,39996,RENT,6,0,0,1,0,0,0,0,1,0,B,5000,10.2,0,0.13,0,2
4925,22,34000,RENT,6,0,0,1,0,0,0,0,1,0,B,5000,,1,0.15,0,4
4936,21,34000,RENT,2,0,0,1,0,0,0,0,1,0,D,5000,14.59,1,0.15,0,4
4951,21,35000,RENT,6,0,0,1,0,0,0,0,1,0,C,5000,14.79,1,0.14,0,2
4991,25,43000,RENT,6,0,0,1,0,0,0,0,1,0,A,5000,7.51,0,0.12,0,3
5016,25,45000,RENT,0,0,0,1,0,0,0,0,1,0,B,5000,10.74,0,0.11,0,4
5017,22,45000,RENT,3,0,0,1,0,0,0,0,1,0,B,5000,11.11,0,0.11,0,3
5040,21,46800,RENT,2,0,0,1,0,0,0,0,1,0,A,5000,9.32,0,0.11,0,3
5056,26,42000,RENT,3,0,0,1,0,0,0,0,1,0,C,5000,13.99,1,0.12,0,3
5060,21,42000,RENT,2,0,0,1,0,0,0,0,1,0,D,5000,,1,0.12,0,4
5065,22,48000,RENT,7,0,0,1,0,0,0,0,1,0,B,5000,11.12,0,0.1,0,2
5079,25,48000,RENT,3,0,0,1,0,0,0,0,1,0,A,5000,9.63,0,0.1,0,3
5108,24,56000,RENT,6,0,0,1,0,0,0,0,1,0,A,9000,7.29,0,0.16,0,2
5110,23,57000,RENT,1,0,0,1,0,0,0,0,1,0,A,9000,7.14,0,0.16,0,2
5127,22,60000,RENT,5,0,0,1,0,0,0,0,1,0,A,9000,5.99,0,0.15,0,4
5145,23,61041,RENT,7,0,0,1,0,0,0,0,1,0,B,9000,11.36,0,0.15,0,2
5147,25,62604,RENT,2,0,0,1,0,0,0,0,1,0,A,9000,,0,0.14,0,3
5163,23,69000,RENT,7,0,0,1,0,0,0,0,1,0,B,9000,11.49,0,0.13,0,2
5173,26,74000,RENT,3,0,0,1,0,0,0,0,1,0,B,9000,10,0,0.12,0,3
5188,23,80400,RENT,4,0,0,1,0,0,0,0,1,0,A,9000,7.51,0,0.11,0,2
5213,25,100500,RENT,5,0,0,1,0,0,0,0,1,0,B,9000,,0,0.09,0,4
5238,26,21312,RENT,0,0,0,1,0,0,0,0,1,0,B,8875,10.59,1,0.42,0,2
5243,26,24500,RENT,4,0,0,1,0,0,0,0,1,0,B,8875,10,1,0.36,0,2
5246,24,28800,RENT,2,0,0,1,0,0,0,0,1,0,B,8875,,1,0.31,0,2
5251,24,62000,RENT,8,0,0,1,0,0,0,0,1,0,A,8850,6.62,0,0.14,0,3
5256,22,48000,RENT,7,0,0,1,0,0,0,0,1,0,A,8800,6.62,0,0.18,0,4
5280,25,50000,RENT,0,0,0,1,0,0,0,0,1,0,A,5000,,0,0.1,0,2
5285,24,50004,RENT,5,0,0,1,0,0,0,0,1,0,A,5000,7.14,0,0.1,0,3
5292,24,50793,RENT,6,0,0,1,0,0,0,0,1,0,A,5000,6.62,0,0.1,0,4
5300,22,21000,RENT,1,0,0,1,0,0,0,0,1,0,A,8500,7.51,1,0.4,0,4
5302,24,24000,RENT,1,0,0,1,0,0,0,0,1,0,A,8500,7.9,1,0.35,0,3
5373,22,46968,RENT,1,0,0,1,0,0,0,0,1,0,C,8500,,1,0.18,0,4
5379,26,59000,RENT,2,0,0,1,0,0,0,0,1,0,B,8500,11.83,0,0.14,0,4
5388,23,66200,RENT,5,0,0,1,0,0,0,0,1,0,A,8500,,0,0.13,0,2
5401,26,52000,RENT,5,0,0,1,0,0,0,0,1,0,B,5000,10.59,0,0.1,0,3
5402,23,52000,RENT,1,0,0,1,0,0,0,0,1,0,A,5000,7.49,0,0.1,0,3
5405,24,52728,RENT,4,0,0,1,0,0,0,0,1,0,A,5000,7.74,0,0.09,0,4
5414,26,53500,RENT,1,0,0,1,0,0,0,0,1,0,B,5000,12.18,0,0.09,0,3
5417,25,54000,RENT,5,0,0,1,0,0,0,0,1,0,B,5000,12.21,0,0.09,0,4
5420,23,54860,RENT,0,0,0,1,0,0,0,0,1,0,C,5000,14.17,0,0.09,0,4
5433,24,56000,RENT,8,0,0,1,0,0,0,0,1,0,C,5000,14.27,0,0.09,0,4
5434,26,56000,RENT,7,0,0,1,0,0,0,0,1,0,A,5000,7.91,0,0.09,0,2
5449,22,58000,RENT,4,0,0,1,0,0,0,0,1,0,C,5000,13.85,0,0.09,0,2
5453,23,58000,RENT,4,0,0,1,0,0,0,0,1,0,C,5000,13.16,0,0.09,0,3
5467,21,59800,RENT,5,0,0,1,0,0,0,0,1,0,B,5000,11.36,0,0.08,0,3
5487,26,60000,RENT,0,0,0,1,0,0,0,0,1,0,A,5000,7.14,0,0.08,0,2
5491,22,60000,RENT,3,0,0,1,0,0,0,0,1,0,C,5000,14.22,0,0.08,0,4
5514,21,64424,RENT,3,0,0,1,0,0,0,0,1,0,A,5000,6.03,0,0.08,0,4
5519,26,65000,RENT,0,0,0,1,0,0,0,0,1,0,A,5000,5.99,0,0.08,0,3
5553,23,67596,RENT,2,0,0,1,0,0,0,0,1,0,B,5000,11.86,0,0.07,0,4
5557,22,68000,RENT,7,0,0,1,0,0,0,0,1,0,B,5000,9.99,0,0.07,0,3
5575,22,72000,RENT,6,0,0,1,0,0,0,0,1,0,D,5000,,0,0.07,0,3
5586,23,69000,RENT,4,0,0,1,0,0,0,0,1,0,A,5000,7.49,1,0.07,0,2
5613,23,80000,RENT,6,0,0,1,0,0,0,0,1,0,A,5000,5.42,0,0.06,0,2
5655,23,86004,RENT,0,0,0,1,0,0,0,0,1,0,D,5000,14.84,1,0.06,0,2
5662,23,100000,RENT,5,0,0,1,0,0,0,0,1,0,A,5000,8.49,0,0.05,0,3
5666,22,102240,RENT,6,0,0,1,0,0,0,0,1,0,E,5000,19.03,0,0.05,0,3
5673,25,106000,RENT,4,0,0,1,0,0,0,0,1,0,B,5000,,0,0.05,0,4
5693,25,120000,RENT,6,0,0,1,0,0,0,0,1,0,C,5000,13.79,0,0.04,0,3
5740,21,22000,RENT,,0,0,1,0,0,0,0,1,0,B,5325,12.42,1,0.24,0,3
5755,26,30000,RENT,3,0,0,1,0,0,0,0,1,0,B,5400,10,0,0.18,0,4
5756,22,32000,RENT,1,0,0,1,0,0,0,0,1,0,D,5400,16.29,1,0.17,0,2
5757,26,33600,RENT,0,0,0,1,0,0,0,0,1,0,A,5400,,0,0.16,0,4
5758,23,35000,RENT,7,0,0,1,0,0,0,0,1,0,B,5400,10.59,0,0.15,0,2
5792,25,18000,RENT,1,0,0,1,0,0,0,0,1,0,B,5500,11.71,1,0.31,0,2
5808,22,23004,RENT,3,0,0,1,0,0,0,0,1,0,A,5500,5.79,0,0.24,0,3
5812,23,24000,RENT,0,0,0,1,0,0,0,0,1,0,C,5500,13.99,0,0.23,0,4
5815,23,25000,RENT,0,0,0,1,0,0,0,0,1,0,A,5500,9.32,0,0.22,0,4
5824,22,30000,RENT,2,0,0,1,0,0,0,0,1,0,B,5500,11.86,0,0.18,0,3
5825,22,30000,RENT,1,0,0,1,0,0,0,0,1,0,B,5500,12.53,0,0.18,0,4
5830,24,33000,RENT,3,0,0,1,0,0,0,0,1,0,B,5500,11.11,0,0.17,0,4
5847,26,36000,RENT,2,0,0,1,0,0,0,0,1,0,B,5500,10.65,0,0.15,0,2
5850,24,37000,RENT,3,0,0,1,0,0,0,0,1,0,B,5500,9.2,0,0.15,0,2
5853,22,38500,RENT,0,0,0,1,0,0,0,0,1,0,A,5500,7.74,0,0.14,0,2
5872,21,44000,RENT,0,0,0,1,0,0,0,0,1,0,D,5500,15.28,1,0.13,0,3
5881,23,55000,RENT,0,0,0,1,0,0,0,0,1,0,B,5500,11.71,0,0.1,0,4
5894,26,62400,RENT,0,0,0,1,0,0,0,0,1,0,B,5500,9.76,0,0.09,0,4
5899,24,72996,RENT,2,0,0,1,0,0,0,0,1,0,B,5500,11.49,0,0.08,0,3
5905,24,22000,RENT,0,0,0,1,0,0,0,0,1,0,C,5550,12.41,1,0.25,0,3
5910,24,20485,RENT,,0,0,1,0,0,0,0,1,0,A,5575,7.9,0,0.27,0,4
5912,25,28800,RENT,5,0,0,1,0,0,0,0,1,0,A,5575,6.62,0,0.19,0,4
5932,21,30000,RENT,1,0,0,1,0,0,0,0,1,0,D,5600,14.46,1,0.19,0,2
5943,25,29004,RENT,0,0,0,1,0,0,0,0,1,0,C,5600,13.79,1,0.19,0,4
5958,25,40800,RENT,9,0,0,1,0,0,0,0,1,0,D,5600,16.77,0,0.14,0,3
5970,24,48000,RENT,7,0,0,1,0,0,0,0,1,0,B,5600,10.62,0,0.12,0,2
5975,26,51000,RENT,5,0,0,1,0,0,0,0,1,0,A,5600,7.49,0,0.11,0,2
5983,21,55692,RENT,5,0,0,1,0,0,0,0,1,0,A,5600,6.62,0,0.1,0,2
5990,22,60000,RENT,6,0,0,1,0,0,0,0,1,0,B,5600,10.65,0,0.09,0,4
5991,23,60000,RENT,1,0,0,1,0,0,0,0,1,0,A,5600,7.29,0,0.09,0,2
5999,24,60500,RENT,2,0,0,1,0,0,0,0,1,0,D,5600,14.91,1,0.09,0,3
6010,22,70000,RENT,3,0,0,1,0,0,0,0,1,0,B,5600,11.14,0,0.08,0,3
6051,23,30900,RENT,1,0,0,1,0,0,0,0,1,0,A,5775,9.63,1,0.19,0,4
6074,23,12000,RENT,0,0,0,1,0,0,0,0,1,0,A,5825,6.62,1,0.49,0,4
6089,24,23000,RENT,4,0,0,1,0,0,0,0,1,0,A,5900,9.63,0,0.26,0,4
6091,26,36800,RENT,0,0,0,1,0,0,0,0,1,0,B,5900,10.71,0,0.16,0,3
6113,24,18000,RENT,8,0,0,1,0,0,0,0,1,0,B,6000,12.21,1,0.33,0,2
6124,21,19200,RENT,0,0,0,1,0,0,0,0,1,0,B,6000,9.88,1,0.31,0,2
6150,22,23631,RENT,,0,0,1,0,0,0,0,1,0,B,6000,,0,0.25,0,3
6173,25,25000,RENT,2,0,0,1,0,0,0,0,1,0,B,6000,,0,0.24,0,2
6193,26,26400,RENT,6,0,0,1,0,0,0,0,1,0,B,6000,10.65,0,0.23,0,2
6197,25,26500,RENT,9,0,0,1,0,0,0,0,1,0,B,6000,12.42,0,0.23,0,3
6207,25,27040,RENT,2,0,0,1,0,0,0,0,1,0,A,6000,7.9,0,0.22,0,2
6214,25,28000,RENT,2,0,0,1,0,0,0,0,1,0,B,6000,10.59,1,0.21,0,4
6215,23,28000,RENT,5,0,0,1,0,0,0,0,1,0,B,6000,9.63,0,0.21,0,4
6229,23,29000,RENT,7,0,0,1,0,0,0,0,1,0,C,6000,13.61,0,0.21,0,4
6246,22,30000,RENT,2,0,0,1,0,0,0,0,1,0,B,6000,12.42,0,0.2,0,4
6256,22,30000,RENT,4,0,0,1,0,0,0,0,1,0,B,6000,10.99,1,0.2,0,2
6259,22,30000,RENT,3,0,0,1,0,0,0,0,1,0,B,6000,10.37,0,0.2,0,2
6288,24,32004,RENT,2,0,0,1,0,0,0,0,1,0,D,6000,14.84,1,0.19,0,4
6291,22,32496,RENT,4,0,0,1,0,0,0,0,1,0,C,6000,13.04,0,0.18,0,4
6295,22,33000,RENT,6,0,0,1,0,0,0,0,1,0,C,6000,13.85,0,0.18,0,4
6305,24,34000,RENT,0,0,0,1,0,0,0,0,1,0,A,6000,8.9,0,0.18,0,4
6310,22,34039,RENT,,0,0,1,0,0,0,0,1,0,A,6000,7.9,0,0.18,0,2
6321,26,29004,RENT,1,0,0,1,0,0,0,0,1,0,D,6000,14.11,1,0.21,0,4
6333,22,29916,RENT,1,0,0,1,0,0,0,0,1,0,D,6000,15.65,1,0.2,0,2
6360,23,36000,RENT,7,0,0,1,0,0,0,0,1,0,A,6000,7.51,0,0.17,0,3
6391,24,37200,RENT,2,0,0,1,0,0,0,0,1,0,B,6000,9.99,0,0.16,0,3
6397,25,38000,RENT,8,0,0,1,0,0,0,0,1,0,A,6000,6.99,0,0.16,0,4
6438,25,40000,RENT,5,0,0,1,0,0,0,0,1,0,A,6000,7.88,0,0.15,0,4
6445,22,34000,RENT,4,0,0,1,0,0,0,0,1,0,A,6000,,1,0.18,0,2
6446,23,40000,RENT,1,0,0,1,0,0,0,0,1,0,A,6000,7.68,0,0.15,0,2
6513,22,45000,RENT,0,0,0,1,0,0,0,0,1,0,C,6000,13.23,0,0.13,0,4
6520,24,45000,RENT,8,0,0,1,0,0,0,0,1,0,B,6000,,0,0.13,0,3
6526,26,39600,RENT,3,0,0,1,0,0,0,0,1,0,B,6000,12.42,1,0.15,0,3
6545,24,47000,RENT,3,0,0,1,0,0,0,0,1,0,A,6000,7.66,0,0.13,0,2
6561,25,48000,RENT,2,0,0,1,0,0,0,0,1,0,B,6000,10.37,0,0.13,0,4
6577,23,42000,RENT,2,0,0,1,0,0,0,0,1,0,C,6000,12.41,1,0.14,0,4
6581,22,48996,RENT,6,0,0,1,0,0,0,0,1,0,B,6000,,0,0.12,0,2
6586,23,49152,RENT,2,0,0,1,0,0,0,0,1,0,A,6000,7.9,0,0.12,0,3
6594,24,50000,RENT,0,0,0,1,0,0,0,0,1,0,A,6000,7.49,0,0.12,0,4
6603,26,50000,RENT,4,0,0,1,0,0,0,0,1,0,B,6000,,0,0.12,0,3
6613,23,50000,RENT,5,0,0,1,0,0,0,0,1,0,B,6000,11.48,0,0.12,0,3
6617,22,50000,RENT,6,0,0,1,0,0,0,0,1,0,B,6000,11.89,0,0.12,0,2
6649,22,54000,RENT,6,0,0,1,0,0,0,0,1,0,C,6000,12.98,0,0.11,0,3
6651,26,48000,RENT,0,0,0,1,0,0,0,0,1,0,E,6000,16.45,1,0.13,0,4
6695,25,57000,RENT,5,0,0,1,0,0,0,0,1,0,A,6000,8,0,0.11,0,3
6696,22,58000,RENT,2,0,0,1,0,0,0,0,1,0,A,6000,6.92,0,0.1,0,4
6750,23,25000,RENT,1,0,0,1,0,0,0,0,1,0,A,7100,7.9,0,0.28,0,2
6767,23,18000,RENT,1,0,0,1,0,0,0,0,1,0,A,7000,7.88,1,0.39,0,4
6791,26,24000,RENT,2,0,0,1,0,0,0,0,1,0,C,7000,12.99,0,0.29,0,3
6792,24,24000,RENT,0,0,0,1,0,0,0,0,1,0,D,7000,15.62,1,0.29,0,2
6802,22,63000,RENT,6,0,0,1,0,0,0,0,1,0,B,6000,11.49,0,0.1,0,2
6819,21,65004,RENT,5,0,0,1,0,0,0,0,1,0,A,6000,7.68,0,0.09,0,3
6827,26,62065,RENT,7,0,0,1,0,0,0,0,1,0,B,6000,11.12,1,0.1,0,3
6839,26,69780,RENT,3,0,0,1,0,0,0,0,1,0,A,6000,9.32,0,0.09,0,3
6841,26,70000,RENT,3,0,0,1,0,0,0,0,1,0,A,6000,8.49,0,0.09,0,4
6886,23,75000,RENT,1,0,0,1,0,0,0,0,1,0,A,6000,6.03,0,0.08,0,4
6898,25,78000,RENT,1,0,0,1,0,0,0,0,1,0,A,6000,9.63,0,0.08,0,4
6913,25,82000,RENT,0,0,0,1,0,0,0,0,1,0,B,6000,9.91,0,0.07,0,2
6941,26,78000,RENT,5,0,0,1,0,0,0,0,1,0,C,6000,12.68,1,0.08,0,2
6947,23,90000,RENT,3,0,0,1,0,0,0,0,1,0,B,6000,10.25,0,0.07,0,3
6950,26,81000,RENT,10,0,0,1,0,0,0,0,1,0,A,6000,7.51,1,0.07,0,2
6961,25,100000,RENT,0,0,0,1,0,0,0,0,1,0,A,6000,5.42,0,0.06,0,4
6974,24,110000,RENT,0,0,0,1,0,0,0,0,1,0,B,6000,,0,0.05,0,4
6978,24,120000,RENT,0,0,0,1,0,0,0,0,1,0,B,6000,10.99,0,0.05,0,3
7008,23,42500,RENT,1,0,0,1,0,0,0,0,1,0,C,6200,13.92,0,0.15,0,2
7018,23,56000,RENT,4,0,0,1,0,0,0,0,1,0,A,6200,8.49,0,0.11,0,2
7023,23,65000,RENT,8,0,0,1,0,0,0,0,1,0,A,6200,,0,0.1,0,2
7029,22,72000,RENT,4,0,0,1,0,0,0,0,1,0,A,6200,5.99,0,0.09,0,2
7032,21,63250,RENT,2,0,0,1,0,0,0,0,1,0,B,6225,10.99,0,0.1,0,4
7064,26,56000,RENT,4,0,0,1,0,0,0,0,1,0,A,7000,9.07,0,0.13,0,3
7073,22,60000,RENT,1,0,0,1,0,0,0,0,1,0,C,7000,14.65,0,0.12,0,2
7093,22,54000,RENT,2,0,0,1,0,0,0,0,1,0,D,7000,14.96,1,0.13,0,3
7103,23,62000,RENT,5,0,0,1,0,0,0,0,1,0,B,7000,9.91,0,0.11,0,4
7116,25,64800,RENT,1,0,0,1,0,0,0,0,1,0,C,7000,12.73,0,0.11,0,2
7162,26,72000,RENT,8,0,0,1,0,0,0,0,1,0,A,7000,9.32,0,0.1,0,2
7167,23,75000,RENT,2,0,0,1,0,0,0,0,1,0,B,7000,6,0,0.09,0,3
7174,23,75800,RENT,0,0,0,1,0,0,0,0,1,0,A,7000,6.54,0,0.09,0,2
7179,24,79000,RENT,3,0,0,1,0,0,0,0,1,0,C,7000,12.54,0,0.09,0,3
7182,22,80000,RENT,4,0,0,1,0,0,0,0,1,0,A,7000,7.51,0,0.09,0,2
7189,23,76000,RENT,0,0,0,1,0,0,0,0,1,0,D,7000,14.96,1,0.09,0,4
7220,22,90000,RENT,2,0,0,1,0,0,0,0,1,0,B,7000,8.88,0,0.08,0,3
7224,25,90000,RENT,3,0,0,1,0,0,0,0,1,0,C,7000,13.16,0,0.08,0,2
7229,26,99100,RENT,2,0,0,1,0,0,0,0,1,0,A,7000,7.49,0,0.07,0,3
7244,23,120000,RENT,1,0,0,1,0,0,0,0,1,0,B,7000,10.75,0,0.06,0,2
7254,26,37000,RENT,10,0,0,1,0,0,0,0,1,0,B,6300,10.99,0,0.17,0,3
7266,26,55000,RENT,5,0,0,1,0,0,0,0,1,0,B,6325,10.65,0,0.12,0,4
7305,22,32200,RENT,5,0,0,1,0,0,0,0,1,0,B,6500,11.83,0,0.2,0,2
7312,22,36000,RENT,0,0,0,1,0,0,0,0,1,0,C,6500,,0,0.18,0,3
7332,23,42000,RENT,2,0,0,1,0,0,0,0,1,0,B,6500,10.37,0,0.15,0,3
7352,22,60000,RENT,3,0,0,1,0,0,0,0,1,0,B,6500,9.25,0,0.11,0,2
7378,23,92000,RENT,0,0,0,1,0,0,0,0,1,0,A,6500,8,0,0.07,0,2
7380,24,95000,RENT,8,0,0,1,0,0,0,0,1,0,A,6500,8.49,0,0.07,0,2
7416,22,60000,RENT,4,0,0,1,0,0,0,0,1,0,B,6600,10.99,0,0.11,0,2
7441,22,72321,RENT,6,0,0,1,0,0,0,0,1,0,B,6650,,0,0.09,0,4
7451,22,72204,RENT,2,0,0,1,0,0,0,0,1,0,C,6700,13.47,0,0.09,0,3
7472,22,37000,RENT,6,0,0,1,0,0,0,0,1,0,A,6800,7.14,0,0.18,0,2
7477,24,38112,RENT,2,0,0,1,0,0,0,0,1,0,A,6800,7.68,0,0.18,0,3
7480,21,45000,RENT,1,0,0,1,0,0,0,0,1,0,A,6800,5.79,0,0.15,0,3
7494,23,48000,RENT,0,0,0,1,0,0,0,0,1,0,A,6800,6.54,1,0.14,0,4
7499,22,65700,RENT,7,0,0,1,0,0,0,0,1,0,B,6800,10.37,0,0.1,0,3
7511,25,53000,RENT,1,0,0,1,0,0,0,0,1,0,B,6475,10.59,0,0.12,0,4
7512,23,80000,RENT,4,0,0,1,0,0,0,0,1,0,A,6475,6.99,1,0.08,0,3
7520,21,20000,RENT,4,0,0,1,0,0,0,0,1,0,B,6400,10.99,1,0.32,0,3
7565,26,37850,RENT,1,0,0,1,0,0,0,0,1,0,B,6400,9.88,0,0.17,0,2
7571,24,39500,RENT,0,0,0,1,0,0,0,0,1,0,B,6400,10.36,0,0.16,0,2
7602,22,62502,RENT,3,0,0,1,0,0,0,0,1,0,B,6400,11.71,0,0.1,0,3
7610,21,70000,RENT,4,0,0,1,0,0,0,0,1,0,D,6400,17.49,0,0.09,0,4
7682,23,27000,RENT,4,0,0,1,0,0,0,0,1,0,C,7000,13.79,0,0.26,0,2
7704,21,30000,RENT,2,0,0,1,0,0,0,0,1,0,B,7000,10.99,1,0.23,0,2
7747,23,34482,RENT,7,0,0,1,0,0,0,0,1,0,B,7000,10.99,0,0.2,0,4
7757,24,35000,RENT,9,0,0,1,0,0,0,0,1,0,A,7000,5.99,0,0.2,0,2
7762,25,35000,RENT,2,0,0,1,0,0,0,0,1,0,A,7000,8.94,0,0.2,0,3
7779,26,36120,RENT,0,0,0,1,0,0,0,0,1,0,C,7000,14.22,0,0.19,0,4
7781,24,37000,RENT,2,0,0,1,0,0,0,0,1,0,B,7000,9.99,0,0.19,0,2
7784,22,37000,RENT,0,0,0,1,0,0,0,0,1,0,B,7000,10.95,0,0.19,0,4
7791,23,37500,RENT,5,0,0,1,0,0,0,0,1,0,B,7000,12.69,0,0.19,0,4
7799,22,39996,RENT,3,0,0,1,0,0,0,0,1,0,B,7000,9.63,0,0.18,0,4
7873,22,39000,RENT,2,0,0,1,0,0,0,0,1,0,A,7000,8.9,1,0.18,0,3
7890,24,39000,RENT,8,0,0,1,0,0,0,0,1,0,D,7000,14.42,1,0.18,0,4
7938,26,50026,RENT,3,0,0,1,0,0,0,0,1,0,A,7000,,0,0.14,0,4
7955,22,52800,RENT,3,0,0,1,0,0,0,0,1,0,D,7000,17.58,0,0.13,0,3
7996,23,27600,RENT,2,0,0,1,0,0,0,0,1,0,B,7200,9.99,0,0.26,0,2
8022,25,35004,RENT,0,0,0,1,0,0,0,0,1,0,B,7200,9.99,0,0.21,0,4
8034,22,40000,RENT,3,0,0,1,0,0,0,0,1,0,E,7200,18.79,0,0.18,0,3
8049,21,45000,RENT,3,0,0,1,0,0,0,0,1,0,A,7200,9.38,0,0.16,0,4
8054,23,48000,RENT,7,0,0,1,0,0,0,0,1,0,B,7200,11.71,0,0.15,0,2
8056,22,48000,RENT,7,0,0,1,0,0,0,0,1,0,B,7200,12.69,0,0.15,0,2
8067,25,50000,RENT,2,0,0,1,0,0,0,0,1,0,A,7200,8.49,0,0.14,0,2
8082,25,49700,RENT,2,0,0,1,0,0,0,0,1,0,B,7200,10.38,1,0.14,0,2
8123,25,73000,RENT,2,0,0,1,0,0,0,0,1,0,D,7200,14.96,1,0.1,0,3
8135,23,105000,RENT,7,0,0,1,0,0,0,0,1,0,B,7200,11.71,0,0.07,0,4
8194,23,21360,RENT,0,0,0,1,0,0,0,0,1,0,A,7500,7.14,1,0.35,0,3
8200,22,25000,RENT,0,0,0,1,0,0,0,0,1,0,A,7500,7.51,0,0.3,0,4
8203,26,26000,RENT,2,0,0,1,0,0,0,0,1,0,B,7500,12.18,0,0.29,0,2
8215,26,30000,RENT,1,0,0,1,0,0,0,0,1,0,E,7500,14.75,1,0.25,0,3
8219,22,31200,RENT,3,0,0,1,0,0,0,0,1,0,B,7500,9.91,0,0.24,0,4
8233,23,34780,RENT,5,0,0,1,0,0,0,0,1,0,D,7500,12.61,0,0.22,0,4
8240,26,30320,RENT,2,0,0,1,0,0,0,0,1,0,B,7500,12.18,1,0.25,0,3
8247,25,37676,RENT,6,0,0,1,0,0,0,0,1,0,A,7500,8.32,0,0.2,0,4
8248,22,38000,RENT,5,0,0,1,0,0,0,0,1,0,A,7500,5.79,0,0.2,0,4
8254,22,39996,RENT,0,0,0,1,0,0,0,0,1,0,B,7500,11.86,0,0.19,0,3
8259,24,40000,RENT,1,0,0,1,0,0,0,0,1,0,A,7500,5.79,0,0.19,0,4
8276,23,42000,RENT,1,0,0,1,0,0,0,0,1,0,B,7500,10.33,0,0.18,0,4
8282,22,44000,RENT,0,0,0,1,0,0,0,0,1,0,A,7500,8.32,0,0.17,0,3
8312,22,49000,RENT,7,0,0,1,0,0,0,0,1,0,A,7500,6.62,0,0.15,0,3
8316,25,50000,RENT,3,0,0,1,0,0,0,0,1,0,B,7500,10.99,0,0.15,0,2
8326,22,50000,RENT,1,0,0,1,0,0,0,0,1,0,A,7500,8.32,0,0.15,0,4
8333,22,51000,RENT,6,0,0,1,0,0,0,0,1,0,A,7500,5.99,0,0.15,0,2
8367,23,60000,RENT,4,0,0,1,0,0,0,0,1,0,A,7500,7.66,0,0.13,0,2
8371,22,60000,RENT,3,0,0,1,0,0,0,0,1,0,A,7500,6.17,0,0.13,0,3
8389,24,68000,RENT,0,0,0,1,0,0,0,0,1,0,B,7500,11.99,0,0.11,0,2
8476,25,24000,RENT,6,0,0,1,0,0,0,0,1,0,A,7700,8.9,1,0.32,0,3
8504,22,48000,RENT,1,0,0,1,0,0,0,0,1,0,A,7750,7.74,0,0.16,0,2
8506,25,100000,RENT,9,0,0,1,0,0,0,0,1,0,B,7750,9.99,1,0.08,0,4
8510,23,33000,RENT,0,0,0,1,0,0,0,0,1,0,B,7800,10.95,1,0.24,0,2
8511,24,33600,RENT,1,0,0,1,0,0,0,0,1,0,D,7800,16.49,1,0.23,0,4
8529,24,45000,RENT,3,0,0,1,0,0,0,0,1,0,A,7800,7.51,0,0.17,0,3
8543,22,32000,RENT,0,0,0,1,0,0,0,0,1,0,D,7875,14.91,1,0.25,0,2
8598,23,24000,RENT,7,0,0,1,0,0,0,0,1,0,A,8000,7.29,1,0.33,0,2
8653,26,30000,RENT,5,0,0,1,0,0,0,0,1,0,C,8000,12.99,0,0.27,0,2
8659,24,30000,RENT,8,0,0,1,0,0,0,0,1,0,B,8000,9.25,0,0.27,0,2
8668,25,30000,RENT,5,0,0,1,0,0,0,0,1,0,C,8000,12.87,0,0.27,0,4
8673,22,30000,RENT,0,0,0,1,0,0,0,0,1,0,A,8000,9.32,0,0.27,0,4
8676,23,30188,RENT,3,0,0,1,0,0,0,0,1,0,C,8000,14.65,0,0.27,0,2
8710,26,35000,RENT,10,0,0,1,0,0,0,0,1,0,D,8000,,0,0.23,0,3
8769,23,38000,RENT,5,0,0,1,0,0,0,0,1,0,B,8000,10.65,0,0.21,0,3
8791,22,39860,RENT,6,0,0,1,0,0,0,0,1,0,B,8000,11.11,0,0.2,0,3
8792,22,39996,RENT,2,0,0,1,0,0,0,0,1,0,A,8000,7.14,0,0.2,0,4
8795,23,33996,RENT,7,0,0,1,0,0,0,0,1,0,B,8000,10.95,1,0.24,0,3
8808,24,40000,RENT,2,0,0,1,0,0,0,0,1,0,A,8000,6.17,0,0.2,0,2
8836,24,36000,RENT,1,0,0,1,0,0,0,0,1,0,B,8000,12.12,1,0.22,0,4
8841,24,36000,RENT,6,0,0,1,0,0,0,0,1,0,D,8000,15.28,1,0.22,0,3
8854,24,36816,RENT,0,0,0,1,0,0,0,0,1,0,B,8000,10.65,1,0.22,0,4
8856,23,42996,RENT,3,0,0,1,0,0,0,0,1,0,B,8000,11.11,0,0.19,0,2
8869,26,44000,RENT,10,0,0,1,0,0,0,0,1,0,C,8000,13.8,0,0.18,0,3
8878,25,45000,RENT,4,0,0,1,0,0,0,0,1,0,B,8000,10.38,0,0.18,0,3
8892,23,45286,RENT,5,0,0,1,0,0,0,0,1,0,A,8000,7.29,0,0.18,0,4
8902,23,46330,RENT,0,0,0,1,0,0,0,0,1,0,B,8000,10.65,0,0.17,0,4
8905,26,47000,RENT,0,0,0,1,0,0,0,0,1,0,B,8000,10,0,0.17,0,4
8930,25,48000,RENT,2,0,0,1,0,0,0,0,1,0,C,8000,13.11,0,0.17,0,4
8938,24,50000,RENT,8,0,0,1,0,0,0,0,1,0,C,8000,15.96,0,0.16,0,3
8964,22,50000,RENT,2,0,0,1,0,0,0,0,1,0,B,8000,12.18,0,0.16,0,4
8986,26,46000,RENT,3,0,0,1,0,0,0,0,1,0,D,8000,14.42,1,0.17,0,2
9014,23,55000,RENT,2,0,0,1,0,0,0,0,1,0,B,8000,10.65,0,0.15,0,2
9016,22,55000,RENT,6,0,0,1,0,0,0,0,1,0,B,8000,11.71,0,0.15,0,3
9067,25,60000,RENT,6,0,0,1,0,0,0,0,1,0,B,8000,9.63,0,0.13,0,3
9088,22,60000,RENT,6,0,0,1,0,0,0,0,1,0,B,8000,11.14,0,0.13,0,3
9091,23,54780,RENT,,0,0,1,0,0,0,0,1,0,B,8000,10.65,1,0.15,0,4
9095,22,55000,RENT,5,0,0,1,0,0,0,0,1,0,D,8000,15.31,1,0.15,0,4
9106,24,54000,RENT,7,0,0,1,0,0,0,0,1,0,B,5200,10.37,1,0.1,0,3
9111,25,65000,RENT,0,0,0,1,0,0,0,0,1,0,B,5200,9.99,0,0.08,0,3
9131,26,56000,RENT,1,0,0,1,0,0,0,0,1,0,A,5100,8,0,0.09,0,4
9134,25,33600,RENT,5,0,0,1,0,0,0,0,1,0,A,5075,5.79,0,0.15,0,2
9141,22,74000,RENT,4,0,0,1,0,0,0,0,1,0,A,5050,5.42,0,0.07,0,3
9170,26,16120,RENT,2,0,0,1,0,0,0,0,1,0,B,5000,11.58,1,0.31,0,3
9209,22,20400,RENT,,0,0,1,0,0,0,0,1,0,B,5000,12.42,0,0.25,0,2
9213,26,21000,RENT,3,0,0,1,0,0,0,0,1,0,A,5000,6.99,0,0.24,0,3
9217,24,21120,RENT,3,0,0,1,0,0,0,0,1,0,B,5000,11.71,1,0.24,0,2
9229,25,22000,RENT,3,0,0,1,0,0,0,0,1,0,E,5000,16.32,1,0.23,0,3
9242,23,24000,RENT,4,0,0,1,0,0,0,0,1,0,A,5000,6.62,0,0.21,0,4
9257,23,24000,RENT,5,0,0,1,0,0,0,0,1,0,B,5000,10.75,0,0.21,0,3
9260,22,24000,RENT,2,0,0,1,0,0,0,0,1,0,A,5000,8.94,0,0.21,0,3
9261,22,24044,RENT,2,0,0,1,0,0,0,0,1,0,A,5000,8.9,0,0.21,0,3
9288,22,26000,RENT,6,0,0,1,0,0,0,0,1,0,B,5000,11.99,0,0.19,0,2
9319,22,62000,RENT,6,0,0,1,0,0,0,0,1,0,A,8000,5.42,0,0.13,0,3
9323,26,62000,RENT,7,0,0,1,0,0,0,0,1,0,C,8000,12.99,0,0.13,0,4
9346,26,65000,RENT,4,0,0,1,0,0,0,0,1,0,A,8000,6.92,0,0.12,0,4
9348,24,65000,RENT,5,0,0,1,0,0,0,0,1,0,B,8000,9.63,0,0.12,0,3
9360,23,65000,RENT,6,0,0,1,0,0,0,0,1,0,A,8000,9.32,0,0.12,0,3
9366,24,65004,RENT,4,0,0,1,0,0,0,0,1,0,A,8000,8.49,0,0.12,0,2
9395,22,64000,RENT,0,0,0,1,0,0,0,0,1,0,D,8000,14.84,1,0.13,0,2
9397,25,70000,RENT,3,0,0,1,0,0,0,0,1,0,C,8000,14.26,0,0.11,0,4
9427,23,75000,RENT,5,0,0,1,0,0,0,0,1,0,C,8000,13.79,0,0.11,0,3
9431,23,75638,RENT,2,0,0,1,0,0,0,0,1,0,A,8000,5.99,0,0.11,0,4
9432,26,76000,RENT,6,0,0,1,0,0,0,0,1,0,C,8000,13.11,0,0.11,0,3
9469,26,86502,RENT,7,0,0,1,0,0,0,0,1,0,B,8000,10.36,0,0.09,0,3
9485,22,90000,RENT,5,0,0,1,0,0,0,0,1,0,D,8000,,0,0.09,0,3
9487,22,91000,RENT,6,0,0,1,0,0,0,0,1,0,A,8000,6.92,0,0.09,0,4
9488,22,91000,RENT,2,0,0,1,0,0,0,0,1,0,B,8000,11.86,0,0.09,0,3
9494,25,95000,RENT,4,0,0,1,0,0,0,0,1,0,C,8000,15.23,0,0.08,0,4
9495,25,95000,RENT,8,0,0,1,0,0,0,0,1,0,B,8000,10.99,0,0.08,0,3
9523,24,110000,RENT,4,0,0,1,0,0,0,0,1,0,A,8000,5.99,0,0.07,0,3
9538,23,126000,RENT,0,0,0,1,0,0,0,0,1,0,C,8000,13.23,0,0.06,0,3
9557,22,54000,RENT,4,0,0,1,0,0,0,0,1,0,C,8075,13.06,0,0.15,0,3
9584,21,33000,RENT,4,0,0,1,0,0,0,0,1,0,B,8250,,0,0.25,0,2
9600,26,31200,RENT,4,0,0,1,0,0,0,0,1,0,C,8325,13.49,0,0.27,0,3
9614,25,34000,RENT,8,0,0,1,0,0,0,0,1,0,D,8400,,0,0.25,0,4
9639,23,39000,RENT,5,0,0,1,0,0,0,0,1,0,C,8400,13.79,1,0.22,0,2
9676,24,60000,RENT,7,0,0,1,0,0,0,0,1,0,A,8400,6.17,0,0.14,0,3
9689,23,61000,RENT,2,0,0,1,0,0,0,0,1,0,D,8400,14.84,1,0.14,0,2
9691,26,68926,RENT,4,0,0,1,0,0,0,0,1,0,D,8400,17.27,0,0.12,0,2
9698,26,90000,RENT,8,0,0,1,0,0,0,0,1,0,C,8400,,0,0.09,0,2
9764,22,23900,RENT,0,0,0,1,0,0,0,0,1,0,B,9000,,1,0.38,0,2
9780,23,26976,RENT,4,0,0,1,0,0,0,0,1,0,A,9000,7.51,1,0.33,0,4
9793,24,31200,RENT,7,0,0,1,0,0,0,0,1,0,B,9000,10.38,0,0.29,0,4
9803,25,33000,RENT,3,0,0,1,0,0,0,0,1,0,A,9000,5.79,0,0.27,0,3
9805,21,33600,RENT,5,0,0,1,0,0,0,0,1,0,B,9000,11.86,1,0.27,0,4
9806,22,33600,RENT,6,0,0,1,0,0,0,0,1,0,D,9000,,1,0.27,0,4
9848,23,39600,RENT,7,0,0,1,0,0,0,0,1,0,B,9000,11.99,0,0.23,0,3
9859,25,40000,RENT,1,0,0,1,0,0,0,0,1,0,C,9000,12.53,0,0.23,0,2
9875,26,42600,RENT,3,0,0,1,0,0,0,0,1,0,D,9000,14.96,0,0.21,0,2
9887,25,44640,RENT,4,0,0,1,0,0,0,0,1,0,B,9000,10.65,0,0.2,0,4
9890,22,45000,RENT,7,0,0,1,0,0,0,0,1,0,A,9000,7.9,0,0.2,0,3
9908,26,46000,RENT,4,0,0,1,0,0,0,0,1,0,A,9000,7.14,0,0.2,0,3
9909,24,46000,RENT,4,0,0,1,0,0,0,0,1,0,C,9000,13.22,0,0.2,0,3
9910,23,46200,RENT,5,0,0,1,0,0,0,0,1,0,B,9000,9.99,0,0.19,0,3
9919,26,48000,RENT,7,0,0,1,0,0,0,0,1,0,A,9000,8.94,0,0.19,0,3
9928,23,50000,RENT,7,0,0,1,0,0,0,0,1,0,B,9000,12.18,0,0.18,0,4
9986,22,22800,RENT,,0,0,1,0,0,0,0,1,0,B,9200,9.88,1,0.4,0,2
9999,22,62000,RENT,6,0,0,1,0,0,0,0,1,0,C,9200,12.98,0,0.15,0,3
10037,21,39000,RENT,5,0,0,1,0,0,0,0,1,0,B,9250,9.91,0,0.24,0,4
10053,22,30000,RENT,1,0,0,1,0,0,0,0,1,0,B,9375,11.71,1,0.31,0,2
10071,24,33600,RENT,2,0,0,1,0,0,0,0,1,0,A,9450,7.66,1,0.28,0,2
10085,22,32000,RENT,5,0,0,1,0,0,0,0,1,0,C,9500,13.57,0,0.3,0,3
10098,26,47000,RENT,5,0,0,1,0,0,0,0,1,0,C,9500,12.87,0,0.2,0,4
10126,24,70446,RENT,1,0,0,1,0,0,0,0,1,0,A,9550,7.49,0,0.14,0,3
10133,25,24000,RENT,9,0,0,1,0,0,0,0,1,0,B,9600,11.71,1,0.4,0,4
10135,23,24000,RENT,,0,0,1,0,0,0,0,1,0,B,9600,9.99,1,0.4,0,4
10171,25,34000,RENT,7,0,0,1,0,0,0,0,1,0,D,9600,14.54,1,0.28,0,2
10217,22,54000,RENT,6,0,0,1,0,0,0,0,1,0,A,9600,7.9,0,0.18,0,4
10234,22,60000,RENT,4,0,0,1,0,0,0,0,1,0,A,9600,7.9,0,0.16,0,3
10255,24,66000,RENT,8,0,0,1,0,0,0,0,1,0,B,9600,11.26,0,0.15,0,3
10272,25,75000,RENT,8,0,0,1,0,0,0,0,1,0,B,9600,12.69,0,0.13,0,3
10273,26,75000,RENT,2,0,0,1,0,0,0,0,1,0,B,9600,10,0,0.13,0,4
10281,23,80000,RENT,2,0,0,1,0,0,0,0,1,0,A,9600,7.88,0,0.12,0,4
10287,22,81960,RENT,6,0,0,1,0,0,0,0,1,0,A,9600,7.29,0,0.12,0,2
10293,22,73000,RENT,0,0,0,1,0,0,0,0,1,0,A,9600,8.94,1,0.13,0,3
10295,23,88000,RENT,7,0,0,1,0,0,0,0,1,0,A,9600,5.79,0,0.11,0,3
10347,23,21000,RENT,3,0,0,1,0,0,0,0,1,0,B,10000,12.21,1,0.48,0,4
10357,25,23387,RENT,2,0,0,1,0,0,0,0,1,0,A,10000,7.51,1,0.43,0,4
10358,26,23624,RENT,6,0,0,1,0,0,0,0,1,0,B,10000,9.88,1,0.42,0,2
10376,23,24960,RENT,0,0,0,1,0,0,0,0,1,0,B,10000,9.64,1,0.4,0,4
10377,26,24996,RENT,2,0,0,1,0,0,0,0,1,0,B,10000,,1,0.4,0,4
10380,21,25000,RENT,1,0,0,1,0,0,0,0,1,0,A,10000,,1,0.4,0,4
10391,22,25000,RENT,0,0,0,1,0,0,0,0,1,0,A,10000,8.59,1,0.4,0,2
10403,24,26000,RENT,6,0,0,1,0,0,0,0,1,0,B,10000,10.99,1,0.38,0,4
10415,22,26400,RENT,1,0,0,1,0,0,0,0,1,0,D,10000,16.02,1,0.38,0,2
10419,22,26400,RENT,3,0,0,1,0,0,0,0,1,0,B,10000,9.88,1,0.38,0,2
10475,23,30000,RENT,3,0,0,1,0,0,0,0,1,0,B,10000,11.48,1,0.33,0,4
10481,23,30000,RENT,3,0,0,1,0,0,0,0,1,0,B,10000,11.14,1,0.33,0,2
10492,24,30000,RENT,0,0,0,1,0,0,0,0,1,0,A,10000,8.38,1,0.33,0,2
10500,22,31000,RENT,6,0,0,1,0,0,0,0,1,0,A,10000,8.9,1,0.32,0,4
10506,22,31000,RENT,4,0,0,1,0,0,0,0,1,0,A,10000,,1,0.32,0,4
10514,22,31200,RENT,5,0,0,1,0,0,0,0,1,0,C,10000,12.73,1,0.32,0,4
10519,26,32000,RENT,6,0,0,1,0,0,0,0,1,0,A,10000,6.99,1,0.31,0,3
10535,23,32580,RENT,0,0,0,1,0,0,0,0,1,0,B,10000,11.14,1,0.31,0,3
10540,26,33000,RENT,3,0,0,1,0,0,0,0,1,0,B,10000,11.71,0,0.3,0,3
10610,22,36000,RENT,,0,0,1,0,0,0,0,1,0,A,10000,6.03,0,0.28,0,3
10621,25,36000,RENT,0,0,0,1,0,0,0,0,1,0,B,10000,11.11,0,0.28,0,2
10627,25,36000,RENT,2,0,0,1,0,0,0,0,1,0,B,10000,,0,0.28,0,2
10636,21,36000,RENT,5,0,0,1,0,0,0,0,1,0,B,10000,11.48,0,0.28,0,4
10657,23,37000,RENT,4,0,0,1,0,0,0,0,1,0,C,10000,13.23,0,0.27,0,3
10670,22,38000,RENT,5,0,0,1,0,0,0,0,1,0,C,10000,13.49,0,0.26,0,2
10674,23,38000,RENT,4,0,0,1,0,0,0,0,1,0,B,10000,10.99,0,0.26,0,2
10679,26,38000,RENT,6,0,0,1,0,0,0,0,1,0,A,10000,7.66,0,0.26,0,3
10685,21,38000,RENT,3,0,0,1,0,0,0,0,1,0,B,10000,12.18,0,0.26,0,3
10690,22,38004,RENT,5,0,0,1,0,0,0,0,1,0,B,10000,10.37,0,0.26,0,4
10694,24,38244,RENT,6,0,0,1,0,0,0,0,1,0,A,10000,7.88,0,0.26,0,3
10707,22,33000,RENT,6,0,0,1,0,0,0,0,1,0,B,10000,12.42,1,0.3,0,3
10743,25,34000,RENT,4,0,0,1,0,0,0,0,1,0,A,10000,6.62,1,0.29,0,4
10753,24,40000,RENT,0,0,0,1,0,0,0,0,1,0,A,10000,8.49,0,0.25,0,3
10765,24,40000,RENT,5,0,0,1,0,0,0,0,1,0,A,10000,7.88,0,0.25,0,3
10808,23,42000,RENT,4,0,0,1,0,0,0,0,1,0,A,10000,5.42,0,0.24,0,3
10819,22,42000,RENT,3,0,0,1,0,0,0,0,1,0,C,10000,13.98,0,0.24,0,2
10820,22,36000,RENT,4,0,0,1,0,0,0,0,1,0,B,10000,11.36,1,0.28,0,2
10824,26,42900,RENT,3,0,0,1,0,0,0,0,1,0,D,10000,,0,0.23,0,3
10829,21,43000,RENT,3,0,0,1,0,0,0,0,1,0,C,10000,,0,0.23,0,4
10842,22,37200,RENT,6,0,0,1,0,0,0,0,1,0,B,10000,,1,0.27,0,2
10847,24,44000,RENT,2,0,0,1,0,0,0,0,1,0,A,10000,7.49,0,0.23,0,2
10853,21,44000,RENT,6,0,0,1,0,0,0,0,1,0,D,10000,14.74,0,0.23,0,4
10862,24,45000,RENT,2,0,0,1,0,0,0,0,1,0,A,10000,6.62,0,0.22,0,3
10866,26,45000,RENT,2,0,0,1,0,0,0,0,1,0,C,10000,,0,0.22,0,3
10875,23,39000,RENT,3,0,0,1,0,0,0,0,1,0,B,10000,11.99,1,0.26,0,3
10921,23,23000,RENT,0,0,0,1,0,0,0,0,1,0,B,4325,11.11,0,0.19,0,3
10931,24,35000,RENT,8,0,0,1,0,0,0,0,1,0,A,4250,6.99,0,0.12,0,2
10937,26,48000,RENT,10,0,0,1,0,0,0,0,1,0,B,4225,9.83,0,0.09,0,2
10972,24,35000,RENT,0,0,0,1,0,0,0,0,1,0,B,4200,10.37,0,0.12,0,4
10974,22,36000,RENT,7,0,0,1,0,0,0,0,1,0,B,4200,,0,0.12,0,4
10991,24,47500,RENT,4,0,0,1,0,0,0,0,1,0,A,4200,8.9,0,0.09,0,4
11014,23,61000,RENT,3,0,0,1,0,0,0,0,1,0,A,4200,6.03,0,0.07,0,4
11024,23,60996,RENT,2,0,0,1,0,0,0,0,1,0,D,4200,15.58,1,0.07,0,2
11044,26,70000,RENT,10,0,0,1,0,0,0,0,1,0,A,4075,5.42,0,0.06,0,3
11063,26,47004,RENT,5,0,0,1,0,0,0,0,1,0,D,10000,15.05,0,0.21,0,2
11065,21,48000,RENT,0,0,0,1,0,0,0,0,1,0,A,10000,6.03,0,0.21,0,3
11104,23,48000,RENT,1,0,0,1,0,0,0,0,1,0,C,10000,13.79,0,0.21,0,3
11111,24,48720,RENT,,0,0,1,0,0,0,0,1,0,C,10000,13.85,0,0.21,0,4
11125,22,50000,RENT,5,0,0,1,0,0,0,0,1,0,B,10000,11.71,0,0.2,0,3
11143,24,50000,RENT,1,0,0,1,0,0,0,0,1,0,B,10000,11.71,0,0.2,0,2
11144,26,50000,RENT,2,0,0,1,0,0,0,0,1,0,A,10000,8.49,0,0.2,0,3
11146,24,50000,RENT,3,0,0,1,0,0,0,0,1,0,A,10000,7.49,0,0.2,0,2
11184,22,50000,RENT,0,0,0,1,0,0,0,0,1,0,A,10000,7.88,0,0.2,0,3
11197,22,50004,RENT,6,0,0,1,0,0,0,0,1,0,B,10000,12.21,0,0.2,0,2
11208,26,45000,RENT,4,0,0,1,0,0,0,0,1,0,B,10000,11.86,1,0.22,0,4
11219,23,51400,RENT,2,0,0,1,0,0,0,0,1,0,B,10000,10.65,0,0.19,0,3
11220,22,51600,RENT,0,0,0,1,0,0,0,0,1,0,B,10000,9.51,0,0.19,0,3
11266,24,54000,RENT,1,0,0,1,0,0,0,0,1,0,C,10000,13.35,0,0.19,0,4
11267,25,54000,RENT,2,0,0,1,0,0,0,0,1,0,B,10000,11.46,0,0.19,0,4
11274,23,54996,RENT,0,0,0,1,0,0,0,0,1,0,A,10000,7.51,0,0.18,0,3
11287,23,55000,RENT,7,0,0,1,0,0,0,0,1,0,B,10000,10.59,0,0.18,0,4
11292,25,55000,RENT,0,0,0,1,0,0,0,0,1,0,A,10000,5.42,0,0.18,0,4
11304,22,49000,RENT,6,0,0,1,0,0,0,0,1,0,E,10000,16.45,1,0.2,0,2
11322,23,56004,RENT,7,0,0,1,0,0,0,0,1,0,B,10000,11.83,0,0.18,0,3
11353,22,58608,RENT,4,0,0,1,0,0,0,0,1,0,A,10000,7.51,0,0.17,0,4
11384,26,60000,RENT,10,0,0,1,0,0,0,0,1,0,C,10000,13.49,0,0.17,0,3
11385,22,60000,RENT,,0,0,1,0,0,0,0,1,0,A,10000,5.99,0,0.17,0,2
11390,24,54000,RENT,5,0,0,1,0,0,0,0,1,0,B,10000,10.37,1,0.19,0,2
11395,25,60000,RENT,1,0,0,1,0,0,0,0,1,0,A,10000,,0,0.17,0,4
11431,23,54000,RENT,7,0,0,1,0,0,0,0,1,0,D,10000,14.11,1,0.19,0,2
11455,22,45000,RENT,6,0,0,1,0,0,0,0,1,0,A,4000,7.9,0,0.09,0,2
11523,24,65000,RENT,3,0,0,1,0,0,0,0,1,0,B,10000,12.42,0,0.15,0,2
11529,26,65000,RENT,1,0,0,1,0,0,0,0,1,0,A,10000,7.66,0,0.15,0,3
11536,23,65000,RENT,3,0,0,1,0,0,0,0,1,0,A,10000,5.79,0,0.15,0,3
11549,22,65000,RENT,0,0,0,1,0,0,0,0,1,0,B,10000,9.45,0,0.15,0,3
11580,22,62496,RENT,6,0,0,1,0,0,0,0,1,0,B,10000,11.89,1,0.16,0,3
11584,24,69600,RENT,2,0,0,1,0,0,0,0,1,0,A,10000,8.38,0,0.14,0,2
11594,22,70000,RENT,5,0,0,1,0,0,0,0,1,0,A,10000,6.03,0,0.14,0,3
11632,22,72000,RENT,5,0,0,1,0,0,0,0,1,0,D,10000,17.27,0,0.14,0,2
11638,23,72000,RENT,7,0,0,1,0,0,0,0,1,0,B,10000,10.59,0,0.14,0,4
11642,23,72000,RENT,3,0,0,1,0,0,0,0,1,0,A,10000,6.91,0,0.14,0,2
11655,26,73000,RENT,3,0,0,1,0,0,0,0,1,0,A,10000,7.29,0,0.14,0,3
11661,24,73000,RENT,3,0,0,1,0,0,0,0,1,0,B,10000,11.26,0,0.14,0,3
11668,24,75000,RENT,8,0,0,1,0,0,0,0,1,0,B,10000,9.91,0,0.13,0,3
11677,23,75000,RENT,0,0,0,1,0,0,0,0,1,0,B,10000,11.49,0,0.13,0,2
11682,25,75000,RENT,9,0,0,1,0,0,0,0,1,0,A,10000,7.49,0,0.13,0,3
11686,24,69000,RENT,0,0,0,1,0,0,0,0,1,0,E,10000,17.14,1,0.14,0,4
11700,23,75000,RENT,3,0,0,1,0,0,0,0,1,0,B,10000,11.86,0,0.13,0,4
11709,23,75000,RENT,0,0,0,1,0,0,0,0,1,0,C,10000,13.47,0,0.13,0,4
11728,22,74000,RENT,2,0,0,1,0,0,0,0,1,0,A,10000,7.51,1,0.14,0,2
11735,23,80000,RENT,5,0,0,1,0,0,0,0,1,0,A,10000,8.49,0,0.13,0,2
11737,22,80000,RENT,6,0,0,1,0,0,0,0,1,0,A,10000,8.49,0,0.13,0,4
11760,23,80038,RENT,3,0,0,1,0,0,0,0,1,0,B,10000,10.59,0,0.12,0,2
11768,23,82650,RENT,7,0,0,1,0,0,0,0,1,0,B,10000,12.21,0,0.12,0,3
11807,24,85000,RENT,8,0,0,1,0,0,0,0,1,0,B,10000,10.37,0,0.12,0,4
11834,25,90000,RENT,5,0,0,1,0,0,0,0,1,0,A,10000,7.49,0,0.11,0,2
11839,26,90000,RENT,2,0,0,1,0,0,0,0,1,0,A,10000,7.49,0,0.11,0,4
11878,23,95000,RENT,3,0,0,1,0,0,0,0,1,0,A,10000,6.17,0,0.11,0,3
11930,25,29000,RENT,9,0,0,1,0,0,0,0,1,0,A,11000,8.49,1,0.38,0,2
11940,22,30000,RENT,1,0,0,1,0,0,0,0,1,0,A,11100,6.62,1,0.37,0,4
11956,22,26000,RENT,5,0,0,1,0,0,0,0,1,0,D,11200,16.89,1,0.43,0,3
11978,23,45000,RENT,2,0,0,1,0,0,0,0,1,0,B,11200,10.59,0,0.25,0,2
12000,24,61000,RENT,8,0,0,1,0,0,0,0,1,0,B,11200,9.99,0,0.18,0,3
12001,22,61200,RENT,6,0,0,1,0,0,0,0,1,0,A,11200,6.62,0,0.18,0,4
12009,25,68000,RENT,4,0,0,1,0,0,0,0,1,0,B,11200,11.99,0,0.16,0,2
12014,25,72000,RENT,8,0,0,1,0,0,0,0,1,0,B,11200,10.36,0,0.16,0,2
12019,25,82000,RENT,9,0,0,1,0,0,0,0,1,0,A,11200,5.42,0,0.14,0,4
12034,24,180000,RENT,3,0,0,1,0,0,0,0,1,0,A,11200,5.79,0,0.06,0,4
12134,22,40000,RENT,0,0,0,1,0,0,0,0,1,0,A,11575,,0,0.29,0,3
12162,25,50000,RENT,6,0,0,1,0,0,0,0,1,0,B,11875,10.65,0,0.24,0,2
12174,22,24000,RENT,0,0,0,1,0,0,0,0,1,0,C,12000,14.79,1,0.5,0,2
12175,24,24000,RENT,3,0,0,1,0,0,0,0,1,0,B,12000,10.36,1,0.5,0,4
12178,22,24996,RENT,4,0,0,1,0,0,0,0,1,0,B,12000,9.63,1,0.48,0,3
12211,24,30000,RENT,0,0,0,1,0,0,0,0,1,0,B,12000,11.48,1,0.4,0,3
12237,21,32000,RENT,0,0,0,1,0,0,0,0,1,0,B,12000,,1,0.38,0,4
12245,22,33600,RENT,5,0,0,1,0,0,0,0,1,0,B,12000,9.91,1,0.36,0,4
12252,26,34000,RENT,2,0,0,1,0,0,0,0,1,0,D,12000,14.96,1,0.35,0,3
12271,22,35000,RENT,2,0,0,1,0,0,0,0,1,0,B,12000,,1,0.34,0,2
12320,23,38000,RENT,7,0,0,1,0,0,0,0,1,0,B,12000,11.71,1,0.32,0,2
12325,26,38000,RENT,0,0,0,1,0,0,0,0,1,0,B,12000,,1,0.32,0,4
12368,23,39996,RENT,6,0,0,1,0,0,0,0,1,0,B,12000,9.63,0,0.3,0,2
12389,26,40000,RENT,1,0,0,1,0,0,0,0,1,0,B,12000,11.58,0,0.3,0,2
12399,26,40800,RENT,2,0,0,1,0,0,0,0,1,0,A,12000,,0,0.29,0,2
12404,24,36000,RENT,2,0,0,1,0,0,0,0,1,0,B,12000,9.91,1,0.33,0,3
12425,24,42500,RENT,9,0,0,1,0,0,0,0,1,0,B,12000,11.36,0,0.28,0,2
12435,26,43680,RENT,0,0,0,1,0,0,0,0,1,0,B,12000,10.37,0,0.27,0,2
12468,23,45000,RENT,2,0,0,1,0,0,0,0,1,0,A,12000,5.79,0,0.27,0,3
12472,23,45000,RENT,2,0,0,1,0,0,0,0,1,0,B,12000,11.83,0,0.27,0,4
12483,26,45900,RENT,0,0,0,1,0,0,0,0,1,0,B,12000,10.39,0,0.26,0,3
12490,25,46000,RENT,9,0,0,1,0,0,0,0,1,0,A,12000,5.42,0,0.26,0,3
12506,25,41000,RENT,,0,0,1,0,0,0,0,1,0,B,12000,10,1,0.29,0,3
12510,23,48000,RENT,3,0,0,1,0,0,0,0,1,0,A,12000,6.03,0,0.25,0,2
12532,21,60000,RENT,0,0,0,1,0,0,0,0,1,0,A,12000,7.51,0,0.2,0,3
12538,25,54000,RENT,,0,0,1,0,0,0,0,1,0,D,12000,16.77,1,0.22,0,4
12558,23,60000,RENT,0,0,0,1,0,0,0,0,1,0,A,12000,7.88,0,0.2,0,2
12560,26,60000,RENT,1,0,0,1,0,0,0,0,1,0,B,12000,10.62,0,0.2,0,4
12563,25,60000,RENT,3,0,0,1,0,0,0,0,1,0,C,12000,14.26,0,0.2,0,4
12568,24,60000,RENT,0,0,0,1,0,0,0,0,1,0,B,12000,12.21,0,0.2,0,2
12576,23,60000,RENT,3,0,0,1,0,0,0,0,1,0,A,12000,9.63,0,0.2,0,2
12595,22,24000,RENT,3,0,0,1,0,0,0,0,1,0,B,3000,,0,0.13,0,4
12649,25,30000,RENT,9,0,0,1,0,0,0,0,1,0,B,3000,11.71,0,0.1,0,3
12670,23,62400,RENT,0,0,0,1,0,0,0,0,1,0,A,12000,7.29,0,0.19,0,4
12688,23,64000,RENT,0,0,0,1,0,0,0,0,1,0,C,12000,13.16,0,0.19,0,2
12694,24,64575,RENT,2,0,0,1,0,0,0,0,1,0,A,12000,7.29,0,0.19,0,4
12711,21,65000,RENT,6,0,0,1,0,0,0,0,1,0,D,12000,14.3,0,0.18,0,3
12726,24,69500,RENT,8,0,0,1,0,0,0,0,1,0,B,12000,10.65,0,0.17,0,2
12730,22,69600,RENT,6,0,0,1,0,0,0,0,1,0,A,12000,7.29,0,0.17,0,4
12733,24,70000,RENT,8,0,0,1,0,0,0,0,1,0,B,12000,10.65,0,0.17,0,3
12743,21,70000,RENT,3,0,0,1,0,0,0,0,1,0,A,12000,6.99,0,0.17,0,3
12776,25,66000,RENT,9,0,0,1,0,0,0,0,1,0,D,12000,16.89,1,0.18,0,2
12787,21,72100,RENT,6,0,0,1,0,0,0,0,1,0,A,12000,5.79,0,0.17,0,2
12833,22,42000,RENT,6,0,0,1,0,0,0,0,1,0,B,3000,11.49,0,0.07,0,2
12840,23,36000,RENT,0,0,0,1,0,0,0,0,1,0,C,3000,,1,0.08,0,4
12882,22,75000,RENT,6,0,0,1,0,0,0,0,1,0,C,12000,13.49,0,0.16,0,2
12884,24,75000,RENT,8,0,0,1,0,0,0,0,1,0,D,12000,,0,0.16,0,4
12885,22,75000,RENT,4,0,0,1,0,0,0,0,1,0,B,12000,11.49,0,0.16,0,3
12902,23,75000,RENT,7,0,0,1,0,0,0,0,1,0,B,12000,12.53,0,0.16,0,3
12957,23,80800,RENT,6,0,0,1,0,0,0,0,1,0,A,12000,8.9,0,0.15,0,3
12985,24,84000,RENT,1,0,0,1,0,0,0,0,1,0,A,12000,6.91,0,0.14,0,2
13007,23,85000,RENT,0,0,0,1,0,0,0,0,1,0,B,12000,10.37,0,0.14,0,4
13032,26,88000,RENT,10,0,0,1,0,0,0,0,1,0,B,12000,12.42,0,0.14,0,2
13049,24,90000,RENT,4,0,0,1,0,0,0,0,1,0,B,12000,9.91,0,0.13,0,2
13060,22,90000,RENT,6,0,0,1,0,0,0,0,1,0,B,12000,12.42,0,0.13,0,4
13111,24,95000,RENT,3,0,0,1,0,0,0,0,1,0,A,12000,7.88,0,0.13,0,3
13148,26,104000,RENT,3,0,0,1,0,0,0,0,1,0,B,12000,12.21,0,0.12,0,3
13154,24,110000,RENT,5,0,0,1,0,0,0,0,1,0,A,12000,7.9,0,0.11,0,2
13161,21,111016,RENT,5,0,0,1,0,0,0,0,1,0,C,12000,13.11,0,0.11,0,2
13174,25,120000,RENT,3,0,0,1,0,0,0,0,1,0,B,12000,9.01,0,0.1,0,2
13203,26,150000,RENT,3,0,0,1,0,0,0,0,1,0,A,12000,7.9,0,0.08,0,3
13233,22,36000,RENT,1,0,0,1,0,0,0,0,1,0,B,12200,11.49,1,0.34,0,3
13235,21,82100,RENT,3,0,0,1,0,0,0,0,1,0,A,12200,6.03,0,0.15,0,2
13257,23,36000,RENT,7,0,0,1,0,0,0,0,1,0,B,12250,,1,0.34,0,3
13276,26,42000,RENT,6,0,0,1,0,0,0,0,1,0,A,12375,7.51,0,0.29,0,3
13279,25,80000,RENT,2,0,0,1,0,0,0,0,1,0,C,12375,10.91,0,0.15,0,4
13303,24,33396,RENT,3,0,0,1,0,0,0,0,1,0,D,2800,16,1,0.08,0,3
13333,24,44000,RENT,5,0,0,1,0,0,0,0,1,0,C,2800,14.17,1,0.06,0,2
13338,21,48000,RENT,5,0,0,1,0,0,0,0,1,0,A,2800,8.9,1,0.06,0,2
13350,23,18460,RENT,0,0,0,1,0,0,0,0,1,0,A,2775,7.68,0,0.15,0,2
13360,24,31200,RENT,4,0,0,1,0,0,0,0,1,0,B,2725,10.74,0,0.09,0,2
13398,26,18144,RENT,2,0,0,1,0,0,0,0,1,0,B,2675,9.91,0,0.15,0,4
13400,23,40000,RENT,7,0,0,1,0,0,0,0,1,0,A,2675,8.07,0,0.07,0,4
13409,23,46728,RENT,2,0,0,1,0,0,0,0,1,0,B,2650,10.59,0,0.06,0,2
13463,22,14400,RENT,2,0,0,1,0,0,0,0,1,0,E,2500,,1,0.17,0,2
13479,25,17352,RENT,0,0,0,1,0,0,0,0,1,0,B,2500,12.53,0,0.14,0,4
13489,25,20000,RENT,2,0,0,1,0,0,0,0,1,0,D,2500,15.7,1,0.13,0,2
13525,22,60000,RENT,6,0,0,1,0,0,0,0,1,0,B,12500,10.59,0,0.21,0,4
13527,23,60000,RENT,4,0,0,1,0,0,0,0,1,0,B,12500,10.25,0,0.21,0,3
13560,22,74000,RENT,6,0,0,1,0,0,0,0,1,0,B,12600,10.65,0,0.17,0,3
13625,22,31760,RENT,3,0,0,1,0,0,0,0,1,0,B,12875,12.53,1,0.41,0,4
13718,25,83195,RENT,9,0,0,1,0,0,0,0,1,0,B,13000,11.71,0,0.16,0,3
13732,24,90000,RENT,0,0,0,1,0,0,0,0,1,0,A,13000,8.94,0,0.14,0,4
13745,23,120000,RENT,7,0,0,1,0,0,0,0,1,0,B,13000,11.71,0,0.11,0,4
13764,22,70000,RENT,5,0,0,1,0,0,0,0,1,0,A,13600,7.29,0,0.19,0,4
13767,22,70000,RENT,6,0,0,1,0,0,0,0,1,0,B,13600,12.21,0,0.19,0,4
13768,25,73000,RENT,9,0,0,1,0,0,0,0,1,0,B,13600,11.99,0,0.19,0,2
13769,23,78625,RENT,3,0,0,1,0,0,0,0,1,0,B,13600,9.88,0,0.17,0,3
13773,23,85000,RENT,5,0,0,1,0,0,0,0,1,0,A,13600,6.03,0,0.16,0,3
13816,25,80600,RENT,9,0,0,1,0,0,0,0,1,0,B,13800,11.99,0,0.17,0,3
13851,25,39000,RENT,4,0,0,1,0,0,0,0,1,0,D,14000,16.49,1,0.36,0,3
13872,23,42000,RENT,2,0,0,1,0,0,0,0,1,0,D,14000,16.89,1,0.33,0,3
13908,25,54000,RENT,2,0,0,1,0,0,0,0,1,0,B,14000,10.99,0,0.26,0,4
13914,22,48000,RENT,1,0,0,1,0,0,0,0,1,0,C,14000,13.92,1,0.29,0,3
13958,22,60000,RENT,6,0,0,1,0,0,0,0,1,0,A,14000,6.03,0,0.23,0,2
13990,24,62800,RENT,5,0,0,1,0,0,0,0,1,0,B,14000,12.69,0,0.22,0,2
13994,23,65000,RENT,3,0,0,1,0,0,0,0,1,0,B,14000,10.65,0,0.22,0,4
14002,26,66000,RENT,10,0,0,1,0,0,0,0,1,0,A,14000,6.62,0,0.21,0,3
14018,21,70000,RENT,5,0,0,1,0,0,0,0,1,0,A,14000,6.99,0,0.2,0,3
14034,23,73000,RENT,1,0,0,1,0,0,0,0,1,0,C,14000,13.11,0,0.19,0,2
14068,22,82000,RENT,4,0,0,1,0,0,0,0,1,0,A,14000,7.9,0,0.17,0,4
14151,22,46000,RENT,7,0,0,1,0,0,0,0,1,0,C,14100,14.26,1,0.31,0,2
14175,26,92000,RENT,10,0,0,1,0,0,0,0,1,0,B,14200,10.99,0,0.15,0,3
14178,26,135000,RENT,10,0,0,1,0,0,0,0,1,0,B,14275,9.45,0,0.11,0,2
14186,24,35000,RENT,4,0,0,1,0,0,0,0,1,0,D,14400,15.7,1,0.41,0,4
14193,23,36000,RENT,3,0,0,1,0,0,0,0,1,0,C,14400,13.57,1,0.4,0,2
14199,21,36500,RENT,1,0,0,1,0,0,0,0,1,0,D,14400,15.05,1,0.39,0,4
14226,21,56400,RENT,5,0,0,1,0,0,0,0,1,0,E,14400,18.79,0,0.26,0,3
14237,23,59000,RENT,4,0,0,1,0,0,0,0,1,0,A,14400,8.9,0,0.24,0,3
14246,23,60996,RENT,7,0,0,1,0,0,0,0,1,0,C,14400,12.84,0,0.24,0,3
14247,25,61000,RENT,1,0,0,1,0,0,0,0,1,0,B,14400,12.53,0,0.24,0,2
14259,24,72000,RENT,6,0,0,1,0,0,0,0,1,0,B,14400,10,0,0.2,0,4
14280,22,80000,RENT,1,0,0,1,0,0,0,0,1,0,B,14400,11.71,0,0.18,0,2
14314,26,28000,RENT,10,0,0,1,0,0,0,0,1,0,B,14500,12.53,1,0.52,0,3
14350,22,31000,RENT,5,0,0,1,0,0,0,0,1,0,B,14500,11.58,1,0.47,0,3
14354,24,43000,RENT,3,0,0,1,0,0,0,0,1,0,B,14500,10.75,1,0.34,0,2
14358,23,45000,RENT,2,0,0,1,0,0,0,0,1,0,B,14500,10.36,1,0.32,0,4
14361,25,45000,RENT,0,0,0,1,0,0,0,0,1,0,C,14500,13.16,1,0.32,0,2
14362,23,45504,RENT,2,0,0,1,0,0,0,0,1,0,C,14500,,1,0.32,0,3
14382,26,100000,RENT,11,0,0,1,0,0,0,0,1,0,A,14500,8.94,0,0.14,0,3
14403,23,30000,RENT,3,0,0,1,0,0,0,0,1,0,A,14600,6.03,1,0.49,0,4
14450,22,32240,RENT,3,0,0,1,0,0,0,0,1,0,C,15000,13.22,1,0.47,0,3
14499,23,37000,RENT,2,0,0,1,0,0,0,0,1,0,B,2000,11.14,0,0.05,0,4
14540,23,39996,RENT,7,0,0,1,0,0,0,0,1,0,B,2000,,0,0.05,0,2
14542,23,40000,RENT,5,0,0,1,0,0,0,0,1,0,B,2000,11.71,0,0.05,0,2
14543,25,33600,RENT,0,0,0,1,0,0,0,0,1,0,B,15000,11.11,1,0.45,0,4
14583,26,45000,RENT,5,0,0,1,0,0,0,0,1,0,B,2000,11.49,0,0.04,0,2
14615,24,42000,RENT,1,0,0,1,0,0,0,0,1,0,B,2000,12.69,1,0.05,0,4
14640,24,44000,RENT,0,0,0,1,0,0,0,0,1,0,A,2000,8,1,0.05,0,4
14649,23,29976,RENT,3,0,0,1,0,0,0,0,1,0,B,15000,10.25,1,0.5,0,4
14651,25,36000,RENT,6,0,0,1,0,0,0,0,1,0,B,15000,,1,0.42,0,4
14657,26,36000,RENT,2,0,0,1,0,0,0,0,1,0,A,15000,7.66,1,0.42,0,3
14689,22,38000,RENT,6,0,0,1,0,0,0,0,1,0,A,15000,7.88,1,0.39,0,3
14712,23,40000,RENT,7,0,0,1,0,0,0,0,1,0,A,15000,7.49,1,0.38,0,3
14757,24,42300,RENT,8,0,0,1,0,0,0,0,1,0,B,15000,11.99,1,0.35,0,4
14783,23,45000,RENT,1,0,0,1,0,0,0,0,1,0,A,15000,7.9,1,0.33,0,4
14790,23,45000,RENT,5,0,0,1,0,0,0,0,1,0,A,15000,7.49,1,0.33,0,4
14811,23,45000,RENT,7,0,0,1,0,0,0,0,1,0,C,15000,12.84,1,0.33,0,3
14843,24,33660,RENT,3,0,0,1,0,0,0,0,1,0,A,1800,7.51,0,0.05,0,4
14901,25,48000,RENT,9,0,0,1,0,0,0,0,1,0,B,15000,,1,0.31,0,2
14904,21,48000,RENT,1,0,0,1,0,0,0,0,1,0,B,15000,11.48,1,0.31,0,3
14941,23,50000,RENT,7,0,0,1,0,0,0,0,1,0,B,15000,10.37,0,0.3,0,3
14955,23,50000,RENT,7,0,0,1,0,0,0,0,1,0,A,15000,7.88,0,0.3,0,4
14975,22,44172,RENT,4,0,0,1,0,0,0,0,1,0,B,15000,10.37,1,0.34,0,3
15016,22,52596,RENT,1,0,0,1,0,0,0,0,1,0,B,15000,10.74,0,0.29,0,2
15027,24,25000,RENT,3,0,0,1,0,0,0,0,1,0,C,1600,12.53,0,0.06,0,3
15038,25,30000,RENT,8,0,0,1,0,0,0,0,1,0,D,1600,16.29,0,0.05,0,3
15118,26,14400,RENT,1,0,0,1,0,0,0,0,1,0,B,1500,9.25,0,0.1,0,4
15139,21,18000,RENT,5,0,0,1,0,0,0,0,1,0,B,1500,12.18,1,0.08,0,4
15213,24,55000,RENT,2,0,0,1,0,0,0,0,1,0,A,15000,,0,0.27,0,2
15370,21,65000,RENT,4,0,0,1,0,0,0,0,1,0,B,15000,12.42,0,0.23,0,4
15380,25,65000,RENT,4,0,0,1,0,0,0,0,1,0,C,15000,13.49,0,0.23,0,2
15388,24,65000,RENT,5,0,0,1,0,0,0,0,1,0,A,15000,6.17,0,0.23,0,2
15409,25,65000,RENT,0,0,0,1,0,0,0,0,1,0,A,15000,9.63,0,0.23,0,4
15415,23,60000,RENT,7,0,0,1,0,0,0,0,1,0,B,15000,10.62,1,0.25,0,3
15416,24,66500,RENT,0,0,0,1,0,0,0,0,1,0,A,15000,6.54,0,0.23,0,3
15458,25,70000,RENT,6,0,0,1,0,0,0,0,1,0,B,15000,11.89,0,0.21,0,2
15485,26,72000,RENT,6,0,0,1,0,0,0,0,1,0,A,15000,6.92,0,0.21,0,3
15486,26,66000,RENT,2,0,0,1,0,0,0,0,1,0,D,15000,16.02,1,0.23,0,2
15500,23,73500,RENT,3,0,0,1,0,0,0,0,1,0,B,15000,11.89,0,0.2,0,3
15509,24,75000,RENT,6,0,0,1,0,0,0,0,1,0,B,15000,11.71,0,0.2,0,4
15538,26,75531,RENT,3,0,0,1,0,0,0,0,1,0,D,15000,16.49,0,0.2,0,4
15545,23,77000,RENT,7,0,0,1,0,0,0,0,1,0,B,15000,12.42,0,0.19,0,2
15609,23,85000,RENT,7,0,0,1,0,0,0,0,1,0,B,15000,10.99,0,0.18,0,3
15625,22,87000,RENT,6,0,0,1,0,0,0,0,1,0,B,15000,10.62,0,0.17,0,2
15737,23,60000,RENT,0,0,0,1,0,0,0,0,1,0,B,15600,12.69,0,0.26,0,4
15753,22,36000,RENT,0,0,0,1,0,0,0,0,1,0,B,15850,11.48,1,0.44,0,3
15778,23,85000,RENT,2,0,0,1,0,0,0,0,1,0,C,16000,14.27,0,0.19,0,2
15810,22,83000,RENT,2,0,0,1,0,0,0,0,1,0,D,16000,,1,0.19,0,3
15849,24,112500,RENT,1,0,0,1,0,0,0,0,1,0,C,16000,12.29,0,0.14,0,3
15880,21,90200,RENT,2,0,0,1,0,0,0,0,1,0,C,19125,13.92,0,0.21,0,4
15911,23,70000,RENT,3,0,0,1,0,0,0,0,1,0,B,19425,11.11,0,0.28,0,3
15923,23,38000,RENT,3,0,0,1,0,0,0,0,1,0,A,19750,7.51,1,0.52,0,4
15927,24,9600,RENT,5,0,0,1,0,0,0,0,1,0,A,1000,8.49,1,0.1,0,4
15937,23,9192,RENT,,0,0,1,0,0,0,0,1,0,A,1750,7.51,1,0.19,0,3
15957,24,6000,RENT,0,0,0,1,0,0,0,0,1,0,A,1050,,1,0.17,0,2
15964,21,4200,RENT,3,0,0,1,0,0,0,0,1,0,E,2750,16.95,1,0.65,0,3
15973,22,75000,RENT,0,0,0,1,0,0,0,0,1,0,A,8000,5.99,0,0.11,0,2
16011,22,58000,RENT,5,0,0,1,0,0,0,0,1,0,B,4000,10,0,0.07,0,4
16026,24,10000,RENT,8,0,0,1,0,0,0,0,1,0,A,3000,7.9,1,0.3,0,3
16046,24,64600,RENT,2,0,0,1,0,0,0,0,1,0,A,5000,7.9,0,0.08,0,3
16053,24,45000,RENT,8,0,0,1,0,0,0,0,1,0,C,8000,12.73,0,0.18,0,2
16070,25,48000,RENT,9,0,0,1,0,0,0,0,1,0,B,4800,,0,0.1,0,4
16074,21,18000,RENT,2,0,0,1,0,0,0,0,1,0,B,4500,10.38,1,0.25,0,3
16075,22,50000,RENT,4,0,0,1,0,0,0,0,1,0,A,10000,6.17,0,0.2,0,3
16077,22,32240,RENT,3,0,0,1,0,0,0,0,1,0,C,15000,13.22,1,0.47,0,2
16081,25,69000,RENT,1,0,0,1,0,0,0,0,1,0,D,8000,13.99,1,0.12,0,2
16093,24,45000,RENT,3,0,0,1,0,0,0,0,1,0,A,7800,7.51,0,0.17,0,2
16110,25,24000,RENT,9,0,0,1,0,0,0,0,1,0,B,9600,11.71,1,0.4,0,3
16111,23,25920,RENT,4,0,0,1,0,0,0,0,1,0,D,10000,15.58,1,0.39,0,4
16160,24,35000,RENT,8,0,0,1,0,0,0,0,1,0,A,5000,7.88,0,0.14,0,3
16169,22,28000,RENT,6,0,0,1,0,0,0,0,1,0,B,1000,10.25,1,0.04,0,3
16175,23,36000,RENT,7,0,0,1,0,0,0,0,1,0,C,1200,13.99,0,0.03,0,3
16178,25,16000,RENT,0,0,0,1,0,0,0,0,1,0,A,3200,9.32,1,0.2,0,4
16183,26,40000,RENT,10,0,0,1,0,0,0,0,1,0,D,6925,15.99,0,0.17,0,4
16191,22,44094,RENT,1,0,0,1,0,0,0,0,1,0,A,3600,7.37,0,0.08,0,2
16249,22,42000,RENT,0,0,0,1,0,0,0,0,1,0,A,3600,7.37,0,0.09,0,3
16250,24,46704,RENT,2,0,0,1,0,0,0,0,1,0,B,9000,11.49,0,0.19,0,3
16255,26,50000,RENT,10,0,0,1,0,0,0,0,1,0,B,18950,,1,0.38,0,3
16265,22,41500,RENT,6,0,0,1,0,0,0,0,1,0,D,2500,15.62,0,0.06,0,2
16308,25,84000,RENT,0,0,0,1,0,0,0,0,1,0,B,4500,12.18,0,0.05,0,2
16319,22,23800,RENT,2,0,0,1,0,0,0,0,1,0,A,8800,9.32,1,0.37,0,2
16361,25,42900,RENT,5,0,0,1,0,0,0,0,1,0,A,12000,8.9,0,0.28,0,3
16371,25,45000,RENT,2,0,0,1,0,0,0,0,1,0,C,11100,13.11,0,0.25,0,2
16380,23,45000,RENT,2,0,0,1,0,0,0,0,1,0,B,11200,10.59,0,0.25,0,4
16381,24,52800,RENT,8,0,0,1,0,0,0,0,1,0,A,9000,7.49,0,0.17,0,4
16415,21,30000,RENT,5,0,0,1,0,0,0,0,1,0,B,10000,11.99,1,0.33,0,3
16452,24,40000,RENT,5,0,0,1,0,0,0,0,1,0,B,10000,11.99,0,0.25,0,4
16461,24,60000,RENT,4,0,0,1,0,0,0,0,1,0,B,12500,11.49,0,0.21,0,3
16462,26,88000,RENT,10,0,0,1,0,0,0,0,1,0,B,10000,12.69,0,0.11,0,4
16466,23,71000,RENT,7,0,0,1,0,0,0,0,1,0,A,11300,7.49,0,0.16,0,3
16507,21,52000,RENT,5,0,0,1,0,0,0,0,1,0,B,1500,11.99,0,0.03,0,2
16525,26,59000,RENT,2,0,0,1,0,0,0,0,1,0,B,8500,11.83,0,0.14,0,4
16588,21,26400,RENT,5,0,0,1,0,0,0,0,1,0,C,4750,12.23,0,0.18,0,3
16604,22,18000,RENT,0,0,0,1,0,0,0,0,1,0,B,3600,,1,0.2,0,2
16610,24,28800,RENT,5,0,0,1,0,0,0,0,1,0,A,8000,,0,0.28,0,3
16620,22,30000,RENT,,0,0,1,0,0,0,0,1,0,D,6400,15.99,1,0.21,0,4
16693,26,108000,RENT,2,0,0,1,0,0,0,0,1,0,D,25000,15.05,1,0.23,0,2
16713,22,160000,RENT,6,0,0,1,0,0,0,0,1,0,A,20000,7.49,0,0.13,0,3
16714,22,46000,RENT,3,0,0,1,0,0,0,0,1,0,B,12000,11.71,0,0.26,0,4
16727,25,60000,RENT,3,0,0,1,0,0,0,0,1,0,A,17000,6.91,0,0.28,0,2
16746,26,90000,RENT,0,0,0,1,0,0,0,0,1,0,B,5525,11.36,0,0.06,0,4
16754,24,44000,RENT,0,0,0,1,0,0,0,0,1,0,A,2000,8,1,0.05,0,3
16757,25,306000,RENT,2,0,0,1,0,0,0,0,1,0,C,24250,13.85,0,0.08,0,4
16783,25,49000,RENT,1,0,0,1,0,0,0,0,1,0,D,12000,13.49,1,0.24,0,4
16785,25,46000,RENT,9,0,0,1,0,0,0,0,1,0,A,7000,8.49,0,0.15,0,2
16795,22,30000,RENT,0,0,0,1,0,0,0,0,1,0,B,5000,11.49,0,0.17,0,4
16833,24,121000,RENT,8,0,0,1,0,0,0,0,1,0,A,20000,8.9,0,0.17,0,4
16857,25,86004,RENT,1,0,0,1,0,0,0,0,1,0,C,15000,12.53,0,0.17,0,4
16860,25,82000,RENT,2,0,0,1,0,0,0,0,1,0,A,9200,6.03,0,0.11,0,3
16874,25,36000,RENT,6,0,0,1,0,0,0,0,1,0,B,15000,,1,0.42,0,3
16885,24,150000,RENT,8,0,0,1,0,0,0,0,1,0,B,5000,,0,0.03,0,2
16894,22,20000,RENT,2,0,0,1,0,0,0,0,1,0,B,4000,9.45,0,0.2,0,3
16898,23,75000,RENT,3,0,0,1,0,0,0,0,1,0,B,10000,11.86,0,0.13,0,2
16899,25,56000,RENT,1,0,0,1,0,0,0,0,1,0,B,6000,10.74,0,0.11,0,2
16905,22,41838,RENT,0,0,0,1,0,0,0,0,1,0,D,6600,16.89,1,0.16,0,3
16913,26,54000,RENT,2,0,0,1,0,0,0,0,1,0,C,6600,11.97,0,0.12,0,3
16947,24,59600,RENT,8,0,0,1,0,0,0,0,1,0,A,10000,5.99,0,0.17,0,4
16950,22,18996,RENT,3,0,0,1,0,0,0,0,1,0,D,3200,15.28,1,0.17,0,2
16953,23,38000,RENT,7,0,0,1,0,0,0,0,1,0,B,12000,11.71,1,0.32,0,4
16975,23,39000,RENT,1,0,0,1,0,0,0,0,1,0,B,12000,10.99,1,0.31,0,2
16990,24,62467,RENT,0,0,0,1,0,0,0,0,1,0,A,10625,8.49,0,0.17,0,2
16996,23,170000,RENT,7,0,0,1,0,0,0,0,1,0,B,12000,11.11,0,0.07,0,2
17004,24,76597,RENT,5,0,0,1,0,0,0,0,1,0,B,22000,9.25,0,0.29,0,4
17019,25,33280,RENT,1,0,0,1,0,0,0,0,1,0,B,5500,,0,0.17,0,2
17032,22,37008,RENT,2,0,0,1,0,0,0,0,1,0,B,3600,12.42,0,0.1,0,3
17034,23,36000,RENT,7,0,0,1,0,0,0,0,1,0,B,4000,10.99,1,0.11,0,3
17047,21,55600,RENT,2,0,0,1,0,0,0,0,1,0,A,6000,,0,0.11,0,3
17058,23,19200,RENT,0,0,0,1,0,0,0,0,1,0,B,3000,9.99,1,0.16,0,2
17064,22,71004,RENT,6,0,0,1,0,0,0,0,1,0,B,1800,11.12,0,0.03,0,4
17084,22,37000,RENT,3,0,0,1,0,0,0,0,1,0,B,15000,10.25,1,0.41,0,4
17089,22,50361,RENT,6,0,0,1,0,0,0,0,1,0,C,12000,12.73,0,0.24,0,4
17094,26,47000,RENT,7,0,0,1,0,0,0,0,1,0,A,15000,7.9,1,0.32,0,3
17096,21,45000,RENT,3,0,0,1,0,0,0,0,1,0,B,10000,10.25,0,0.22,0,2
17099,23,95004,RENT,2,0,0,1,0,0,0,0,1,0,A,5000,9.63,0,0.05,0,4
17101,26,51000,RENT,10,0,0,1,0,0,0,0,1,0,B,5000,12.42,1,0.1,0,2
17102,24,35000,RENT,0,0,0,1,0,0,0,0,1,0,A,1800,7.14,0,0.05,0,3
17123,25,40000,RENT,2,0,0,1,0,0,0,0,1,0,B,3000,10.25,0,0.07,0,3
17132,25,57000,RENT,2,0,0,1,0,0,0,0,1,0,A,9500,6.17,0,0.17,0,3
17136,26,50000,RENT,0,0,0,1,0,0,0,0,1,0,B,4800,,0,0.1,0,2
17138,23,29856,RENT,0,0,0,1,0,0,0,0,1,0,A,10300,8.94,1,0.34,0,2
17165,24,70000,RENT,3,0,0,1,0,0,0,0,1,0,B,25000,11.86,1,0.36,0,2
17174,23,24000,RENT,0,0,0,1,0,0,0,0,1,0,B,6000,,0,0.25,0,3
17175,26,75531,RENT,3,0,0,1,0,0,0,0,1,0,D,15000,16.49,0,0.2,0,2
17188,23,27252,RENT,3,0,0,1,0,0,0,0,1,0,C,5800,13.06,0,0.21,0,3
17202,26,58000,RENT,0,0,0,1,0,0,0,0,1,0,A,3500,8.59,0,0.06,0,3
17206,22,40000,RENT,1,0,0,1,0,0,0,0,1,0,B,4000,12.69,0,0.1,0,4
17223,24,73000,RENT,2,0,0,1,0,0,0,0,1,0,A,6500,,0,0.09,0,2
17253,24,33600,RENT,5,0,0,1,0,0,0,0,1,0,B,4450,11.49,0,0.13,0,4
17293,21,12000,RENT,5,0,0,1,0,0,0,0,1,0,A,3000,8.9,1,0.25,0,3
17312,25,40000,RENT,5,0,0,1,0,0,0,0,1,0,A,6000,7.88,0,0.15,0,2
17317,23,23760,RENT,2,0,0,1,0,0,0,0,1,0,B,2800,,0,0.12,0,4
17359,22,28000,RENT,5,0,0,1,0,0,0,0,1,0,B,6900,9.99,0,0.25,0,3
17382,23,50000,RENT,5,0,0,1,0,0,0,0,1,0,A,10000,8.94,0,0.2,0,2
17390,25,95950,RENT,2,0,0,1,0,0,0,0,1,0,B,17500,11.71,0,0.18,0,3
17439,26,93492,RENT,0,0,0,1,0,0,0,0,1,0,B,20000,9.45,0,0.21,0,2
17440,26,37000,RENT,0,0,0,1,0,0,0,0,1,0,B,14000,9.88,1,0.38,0,2
17456,23,83600,RENT,7,0,0,1,0,0,0,0,1,0,A,15000,8.49,1,0.18,0,3
17462,23,39996,RENT,7,0,0,1,0,0,0,0,1,0,B,2000,,0,0.05,0,2
17485,25,57000,RENT,1,0,0,1,0,0,0,0,1,0,B,9500,12.53,0,0.17,0,2
17497,22,31000,RENT,5,0,0,1,0,0,0,0,1,0,B,5550,11.36,1,0.18,0,3
17529,24,90000,RENT,8,0,0,1,0,0,0,0,1,0,B,10000,,0,0.11,0,4
17552,23,37500,RENT,0,0,0,1,0,0,0,0,1,0,A,1800,8.94,0,0.05,0,2
17568,26,75000,RENT,5,0,0,1,0,0,0,0,1,0,A,20000,6.91,0,0.27,0,2
17571,21,12000,RENT,0,0,0,1,0,0,0,0,1,0,C,2200,,1,0.18,0,4
17579,25,41000,RENT,3,0,0,1,0,0,0,0,1,0,B,8000,10.99,0,0.2,0,2
17613,24,45792,RENT,3,0,0,1,0,0,0,0,1,0,B,17000,10.38,1,0.37,0,3
17614,25,56004,RENT,3,0,0,1,0,0,0,0,1,0,C,7000,14.22,0,0.12,0,4
17638,24,30000,RENT,0,0,0,1,0,0,0,0,1,0,E,10000,19.29,1,0.33,0,3
17658,25,101424,RENT,6,0,0,1,0,0,0,0,1,0,A,2000,7.29,0,0.02,0,3
17661,25,44000,RENT,2,0,0,1,0,0,0,0,1,0,D,10000,15.65,1,0.23,0,2
17670,26,40000,RENT,11,0,0,1,0,0,0,0,1,0,B,5000,9.91,0,0.13,0,3
17705,23,43500,RENT,0,0,0,1,0,0,0,0,1,0,C,10450,13.57,0,0.24,0,3
17719,24,30000,RENT,6,0,0,1,0,0,0,0,1,0,E,7750,,0,0.26,0,4
17731,22,26400,RENT,1,0,0,1,0,0,0,0,1,0,C,3500,15.27,0,0.13,0,3
17753,24,110000,RENT,5,0,0,1,0,0,0,0,1,0,A,12000,7.9,0,0.11,0,3
17814,23,75000,RENT,4,0,0,1,0,0,0,0,1,0,B,5000,,0,0.07,0,4
17820,26,31200,RENT,8,0,0,1,0,0,0,0,1,0,A,5000,8.63,0,0.16,0,2
17832,24,38000,RENT,0,0,0,1,0,0,0,0,1,0,B,12000,11.89,1,0.32,0,3
17836,29,70500,RENT,5,0,0,1,0,0,0,0,1,0,A,35000,8.9,1,0.5,0,6
17842,29,85000,RENT,1,0,0,1,0,0,0,0,1,0,B,35000,11.99,1,0.41,0,8
17882,28,73000,RENT,0,0,0,1,0,0,0,0,1,0,B,32000,11.99,1,0.44,0,9
17890,27,75000,RENT,11,0,0,1,0,0,0,0,1,0,B,30000,10.65,1,0.4,0,5
17936,27,111000,RENT,11,0,0,1,0,0,0,0,1,0,A,28000,7.9,0,0.25,0,8
17948,30,240000,RENT,7,0,0,1,0,0,0,0,1,0,A,18000,7.88,0,0.07,0,10
17963,27,48000,RENT,2,0,0,1,0,0,0,0,1,0,C,25000,10.59,1,0.52,0,7
18007,28,61000,RENT,9,0,0,1,0,0,0,0,1,0,B,25000,9.91,1,0.41,0,7
18032,27,70000,RENT,11,0,0,1,0,0,0,0,1,0,B,25000,11.71,1,0.36,0,7
18035,29,70000,RENT,3,0,0,1,0,0,0,0,1,0,D,25000,14.83,1,0.36,0,6
18041,30,75000,RENT,9,0,0,1,0,0,0,0,1,0,D,25000,15.2,1,0.33,0,5
18053,30,75600,RENT,0,0,0,1,0,0,0,0,1,0,B,25000,9.99,1,0.33,0,8
18054,30,77000,RENT,7,0,0,1,0,0,0,0,1,0,B,25000,10.75,1,0.32,0,8
18063,32,189996,RENT,4,0,0,1,0,0,0,0,1,0,A,8400,9.32,0,0.04,0,8
18098,27,180000,RENT,4,0,0,1,0,0,0,0,1,0,B,8000,10.37,0,0.04,0,5
18101,31,85000,RENT,0,0,0,1,0,0,0,0,1,0,B,25000,11.89,0,0.29,0,6
18110,32,90000,RENT,2,0,0,1,0,0,0,0,1,0,B,25000,9.99,0,0.28,0,7
18117,30,96000,RENT,3,0,0,1,0,0,0,0,1,0,B,25000,,0,0.26,0,6
18125,29,97000,RENT,4,0,0,1,0,0,0,0,1,0,B,25000,10.37,0,0.26,0,10
18144,28,159000,RENT,5,0,0,1,0,0,0,0,1,0,D,6000,15.95,1,0.04,0,10
18161,32,170000,RENT,9,0,0,1,0,0,0,0,1,0,B,10000,11.14,0,0.06,0,5
18171,30,150000,RENT,3,0,0,1,0,0,0,0,1,0,E,25000,17.56,0,0.17,0,5
18186,27,170000,RENT,11,0,0,1,0,0,0,0,1,0,D,25000,16.32,0,0.15,0,10
18189,29,175000,RENT,1,0,0,1,0,0,0,0,1,0,B,25000,10.74,0,0.14,0,5
18204,30,32004,RENT,1,0,0,1,0,0,0,0,1,0,B,24250,11.12,1,0.76,0,5
18221,29,108000,RENT,0,0,0,1,0,0,0,0,1,0,D,24250,16,1,0.22,0,9
18247,27,78000,RENT,4,0,0,1,0,0,0,0,1,0,B,24000,10.99,1,0.31,0,10
18249,32,85000,RENT,4,0,0,1,0,0,0,0,1,0,A,24000,7.9,0,0.28,0,6
18253,30,85000,RENT,1,0,0,1,0,0,0,0,1,0,E,24000,16.82,1,0.28,0,8
18254,35,100450,RENT,1,0,0,1,0,0,0,0,1,0,B,24000,12.69,0,0.24,0,7
18267,34,45600,RENT,,0,0,1,0,0,0,0,1,0,B,23500,11.36,1,0.52,0,9
18275,31,112000,RENT,5,0,0,1,0,0,0,0,1,0,B,23000,12.18,0,0.21,0,6
18302,33,47580,RENT,12,0,0,1,0,0,0,0,1,0,B,21000,,1,0.44,0,8
18305,31,66000,RENT,3,0,0,1,0,0,0,0,1,0,B,21000,10.37,1,0.32,0,10
18309,29,80000,RENT,3,0,0,1,0,0,0,0,1,0,B,21000,10.99,0,0.26,0,6
18310,28,90000,RENT,12,0,0,1,0,0,0,0,1,0,D,21000,14.54,0,0.23,0,9
18314,29,117000,RENT,6,0,0,1,0,0,0,0,1,0,B,21000,10.65,0,0.18,0,9
18342,33,53004,RENT,0,0,0,1,0,0,0,0,1,0,C,20000,13.04,1,0.38,0,10
18354,30,58000,RENT,3,0,0,1,0,0,0,0,1,0,C,20000,14.72,1,0.34,0,5
18356,28,60000,RENT,12,0,0,1,0,0,0,0,1,0,B,20000,10.99,1,0.33,0,10
18359,27,54000,RENT,2,0,0,1,0,0,0,0,1,0,D,20000,16,1,0.37,0,6
18384,34,70000,RENT,1,0,0,1,0,0,0,0,1,0,B,20000,,0,0.29,0,9
18394,27,66000,RENT,11,0,0,1,0,0,0,0,1,0,B,20000,12.21,1,0.3,0,5
18396,28,73992,RENT,2,0,0,1,0,0,0,0,1,0,B,20000,9.96,0,0.27,0,7
18417,28,79701,RENT,11,0,0,1,0,0,0,0,1,0,C,20000,13.92,0,0.25,0,7
18418,27,80000,RENT,3,0,0,1,0,0,0,0,1,0,A,20000,7.49,0,0.25,0,9
18420,32,83000,RENT,6,0,0,1,0,0,0,0,1,0,E,20000,14.38,0,0.24,0,10
18426,27,85000,RENT,11,0,0,1,0,0,0,0,1,0,B,20000,10.59,0,0.24,0,8
18444,32,96000,RENT,7,0,0,1,0,0,0,0,1,0,D,20000,14.42,0,0.21,0,9
18458,33,100000,RENT,4,0,0,1,0,0,0,0,1,0,C,20000,,0,0.2,0,7
18461,32,101000,RENT,3,0,0,1,0,0,0,0,1,0,B,20000,10.75,0,0.2,0,9
18479,28,108000,RENT,2,0,0,1,0,0,0,0,1,0,D,20000,15.31,1,0.19,0,7
18491,29,140000,RENT,3,0,0,1,0,0,0,0,1,0,B,20000,10,0,0.14,0,9
18514,28,18000,RENT,0,0,0,1,0,0,0,0,1,0,C,1000,13.49,1,0.06,0,8
18515,29,20000,RENT,0,0,0,1,0,0,0,0,1,0,B,1000,10.65,0,0.05,0,10
18526,29,71000,RENT,0,0,0,1,0,0,0,0,1,0,A,19000,6.54,0,0.27,0,9
18527,29,83700,RENT,3,0,0,1,0,0,0,0,1,0,C,19000,,0,0.23,0,10
18529,34,42000,RENT,5,0,0,1,0,0,0,0,1,0,A,18825,7.9,1,0.45,0,10
18548,29,42000,RENT,6,0,0,1,0,0,0,0,1,0,C,18000,14.65,1,0.43,0,7
18553,27,45150,RENT,1,0,0,1,0,0,0,0,1,0,C,18000,13.16,1,0.4,0,7
18555,27,50000,RENT,0,0,0,1,0,0,0,0,1,0,A,18000,8.49,1,0.36,0,9
18557,34,50000,RENT,4,0,0,1,0,0,0,0,1,0,B,18000,8.88,1,0.36,0,9
18572,27,59000,RENT,3,0,0,1,0,0,0,0,1,0,B,18000,12.18,1,0.31,0,9
18587,28,80000,RENT,9,0,0,1,0,0,0,0,1,0,B,18000,11.49,0,0.23,0,6
18594,28,89004,RENT,3,0,0,1,0,0,0,0,1,0,A,18000,7.49,0,0.2,0,10
18599,32,100000,RENT,2,0,0,1,0,0,0,0,1,0,A,18000,,0,0.18,0,5
18603,33,90000,RENT,15,0,0,1,0,0,0,0,1,0,B,18000,11.58,1,0.2,0,10
18629,35,50000,RENT,4,0,0,1,0,0,0,0,1,0,C,17500,12.84,1,0.35,0,5
18660,35,84996,RENT,12,0,0,1,0,0,0,0,1,0,A,17000,7.88,0,0.2,0,6
18672,30,83000,RENT,7,0,0,1,0,0,0,0,1,0,C,16775,11.97,0,0.2,0,5
18674,33,33000,RENT,4,0,0,1,0,0,0,0,1,0,B,16750,12.53,1,0.51,0,5
18722,28,44000,RENT,5,0,0,1,0,0,0,0,1,0,C,16000,13.48,1,0.36,0,6
18736,29,65000,RENT,13,0,0,1,0,0,0,0,1,0,D,16000,17.27,0,0.25,0,6
18743,35,67600,RENT,7,0,0,1,0,0,0,0,1,0,B,16000,11.58,0,0.24,0,5
18750,28,21000,RENT,3,0,0,1,0,0,0,0,1,0,A,1000,7.49,0,0.05,0,9
18751,27,22296,RENT,5,0,0,1,0,0,0,0,1,0,D,1000,14.84,0,0.04,0,5
18752,30,22800,RENT,5,0,0,1,0,0,0,0,1,0,B,1000,11.49,0,0.04,0,5
18770,30,35000,RENT,5,0,0,1,0,0,0,0,1,0,B,1000,10.36,0,0.03,0,6
18773,28,40000,RENT,12,0,0,1,0,0,0,0,1,0,B,1000,9.88,0,0.03,0,9
18798,35,19200,RENT,4,0,0,1,0,0,0,0,1,0,A,1200,7.29,1,0.06,0,10
18816,29,55000,RENT,3,0,0,1,0,0,0,0,1,0,B,1200,9.99,0,0.02,0,6
18818,31,75000,RENT,1,0,0,1,0,0,0,0,1,0,A,1200,6.54,0,0.02,0,5
18823,33,34400,RENT,0,0,0,1,0,0,0,0,1,0,B,1300,9.91,0,0.04,0,6
18833,31,25200,RENT,0,0,0,1,0,0,0,0,1,0,A,1400,6.99,0,0.06,0,6
18848,31,28452,RENT,4,0,0,1,0,0,0,0,1,0,B,1500,11.11,0,0.05,0,5
18873,28,44604,RENT,11,0,0,1,0,0,0,0,1,0,B,1500,11.12,0,0.03,0,7
18888,29,80000,RENT,0,0,0,1,0,0,0,0,1,0,B,1500,12.42,0,0.02,0,9
18915,33,80000,RENT,5,0,0,1,0,0,0,0,1,0,B,1800,10.75,0,0.02,0,7
18916,27,117000,RENT,7,0,0,1,0,0,0,0,1,0,B,1800,12.42,0,0.02,0,10
18918,35,510000,RENT,1,0,0,1,0,0,0,0,1,0,C,1800,13.48,0,0,0,6
18923,30,45000,RENT,14,0,0,1,0,0,0,0,1,0,A,1900,5.79,0,0.04,0,7
18927,30,12996,RENT,1,0,0,1,0,0,0,0,1,0,E,2000,17.19,1,0.15,0,6
18931,29,19200,RENT,1,0,0,1,0,0,0,0,1,0,A,2000,5.99,1,0.1,0,7
18936,27,20400,RENT,3,0,0,1,0,0,0,0,1,0,B,2000,12.53,0,0.1,0,6
18959,31,81000,RENT,1,0,0,1,0,0,0,0,1,0,D,15000,14.42,1,0.19,0,6
18973,32,108000,RENT,8,0,0,1,0,0,0,0,1,0,B,15000,10,0,0.14,0,9
18983,35,117000,RENT,8,0,0,1,0,0,0,0,1,0,A,15000,9.63,0,0.13,0,8
18989,27,122000,RENT,3,0,0,1,0,0,0,0,1,0,C,15000,12.73,0,0.12,0,5
18998,29,150000,RENT,9,0,0,1,0,0,0,0,1,0,E,15000,16.32,0,0.1,0,9
19009,28,30000,RENT,13,0,0,1,0,0,0,0,1,0,B,14800,11.14,1,0.49,0,5
19018,28,30225,RENT,7,0,0,1,0,0,0,0,1,0,B,2000,12.42,0,0.07,0,6
19028,31,50000,RENT,15,0,0,1,0,0,0,0,1,0,A,2000,5.42,1,0.04,0,8
19050,34,80000,RENT,2,0,0,1,0,0,0,0,1,0,B,2000,10.36,0,0.03,0,7
19051,29,80004,RENT,12,0,0,1,0,0,0,0,1,0,B,2000,9.76,0,0.02,0,10
19053,31,86000,RENT,0,0,0,1,0,0,0,0,1,0,A,2000,5.99,0,0.02,0,5
19055,31,118000,RENT,0,0,0,1,0,0,0,0,1,0,D,2000,16.89,1,0.02,0,8
19060,29,60000,RENT,13,0,0,1,0,0,0,0,1,0,C,2075,15.23,0,0.03,0,7
19066,29,31632,RENT,2,0,0,1,0,0,0,0,1,0,B,2100,,0,0.07,0,6
19076,34,30000,RENT,3,0,0,1,0,0,0,0,1,0,A,14000,8.9,1,0.47,0,7
19077,27,30548,RENT,0,0,0,1,0,0,0,0,1,0,A,14000,7.88,1,0.46,0,5
19086,28,40000,RENT,2,0,0,1,0,0,0,0,1,0,B,14000,11.89,1,0.35,0,5
19090,29,15000,RENT,,0,0,1,0,0,0,0,1,0,C,2200,13.48,1,0.15,0,10
19131,29,23520,RENT,0,0,0,1,0,0,0,0,1,0,B,2400,10.36,0,0.1,0,6
19136,28,30000,RENT,5,0,0,1,0,0,0,0,1,0,B,2400,9.25,0,0.08,0,6
19139,28,31000,RENT,6,0,0,1,0,0,0,0,1,0,B,2400,11.49,0,0.08,0,6
19148,28,37500,RENT,10,0,0,1,0,0,0,0,1,0,A,2400,7.66,0,0.06,0,5
19160,32,42000,RENT,3,0,0,1,0,0,0,0,1,0,B,2400,9.62,0,0.06,0,7
19163,32,45000,RENT,3,0,0,1,0,0,0,0,1,0,B,2400,12.42,0,0.05,0,6
19165,30,40800,RENT,7,0,0,1,0,0,0,0,1,0,B,2400,11.49,1,0.06,0,9
19172,30,52800,RENT,4,0,0,1,0,0,0,0,1,0,B,2400,9.62,0,0.05,0,7
19218,34,40000,RENT,2,0,0,1,0,0,0,0,1,0,B,13200,12.42,1,0.33,0,8
19235,27,30000,RENT,3,0,0,1,0,0,0,0,1,0,A,13000,7.88,1,0.43,0,10
19240,29,30288,RENT,13,0,0,1,0,0,0,0,1,0,C,13000,14.35,1,0.43,0,8
19242,31,37000,RENT,3,0,0,1,0,0,0,0,1,0,A,13000,6.92,1,0.35,0,6
19264,31,25000,RENT,0,0,0,1,0,0,0,0,1,0,A,2500,7.4,0,0.1,0,6
19269,27,26592,RENT,1,0,0,1,0,0,0,0,1,0,A,2500,7.14,1,0.09,0,6
19273,34,28800,RENT,0,0,0,1,0,0,0,0,1,0,F,2500,21.36,1,0.09,0,9
19278,32,36000,RENT,1,0,0,1,0,0,0,0,1,0,B,2500,10,0,0.07,0,6
19294,27,44500,RENT,5,0,0,1,0,0,0,0,1,0,B,2500,11.99,0,0.06,0,10
19302,32,50000,RENT,3,0,0,1,0,0,0,0,1,0,C,2500,13.49,0,0.05,0,7
19306,32,52000,RENT,0,0,0,1,0,0,0,0,1,0,B,2500,8.88,0,0.05,0,10
19336,27,24000,RENT,0,0,0,1,0,0,0,0,1,0,B,2800,10.95,0,0.12,0,10
19337,33,25000,RENT,6,0,0,1,0,0,0,0,1,0,A,2800,9.32,0,0.11,0,7
19344,27,17000,RENT,6,0,0,1,0,0,0,0,1,0,B,2875,11.71,1,0.17,0,10
19372,30,20000,RENT,1,0,0,1,0,0,0,0,1,0,B,3000,11.49,1,0.15,0,8
19387,31,30000,RENT,2,0,0,1,0,0,0,0,1,0,B,3000,10.95,0,0.1,0,8
19391,28,31000,RENT,2,0,0,1,0,0,0,0,1,0,B,3000,10,0,0.1,0,7
19392,27,31200,RENT,2,0,0,1,0,0,0,0,1,0,B,3000,10.99,0,0.1,0,6
19394,31,31400,RENT,7,0,0,1,0,0,0,0,1,0,C,3000,,1,0.1,0,10
19403,31,34580,RENT,3,0,0,1,0,0,0,0,1,0,B,3000,11.49,1,0.09,0,6
19424,28,38400,RENT,0,0,0,1,0,0,0,0,1,0,B,3000,9.25,0,0.08,0,10
19431,28,34000,RENT,4,0,0,1,0,0,0,0,1,0,B,3000,10.65,1,0.09,0,10
19436,27,40000,RENT,3,0,0,1,0,0,0,0,1,0,A,3000,7.05,0,0.07,0,8
19439,27,43000,RENT,11,0,0,1,0,0,0,0,1,0,B,3000,10.99,0,0.07,0,7
19448,32,45000,RENT,3,0,0,1,0,0,0,0,1,0,C,3000,12.61,0,0.07,0,7
19457,27,47000,RENT,6,0,0,1,0,0,0,0,1,0,B,3000,10.74,0,0.06,0,5
19466,28,48876,RENT,5,0,0,1,0,0,0,0,1,0,D,3000,14.59,0,0.06,0,8
19493,28,50000,RENT,5,0,0,1,0,0,0,0,1,0,C,12000,13.11,0,0.24,0,10
19523,31,54050,RENT,8,0,0,1,0,0,0,0,1,0,B,12000,10.99,0,0.22,0,9
19533,27,55000,RENT,4,0,0,1,0,0,0,0,1,0,C,12000,,0,0.22,0,6
19546,32,58000,RENT,4,0,0,1,0,0,0,0,1,0,B,12000,11.26,0,0.21,0,10
19553,30,53196,RENT,14,0,0,1,0,0,0,0,1,0,A,3000,7.66,0,0.06,0,5
19578,33,62000,RENT,1,0,0,1,0,0,0,0,1,0,A,3000,6.99,0,0.05,0,9
19580,28,62000,RENT,2,0,0,1,0,0,0,0,1,0,B,3000,9.96,0,0.05,0,9
19583,31,63372,RENT,7,0,0,1,0,0,0,0,1,0,B,3000,,0,0.05,0,7
19631,28,150000,RENT,13,0,0,1,0,0,0,0,1,0,B,3000,10.75,0,0.02,0,5
19635,27,15120,RENT,6,0,0,1,0,0,0,0,1,0,B,3050,10.38,1,0.2,0,5
19650,27,33600,RENT,4,0,0,1,0,0,0,0,1,0,B,3200,11.99,0,0.1,0,9
19660,28,38000,RENT,12,0,0,1,0,0,0,0,1,0,A,3200,9.63,0,0.08,0,6
19665,35,42000,RENT,3,0,0,1,0,0,0,0,1,0,D,3200,15.62,0,0.08,0,5
19677,29,56000,RENT,0,0,0,1,0,0,0,0,1,0,B,3200,,0,0.06,0,7
19687,30,110000,RENT,2,0,0,1,0,0,0,0,1,0,A,3200,7.49,0,0.03,0,8
19689,35,110000,RENT,1,0,0,1,0,0,0,0,1,0,B,3200,11.48,0,0.03,0,9
19705,28,57600,RENT,1,0,0,1,0,0,0,0,1,0,B,3300,,0,0.06,0,8
19728,32,20004,RENT,16,0,0,1,0,0,0,0,1,0,A,3500,6.39,0,0.17,0,5
19738,30,25000,RENT,,0,0,1,0,0,0,0,1,0,B,3500,11.11,0,0.14,0,5
19742,32,30000,RENT,0,0,0,1,0,0,0,0,1,0,B,3500,11.71,1,0.12,0,10
19745,29,30000,RENT,1,0,0,1,0,0,0,0,1,0,B,3500,11.86,0,0.12,0,8
19760,35,42756,RENT,0,0,0,1,0,0,0,0,1,0,A,3500,7.74,0,0.08,0,8
19769,32,50000,RENT,3,0,0,1,0,0,0,0,1,0,A,3500,,0,0.07,0,6
19783,27,60000,RENT,0,0,0,1,0,0,0,0,1,0,A,3500,9.32,0,0.06,0,7
19848,27,39000,RENT,3,0,0,1,0,0,0,0,1,0,B,11000,,0,0.28,0,7
19871,27,52000,RENT,2,0,0,1,0,0,0,0,1,0,C,11000,11.34,0,0.21,0,9
19882,35,65867,RENT,3,0,0,1,0,0,0,0,1,0,A,11000,9.32,0,0.17,0,10
19887,28,75000,RENT,5,0,0,1,0,0,0,0,1,0,A,11000,7.51,0,0.15,0,9
19893,35,90000,RENT,3,0,0,1,0,0,0,0,1,0,B,11000,11.99,0,0.12,0,10
19946,35,39000,RENT,5,0,0,1,0,0,0,0,1,0,B,10625,,0,0.27,0,9
19949,33,65600,RENT,4,0,0,1,0,0,0,0,1,0,C,10600,12.99,0,0.16,0,7
19960,31,50000,RENT,3,0,0,1,0,0,0,0,1,0,A,10500,6.17,0,0.21,0,8
19970,34,55500,RENT,2,0,0,1,0,0,0,0,1,0,A,10450,7.51,0,0.19,0,10
19971,29,20688,RENT,,0,0,1,0,0,0,0,1,0,A,10400,8.49,1,0.5,0,9
19982,28,65000,RENT,9,0,0,1,0,0,0,0,1,0,A,10400,5.42,0,0.16,0,8
19998,34,50000,RENT,0,0,0,1,0,0,0,0,1,0,B,3600,11.99,0,0.07,0,7
20000,29,52000,RENT,4,0,0,1,0,0,0,0,1,0,B,3600,11.71,0,0.07,0,8
20003,33,55000,RENT,5,0,0,1,0,0,0,0,1,0,A,3600,6.99,0,0.07,0,6
20012,27,64000,RENT,3,0,0,1,0,0,0,0,1,0,A,3600,7.49,1,0.06,0,5
20023,29,82438,RENT,14,0,0,1,0,0,0,0,1,0,B,3600,10.99,1,0.04,0,9
20030,32,65000,RENT,3,0,0,1,0,0,0,0,1,0,A,3625,6.03,0,0.06,0,8
20031,31,110000,RENT,2,0,0,1,0,0,0,0,1,0,A,3650,9.63,0,0.03,0,6
20035,31,29000,RENT,4,0,0,1,0,0,0,0,1,0,B,3700,9.91,1,0.13,0,7
20036,28,40000,RENT,1,0,0,1,0,0,0,0,1,0,C,3700,15.96,0,0.09,0,8
20046,32,13200,RENT,2,0,0,1,0,0,0,0,1,0,A,3800,7.29,1,0.29,0,9
20089,29,19200,RENT,4,0,0,1,0,0,0,0,1,0,B,4000,10.37,1,0.21,0,6
20091,35,19820,RENT,0,0,0,1,0,0,0,0,1,0,B,4000,11.12,1,0.2,0,10
20096,28,20000,RENT,4,0,0,1,0,0,0,0,1,0,D,4000,14.59,0,0.2,0,9
20105,29,21864,RENT,1,0,0,1,0,0,0,0,1,0,B,4000,12.42,0,0.18,0,7
20109,27,23400,RENT,2,0,0,1,0,0,0,0,1,0,A,4000,7.49,0,0.17,0,6
20137,34,30000,RENT,2,0,0,1,0,0,0,0,1,0,A,4000,7.51,0,0.13,0,7
20169,28,29004,RENT,0,0,0,1,0,0,0,0,1,0,E,4000,16.45,1,0.14,0,10
20187,27,39000,RENT,1,0,0,1,0,0,0,0,1,0,B,4000,10.74,0,0.1,0,9
20191,29,39996,RENT,0,0,0,1,0,0,0,0,1,0,C,4000,,0,0.1,0,9
20199,29,40000,RENT,7,0,0,1,0,0,0,0,1,0,C,4000,12.53,0,0.1,0,10
20208,32,42000,RENT,6,0,0,1,0,0,0,0,1,0,B,4000,11.12,0,0.1,0,5
20209,33,42000,RENT,2,0,0,1,0,0,0,0,1,0,A,4000,6.39,0,0.1,0,9
20216,28,39600,RENT,4,0,0,1,0,0,0,0,1,0,C,4000,12.61,1,0.1,0,10
20219,28,41000,RENT,11,0,0,1,0,0,0,0,1,0,E,4000,18.64,1,0.1,0,8
20223,30,48000,RENT,7,0,0,1,0,0,0,0,1,0,A,4000,,0,0.08,0,5
20226,27,48000,RENT,7,0,0,1,0,0,0,0,1,0,B,4000,9.62,0,0.08,0,10
20274,27,63500,RENT,3,0,0,1,0,0,0,0,1,0,B,4000,10.37,0,0.06,0,9
20276,27,64200,RENT,2,0,0,1,0,0,0,0,1,0,B,4000,9.25,0,0.06,0,5
20277,27,65000,RENT,9,0,0,1,0,0,0,0,1,0,A,4000,6.99,0,0.06,0,5
20282,30,59000,RENT,4,0,0,1,0,0,0,0,1,0,A,4000,8.94,1,0.07,0,7
20284,29,70000,RENT,0,0,0,1,0,0,0,0,1,0,B,4000,10.99,0,0.06,0,5
20324,31,26400,RENT,7,0,0,1,0,0,0,0,1,0,B,4200,,0,0.16,0,9
20329,29,70000,RENT,2,0,0,1,0,0,0,0,1,0,A,4350,,0,0.06,0,8
20330,35,78000,RENT,1,0,0,1,0,0,0,0,1,0,C,4350,15.27,1,0.06,0,6
20340,33,37440,RENT,5,0,0,1,0,0,0,0,1,0,B,4400,11.71,0,0.12,0,10
20341,32,52256,RENT,13,0,0,1,0,0,0,0,1,0,B,4400,,0,0.08,0,5
20358,34,19600,RENT,3,0,0,1,0,0,0,0,1,0,B,4500,10.59,1,0.23,0,9
20364,29,28800,RENT,5,0,0,1,0,0,0,0,1,0,A,4500,7.88,0,0.16,0,5
20390,33,47360,RENT,5,0,0,1,0,0,0,0,1,0,D,4500,15.58,0,0.1,0,5
20392,28,48000,RENT,4,0,0,1,0,0,0,0,1,0,B,4500,11.71,0,0.09,0,7
20395,31,50000,RENT,5,0,0,1,0,0,0,0,1,0,B,4500,9.99,0,0.09,0,5
20398,34,45000,RENT,2,0,0,1,0,0,0,0,1,0,E,4500,16.95,1,0.1,0,10
20400,29,52000,RENT,11,0,0,1,0,0,0,0,1,0,B,4500,9.91,0,0.09,0,10
20410,30,61828,RENT,10,0,0,1,0,0,0,0,1,0,E,4500,18.39,0,0.07,0,8
20412,29,70000,RENT,2,0,0,1,0,0,0,0,1,0,A,4500,5.42,0,0.06,0,9
20438,28,27840,RENT,5,0,0,1,0,0,0,0,1,0,C,4750,13.57,0,0.17,0,5
20442,31,60000,RENT,2,0,0,1,0,0,0,0,1,0,A,4750,5.99,0,0.08,0,5
20515,28,50000,RENT,1,0,0,1,0,0,0,0,1,0,B,4800,10.37,0,0.1,0,10
20523,29,56048,RENT,4,0,0,1,0,0,0,0,1,0,A,4800,6.39,0,0.09,0,6
20535,28,66560,RENT,4,0,0,1,0,0,0,0,1,0,B,4800,10.36,0,0.07,0,5
20547,29,300000,RENT,5,0,0,1,0,0,0,0,1,0,B,4800,10.99,0,0.02,0,6
20558,29,96500,RENT,13,0,0,1,0,0,0,0,1,0,B,10000,8.88,0,0.1,0,8
20562,28,88000,RENT,3,0,0,1,0,0,0,0,1,0,B,10000,10.65,1,0.11,0,9
20576,30,108000,RENT,2,0,0,1,0,0,0,0,1,0,B,10000,10.65,0,0.09,0,5
20608,28,144000,RENT,12,0,0,1,0,0,0,0,1,0,B,10000,9.99,0,0.07,0,5
20609,30,148000,RENT,8,0,0,1,0,0,0,0,1,0,D,10000,13.55,0,0.07,0,9
20624,31,41303,RENT,4,0,0,1,0,0,0,0,1,0,B,9900,11.89,0,0.24,0,10
20625,27,50000,RENT,1,0,0,1,0,0,0,0,1,0,C,9900,14.35,0,0.2,0,5
20626,32,70000,RENT,2,0,0,1,0,0,0,0,1,0,A,9850,7.75,0,0.14,0,9
20628,30,38400,RENT,2,0,0,1,0,0,0,0,1,0,B,9800,11.48,0,0.26,0,5
20641,28,42100,RENT,0,0,0,1,0,0,0,0,1,0,B,4925,11.49,0,0.12,0,7
20642,27,30000,RENT,5,0,0,1,0,0,0,0,1,0,B,4975,10.37,0,0.17,0,10
20664,28,30000,RENT,1,0,0,1,0,0,0,0,1,0,A,5000,6.17,0,0.17,0,6
20690,27,33000,RENT,9,0,0,1,0,0,0,0,1,0,B,5000,10,0,0.15,0,10
20706,33,35000,RENT,0,0,0,1,0,0,0,0,1,0,A,5000,8.9,0,0.14,0,5
20739,29,32000,RENT,1,0,0,1,0,0,0,0,1,0,D,5000,14.84,1,0.16,0,8
20757,34,39996,RENT,1,0,0,1,0,0,0,0,1,0,A,5000,7.51,0,0.13,0,6
20758,28,34000,RENT,,0,0,1,0,0,0,0,1,0,A,5000,7.9,1,0.15,0,5
20759,27,40000,RENT,9,0,0,1,0,0,0,0,1,0,A,5000,8.49,0,0.13,0,8
20773,29,41000,RENT,3,0,0,1,0,0,0,0,1,0,B,5000,11.49,0,0.12,0,9
20775,34,41600,RENT,0,0,0,1,0,0,0,0,1,0,B,5000,10.65,0,0.12,0,6
20780,27,42000,RENT,1,0,0,1,0,0,0,0,1,0,B,5000,10.99,0,0.12,0,10
20787,29,42000,RENT,1,0,0,1,0,0,0,0,1,0,A,5000,,0,0.12,0,6
20800,28,38000,RENT,7,0,0,1,0,0,0,0,1,0,C,5000,13.49,1,0.13,0,6
20812,32,45000,RENT,1,0,0,1,0,0,0,0,1,0,A,5000,7.88,0,0.11,0,10
20813,28,45000,RENT,2,0,0,1,0,0,0,0,1,0,C,5000,12.73,0,0.11,0,7
20815,33,45360,RENT,3,0,0,1,0,0,0,0,1,0,D,5000,15.99,0,0.11,0,6
20821,29,47000,RENT,2,0,0,1,0,0,0,0,1,0,B,5000,10.62,0,0.11,0,7
20833,32,48000,RENT,9,0,0,1,0,0,0,0,1,0,A,5000,6.92,0,0.1,0,10
20842,28,48879,RENT,4,0,0,1,0,0,0,0,1,0,B,5000,12.42,0,0.1,0,7
20861,33,60000,RENT,3,0,0,1,0,0,0,0,1,0,A,9000,8.49,0,0.15,0,5
20869,30,61000,RENT,1,0,0,1,0,0,0,0,1,0,B,9000,11.49,0,0.15,0,5
20896,33,72000,RENT,9,0,0,1,0,0,0,0,1,0,B,9000,11.14,0,0.13,0,5
20905,34,84000,RENT,3,0,0,1,0,0,0,0,1,0,A,9000,5.79,0,0.11,0,10
20920,31,90000,RENT,6,0,0,1,0,0,0,0,1,0,A,9000,5.42,0,0.1,0,9
20944,27,33000,RENT,0,0,0,1,0,0,0,0,1,0,C,8875,14.65,0,0.27,0,8
20946,30,38000,RENT,3,0,0,1,0,0,0,0,1,0,D,8875,16.89,0,0.23,0,5
20954,35,46000,RENT,4,0,0,1,0,0,0,0,1,0,C,8800,14.27,0,0.19,0,7
20972,32,44000,RENT,4,0,0,1,0,0,0,0,1,0,G,5000,20.17,1,0.11,0,10
20978,27,44004,RENT,0,0,0,1,0,0,0,0,1,0,C,5000,13.79,1,0.11,0,8
20990,28,51996,RENT,1,0,0,1,0,0,0,0,1,0,C,5000,,0,0.1,0,6
20994,35,20000,RENT,2,0,0,1,0,0,0,0,1,0,C,8500,13.57,1,0.42,0,10
21019,27,37273,RENT,4,0,0,1,0,0,0,0,1,0,B,8500,10,0,0.23,0,10
21039,30,57600,RENT,5,0,0,1,0,0,0,0,1,0,A,8500,,0,0.15,0,5
21041,34,60353,RENT,13,0,0,1,0,0,0,0,1,0,B,8500,10.65,0,0.14,0,6
21053,29,52100,RENT,13,0,0,1,0,0,0,0,1,0,B,5000,10.99,0,0.1,0,9
21060,34,53995,RENT,10,0,0,1,0,0,0,0,1,0,B,5000,9.63,0,0.09,0,6
21070,31,54996,RENT,6,0,0,1,0,0,0,0,1,0,A,5000,,0,0.09,0,10
21071,31,54996,RENT,5,0,0,1,0,0,0,0,1,0,A,5000,8,0,0.09,0,9
21083,34,56000,RENT,16,0,0,1,0,0,0,0,1,0,A,5000,8.9,0,0.09,0,8
21098,28,60000,RENT,12,0,0,1,0,0,0,0,1,0,A,5000,8.49,0,0.08,0,5
21133,27,60000,RENT,0,0,0,1,0,0,0,0,1,0,D,5000,14.54,1,0.08,0,10
21143,30,63600,RENT,7,0,0,1,0,0,0,0,1,0,B,5000,10.39,1,0.08,0,8
21145,27,69996,RENT,12,0,0,1,0,0,0,0,1,0,A,5000,9.63,0,0.07,0,5
21148,30,70000,RENT,6,0,0,1,0,0,0,0,1,0,B,5000,11.71,0,0.07,0,5
21154,28,72000,RENT,8,0,0,1,0,0,0,0,1,0,B,5000,10.59,0,0.07,0,9
21162,30,75000,RENT,0,0,0,1,0,0,0,0,1,0,B,5000,10.62,0,0.07,0,5
21176,28,81996,RENT,5,0,0,1,0,0,0,0,1,0,C,5000,14.26,0,0.06,0,5
21208,32,96000,RENT,1,0,0,1,0,0,0,0,1,0,B,5000,11.99,0,0.05,0,9
21240,29,200000,RENT,4,0,0,1,0,0,0,0,1,0,A,5000,7.43,0,0.03,0,10
21241,28,276000,RENT,1,0,0,1,0,0,0,0,1,0,A,5000,6.62,0,0.02,0,10
21244,28,30000,RENT,2,0,0,1,0,0,0,0,1,0,A,5200,5.42,0,0.17,0,7
21264,28,15360,RENT,2,0,0,1,0,0,0,0,1,0,B,5375,9.91,1,0.35,0,5
21283,29,63533,RENT,0,0,0,1,0,0,0,0,1,0,A,5400,7.66,0,0.08,0,7
21286,29,75000,RENT,0,0,0,1,0,0,0,0,1,0,C,5400,14.79,0,0.07,0,5
21291,30,25000,RENT,6,0,0,1,0,0,0,0,1,0,C,5475,12.68,0,0.22,0,6
21310,28,24000,RENT,5,0,0,1,0,0,0,0,1,0,B,5500,10.36,0,0.23,0,7
21327,32,35000,RENT,2,0,0,1,0,0,0,0,1,0,B,5500,11.49,0,0.16,0,7
21331,30,40000,RENT,1,0,0,1,0,0,0,0,1,0,A,5500,7.74,0,0.14,0,6
21335,35,42300,RENT,3,0,0,1,0,0,0,0,1,0,C,5500,13.06,0,0.13,0,8
21359,29,12000,RENT,0,0,0,1,0,0,0,0,1,0,B,5600,12.18,1,0.47,0,10
21372,28,36000,RENT,8,0,0,1,0,0,0,0,1,0,B,5600,11.11,0,0.16,0,5
21379,33,36000,RENT,5,0,0,1,0,0,0,0,1,0,B,5600,11.99,1,0.16,0,7
21382,33,46000,RENT,13,0,0,1,0,0,0,0,1,0,C,5600,15.27,0,0.12,0,9
21393,29,52884,RENT,3,0,0,1,0,0,0,0,1,0,B,5600,11.99,0,0.11,0,10
21412,30,75000,RENT,8,0,0,1,0,0,0,0,1,0,D,5600,15.99,0,0.07,0,7
21431,27,36996,RENT,4,0,0,1,0,0,0,0,1,0,D,5775,14.91,0,0.16,0,7
21447,28,30000,RENT,5,0,0,1,0,0,0,0,1,0,B,5825,9.99,0,0.19,0,9
21451,34,46000,RENT,1,0,0,1,0,0,0,0,1,0,B,5850,11.12,0,0.13,0,8
21460,27,42000,RENT,6,0,0,1,0,0,0,0,1,0,A,5950,5.99,0,0.14,0,5
21473,33,19200,RENT,,0,0,1,0,0,0,0,1,0,B,6000,10.65,1,0.31,0,6
21486,27,21600,RENT,9,0,0,1,0,0,0,0,1,0,A,6000,7.88,0,0.28,0,9
21494,30,24000,RENT,,0,0,1,0,0,0,0,1,0,A,6000,5.42,0,0.25,0,8
21508,27,26000,RENT,6,0,0,1,0,0,0,0,1,0,B,6000,10.75,0,0.23,0,10
21525,29,30000,RENT,7,0,0,1,0,0,0,0,1,0,A,6000,8.9,0,0.2,0,10
21535,31,30000,RENT,5,0,0,1,0,0,0,0,1,0,C,6000,13.23,0,0.2,0,5
21542,28,30784,RENT,0,0,0,1,0,0,0,0,1,0,A,6000,9.32,0,0.19,0,8
21544,28,31000,RENT,3,0,0,1,0,0,0,0,1,0,D,6000,15.33,0,0.19,0,9
21550,29,31200,RENT,2,0,0,1,0,0,0,0,1,0,B,6000,11.46,1,0.19,0,10
21556,28,32000,RENT,0,0,0,1,0,0,0,0,1,0,B,6000,,0,0.19,0,5
21560,28,33000,RENT,2,0,0,1,0,0,0,0,1,0,A,6000,7.9,0,0.18,0,6
21580,27,35000,RENT,3,0,0,1,0,0,0,0,1,0,B,6000,11.11,0,0.17,0,6
21613,27,31200,RENT,2,0,0,1,0,0,0,0,1,0,A,6000,6.62,1,0.19,0,10
21623,28,39000,RENT,0,0,0,1,0,0,0,0,1,0,A,6000,8.63,0,0.15,0,7
21627,27,40000,RENT,2,0,0,1,0,0,0,0,1,0,B,6000,,0,0.15,0,9
21639,27,40800,RENT,11,0,0,1,0,0,0,0,1,0,A,6000,7.66,0,0.15,0,7
21655,35,37000,RENT,2,0,0,1,0,0,0,0,1,0,B,6000,9.99,1,0.16,0,7
21668,29,39000,RENT,2,0,0,1,0,0,0,0,1,0,B,6000,12.69,1,0.15,0,5
21669,30,45000,RENT,0,0,0,1,0,0,0,0,1,0,B,6000,12.69,0,0.13,0,8
21708,27,49500,RENT,6,0,0,1,0,0,0,0,1,0,C,6000,11.22,0,0.12,0,8
21711,34,50000,RENT,5,0,0,1,0,0,0,0,1,0,B,6000,9.91,0,0.12,0,8
21713,28,50000,RENT,0,0,0,1,0,0,0,0,1,0,B,6000,10.59,0,0.12,0,5
21722,30,50000,RENT,4,0,0,1,0,0,0,0,1,0,A,6000,5.79,0,0.12,0,7
21723,34,44000,RENT,0,0,0,1,0,0,0,0,1,0,E,6000,16.45,1,0.14,0,10
21745,31,53088,RENT,0,0,0,1,0,0,0,0,1,0,A,6000,6.54,0,0.11,0,9
21750,29,49000,RENT,3,0,0,1,0,0,0,0,1,0,C,6000,13.99,1,0.12,0,6
21755,31,55000,RENT,3,0,0,1,0,0,0,0,1,0,B,6000,10.38,0,0.11,0,6
21787,32,60000,RENT,2,0,0,1,0,0,0,0,1,0,B,6000,11.36,0,0.1,0,8
21788,27,60000,RENT,6,0,0,1,0,0,0,0,1,0,A,6000,8.94,0,0.1,0,9
21803,32,52000,RENT,0,0,0,1,0,0,0,0,1,0,A,7125,7.49,0,0.14,0,10
21812,27,20000,RENT,1,0,0,1,0,0,0,0,1,0,A,7025,5.42,1,0.35,0,9
21815,29,14400,RENT,2,0,0,1,0,0,0,0,1,0,C,7000,12.84,1,0.49,0,5
21837,29,63000,RENT,4,0,0,1,0,0,0,0,1,0,A,6000,7.51,0,0.1,0,7
21858,27,69996,RENT,1,0,0,1,0,0,0,0,1,0,B,6000,11.86,0,0.09,0,6
21907,29,80000,RENT,3,0,0,1,0,0,0,0,1,0,A,6000,6.99,0,0.07,0,10
21918,27,85000,RENT,11,0,0,1,0,0,0,0,1,0,B,6000,,0,0.07,0,7
21945,34,100000,RENT,5,0,0,1,0,0,0,0,1,0,B,6000,10.99,0,0.06,0,9
21953,28,125004,RENT,12,0,0,1,0,0,0,0,1,0,A,6000,7.51,0,0.05,0,10
21962,29,23850,RENT,0,0,0,1,0,0,0,0,1,0,B,6075,,0,0.25,0,5
21966,32,108000,RENT,16,0,0,1,0,0,0,0,1,0,A,6125,5.99,1,0.06,0,5
21976,31,28800,RENT,0,0,0,1,0,0,0,0,1,0,C,6200,12.23,0,0.22,0,9
21985,27,52000,RENT,0,0,0,1,0,0,0,0,1,0,C,6225,14.35,0,0.12,0,7
22023,27,65000,RENT,5,0,0,1,0,0,0,0,1,0,E,7000,16.82,0,0.11,0,9
22037,29,72500,RENT,1,0,0,1,0,0,0,0,1,0,A,7000,7.29,0,0.1,0,5
22040,32,75000,RENT,2,0,0,1,0,0,0,0,1,0,C,7000,12.61,0,0.09,0,6
22041,30,78000,RENT,12,0,0,1,0,0,0,0,1,0,A,7000,6.54,0,0.09,0,5
22072,35,108000,RENT,1,0,0,1,0,0,0,0,1,0,B,7000,,0,0.06,0,7
22092,31,83000,RENT,5,0,0,1,0,0,0,0,1,0,B,6300,10.65,0,0.08,0,5
22101,27,20000,RENT,0,0,0,1,0,0,0,0,1,0,D,6500,15.65,1,0.33,0,8
22102,33,21000,RENT,0,0,0,1,0,0,0,0,1,0,A,6500,7.66,1,0.31,0,6
22105,30,23000,RENT,3,0,0,1,0,0,0,0,1,0,C,6500,14.72,0,0.28,0,10
22109,33,30000,RENT,0,0,0,1,0,0,0,0,1,0,A,6500,8.49,0,0.22,0,5
22133,27,45000,RENT,4,0,0,1,0,0,0,0,1,0,B,6500,10.99,0,0.14,0,8
22164,27,30000,RENT,5,0,0,1,0,0,0,0,1,0,C,6575,13.49,1,0.22,0,9
22194,30,20000,RENT,4,0,0,1,0,0,0,0,1,0,C,6800,12.84,1,0.34,0,6
22266,28,56000,RENT,4,0,0,1,0,0,0,0,1,0,A,6400,7.29,0,0.11,0,9
22268,32,57192,RENT,5,0,0,1,0,0,0,0,1,0,A,6400,8,0,0.11,0,5
22339,27,31200,RENT,3,0,0,1,0,0,0,0,1,0,B,7000,9.88,0,0.22,0,9
22346,28,35000,RENT,1,0,0,1,0,0,0,0,1,0,B,7000,12.69,0,0.2,0,8
22365,31,39000,RENT,2,0,0,1,0,0,0,0,1,0,C,7000,,0,0.18,0,9
22369,29,39996,RENT,3,0,0,1,0,0,0,0,1,0,A,7000,9.32,0,0.18,0,6
22378,28,40000,RENT,2,0,0,1,0,0,0,0,1,0,A,7000,8.59,0,0.17,0,10
22417,34,45000,RENT,3,0,0,1,0,0,0,0,1,0,B,7000,11.86,0,0.16,0,8
22446,29,52000,RENT,13,0,0,1,0,0,0,0,1,0,D,7000,16.77,0,0.13,0,5
22462,30,85000,RENT,14,0,0,1,0,0,0,0,1,0,B,7000,10.65,0,0.08,0,9
22468,35,90000,RENT,15,0,0,1,0,0,0,0,1,0,B,7000,11.71,0,0.08,0,9
22488,33,30000,RENT,6,0,0,1,0,0,0,0,1,0,B,7200,12.69,1,0.24,0,10
22490,27,30000,RENT,1,0,0,1,0,0,0,0,1,0,A,7200,7.29,0,0.24,0,7
22492,29,31000,RENT,1,0,0,1,0,0,0,0,1,0,C,7200,11.03,1,0.23,0,8
22505,31,40351,RENT,12,0,0,1,0,0,0,0,1,0,A,7200,7.29,0,0.18,0,9
22507,30,41000,RENT,0,0,0,1,0,0,0,0,1,0,A,7200,7.49,0,0.18,0,5
22535,34,68000,RENT,5,0,0,1,0,0,0,0,1,0,B,7200,,0,0.11,0,9
22560,29,89000,RENT,2,0,0,1,0,0,0,0,1,0,A,7200,,0,0.08,0,10
22613,31,31000,RENT,5,0,0,1,0,0,0,0,1,0,A,7500,7.49,0,0.24,0,9
22618,33,33000,RENT,0,0,0,1,0,0,0,0,1,0,C,7500,11.34,0,0.23,0,9
22621,28,34200,RENT,8,0,0,1,0,0,0,0,1,0,A,7500,8.94,0,0.22,0,7
22635,31,37000,RENT,5,0,0,1,0,0,0,0,1,0,C,7500,15.23,0,0.2,0,6
22638,30,38168,RENT,5,0,0,1,0,0,0,0,1,0,B,7500,9.76,0,0.2,0,6
22650,28,40000,RENT,2,0,0,1,0,0,0,0,1,0,B,7500,11.86,0,0.19,0,8
22689,30,50400,RENT,2,0,0,1,0,0,0,0,1,0,B,7500,10.25,0,0.15,0,7
22801,30,48000,RENT,0,0,0,1,0,0,0,0,1,0,A,7725,8.94,0,0.16,0,5
22818,29,28000,RENT,8,0,0,1,0,0,0,0,1,0,B,7800,8.88,0,0.28,0,7
22819,28,30100,RENT,0,0,0,1,0,0,0,0,1,0,C,7800,14.35,0,0.26,0,10
22853,27,18000,RENT,0,0,0,1,0,0,0,0,1,0,B,8000,10.25,1,0.44,0,10
22859,27,20000,RENT,0,0,0,1,0,0,0,0,1,0,B,8000,11.89,1,0.4,0,10
22876,27,24000,RENT,3,0,0,1,0,0,0,0,1,0,B,8000,,1,0.33,0,8
22885,35,26000,RENT,3,0,0,1,0,0,0,0,1,0,A,8000,7.9,1,0.31,0,10
22891,27,26400,RENT,0,0,0,1,0,0,0,0,1,0,B,8000,10.59,1,0.3,0,7
22892,35,26400,RENT,4,0,0,1,0,0,0,0,1,0,B,8000,,0,0.3,0,8
22894,30,27996,RENT,5,0,0,1,0,0,0,0,1,0,B,8000,10.99,0,0.29,0,8
22927,34,34000,RENT,0,0,0,1,0,0,0,0,1,0,A,8000,7.9,0,0.24,0,7
22937,34,35000,RENT,1,0,0,1,0,0,0,0,1,0,A,8000,6.17,0,0.23,0,9
22953,31,36000,RENT,3,0,0,1,0,0,0,0,1,0,A,8000,8.49,0,0.22,0,8
22956,30,36000,RENT,3,0,0,1,0,0,0,0,1,0,B,8000,11.36,0,0.22,0,8
22960,31,36996,RENT,5,0,0,1,0,0,0,0,1,0,A,8000,7.49,0,0.22,0,6
22975,35,38000,RENT,3,0,0,1,0,0,0,0,1,0,B,8000,,0,0.21,0,6
23015,27,42000,RENT,9,0,0,1,0,0,0,0,1,0,A,8000,7.29,0,0.19,0,6
23018,27,36672,RENT,11,0,0,1,0,0,0,0,1,0,A,8000,7.9,1,0.22,0,9
23019,28,42682,RENT,1,0,0,1,0,0,0,0,1,0,A,8000,6.03,0,0.19,0,9
23047,33,45000,RENT,2,0,0,1,0,0,0,0,1,0,C,8000,12.53,0,0.18,0,6
23052,31,46000,RENT,6,0,0,1,0,0,0,0,1,0,B,8000,,0,0.17,0,9
23087,31,50000,RENT,0,0,0,1,0,0,0,0,1,0,C,8000,,0,0.16,0,9
23101,28,52500,RENT,2,0,0,1,0,0,0,0,1,0,A,8000,7.51,0,0.15,0,6
23118,32,55000,RENT,0,0,0,1,0,0,0,0,1,0,B,8000,10,0,0.15,0,9
23138,34,57996,RENT,3,0,0,1,0,0,0,0,1,0,B,8000,11.12,0,0.14,0,8
23153,33,60000,RENT,2,0,0,1,0,0,0,0,1,0,B,8000,12.53,0,0.13,0,6
23183,34,14000,RENT,3,0,0,1,0,0,0,0,1,0,C,5000,13.35,1,0.36,0,10
23188,28,15000,RENT,1,0,0,1,0,0,0,0,1,0,A,5000,7.4,1,0.33,0,9
23197,32,16800,RENT,0,0,0,1,0,0,0,0,1,0,A,5000,7.29,1,0.3,0,9
23207,27,19200,RENT,2,0,0,1,0,0,0,0,1,0,B,5000,12.53,1,0.26,0,7
23209,28,20000,RENT,4,0,0,1,0,0,0,0,1,0,B,5000,10.65,0,0.25,0,8
23215,30,20000,RENT,2,0,0,1,0,0,0,0,1,0,A,5000,8.59,0,0.25,0,5
23241,29,24000,RENT,6,0,0,1,0,0,0,0,1,0,B,5000,10.74,0,0.21,0,10
23262,27,25000,RENT,2,0,0,1,0,0,0,0,1,0,B,5000,9.62,0,0.2,0,7
23267,32,25200,RENT,0,0,0,1,0,0,0,0,1,0,A,5000,7.91,0,0.2,0,5
23274,33,26100,RENT,16,0,0,1,0,0,0,0,1,0,B,5000,10.75,0,0.19,0,6
23281,29,27000,RENT,8,0,0,1,0,0,0,0,1,0,A,5000,6.76,0,0.19,0,9
23322,27,67200,RENT,0,0,0,1,0,0,0,0,1,0,A,8000,6.03,0,0.12,0,5
23337,29,70000,RENT,9,0,0,1,0,0,0,0,1,0,B,8000,12.53,0,0.11,0,5
23371,27,80500,RENT,2,0,0,1,0,0,0,0,1,0,A,8000,8.49,0,0.1,0,9
23373,28,82000,RENT,12,0,0,1,0,0,0,0,1,0,A,8000,7.49,0,0.1,0,10
23385,29,85000,RENT,12,0,0,1,0,0,0,0,1,0,B,8000,10.62,0,0.09,0,8
23394,32,90000,RENT,0,0,0,1,0,0,0,0,1,0,A,8000,7.88,0,0.09,0,5
23401,31,95000,RENT,5,0,0,1,0,0,0,0,1,0,B,8000,,0,0.08,0,10
23407,34,105000,RENT,0,0,0,1,0,0,0,0,1,0,A,8000,8.38,0,0.08,0,8
23408,29,105500,RENT,4,0,0,1,0,0,0,0,1,0,A,8000,7.49,0,0.08,0,7
23427,28,160000,RENT,7,0,0,1,0,0,0,0,1,0,B,8000,12.69,0,0.05,0,7
23430,31,552000,RENT,0,0,0,1,0,0,0,0,1,0,A,8000,7.29,0,0.01,0,10
23450,32,19000,RENT,1,0,0,1,0,0,0,0,1,0,A,8325,6.62,1,0.44,0,9
23452,28,81120,RENT,0,0,0,1,0,0,0,0,1,0,A,8350,7.49,0,0.1,0,8
23455,28,30000,RENT,0,0,0,1,0,0,0,0,1,0,B,8400,11.89,0,0.28,0,10
23504,32,65280,RENT,0,0,0,1,0,0,0,0,1,0,C,8400,13.61,0,0.13,0,9
23522,30,98000,RENT,14,0,0,1,0,0,0,0,1,0,C,8525,10.78,1,0.09,0,9
23525,29,27840,RENT,0,0,0,1,0,0,0,0,1,0,E,8575,19.42,1,0.31,0,8
23532,35,35000,RENT,10,0,0,1,0,0,0,0,1,0,D,8600,15.99,0,0.25,0,5
23535,27,30000,RENT,4,0,0,1,0,0,0,0,1,0,A,8650,8.94,0,0.29,0,6
23536,31,60682,RENT,3,0,0,1,0,0,0,0,1,0,A,8650,8.49,0,0.14,0,8
23540,30,32004,RENT,2,0,0,1,0,0,0,0,1,0,D,8700,15.58,1,0.27,0,10
23558,32,145000,RENT,2,0,0,1,0,0,0,0,1,0,B,8800,10.59,0,0.06,0,7
23574,29,32000,RENT,5,0,0,1,0,0,0,0,1,0,D,9000,16.77,0,0.28,0,5
23578,30,32400,RENT,0,0,0,1,0,0,0,0,1,0,C,9000,11.22,0,0.28,0,10
23582,31,34000,RENT,1,0,0,1,0,0,0,0,1,0,B,9000,11.48,0,0.26,0,5
23583,30,34000,RENT,3,0,0,1,0,0,0,0,1,0,A,9000,,0,0.26,0,8
23621,31,40800,RENT,6,0,0,1,0,0,0,0,1,0,A,9000,,0,0.22,0,6
23628,29,42000,RENT,13,0,0,1,0,0,0,0,1,0,C,9000,13.06,0,0.21,0,5
23668,31,51000,RENT,5,0,0,1,0,0,0,0,1,0,B,9000,10.99,0,0.18,0,7
23685,34,30000,RENT,3,0,0,1,0,0,0,0,1,0,A,9050,5.99,0,0.3,0,9
23690,34,62000,RENT,2,0,0,1,0,0,0,0,1,0,C,9100,13.48,0,0.15,0,7
23692,33,125000,RENT,0,0,0,1,0,0,0,0,1,0,A,9100,7.88,0,0.07,0,8
23694,33,120000,RENT,1,0,0,1,0,0,0,0,1,0,C,9150,13.99,0,0.08,0,5
23721,35,34000,RENT,1,0,0,1,0,0,0,0,1,0,B,9250,10.59,1,0.27,0,10
23749,31,95000,RENT,0,0,0,1,0,0,0,0,1,0,A,9450,6.54,0,0.1,0,6
23753,31,21900,RENT,,0,0,1,0,0,0,0,1,0,D,9500,14.59,1,0.43,0,8
23832,30,65000,RENT,11,0,0,1,0,0,0,0,1,0,B,9600,12.42,0,0.15,0,10
23833,27,62000,RENT,2,0,0,1,0,0,0,0,1,0,B,9600,10.25,1,0.15,0,8
23875,27,29000,RENT,4,0,0,1,0,0,0,0,1,0,A,9750,7.51,1,0.34,0,6
23934,28,30000,RENT,3,0,0,1,0,0,0,0,1,0,A,10000,8.9,1,0.33,0,5
23946,27,30000,RENT,0,0,0,1,0,0,0,0,1,0,C,10000,12.68,1,0.33,0,9
23956,31,30000,RENT,1,0,0,1,0,0,0,0,1,0,C,10000,13.48,1,0.33,0,8
23959,27,30000,RENT,0,0,0,1,0,0,0,0,1,0,D,10000,15.31,1,0.33,0,7
23970,34,30636,RENT,4,0,0,1,0,0,0,0,1,0,B,10000,10.37,1,0.33,0,5
23995,32,33078,RENT,4,0,0,1,0,0,0,0,1,0,A,10000,7.51,0,0.3,0,8
24007,28,34000,RENT,4,0,0,1,0,0,0,0,1,0,D,10000,14.74,0,0.29,0,9
24008,27,29000,RENT,2,0,0,1,0,0,0,0,1,0,B,10000,12.69,1,0.34,0,10
24010,28,35000,RENT,12,0,0,1,0,0,0,0,1,0,D,10000,16.29,0,0.29,0,5
24014,30,35000,RENT,6,0,0,1,0,0,0,0,1,0,A,10000,5.79,0,0.29,0,9
24035,34,35665,RENT,2,0,0,1,0,0,0,0,1,0,B,10000,10.08,0,0.28,0,6
24039,31,36000,RENT,3,0,0,1,0,0,0,0,1,0,B,10000,10.65,0,0.28,0,5
24066,32,37965,RENT,3,0,0,1,0,0,0,0,1,0,A,10000,9.63,0,0.26,0,6
24091,34,39312,RENT,5,0,0,1,0,0,0,0,1,0,D,10000,15.7,0,0.25,0,7
24165,27,43080,RENT,7,0,0,1,0,0,0,0,1,0,C,10000,13.98,0,0.23,0,9
24171,33,43337,RENT,17,0,0,1,0,0,0,0,1,0,A,10000,6.92,0,0.23,0,6
24182,30,45000,RENT,5,0,0,1,0,0,0,0,1,0,A,10000,7.51,0,0.22,0,7
24235,32,46000,RENT,16,0,0,1,0,0,0,0,1,0,B,10000,10.59,0,0.22,0,7
24250,27,35000,RENT,3,0,0,1,0,0,0,0,1,0,A,4200,,0,0.12,0,5
24256,30,40000,RENT,0,0,0,1,0,0,0,0,1,0,C,4200,12.68,0,0.1,0,7
24283,30,50650,RENT,5,0,0,1,0,0,0,0,1,0,B,4200,9.91,1,0.08,0,7
24304,27,93000,RENT,11,0,0,1,0,0,0,0,1,0,A,4200,5.42,0,0.05,0,6
24305,29,25000,RENT,0,0,0,1,0,0,0,0,1,0,B,4125,11.71,0,0.17,0,6
24319,28,47200,RENT,3,0,0,1,0,0,0,0,1,0,B,10000,9.99,0,0.21,0,8
24340,29,48000,RENT,13,0,0,1,0,0,0,0,1,0,A,10000,7.51,0,0.21,0,7
24372,27,49800,RENT,3,0,0,1,0,0,0,0,1,0,B,10000,10.74,0,0.2,0,7
24388,33,50000,RENT,3,0,0,1,0,0,0,0,1,0,B,10000,,0,0.2,0,8
24398,28,50000,RENT,5,0,0,1,0,0,0,0,1,0,A,10000,7.88,0,0.2,0,7
24400,30,50000,RENT,3,0,0,1,0,0,0,0,1,0,C,10000,13.22,0,0.2,0,7
24416,32,50911,RENT,7,0,0,1,0,0,0,0,1,0,C,10000,13.06,0,0.2,0,7
24432,28,52000,RENT,2,0,0,1,0,0,0,0,1,0,B,10000,12.69,0,0.19,0,7
24441,29,52000,RENT,9,0,0,1,0,0,0,0,1,0,A,10000,8,0,0.19,0,8
24449,28,53376,RENT,5,0,0,1,0,0,0,0,1,0,A,10000,5.42,0,0.19,0,5
24454,35,54000,RENT,,0,0,1,0,0,0,0,1,0,A,10000,5.42,0,0.19,0,10
24495,33,56000,RENT,7,0,0,1,0,0,0,0,1,0,B,10000,11.36,0,0.18,0,6
24511,34,58000,RENT,11,0,0,1,0,0,0,0,1,0,B,10000,10.65,0,0.17,0,9
24514,29,58000,RENT,3,0,0,1,0,0,0,0,1,0,A,10000,6.99,0,0.17,0,5
24535,29,54000,RENT,12,0,0,1,0,0,0,0,1,0,B,10000,11.71,1,0.19,0,7
24539,32,60000,RENT,0,0,0,1,0,0,0,0,1,0,B,10000,12.42,0,0.17,0,9
24541,30,60000,RENT,2,0,0,1,0,0,0,0,1,0,A,10000,7.49,0,0.17,0,7
24546,35,60000,RENT,7,0,0,1,0,0,0,0,1,0,B,10000,11.11,0,0.17,0,9
24564,29,54000,RENT,0,0,0,1,0,0,0,0,1,0,D,10000,14.96,1,0.19,0,9
24572,27,60000,RENT,1,0,0,1,0,0,0,0,1,0,C,10000,13.22,0,0.17,0,7
24613,29,63000,RENT,5,0,0,1,0,0,0,0,1,0,D,10000,15.33,0,0.16,0,9
24643,28,65004,RENT,12,0,0,1,0,0,0,0,1,0,A,10000,7.88,0,0.15,0,6
24657,29,68000,RENT,2,0,0,1,0,0,0,0,1,0,C,10000,14.27,0,0.15,0,8
24662,30,68000,RENT,7,0,0,1,0,0,0,0,1,0,B,10000,10.75,0,0.15,0,7
24665,28,68496,RENT,8,0,0,1,0,0,0,0,1,0,B,10000,,0,0.15,0,5
24669,34,69204,RENT,4,0,0,1,0,0,0,0,1,0,B,10000,12.18,0,0.14,0,6
24709,34,73000,RENT,0,0,0,1,0,0,0,0,1,0,B,10000,11.11,0,0.14,0,10
24727,34,75000,RENT,2,0,0,1,0,0,0,0,1,0,B,10000,10,0,0.13,0,8
24739,28,77250,RENT,1,0,0,1,0,0,0,0,1,0,B,10000,9.2,0,0.13,0,7
24755,31,80000,RENT,6,0,0,1,0,0,0,0,1,0,A,10000,,0,0.13,0,9
24772,27,80004,RENT,11,0,0,1,0,0,0,0,1,0,D,10000,15.2,0,0.12,0,7
24797,27,84996,RENT,12,0,0,1,0,0,0,0,1,0,B,10000,10.51,0,0.12,0,7
24799,33,85000,RENT,0,0,0,1,0,0,0,0,1,0,B,10000,,0,0.12,0,5
24849,29,95000,RENT,1,0,0,1,0,0,0,0,1,0,B,10000,10.38,0,0.11,0,5
24863,28,90000,RENT,1,0,0,1,0,0,0,0,1,0,A,10200,8.9,0,0.11,0,8
24922,28,48000,RENT,1,0,0,1,0,0,0,0,1,0,C,11200,14.26,0,0.23,0,6
24945,35,83000,RENT,19,0,0,1,0,0,0,0,1,0,B,11200,10.65,0,0.13,0,10
24969,27,52500,RENT,7,0,0,1,0,0,0,0,1,0,A,11425,7.51,0,0.22,0,7
24980,29,40000,RENT,7,0,0,1,0,0,0,0,1,0,A,11450,8.49,0,0.29,0,5
24981,30,65000,RENT,14,0,0,1,0,0,0,0,1,0,C,11475,13.72,0,0.18,0,6
25010,35,50000,RENT,4,0,0,1,0,0,0,0,1,0,B,11500,12.42,0,0.23,0,8
25046,34,25200,RENT,6,0,0,1,0,0,0,0,1,0,C,12000,13.48,1,0.48,0,10
25057,30,28000,RENT,5,0,0,1,0,0,0,0,1,0,C,12000,14.22,1,0.43,0,8
25061,34,30000,RENT,2,0,0,1,0,0,0,0,1,0,A,12000,,1,0.4,0,6
25064,29,30000,RENT,0,0,0,1,0,0,0,0,1,0,B,12000,10.36,1,0.4,0,7
25078,29,32000,RENT,3,0,0,1,0,0,0,0,1,0,A,12000,,1,0.38,0,9
25090,28,33280,RENT,6,0,0,1,0,0,0,0,1,0,A,12000,7.66,1,0.36,0,9
25104,27,35000,RENT,8,0,0,1,0,0,0,0,1,0,B,12000,9.91,1,0.34,0,8
25117,33,36000,RENT,9,0,0,1,0,0,0,0,1,0,A,12000,7.29,1,0.33,0,6
25123,32,37076,RENT,3,0,0,1,0,0,0,0,1,0,B,12000,12.42,1,0.32,0,7
25141,28,38295,RENT,5,0,0,1,0,0,0,0,1,0,C,12000,,1,0.31,0,7
25145,28,38500,RENT,2,0,0,1,0,0,0,0,1,0,B,12000,10.75,1,0.31,0,5
25147,28,38643,RENT,7,0,0,1,0,0,0,0,1,0,B,12000,11.58,1,0.31,0,8
25183,29,41004,RENT,6,0,0,1,0,0,0,0,1,0,B,12000,10,0,0.29,0,7
25187,32,42000,RENT,13,0,0,1,0,0,0,0,1,0,A,12000,7.51,0,0.29,0,8
25188,31,42000,RENT,12,0,0,1,0,0,0,0,1,0,B,12000,,0,0.29,0,9
25189,27,42000,RENT,2,0,0,1,0,0,0,0,1,0,B,12000,10.65,0,0.29,0,7
25199,30,42000,RENT,1,0,0,1,0,0,0,0,1,0,B,12000,9.88,0,0.29,0,8
25205,30,42886,RENT,3,0,0,1,0,0,0,0,1,0,B,12000,10.59,0,0.28,0,10
25221,32,44808,RENT,5,0,0,1,0,0,0,0,1,0,B,12000,,0,0.27,0,8
25261,29,47500,RENT,0,0,0,1,0,0,0,0,1,0,A,12000,8.94,0,0.25,0,5
25274,30,60000,RENT,0,0,0,1,0,0,0,0,1,0,B,12000,11.71,0,0.2,0,9
25283,30,60000,RENT,5,0,0,1,0,0,0,0,1,0,B,12000,10.99,0,0.2,0,7
25291,28,60000,RENT,3,0,0,1,0,0,0,0,1,0,A,12000,6.17,0,0.2,0,6
25293,31,60000,RENT,2,0,0,1,0,0,0,0,1,0,C,12000,13.98,0,0.2,0,5
25295,30,60000,RENT,4,0,0,1,0,0,0,0,1,0,B,12000,10.99,0,0.2,0,10
25300,28,60000,RENT,2,0,0,1,0,0,0,0,1,0,B,12000,12.18,0,0.2,0,10
25322,30,24000,RENT,8,0,0,1,0,0,0,0,1,0,A,3000,,1,0.13,0,6
25323,29,24000,RENT,1,0,0,1,0,0,0,0,1,0,B,3000,11.14,0,0.13,0,6
25342,30,25716,RENT,1,0,0,1,0,0,0,0,1,0,C,3000,13.72,0,0.12,0,10
25381,29,62200,RENT,3,0,0,1,0,0,0,0,1,0,E,12000,19.03,0,0.19,0,6
25409,30,65000,RENT,1,0,0,1,0,0,0,0,1,0,B,12000,11.49,0,0.18,0,7
25411,27,65000,RENT,0,0,0,1,0,0,0,0,1,0,B,12000,,0,0.18,0,5
25467,28,73200,RENT,2,0,0,1,0,0,0,0,1,0,A,12000,8.9,0,0.16,0,10
25484,35,36000,RENT,2,0,0,1,0,0,0,0,1,0,D,3000,,1,0.08,0,10
25556,31,83000,RENT,2,0,0,1,0,0,0,0,1,0,B,12000,12.42,0,0.14,0,7
25559,28,84000,RENT,1,0,0,1,0,0,0,0,1,0,B,12000,11.71,0,0.14,0,8
25571,30,84300,RENT,4,0,0,1,0,0,0,0,1,0,B,12000,8.88,0,0.14,0,7
25573,27,85000,RENT,2,0,0,1,0,0,0,0,1,0,B,12000,9.91,0,0.14,0,7
25577,31,85000,RENT,5,0,0,1,0,0,0,0,1,0,C,12000,15.27,0,0.14,0,8
25605,29,89000,RENT,3,0,0,1,0,0,0,0,1,0,A,12000,7.29,0,0.13,0,5
25652,35,100000,RENT,3,0,0,1,0,0,0,0,1,0,A,12000,7.88,0,0.12,0,6
25681,34,120000,RENT,4,0,0,1,0,0,0,0,1,0,B,12000,11.49,0,0.1,0,6
25727,27,27996,RENT,0,0,0,1,0,0,0,0,1,0,B,12250,11.26,1,0.44,0,7
25739,27,52000,RENT,3,0,0,1,0,0,0,0,1,0,B,12250,11.36,0,0.24,0,5
25746,29,70000,RENT,3,0,0,1,0,0,0,0,1,0,A,12300,8.49,0,0.18,0,8
25767,27,37440,RENT,7,0,0,1,0,0,0,0,1,0,B,2800,,0,0.07,0,9
25783,28,47000,RENT,4,0,0,1,0,0,0,0,1,0,A,2800,6.99,0,0.06,0,7
25846,27,45000,RENT,2,0,0,1,0,0,0,0,1,0,B,2700,9.91,0,0.06,0,6
25880,28,34000,RENT,0,0,0,1,0,0,0,0,1,0,D,2600,15.62,1,0.08,0,9
25899,31,42096,RENT,15,0,0,1,0,0,0,0,1,0,B,12500,11.11,0,0.3,0,5
25904,34,14400,RENT,2,0,0,1,0,0,0,0,1,0,B,2500,10,1,0.17,0,5
25919,28,16560,RENT,,0,0,1,0,0,0,0,1,0,A,2500,6.99,0,0.15,0,10
25921,27,18000,RENT,2,0,0,1,0,0,0,0,1,0,D,2500,14.74,1,0.14,0,8
25930,28,48000,RENT,12,0,0,1,0,0,0,0,1,0,D,12500,15.95,0,0.26,0,7
25956,32,130000,RENT,0,0,0,1,0,0,0,0,1,0,B,12500,9.99,0,0.1,0,6
25981,31,62000,RENT,2,0,0,1,0,0,0,0,1,0,B,12800,9.62,0,0.21,0,7
25991,27,104000,RENT,8,0,0,1,0,0,0,0,1,0,A,12800,7.29,0,0.12,0,7
26002,30,96000,RENT,4,0,0,1,0,0,0,0,1,0,C,12900,14.79,0,0.13,0,9
26054,27,61000,RENT,7,0,0,1,0,0,0,0,1,0,B,13000,10.59,1,0.21,0,8
26071,35,90000,RENT,4,0,0,1,0,0,0,0,1,0,A,13000,9.32,0,0.14,0,9
26092,30,80000,RENT,5,0,0,1,0,0,0,0,1,0,B,13600,12.42,0,0.17,0,9
26100,35,88000,RENT,2,0,0,1,0,0,0,0,1,0,A,13600,7.9,0,0.15,0,6
26114,29,42000,RENT,0,0,0,1,0,0,0,0,1,0,B,13750,11.36,1,0.33,0,8
26138,28,42900,RENT,3,0,0,1,0,0,0,0,1,0,B,14000,11.14,1,0.33,0,5
26146,29,45000,RENT,9,0,0,1,0,0,0,0,1,0,B,14000,12.69,1,0.31,0,5
26166,29,48880,RENT,3,0,0,1,0,0,0,0,1,0,B,14000,10.65,0,0.29,0,9
26168,31,48996,RENT,9,0,0,1,0,0,0,0,1,0,C,14000,13.23,0,0.29,0,8
26195,35,47400,RENT,2,0,0,1,0,0,0,0,1,0,D,14000,14.42,1,0.3,0,7
26231,29,58000,RENT,4,0,0,1,0,0,0,0,1,0,A,14000,6.62,0,0.24,0,5
26268,31,69000,RENT,2,0,0,1,0,0,0,0,1,0,A,14000,6.03,0,0.2,0,10
26369,35,138000,RENT,2,0,0,1,0,0,0,0,1,0,A,14000,7.9,1,0.1,0,8
26437,29,45000,RENT,14,0,0,1,0,0,0,0,1,0,A,14400,7.29,1,0.32,0,9
26480,32,84000,RENT,,0,0,1,0,0,0,0,1,0,B,14400,11.99,0,0.17,0,6
26494,30,96000,RENT,4,0,0,1,0,0,0,0,1,0,B,14400,,0,0.15,0,8
26504,32,28800,RENT,4,0,0,1,0,0,0,0,1,0,E,14500,16.7,1,0.5,0,10
26507,30,30000,RENT,1,0,0,1,0,0,0,0,1,0,B,14500,,1,0.48,0,8
26595,27,32960,RENT,3,0,0,1,0,0,0,0,1,0,A,15000,6.91,1,0.46,0,5
26649,28,33000,RENT,10,0,0,1,0,0,0,0,1,0,A,15000,,1,0.45,0,6
26692,30,46080,RENT,0,0,0,1,0,0,0,0,1,0,A,2000,6.99,0,0.04,0,8
26729,34,35000,RENT,2,0,0,1,0,0,0,0,1,0,B,15000,10.99,1,0.43,0,10
26749,33,36700,RENT,7,0,0,1,0,0,0,0,1,0,B,15000,11.14,1,0.41,0,10
26755,27,37440,RENT,5,0,0,1,0,0,0,0,1,0,A,15000,7.9,1,0.4,0,8
26775,34,40000,RENT,2,0,0,1,0,0,0,0,1,0,A,15000,,1,0.38,0,6
26777,33,40000,RENT,15,0,0,1,0,0,0,0,1,0,B,15000,9.88,1,0.38,0,5
26797,29,42000,RENT,5,0,0,1,0,0,0,0,1,0,B,15000,10.99,1,0.36,0,9
26828,29,44000,RENT,0,0,0,1,0,0,0,0,1,0,B,15000,11.86,1,0.34,0,9
26871,32,45400,RENT,4,0,0,1,0,0,0,0,1,0,B,15000,12.18,1,0.33,0,6
26912,28,48000,RENT,5,0,0,1,0,0,0,0,1,0,B,15000,11.99,1,0.31,0,7
26931,29,48000,RENT,2,0,0,1,0,0,0,0,1,0,B,15000,11.36,1,0.31,0,8
26936,29,42000,RENT,0,0,0,1,0,0,0,0,1,0,E,15000,14.25,1,0.36,0,9
26944,30,43992,RENT,2,0,0,1,0,0,0,0,1,0,D,15000,13.24,1,0.34,0,7
26962,28,50000,RENT,4,0,0,1,0,0,0,0,1,0,A,15000,7.49,0,0.3,0,6
27024,32,52800,RENT,3,0,0,1,0,0,0,0,1,0,D,15000,16.29,0,0.28,0,6
27054,30,42000,RENT,1,0,0,1,0,0,0,0,1,0,B,1600,10.37,0,0.04,0,6
27087,30,10800,RENT,1,0,0,1,0,0,0,0,1,0,B,1500,11.48,1,0.14,0,9
27126,27,19200,RENT,4,0,0,1,0,0,0,0,1,0,A,1500,7.14,0,0.08,0,10
27138,30,21600,RENT,1,0,0,1,0,0,0,0,1,0,B,1500,11.71,1,0.07,0,9
27154,30,53000,RENT,7,0,0,1,0,0,0,0,1,0,B,15000,10.62,0,0.28,0,8
27192,29,57000,RENT,4,0,0,1,0,0,0,0,1,0,B,15000,9.91,0,0.26,0,6
27303,32,57223,RENT,0,0,0,1,0,0,0,0,1,0,B,15000,11.83,1,0.26,0,5
27352,29,67704,RENT,3,0,0,1,0,0,0,0,1,0,B,15000,11.86,0,0.22,0,8
27360,28,68004,RENT,1,0,0,1,0,0,0,0,1,0,C,15000,13.16,0,0.22,0,7
27457,29,74872,RENT,4,0,0,1,0,0,0,0,1,0,A,15000,7.88,0,0.2,0,9
27464,27,75000,RENT,5,0,0,1,0,0,0,0,1,0,A,15000,6.91,0,0.2,0,10
27505,30,69600,RENT,0,0,0,1,0,0,0,0,1,0,D,15000,14.59,1,0.22,0,7
27509,31,76000,RENT,2,0,0,1,0,0,0,0,1,0,A,15000,7.88,0,0.2,0,7
27517,31,77000,RENT,2,0,0,1,0,0,0,0,1,0,A,15000,8.38,0,0.19,0,8
27664,29,38000,RENT,3,0,0,1,0,0,0,0,1,0,C,15500,12.41,1,0.41,0,6
27674,27,90000,RENT,11,0,0,1,0,0,0,0,1,0,B,15600,12.69,0,0.17,0,9
27777,32,130000,RENT,0,0,0,1,0,0,0,0,1,0,A,16000,,0,0.12,0,10
27887,30,9600,RENT,,0,0,1,0,0,0,0,1,0,A,1800,5.99,1,0.19,0,8
27891,29,8472,RENT,2,0,0,1,0,0,0,0,1,0,A,3000,7.49,1,0.35,0,7
27897,32,4200,RENT,,0,0,1,0,0,0,0,1,0,C,1200,12.73,1,0.29,0,9
27900,27,42504,RENT,2,0,0,1,0,0,0,0,1,0,B,7200,10.59,0,0.17,0,9
27903,31,41004,RENT,5,0,0,1,0,0,0,0,1,0,D,5000,15.28,0,0.12,0,5
27922,30,65000,RENT,11,0,0,1,0,0,0,0,1,0,D,12800,15.2,0,0.2,0,6
27936,27,51000,RENT,9,0,0,1,0,0,0,0,1,0,B,1600,10.59,0,0.03,0,8
27939,27,30000,RENT,8,0,0,1,0,0,0,0,1,0,B,11000,9.91,1,0.37,0,6
27956,31,68000,RENT,1,0,0,1,0,0,0,0,1,0,A,6000,7.49,0,0.09,0,6
27982,31,60000,RENT,2,0,0,1,0,0,0,0,1,0,A,4750,5.99,0,0.08,0,8
28011,28,33000,RENT,12,0,0,1,0,0,0,0,1,0,C,8000,14.65,1,0.24,0,9
28019,32,80000,RENT,1,0,0,1,0,0,0,0,1,0,B,6400,10.99,0,0.08,0,8
28022,29,65000,RENT,4,0,0,1,0,0,0,0,1,0,D,12000,16.49,0,0.18,0,7
28034,30,25000,RENT,,0,0,1,0,0,0,0,1,0,B,3500,11.11,0,0.14,0,6
28057,30,71000,RENT,2,0,0,1,0,0,0,0,1,0,A,12000,8.9,0,0.17,0,9
28079,27,31000,RENT,0,0,0,1,0,0,0,0,1,0,B,4000,10.74,0,0.13,0,10
28091,28,25200,RENT,5,0,0,1,0,0,0,0,1,0,D,11500,14.46,1,0.46,0,10
28093,29,32000,RENT,5,0,0,1,0,0,0,0,1,0,D,9000,16.77,0,0.28,0,8
28132,32,25200,RENT,0,0,0,1,0,0,0,0,1,0,A,5000,7.91,0,0.2,0,8
28134,27,30000,RENT,5,0,0,1,0,0,0,0,1,0,B,4975,10.37,0,0.17,0,9
28146,32,40000,RENT,2,0,0,1,0,0,0,0,1,0,B,4000,9.99,0,0.1,0,8
28153,31,116400,RENT,3,0,0,1,0,0,0,0,1,0,B,8900,10,0,0.08,0,5
28174,35,26000,RENT,3,0,0,1,0,0,0,0,1,0,A,8000,7.9,1,0.31,0,6
28193,35,76000,RENT,2,0,0,1,0,0,0,0,1,0,C,1000,13.49,0,0.01,0,8
28209,32,25000,RENT,0,0,0,1,0,0,0,0,1,0,C,3000,13.48,0,0.12,0,5
28238,30,51000,RENT,14,0,0,1,0,0,0,0,1,0,B,4800,12.69,0,0.09,0,10
28251,27,42000,RENT,1,0,0,1,0,0,0,0,1,0,B,3000,11.83,0,0.07,0,9
28287,28,35000,RENT,0,0,0,1,0,0,0,0,1,0,B,3000,11.11,1,0.09,0,8
28292,28,50000,RENT,4,0,0,1,0,0,0,0,1,0,B,7200,,0,0.14,0,9
28324,28,50000,RENT,4,0,0,1,0,0,0,0,1,0,A,15000,7.49,0,0.3,0,8
28326,31,24000,RENT,0,0,0,1,0,0,0,0,1,0,D,4400,15.62,1,0.18,0,6
28330,28,42000,RENT,5,0,0,1,0,0,0,0,1,0,B,4800,12.42,0,0.11,0,9
28334,28,53000,RENT,0,0,0,1,0,0,0,0,1,0,B,7000,9.88,0,0.13,0,6
28340,30,85000,RENT,5,0,0,1,0,0,0,0,1,0,A,4200,5.99,0,0.05,0,10
28342,27,32000,RENT,1,0,0,1,0,0,0,0,1,0,A,5800,7.49,0,0.18,0,7
28347,28,39000,RENT,3,0,0,1,0,0,0,0,1,0,B,5000,10.25,0,0.13,0,7
28352,27,60000,RENT,11,0,0,1,0,0,0,0,1,0,B,25000,,1,0.42,0,9
28356,27,90000,RENT,11,0,0,1,0,0,0,0,1,0,B,16000,8.88,0,0.18,0,9
28359,29,200000,RENT,14,0,0,1,0,0,0,0,1,0,B,16000,12.69,0,0.08,0,7
28367,29,37500,RENT,7,0,0,1,0,0,0,0,1,0,B,3300,10.37,0,0.09,0,5
28391,31,75000,RENT,1,0,0,1,0,0,0,0,1,0,C,10000,13.47,0,0.13,0,5
28398,30,24000,RENT,0,0,0,1,0,0,0,0,1,0,B,5000,10.59,0,0.21,0,9
28404,33,21600,RENT,3,0,0,1,0,0,0,0,1,0,B,10000,12.53,1,0.46,0,7
28423,31,49000,RENT,6,0,0,1,0,0,0,0,1,0,A,5600,6.03,0,0.11,0,6
28452,29,30000,RENT,,0,0,1,0,0,0,0,1,0,E,10200,17.99,1,0.34,0,5
28462,33,32004,RENT,3,0,0,1,0,0,0,0,1,0,A,4000,8.32,0,0.12,0,9
28463,27,20000,RENT,4,0,0,1,0,0,0,0,1,0,C,3250,,1,0.16,0,5
28484,33,49548,RENT,6,0,0,1,0,0,0,0,1,0,C,2800,12.84,0,0.06,0,8
28503,30,34000,RENT,0,0,0,1,0,0,0,0,1,0,B,4000,10.95,0,0.12,0,9
28504,31,72000,RENT,6,0,0,1,0,0,0,0,1,0,B,21000,11.99,1,0.29,0,6
28516,29,53000,RENT,0,0,0,1,0,0,0,0,1,0,A,5000,5.42,0,0.09,0,5
28534,27,40000,RENT,8,0,0,1,0,0,0,0,1,0,B,12000,10.37,0,0.3,0,9
28542,29,62532,RENT,6,0,0,1,0,0,0,0,1,0,C,9000,13.49,0,0.14,0,9
28568,30,73000,RENT,15,0,0,1,0,0,0,0,1,0,B,5500,9.99,0,0.08,0,5
28577,29,74872,RENT,4,0,0,1,0,0,0,0,1,0,A,15000,7.88,0,0.2,0,5
28589,30,52800,RENT,4,0,0,1,0,0,0,0,1,0,B,2400,9.62,0,0.05,0,7
28591,29,16800,RENT,4,0,0,1,0,0,0,0,1,0,A,5000,6.92,1,0.3,0,7
28603,30,49110,RENT,2,0,0,1,0,0,0,0,1,0,B,19775,12.42,1,0.4,0,9
28641,31,45000,RENT,5,0,0,1,0,0,0,0,1,0,A,14000,7.91,1,0.31,0,8
28650,27,65000,RENT,4,0,0,1,0,0,0,0,1,0,A,28000,7.9,1,0.43,0,10
28676,27,56000,RENT,2,0,0,1,0,0,0,0,1,0,B,14000,10.65,0,0.25,0,10
28678,28,44000,RENT,5,0,0,1,0,0,0,0,1,0,C,16000,13.48,1,0.36,0,5
28695,30,69996,RENT,0,0,0,1,0,0,0,0,1,0,B,2000,10.65,0,0.03,0,10
28701,27,70000,RENT,4,0,0,1,0,0,0,0,1,0,B,20000,11.48,0,0.29,0,8
28712,32,35000,RENT,2,0,0,1,0,0,0,0,1,0,B,5500,11.49,0,0.16,0,5
28725,31,30372,RENT,2,0,0,1,0,0,0,0,1,0,D,20200,14.74,1,0.67,0,8
28765,28,38000,RENT,12,0,0,1,0,0,0,0,1,0,A,3200,9.63,0,0.08,0,9
28801,28,48000,RENT,7,0,0,1,0,0,0,0,1,0,C,4000,14.35,0,0.08,0,10
28832,30,49000,RENT,2,0,0,1,0,0,0,0,1,0,D,5000,15.31,1,0.1,0,7
28842,33,37440,RENT,5,0,0,1,0,0,0,0,1,0,B,4400,11.71,0,0.12,0,8
28848,33,54000,RENT,15,0,0,1,0,0,0,0,1,0,B,10000,10.99,0,0.19,0,6
28855,34,60353,RENT,13,0,0,1,0,0,0,0,1,0,B,8500,10.65,0,0.14,0,8
28882,31,24000,RENT,2,0,0,1,0,0,0,0,1,0,A,3000,7.49,0,0.13,0,8
28891,28,64000,RENT,1,0,0,1,0,0,0,0,1,0,C,10000,11.66,0,0.16,0,5
28894,32,43625,RENT,2,0,0,1,0,0,0,0,1,0,B,1500,,0,0.03,0,10
28924,29,28800,RENT,1,0,0,1,0,0,0,0,1,0,A,1400,7.9,0,0.05,0,8
28929,29,28000,RENT,2,0,0,1,0,0,0,0,1,0,D,5000,16.07,1,0.18,0,8
28949,32,115000,RENT,2,0,0,1,0,0,0,0,1,0,B,4000,12.69,0,0.03,0,8
28953,30,120000,RENT,3,0,0,1,0,0,0,0,1,0,E,10000,17.04,0,0.08,0,10
28955,27,44640,RENT,0,0,0,1,0,0,0,0,1,0,B,12800,11.83,0,0.29,0,8
28972,29,35000,RENT,1,0,0,1,0,0,0,0,1,0,A,10625,7.9,0,0.3,0,6
29018,35,50000,RENT,4,0,0,1,0,0,0,0,1,0,B,7000,11.49,0,0.14,0,9
29046,28,78000,RENT,5,0,0,1,0,0,0,0,1,0,B,12000,10.62,0,0.15,0,6
29048,28,34000,RENT,,0,0,1,0,0,0,0,1,0,A,5000,7.9,1,0.15,0,5
29077,30,100000,RENT,1,0,0,1,0,0,0,0,1,0,B,1000,11.71,0,0.01,0,6
29098,27,67000,RENT,1,0,0,1,0,0,0,0,1,0,C,2800,13.04,0,0.04,0,7
29116,29,61656,RENT,4,0,0,1,0,0,0,0,1,0,A,15000,6.91,0,0.24,0,9
29169,45,225000,RENT,14,0,0,1,0,0,0,0,1,0,B,22200,12.69,0,0.1,0,12
29183,50,200000,RENT,1,0,0,1,0,0,0,0,1,0,B,7000,10.99,0,0.04,0,15
29259,38,60000,RENT,2,0,0,1,0,0,0,0,1,0,C,24000,13.85,1,0.4,0,16
29313,39,62400,RENT,7,0,0,1,0,0,0,0,1,0,C,20000,12.68,1,0.32,0,13
29316,37,65000,RENT,2,0,0,1,0,0,0,0,1,0,B,20000,10.25,1,0.31,0,16
29323,41,75000,RENT,1,0,0,1,0,0,0,0,1,0,B,20000,11.14,0,0.27,0,11
29326,50,76500,RENT,1,0,0,1,0,0,0,0,1,0,B,20000,11.99,0,0.26,0,17
29342,41,150000,RENT,13,0,0,1,0,0,0,0,1,0,F,20000,19.47,0,0.13,0,15
29362,43,36480,RENT,0,0,0,1,0,0,0,0,1,0,B,18000,11.71,1,0.49,0,16
29364,43,50000,RENT,6,0,0,1,0,0,0,0,1,0,C,18000,14.35,1,0.36,0,16
29368,39,70000,RENT,3,0,0,1,0,0,0,0,1,0,B,18000,11.14,0,0.26,0,14
29388,46,72194,RENT,8,0,0,1,0,0,0,0,1,0,B,17000,8.88,0,0.24,0,15
29390,40,95000,RENT,0,0,0,1,0,0,0,0,1,0,B,17000,10,0,0.18,0,15
29391,49,86400,RENT,7,0,0,1,0,0,0,0,1,0,A,16875,7.51,0,0.2,0,14
29398,36,36000,RENT,7,0,0,1,0,0,0,0,1,0,A,16000,8.9,1,0.44,0,17
29399,44,36000,RENT,0,0,0,1,0,0,0,0,1,0,B,16000,11.49,1,0.44,0,13
29404,50,50000,RENT,1,0,0,1,0,0,0,0,1,0,A,16000,7.9,1,0.32,0,17
29414,48,71004,RENT,5,0,0,1,0,0,0,0,1,0,B,16000,9.25,0,0.23,0,17
29427,38,61000,RENT,0,0,0,1,0,0,0,0,1,0,B,1000,9.45,0,0.02,0,17
29432,36,16800,RENT,2,0,0,1,0,0,0,0,1,0,C,1200,13.06,0,0.07,0,15
29450,50,29000,RENT,1,0,0,1,0,0,0,0,1,0,B,1500,10.39,1,0.05,0,15
29464,41,63000,RENT,1,0,0,1,0,0,0,0,1,0,A,1500,8,0,0.02,0,17
29467,36,89004,RENT,2,0,0,1,0,0,0,0,1,0,B,1500,11.36,0,0.02,0,14
29473,37,44000,RENT,0,0,0,1,0,0,0,0,1,0,B,1700,10.59,1,0.04,0,17
29474,41,14400,RENT,,0,0,1,0,0,0,0,1,0,B,1800,,0,0.13,0,17
29500,41,24000,RENT,24,0,0,1,0,0,0,0,1,0,A,2000,7.75,1,0.08,0,17
29527,43,85000,RENT,2,0,0,1,0,0,0,0,1,0,A,2000,6.62,0,0.02,0,14
29545,36,21996,RENT,3,0,0,1,0,0,0,0,1,0,D,2400,14.11,0,0.11,0,11
29546,37,24500,RENT,0,0,0,1,0,0,0,0,1,0,B,2400,11.71,0,0.1,0,11
29547,39,32280,RENT,22,0,0,1,0,0,0,0,1,0,B,2400,8.88,0,0.07,0,17
29554,36,60000,RENT,2,0,0,1,0,0,0,0,1,0,A,2400,5.79,0,0.04,0,17
29570,42,26568,RENT,6,0,0,1,0,0,0,0,1,0,B,2500,10.37,0,0.09,0,14
29577,37,48000,RENT,0,0,0,1,0,0,0,0,1,0,B,2500,9.62,0,0.05,0,12
29580,39,59000,RENT,0,0,0,1,0,0,0,0,1,0,F,2500,18.78,1,0.04,0,13
29584,38,80000,RENT,9,0,0,1,0,0,0,0,1,0,B,2500,10.99,0,0.03,0,13
29602,36,31200,RENT,9,0,0,1,0,0,0,0,1,0,B,3000,12.42,0,0.1,0,12
29625,39,50000,RENT,8,0,0,1,0,0,0,0,1,0,B,12000,11.71,0,0.24,0,15
29632,40,54000,RENT,7,0,0,1,0,0,0,0,1,0,B,12000,10.62,0,0.22,0,14
29645,37,55000,RENT,4,0,0,1,0,0,0,0,1,0,B,3000,,0,0.05,0,14
29664,41,85000,RENT,5,0,0,1,0,0,0,0,1,0,C,3000,13.49,0,0.04,0,17
29665,37,88000,RENT,11,0,0,1,0,0,0,0,1,0,A,3000,7.4,0,0.03,0,15
29667,39,97000,RENT,15,0,0,1,0,0,0,0,1,0,B,3000,9.25,0,0.03,0,17
29671,39,360000,RENT,1,0,0,1,0,0,0,0,1,0,B,3000,11.48,0,0.01,0,12
29684,49,23004,RENT,6,0,0,1,0,0,0,0,1,0,D,3250,15.21,0,0.14,0,12
29685,39,28800,RENT,4,0,0,1,0,0,0,0,1,0,C,3250,14.72,0,0.11,0,16
29703,41,39000,RENT,2,0,0,1,0,0,0,0,1,0,C,3500,13.11,0,0.09,0,13
29716,39,30500,RENT,3,0,0,1,0,0,0,0,1,0,A,3600,7.68,0,0.12,0,13
29725,39,42000,RENT,0,0,0,1,0,0,0,0,1,0,D,11000,13.55,1,0.26,0,12
29737,44,124800,RENT,1,0,0,1,0,0,0,0,1,0,A,10875,7.14,0,0.09,0,14
29743,41,60000,RENT,4,0,0,1,0,0,0,0,1,0,B,10800,10.74,0,0.18,0,11
29748,37,41000,RENT,3,0,0,1,0,0,0,0,1,0,D,10750,15.37,0,0.26,0,14
29753,40,29000,RENT,3,0,0,1,0,0,0,0,1,0,A,10500,7.51,1,0.36,0,16
29757,43,36000,RENT,4,0,0,1,0,0,0,0,1,0,A,10400,7.66,0,0.29,0,14
29762,46,54250,RENT,3,0,0,1,0,0,0,0,1,0,B,3600,10,0,0.07,0,14
29764,39,60000,RENT,1,0,0,1,0,0,0,0,1,0,A,3600,5.99,0,0.06,0,11
29775,36,54000,RENT,14,0,0,1,0,0,0,0,1,0,C,3800,,1,0.07,0,15
29781,38,17600,RENT,0,0,0,1,0,0,0,0,1,0,E,4000,16,1,0.23,0,11
29811,36,33000,RENT,2,0,0,1,0,0,0,0,1,0,B,4000,,1,0.12,0,17
29812,43,39996,RENT,1,0,0,1,0,0,0,0,1,0,B,4000,10.99,0,0.1,0,11
29833,45,55000,RENT,1,0,0,1,0,0,0,0,1,0,A,4000,6.03,0,0.07,0,12
29837,36,73000,RENT,3,0,0,1,0,0,0,0,1,0,B,4000,11.12,0,0.05,0,16
29860,45,32000,RENT,4,0,0,1,0,0,0,0,1,0,A,4500,7.51,0,0.14,0,12
29861,46,35004,RENT,0,0,0,1,0,0,0,0,1,0,C,4500,12.68,0,0.13,0,13
29867,43,50000,RENT,0,0,0,1,0,0,0,0,1,0,B,4500,10.74,0,0.09,0,16
29873,39,84998,RENT,5,0,0,1,0,0,0,0,1,0,B,4500,10.99,0,0.05,0,14
29877,41,45840,RENT,5,0,0,1,0,0,0,0,1,0,B,4600,10.99,0,0.1,0,16
29890,37,36000,RENT,2,0,0,1,0,0,0,0,1,0,B,4800,10.75,0,0.13,0,14
29908,48,92000,RENT,1,0,0,1,0,0,0,0,1,0,A,4800,7.88,0,0.05,0,17
29919,49,115000,RENT,16,0,0,1,0,0,0,0,1,0,B,10000,10.37,0,0.09,0,17
29965,38,35000,RENT,6,0,0,1,0,0,0,0,1,0,B,5000,9.99,0,0.14,0,14
29973,39,37000,RENT,6,0,0,1,0,0,0,0,1,0,A,5000,,0,0.14,0,17
29978,39,34000,RENT,3,0,0,1,0,0,0,0,1,0,A,5000,8.49,1,0.15,0,15
30000,41,47000,RENT,2,0,0,1,0,0,0,0,1,0,A,5000,7.51,0,0.11,0,11
30005,39,48500,RENT,1,0,0,1,0,0,0,0,1,0,B,5000,10.99,0,0.1,0,13
30037,38,44000,RENT,0,0,0,1,0,0,0,0,1,0,D,5000,15.65,1,0.11,0,14
30067,41,60000,RENT,6,0,0,1,0,0,0,0,1,0,A,5000,5.42,0,0.08,0,17
30115,40,34500,RENT,2,0,0,1,0,0,0,0,1,0,D,5400,12.61,1,0.16,0,13
30131,39,50000,RENT,5,0,0,1,0,0,0,0,1,0,A,5500,6.54,0,0.11,0,13
30147,38,35000,RENT,0,0,0,1,0,0,0,0,1,0,B,5600,11.11,0,0.16,0,11
30167,39,23500,RENT,14,0,0,1,0,0,0,0,1,0,D,5850,15.2,0,0.25,0,12
30191,39,30000,RENT,3,0,0,1,0,0,0,0,1,0,B,6000,10.75,0,0.2,0,14
30199,36,34000,RENT,2,0,0,1,0,0,0,0,1,0,C,6000,13.57,0,0.18,0,16
30214,42,33564,RENT,5,0,0,1,0,0,0,0,1,0,D,6000,16.29,1,0.18,0,15
30216,44,39684,RENT,4,0,0,1,0,0,0,0,1,0,B,6000,,0,0.15,0,15
30219,39,40000,RENT,5,0,0,1,0,0,0,0,1,0,D,6000,14.54,0,0.15,0,16
30225,37,45000,RENT,11,0,0,1,0,0,0,0,1,0,B,6000,,0,0.13,0,16
30233,39,46500,RENT,13,0,0,1,0,0,0,0,1,0,A,6000,6.99,0,0.13,0,11
30235,43,48000,RENT,1,0,0,1,0,0,0,0,1,0,B,6000,11.14,0,0.13,0,13
30236,39,42000,RENT,2,0,0,1,0,0,0,0,1,0,F,6000,17.58,1,0.14,0,12
30241,41,50000,RENT,0,0,0,1,0,0,0,0,1,0,B,6000,8.88,0,0.12,0,17
30242,40,44000,RENT,0,0,0,1,0,0,0,0,1,0,A,6000,,1,0.14,0,12
30247,47,52000,RENT,3,0,0,1,0,0,0,0,1,0,B,6000,10.99,0,0.12,0,16
30292,43,72600,RENT,2,0,0,1,0,0,0,0,1,0,A,6000,,0,0.08,0,15
30302,38,80000,RENT,17,0,0,1,0,0,0,0,1,0,B,6000,11.83,0,0.07,0,12
30307,37,86000,RENT,0,0,0,1,0,0,0,0,1,0,A,6000,7.14,0,0.07,0,17
30315,36,25000,RENT,2,0,0,1,0,0,0,0,1,0,B,6200,9.91,1,0.25,0,14
30317,43,33500,RENT,4,0,0,1,0,0,0,0,1,0,C,6225,14.79,0,0.19,0,17
30323,44,57600,RENT,12,0,0,1,0,0,0,0,1,0,A,7000,7.4,0,0.12,0,11
30348,37,14400,RENT,2,0,0,1,0,0,0,0,1,0,A,6950,7.66,1,0.48,0,13
30370,39,52000,RENT,5,0,0,1,0,0,0,0,1,0,B,6500,,0,0.13,0,12
30380,40,52479,RENT,17,0,0,1,0,0,0,0,1,0,D,6600,14.54,1,0.13,0,13
30384,37,29000,RENT,,0,0,1,0,0,0,0,1,0,B,6725,8.88,0,0.23,0,16
30386,37,37500,RENT,0,0,0,1,0,0,0,0,1,0,A,6750,6.91,0,0.18,0,16
30392,39,31200,RENT,2,0,0,1,0,0,0,0,1,0,B,6400,11.49,0,0.21,0,15
30395,43,35000,RENT,,0,0,1,0,0,0,0,1,0,A,6400,8.9,0,0.18,0,14
30400,37,60000,RENT,1,0,0,1,0,0,0,0,1,0,B,6400,9.64,0,0.11,0,12
30403,44,80000,RENT,6,0,0,1,0,0,0,0,1,0,C,6400,13.16,0,0.08,0,11
30423,41,37200,RENT,4,0,0,1,0,0,0,0,1,0,A,7000,9.32,0,0.19,0,16
30430,36,41000,RENT,1,0,0,1,0,0,0,0,1,0,A,7000,9.63,0,0.17,0,14
30506,37,48000,RENT,5,0,0,1,0,0,0,0,1,0,A,7500,,0,0.16,0,13
30520,38,64800,RENT,15,0,0,1,0,0,0,0,1,0,B,7500,9.63,0,0.12,0,11
30535,41,210000,RENT,1,0,0,1,0,0,0,0,1,0,A,7500,6.03,0,0.04,0,14
30577,37,33600,RENT,3,0,0,1,0,0,0,0,1,0,B,8000,,0,0.24,0,17
30578,36,33996,RENT,12,0,0,1,0,0,0,0,1,0,A,8000,,0,0.24,0,15
30636,41,57600,RENT,6,0,0,1,0,0,0,0,1,0,A,8000,6.03,0,0.14,0,12
30643,39,60000,RENT,3,0,0,1,0,0,0,0,1,0,B,8000,9.88,0,0.13,0,14
30644,40,61500,RENT,3,0,0,1,0,0,0,0,1,0,B,8000,11.48,0,0.13,0,17
30645,39,60197,RENT,6,0,0,1,0,0,0,0,1,0,A,5200,,0,0.09,0,11
30650,36,20000,RENT,0,0,0,1,0,0,0,0,1,0,B,5075,11.48,1,0.25,0,11
30656,36,15000,RENT,0,0,0,1,0,0,0,0,1,0,C,5000,10.59,1,0.33,0,11
30658,40,16800,RENT,8,0,0,1,0,0,0,0,1,0,A,5000,8.94,1,0.3,0,17
30665,37,21000,RENT,19,0,0,1,0,0,0,0,1,0,D,5000,15.21,0,0.24,0,11
30685,42,62000,RENT,2,0,0,1,0,0,0,0,1,0,B,8000,9.63,0,0.13,0,11
30695,37,68500,RENT,2,0,0,1,0,0,0,0,1,0,A,8000,7.51,0,0.12,0,16
30696,36,68848,RENT,5,0,0,1,0,0,0,0,1,0,B,8000,9.63,0,0.12,0,16
30739,38,42552,RENT,3,0,0,1,0,0,0,0,1,0,C,8400,13.49,0,0.2,0,14
30756,42,22000,RENT,3,0,0,1,0,0,0,0,1,0,A,9000,7.66,1,0.41,0,11
30784,37,45000,RENT,1,0,0,1,0,0,0,0,1,0,B,9000,11.71,1,0.2,0,12
30787,41,40000,RENT,3,0,0,1,0,0,0,0,1,0,A,9200,7.49,0,0.23,0,13
30789,37,44004,RENT,2,0,0,1,0,0,0,0,1,0,C,9200,12.84,1,0.21,0,13
30803,36,23004,RENT,0,0,0,1,0,0,0,0,1,0,B,9450,10.37,1,0.41,0,13
30821,38,40000,RENT,0,0,0,1,0,0,0,0,1,0,B,9600,11.11,0,0.24,0,11
30829,37,54696,RENT,4,0,0,1,0,0,0,0,1,0,B,9600,9.99,0,0.18,0,12
30832,44,55000,RENT,18,0,0,1,0,0,0,0,1,0,B,9600,11.26,0,0.17,0,16
30837,36,85000,RENT,4,0,0,1,0,0,0,0,1,0,A,9600,7.51,0,0.11,0,15
30858,36,26000,RENT,1,0,0,1,0,0,0,0,1,0,D,10000,15.31,1,0.38,0,14
30878,42,32000,RENT,5,0,0,1,0,0,0,0,1,0,B,10000,11.71,1,0.31,0,11
30908,38,40000,RENT,15,0,0,1,0,0,0,0,1,0,D,10000,16.29,0,0.25,0,12
30923,37,44000,RENT,0,0,0,1,0,0,0,0,1,0,A,10000,6.91,0,0.23,0,15
30929,49,45000,RENT,8,0,0,1,0,0,0,0,1,0,C,10000,14.22,0,0.22,0,12
30938,39,45500,RENT,4,0,0,1,0,0,0,0,1,0,D,10000,16.29,0,0.22,0,15
30942,42,40000,RENT,0,0,0,1,0,0,0,0,1,0,D,10000,16,1,0.25,0,12
30950,42,42000,RENT,2,0,0,1,0,0,0,0,1,0,C,4200,13.35,0,0.1,0,17
30952,37,48000,RENT,6,0,0,1,0,0,0,0,1,0,B,4200,10.59,0,0.09,0,14
30954,42,50426,RENT,0,0,0,1,0,0,0,0,1,0,A,4200,7.49,0,0.08,0,11
30983,38,50000,RENT,5,0,0,1,0,0,0,0,1,0,C,10000,,0,0.2,0,13
30994,37,51000,RENT,11,0,0,1,0,0,0,0,1,0,B,10000,12.69,0,0.2,0,15
31019,46,54000,RENT,8,0,0,1,0,0,0,0,1,0,B,10000,11.71,1,0.19,0,15
31035,46,60350,RENT,3,0,0,1,0,0,0,0,1,0,A,10000,8.94,0,0.17,0,17
31036,44,61000,RENT,7,0,0,1,0,0,0,0,1,0,C,10000,15.96,0,0.16,0,15
31076,36,72000,RENT,8,0,0,1,0,0,0,0,1,0,B,10000,11.49,0,0.14,0,14
31090,36,80000,RENT,0,0,0,1,0,0,0,0,1,0,C,10000,13.61,0,0.13,0,14
31105,39,85000,RENT,3,0,0,1,0,0,0,0,1,0,A,10000,9.32,0,0.12,0,16
31112,47,93000,RENT,1,0,0,1,0,0,0,0,1,0,B,10000,,0,0.11,0,16
31121,37,42000,RENT,3,0,0,1,0,0,0,0,1,0,C,10200,13.16,0,0.24,0,14
31143,45,68000,RENT,13,0,0,1,0,0,0,0,1,0,C,11200,,0,0.16,0,17
31158,37,39600,RENT,2,0,0,1,0,0,0,0,1,0,C,11500,13.48,0,0.29,0,15
31176,47,27000,RENT,2,0,0,1,0,0,0,0,1,0,D,12000,13.3,1,0.44,0,12
31206,37,38304,RENT,3,0,0,1,0,0,0,0,1,0,A,12000,7.88,1,0.31,0,12
31222,42,42000,RENT,0,0,0,1,0,0,0,0,1,0,B,12000,10.37,0,0.29,0,11
31271,37,65000,RENT,4,0,0,1,0,0,0,0,1,0,D,12000,16.49,0,0.18,0,17
31326,37,90000,RENT,15,0,0,1,0,0,0,0,1,0,A,12000,7.51,0,0.13,0,13
31334,36,95000,RENT,2,0,0,1,0,0,0,0,1,0,B,12000,10.99,0,0.13,0,11
31339,41,100000,RENT,3,0,0,1,0,0,0,0,1,0,B,12000,10.74,0,0.12,0,14
31358,39,275000,RENT,12,0,0,1,0,0,0,0,1,0,A,12000,8.49,0,0.04,0,14
31359,36,48000,RENT,8,0,0,1,0,0,0,0,1,0,A,12150,5.79,0,0.25,0,14
31449,37,130000,RENT,2,0,0,1,0,0,0,0,1,0,B,13000,9.88,0,0.1,0,16
31466,37,45000,RENT,6,0,0,1,0,0,0,0,1,0,B,14000,11.36,1,0.31,0,16
31527,47,119000,RENT,5,0,0,1,0,0,0,0,1,0,A,14250,7.66,0,0.12,0,16
31537,45,48000,RENT,5,0,0,1,0,0,0,0,1,0,A,14400,8.49,0,0.3,0,15
31558,41,46152,RENT,10,0,0,1,0,0,0,0,1,0,B,14525,11.11,1,0.31,0,16
31587,38,42000,RENT,3,0,0,1,0,0,0,0,1,0,B,2000,10.38,0,0.05,0,17
31599,40,50000,RENT,3,0,0,1,0,0,0,0,1,0,B,2000,11.49,0,0.04,0,17
31604,37,30000,RENT,6,0,0,1,0,0,0,0,1,0,D,15000,,1,0.5,0,12
31629,37,39000,RENT,5,0,0,1,0,0,0,0,1,0,B,15000,10.96,1,0.38,0,12
31647,43,47840,RENT,27,0,0,1,0,0,0,0,1,0,B,15000,12.42,1,0.31,0,12
31694,41,17000,RENT,0,0,0,1,0,0,0,0,1,0,C,1500,15.23,1,0.09,0,13
31712,40,54000,RENT,4,0,0,1,0,0,0,0,1,0,C,15000,14.26,0,0.28,0,12
31765,38,72900,RENT,3,0,0,1,0,0,0,0,1,0,C,15000,12.68,0,0.21,0,12
31769,37,74000,RENT,7,0,0,1,0,0,0,0,1,0,B,15000,11.71,0,0.2,0,11
31791,39,69000,RENT,0,0,0,1,0,0,0,0,1,0,D,15000,14.42,1,0.22,0,12
31803,36,81996,RENT,4,0,0,1,0,0,0,0,1,0,D,15000,14.09,0,0.18,0,16
31845,36,42000,RENT,7,0,0,1,0,0,0,0,1,0,B,15600,,1,0.37,0,14
31897,45,89000,RENT,5,0,0,1,0,0,0,0,1,0,B,19200,,0,0.22,0,12
31943,40,35820,RENT,0,0,0,1,0,0,0,0,1,0,B,3275,8.88,0,0.09,0,13
31970,43,97500,RENT,6,0,0,1,0,0,0,0,1,0,B,24000,10.99,0,0.25,0,16
31987,38,42000,RENT,0,0,0,1,0,0,0,0,1,0,B,4600,,0,0.11,0,17
31998,47,44004,RENT,2,0,0,1,0,0,0,0,1,0,B,8000,,1,0.18,0,15
32000,44,57000,RENT,1,0,0,1,0,0,0,0,1,0,B,4200,,0,0.07,0,11
32002,41,40000,RENT,3,0,0,1,0,0,0,0,1,0,A,9200,7.49,0,0.23,0,15
32044,44,37000,RENT,0,0,0,1,0,0,0,0,1,0,C,3500,12.87,0,0.09,0,13
32059,40,80000,RENT,0,0,0,1,0,0,0,0,1,0,A,6000,8.94,0,0.07,0,11
32060,40,71599,RENT,0,0,0,1,0,0,0,0,1,0,A,6000,9.63,0,0.08,0,14
32092,44,62400,RENT,,0,0,1,0,0,0,0,1,0,E,10000,16.82,1,0.16,0,15
32124,41,30000,RENT,3,0,0,1,0,0,0,0,1,0,A,8875,5.42,0,0.3,0,16
32147,36,31000,RENT,2,0,0,1,0,0,0,0,1,0,D,8000,14.11,1,0.26,0,14
32170,39,75000,RENT,0,0,0,1,0,0,0,0,1,0,B,14400,12.53,0,0.19,0,15
32172,38,18000,RENT,4,0,0,1,0,0,0,0,1,0,C,3000,13.23,1,0.17,0,17
32182,37,30000,RENT,7,0,0,1,0,0,0,0,1,0,B,10000,9.25,1,0.33,0,13
32193,38,55000,RENT,2,0,0,1,0,0,0,0,1,0,B,14000,11.48,0,0.25,0,14
32199,42,70000,RENT,6,0,0,1,0,0,0,0,1,0,B,12000,,0,0.17,0,17
32203,40,54000,RENT,7,0,0,1,0,0,0,0,1,0,B,12000,10.62,0,0.22,0,17
32206,41,113000,RENT,1,0,0,1,0,0,0,0,1,0,D,12000,16,1,0.11,0,15
32302,53,85000,RENT,19,0,0,1,0,0,0,0,1,0,D,35000,15.65,1,0.41,0,19
32303,58,108350,RENT,5,0,0,1,0,0,0,0,1,0,D,35000,14.91,1,0.32,0,19
32312,59,175000,RENT,3,0,0,1,0,0,0,0,1,0,B,12000,10.59,0,0.07,0,27
32313,51,153000,RENT,2,0,0,1,0,0,0,0,1,0,D,25000,15.58,1,0.16,0,23
32316,53,70000,RENT,6,0,0,1,0,0,0,0,1,0,D,24000,16.77,1,0.34,0,20
32319,60,45600,RENT,1,0,0,1,0,0,0,0,1,0,B,20000,10,1,0.44,0,20
32338,52,15000,RENT,3,0,0,1,0,0,0,0,1,0,B,1200,,1,0.08,0,20
32340,52,54000,RENT,0,0,0,1,0,0,0,0,1,0,A,1500,8.49,1,0.03,0,24
32345,53,138000,RENT,4,0,0,1,0,0,0,0,1,0,B,15000,12.69,1,0.11,0,21
32346,58,51252,RENT,0,0,0,1,0,0,0,0,1,0,B,13500,11.58,0,0.26,0,21
32347,51,38000,RENT,7,0,0,1,0,0,0,0,1,0,B,13000,12.42,1,0.34,0,18
32350,57,26400,RENT,2,0,0,1,0,0,0,0,1,0,C,2500,13.48,0,0.09,0,18
32389,57,56650,RENT,1,0,0,1,0,0,0,0,1,0,C,5000,15.96,0,0.09,0,24
32391,52,64500,RENT,0,0,0,1,0,0,0,0,1,0,B,5000,11.26,0,0.08,0,25
32403,52,35000,RENT,0,0,0,1,0,0,0,0,1,0,B,6000,,0,0.17,0,22
32407,51,98000,RENT,5,0,0,1,0,0,0,0,1,0,C,6000,15.96,0,0.06,0,23
32440,55,51000,RENT,2,0,0,1,0,0,0,0,1,0,A,8000,5.79,0,0.16,0,26
32453,62,51600,RENT,2,0,0,1,0,0,0,0,1,0,A,8525,6.54,0,0.17,0,24
32458,59,42000,RENT,14,0,0,1,0,0,0,0,1,0,A,9600,7.66,0,0.23,0,19
32466,65,45900,RENT,2,0,0,1,0,0,0,0,1,0,C,10000,,0,0.22,0,29
32467,61,10636,RENT,3,0,0,1,0,0,0,0,1,0,B,4000,12.21,1,0.38,0,25
32489,51,68000,RENT,5,0,0,1,0,0,0,0,1,0,D,12000,16.77,0,0.18,0,28
32561,57,77385,RENT,4,0,0,1,0,0,0,0,1,0,A,6625,7.66,0,0.09,0,27
32565,53,45000,RENT,0,0,0,1,0,0,0,0,1,0,C,5600,13.79,0,0.12,0,28
32568,53,85000,RENT,2,0,0,1,0,0,0,0,1,0,A,8000,7.74,0,0.09,0,26
497,21,18701,MORTGAGE,0,0,1,0,0,0,0,0,1,0,D,4200,14.11,1,0.22,1,4
846,22,22800,MORTGAGE,,0,1,0,0,0,0,0,1,0,C,8300,12.61,1,0.36,1,2
873,25,23000,MORTGAGE,4,0,1,0,0,0,0,0,1,0,C,10000,,1,0.43,1,2
1036,25,24000,MORTGAGE,2,0,1,0,0,0,0,0,1,0,D,3500,15.58,1,0.15,1,2
1087,23,24091,MORTGAGE,5,0,1,0,0,0,0,0,1,0,C,3500,12.99,0,0.15,1,2
1109,21,24960,MORTGAGE,0,0,1,0,0,0,0,0,1,0,C,2000,13.99,0,0.08,1,3
1275,21,25200,MORTGAGE,0,0,1,0,0,0,0,0,1,0,C,6500,14.26,1,0.26,1,2
1414,26,26400,MORTGAGE,10,0,1,0,0,0,0,0,1,0,C,8500,13.23,0,0.32,1,3
1531,24,27600,MORTGAGE,1,0,1,0,0,0,0,0,1,0,C,2000,14.27,0,0.07,1,2
1725,21,28800,MORTGAGE,2,0,1,0,0,0,0,0,1,0,C,5500,13.23,0,0.19,1,2
1749,24,28932,MORTGAGE,4,0,1,0,0,0,0,0,1,0,C,10000,,0,0.35,1,2
2142,22,30000,MORTGAGE,6,0,1,0,0,0,0,0,1,0,D,6600,14.42,0,0.22,1,4
2244,24,31000,MORTGAGE,8,0,1,0,0,0,0,0,1,0,D,9000,14.84,1,0.29,1,4
2487,25,32400,MORTGAGE,9,0,1,0,0,0,0,0,1,0,C,10000,13.99,0,0.31,1,3
3049,22,35000,MORTGAGE,6,0,1,0,0,0,0,0,1,0,C,7500,11.34,0,0.21,1,2
3178,24,36000,MORTGAGE,8,0,1,0,0,0,0,0,1,0,D,3600,16.77,0,0.1,1,2
3216,23,36000,MORTGAGE,6,0,1,0,0,0,0,0,1,0,C,14000,12.99,0,0.39,1,3
3243,24,36000,MORTGAGE,8,0,1,0,0,0,0,0,1,0,C,3500,13.06,0,0.1,1,3
3326,22,36000,MORTGAGE,6,0,1,0,0,0,0,0,1,0,D,1400,14.84,0,0.04,1,4
3473,24,36996,MORTGAGE,7,0,1,0,0,0,0,0,1,0,D,7800,,0,0.21,1,3
3819,21,32400,MORTGAGE,3,0,1,0,0,0,0,0,1,0,C,1750,13.61,1,0.05,1,4
4346,24,34000,MORTGAGE,3,0,1,0,0,0,0,0,1,0,D,10000,15.31,1,0.29,1,2
4371,22,40000,MORTGAGE,6,0,1,0,0,0,0,0,1,0,C,10000,,0,0.25,1,3
4381,22,40000,MORTGAGE,1,0,1,0,0,0,0,0,1,0,E,8000,16,0,0.2,1,3
4448,26,40720,MORTGAGE,4,0,1,0,0,0,0,0,1,0,C,10000,13.48,0,0.25,1,3
4700,23,42000,MORTGAGE,7,0,1,0,0,0,0,0,1,0,C,12000,15.23,0,0.29,1,3
4963,22,43000,MORTGAGE,4,0,1,0,0,0,0,0,1,0,C,6600,14.27,0,0.15,1,2
5197,22,44004,MORTGAGE,0,0,1,0,0,0,0,0,1,0,C,6300,12.29,0,0.14,1,3
5235,22,44500,MORTGAGE,3,0,1,0,0,0,0,0,1,0,C,15000,13.57,0,0.34,1,4
5495,22,45000,MORTGAGE,4,0,1,0,0,0,0,0,1,0,C,5000,13.48,0,0.11,1,4
5759,23,46113,MORTGAGE,4,0,1,0,0,0,0,0,1,0,D,9000,15.99,0,0.2,1,4
5828,24,47000,MORTGAGE,0,0,1,0,0,0,0,0,1,0,C,12000,13.49,0,0.26,1,3
5834,22,47000,MORTGAGE,7,0,1,0,0,0,0,0,1,0,C,10600,15.96,0,0.23,1,4
5952,22,47800,MORTGAGE,5,0,1,0,0,0,0,0,1,0,C,1500,13.43,0,0.03,1,3
6160,24,42000,MORTGAGE,,0,1,0,0,0,0,0,1,0,E,18250,16.82,1,0.43,1,4
6456,26,44000,MORTGAGE,10,0,1,0,0,0,0,0,1,0,D,20000,17.27,1,0.45,1,2
6687,25,50000,MORTGAGE,7,0,1,0,0,0,0,0,1,0,C,6600,12.61,0,0.13,1,3
6837,22,50000,MORTGAGE,1,0,1,0,0,0,0,0,1,0,E,9800,16.32,0,0.2,1,3
6861,25,50000,MORTGAGE,5,0,1,0,0,0,0,0,1,0,D,7500,13.8,0,0.15,1,4
6876,24,50000,MORTGAGE,7,0,1,0,0,0,0,0,1,0,D,9000,,0,0.18,1,3
7048,23,51000,MORTGAGE,3,0,1,0,0,0,0,0,1,0,C,16000,13.11,0,0.31,1,3
7221,24,46000,MORTGAGE,8,0,1,0,0,0,0,0,1,0,C,29100,12.99,1,0.63,1,2
7384,22,52800,MORTGAGE,6,0,1,0,0,0,0,0,1,0,C,6000,13.98,0,0.11,1,3
7457,22,53000,MORTGAGE,4,0,1,0,0,0,0,0,1,0,D,8000,16.07,0,0.15,1,4
7597,25,54000,MORTGAGE,7,0,1,0,0,0,0,0,1,0,D,12000,16.49,0,0.22,1,3
7756,25,48902,MORTGAGE,9,0,1,0,0,0,0,0,1,0,C,6000,15.23,1,0.12,1,3
7833,22,55000,MORTGAGE,6,0,1,0,0,0,0,0,1,0,C,3250,13.49,0,0.06,1,4
7843,23,55000,MORTGAGE,7,0,1,0,0,0,0,0,1,0,D,6625,16.77,0,0.12,1,3
8060,24,55000,MORTGAGE,8,0,1,0,0,0,0,0,1,0,D,15000,,0,0.27,1,3
8137,25,56000,MORTGAGE,5,0,1,0,0,0,0,0,1,0,C,10250,14.65,0,0.18,1,4
8521,25,58000,MORTGAGE,2,0,1,0,0,0,0,0,1,0,D,2750,12.86,0,0.05,1,4
8631,25,59650,MORTGAGE,9,0,1,0,0,0,0,0,1,0,C,10000,13.61,0,0.17,1,2
8678,23,60000,MORTGAGE,3,0,1,0,0,0,0,0,1,0,C,12000,15.27,0,0.2,1,4
8850,23,60000,MORTGAGE,7,0,1,0,0,0,0,0,1,0,C,2000,15.23,0,0.03,1,2
8871,22,60000,MORTGAGE,6,0,1,0,0,0,0,0,1,0,C,12000,13.99,0,0.2,1,3
9012,23,60000,MORTGAGE,5,0,1,0,0,0,0,0,1,0,D,15000,15.21,0,0.25,1,3
9026,24,60000,MORTGAGE,6,0,1,0,0,0,0,0,1,0,C,2400,13.61,0,0.04,1,4
9153,23,60000,MORTGAGE,7,0,1,0,0,0,0,0,1,0,C,2000,14.26,0,0.03,1,3
9159,25,60000,MORTGAGE,9,0,1,0,0,0,0,0,1,0,C,10200,13.92,0,0.17,1,4
9656,24,63000,MORTGAGE,8,0,1,0,0,0,0,0,1,0,F,20000,19.13,0,0.32,1,3
9725,23,58000,MORTGAGE,7,0,1,0,0,0,0,0,1,0,D,16500,,1,0.28,1,4
9759,22,64000,MORTGAGE,4,0,1,0,0,0,0,0,1,0,C,14000,13.23,0,0.22,1,3
9773,26,64000,MORTGAGE,2,0,1,0,0,0,0,0,1,0,D,8000,14.96,0,0.13,1,2
9788,26,64212,MORTGAGE,5,0,1,0,0,0,0,0,1,0,C,9600,14.27,0,0.15,1,2
9789,22,64260,MORTGAGE,6,0,1,0,0,0,0,0,1,0,C,9200,13.43,0,0.14,1,3
9817,23,64800,MORTGAGE,7,0,1,0,0,0,0,0,1,0,C,4000,13.99,0,0.06,1,2
9831,26,65000,MORTGAGE,9,0,1,0,0,0,0,0,1,0,D,3000,18.25,0,0.05,1,4
9836,25,59000,MORTGAGE,4,0,1,0,0,0,0,0,1,0,D,3000,16.29,1,0.05,1,3
10032,22,65000,MORTGAGE,2,0,1,0,0,0,0,0,1,0,C,13000,14.35,0,0.2,1,4
10609,22,69000,MORTGAGE,6,0,1,0,0,0,0,0,1,0,C,7800,12.41,0,0.11,1,3
10616,22,69383,MORTGAGE,6,0,1,0,0,0,0,0,1,0,C,8500,,0,0.12,1,3
10681,23,69996,MORTGAGE,7,0,1,0,0,0,0,0,1,0,C,15000,13.47,0,0.21,1,4
10903,24,70000,MORTGAGE,2,0,1,0,0,0,0,0,1,0,E,12000,17.56,0,0.17,1,3
10938,22,70000,MORTGAGE,6,0,1,0,0,0,0,0,1,0,D,25000,15.31,0,0.36,1,4
11052,24,71496,MORTGAGE,5,0,1,0,0,0,0,0,1,0,D,15000,15.95,0,0.21,1,3
11089,25,72000,MORTGAGE,9,0,1,0,0,0,0,0,1,0,F,18000,20.89,0,0.25,1,4
11180,22,72000,MORTGAGE,4,0,1,0,0,0,0,0,1,0,D,15000,16.32,0,0.21,1,4
11256,24,72400,MORTGAGE,4,0,1,0,0,0,0,0,1,0,E,25000,17.99,0,0.35,1,2
11325,22,73063,MORTGAGE,4,0,1,0,0,0,0,0,1,0,C,11200,,0,0.15,1,2
11616,22,75000,MORTGAGE,0,0,1,0,0,0,0,0,1,0,D,19800,15.57,0,0.26,1,2
11662,21,75000,MORTGAGE,5,0,1,0,0,0,0,0,1,0,C,20000,13.11,0,0.27,1,2
11753,25,75000,MORTGAGE,9,0,1,0,0,0,0,0,1,0,C,10000,11.34,0,0.13,1,2
11812,25,76000,MORTGAGE,9,0,1,0,0,0,0,0,1,0,C,6000,12.98,0,0.08,1,2
11828,25,70000,MORTGAGE,4,0,1,0,0,0,0,0,1,0,C,15000,13.16,1,0.21,1,3
11857,25,76800,MORTGAGE,5,0,1,0,0,0,0,0,1,0,C,20000,,0,0.26,1,2
11858,21,76800,MORTGAGE,5,0,1,0,0,0,0,0,1,0,D,8000,14.96,0,0.1,1,3
12073,26,79000,MORTGAGE,6,0,1,0,0,0,0,0,1,0,C,14000,13.57,0,0.18,1,3
12168,24,80000,MORTGAGE,4,0,1,0,0,0,0,0,1,0,C,2000,15.27,0,0.03,1,3
12243,24,80000,MORTGAGE,8,0,1,0,0,0,0,0,1,0,D,25000,14.46,0,0.31,1,2
12302,24,80000,MORTGAGE,8,0,1,0,0,0,0,0,1,0,C,12000,13.48,0,0.15,1,4
12318,26,80000,MORTGAGE,4,0,1,0,0,0,0,0,1,0,D,5000,14.96,0,0.06,1,3
12486,23,82000,MORTGAGE,5,0,1,0,0,0,0,0,1,0,D,5000,16.77,0,0.06,1,3
12492,23,82000,MORTGAGE,7,0,1,0,0,0,0,0,1,0,D,9000,,0,0.11,1,2
12522,26,82000,MORTGAGE,2,0,1,0,0,0,0,0,1,0,D,4500,15.05,0,0.05,1,4
12765,24,85000,MORTGAGE,2,0,1,0,0,0,0,0,1,0,C,7500,13.99,0,0.09,1,2
12922,25,73000,MORTGAGE,8,0,1,0,0,0,0,0,1,0,D,20000,13.12,1,0.27,1,4
13039,23,87000,MORTGAGE,2,0,1,0,0,0,0,0,1,0,D,25000,14.96,0,0.29,1,2
13052,23,87000,MORTGAGE,0,0,1,0,0,0,0,0,1,0,C,7500,11.28,0,0.09,1,2
13067,21,87500,MORTGAGE,5,0,1,0,0,0,0,0,1,0,C,25000,13.98,0,0.29,1,3
13177,23,90000,MORTGAGE,4,0,1,0,0,0,0,0,1,0,C,20000,14.65,0,0.22,1,3
13318,25,90000,MORTGAGE,6,0,1,0,0,0,0,0,1,0,D,8500,15.21,0,0.09,1,3
13340,25,90000,MORTGAGE,2,0,1,0,0,0,0,0,1,0,C,20000,,0,0.22,1,3
13374,24,90000,MORTGAGE,1,0,1,0,0,0,0,0,1,0,C,12000,,0,0.13,1,4
13377,24,90000,MORTGAGE,8,0,1,0,0,0,0,0,1,0,C,5000,11.34,0,0.06,1,4
13405,23,91000,MORTGAGE,7,0,1,0,0,0,0,0,1,0,D,1500,14.54,0,0.02,1,4
13428,25,79200,MORTGAGE,1,0,1,0,0,0,0,0,1,0,C,11200,14.79,1,0.14,1,3
13464,24,92000,MORTGAGE,9,0,1,0,0,0,0,0,1,0,E,25000,17.93,0,0.27,1,2
13532,26,93000,MORTGAGE,4,0,1,0,0,0,0,0,1,0,C,5600,,0,0.06,1,4
13576,22,94000,MORTGAGE,6,0,1,0,0,0,0,0,1,0,C,35000,15.23,0,0.37,1,4
13708,21,83000,MORTGAGE,5,0,1,0,0,0,0,0,1,0,C,15000,12.84,1,0.18,1,4
13754,25,96000,MORTGAGE,9,0,1,0,0,0,0,0,1,0,D,35000,18.25,0,0.36,1,2
13866,23,97000,MORTGAGE,0,0,1,0,0,0,0,0,1,0,E,15000,16.4,0,0.15,1,3
13877,23,97000,MORTGAGE,8,0,1,0,0,0,0,0,1,0,E,4000,16.32,0,0.04,1,3
14097,23,100000,MORTGAGE,7,0,1,0,0,0,0,0,1,0,C,5400,12.23,0,0.05,1,2
14135,24,100000,MORTGAGE,8,0,1,0,0,0,0,0,1,0,D,17400,16.07,0,0.17,1,4
14196,23,101000,MORTGAGE,7,0,1,0,0,0,0,0,1,0,E,20000,17.43,0,0.2,1,3
14371,22,105000,MORTGAGE,6,0,1,0,0,0,0,0,1,0,C,6000,14.22,0,0.06,1,3
14374,22,105000,MORTGAGE,3,0,1,0,0,0,0,0,1,0,C,16000,12.73,0,0.15,1,4
14389,25,105000,MORTGAGE,1,0,1,0,0,0,0,0,1,0,C,15000,12.53,0,0.14,1,3
14435,24,106800,MORTGAGE,8,0,1,0,0,0,0,0,1,0,C,16000,13.06,0,0.15,1,4
14571,24,110000,MORTGAGE,8,0,1,0,0,0,0,0,1,0,D,10000,15.62,0,0.09,1,4
14613,24,110000,MORTGAGE,8,0,1,0,0,0,0,0,1,0,C,5600,12.98,0,0.05,1,4
14641,24,98000,MORTGAGE,2,0,1,0,0,0,0,0,1,0,C,5000,13.22,1,0.05,1,3
14656,23,110000,MORTGAGE,7,0,1,0,0,0,0,0,1,0,D,9600,,0,0.09,1,2
14667,26,110400,MORTGAGE,3,0,1,0,0,0,0,0,1,0,F,9800,,0,0.09,1,3
14961,24,120000,MORTGAGE,8,0,1,0,0,0,0,0,1,0,C,20000,12.99,0,0.17,1,2
14987,23,120000,MORTGAGE,2,0,1,0,0,0,0,0,1,0,D,24250,16.02,0,0.2,1,4
15112,25,122000,MORTGAGE,1,0,1,0,0,0,0,0,1,0,C,35000,13.8,0,0.29,1,3
15117,25,122000,MORTGAGE,9,0,1,0,0,0,0,0,1,0,C,20000,13.23,0,0.16,1,4
15189,26,125000,MORTGAGE,4,0,1,0,0,0,0,0,1,0,C,14800,,0,0.12,1,3
15223,22,125000,MORTGAGE,0,0,1,0,0,0,0,0,1,0,D,25000,,0,0.2,1,2
15292,26,130000,MORTGAGE,10,0,1,0,0,0,0,0,1,0,D,3000,17.58,0,0.02,1,3
15297,26,130000,MORTGAGE,5,0,1,0,0,0,0,0,1,0,D,35000,18.25,0,0.27,1,4
15393,23,132000,MORTGAGE,7,0,1,0,0,0,0,0,1,0,C,9000,11.34,0,0.07,1,3
15438,25,135000,MORTGAGE,9,0,1,0,0,0,0,0,1,0,D,25000,16.07,0,0.19,1,4
15450,23,136000,MORTGAGE,2,0,1,0,0,0,0,0,1,0,D,9800,15.99,0,0.07,1,3
15497,23,140000,MORTGAGE,7,0,1,0,0,0,0,0,1,0,C,6000,13.49,0,0.04,1,3
15508,23,140000,MORTGAGE,3,0,1,0,0,0,0,0,1,0,D,15000,15.58,0,0.11,1,3
15608,24,150000,MORTGAGE,8,0,1,0,0,0,0,0,1,0,C,25000,12.99,0,0.17,1,4
15692,25,155000,MORTGAGE,8,0,1,0,0,0,0,0,1,0,C,10000,13.06,0,0.06,1,3
15700,25,155000,MORTGAGE,3,0,1,0,0,0,0,0,1,0,D,22000,16,0,0.14,1,4
15808,25,178364,MORTGAGE,9,0,1,0,0,0,0,0,1,0,E,8000,15.68,0,0.04,1,2
15837,24,193000,MORTGAGE,8,0,1,0,0,0,0,0,1,0,C,10000,13.06,0,0.05,1,4
16050,24,54000,MORTGAGE,8,0,1,0,0,0,0,0,1,0,D,1500,14.42,1,0.03,1,4
16218,26,46800,MORTGAGE,,0,1,0,0,0,0,0,1,0,D,6000,14.91,0,0.13,1,3
16326,23,70000,MORTGAGE,4,0,1,0,0,0,0,0,1,0,C,6000,13.16,0,0.09,1,4
16392,23,52360,MORTGAGE,,0,1,0,0,0,0,0,1,0,D,15000,16.49,0,0.29,1,2
16396,22,47800,MORTGAGE,5,0,1,0,0,0,0,0,1,0,C,1500,13.43,0,0.03,1,4
16433,22,52000,MORTGAGE,6,0,1,0,0,0,0,0,1,0,D,10000,13.87,1,0.19,1,4
16513,24,70000,MORTGAGE,2,0,1,0,0,0,0,0,1,0,C,6000,15.23,0,0.09,1,2
16661,23,78300,MORTGAGE,0,0,1,0,0,0,0,0,1,0,E,15000,16.82,0,0.19,1,3
16845,26,60000,MORTGAGE,3,0,1,0,0,0,0,0,1,0,C,30000,14.27,0,0.5,1,3
17119,23,90000,MORTGAGE,7,0,1,0,0,0,0,0,1,0,D,15000,15.31,0,0.17,1,4
17122,26,145992,MORTGAGE,0,0,1,0,0,0,0,0,1,0,D,20000,,0,0.14,1,2
17177,22,100000,MORTGAGE,0,0,1,0,0,0,0,0,1,0,C,15000,13.85,0,0.15,1,3
17308,22,62000,MORTGAGE,2,0,1,0,0,0,0,0,1,0,D,7500,13.87,0,0.12,1,3
17400,23,114600,MORTGAGE,7,0,1,0,0,0,0,0,1,0,C,10000,13.06,0,0.09,1,4
17401,25,63000,MORTGAGE,3,0,1,0,0,0,0,0,1,0,C,3000,13.47,0,0.05,1,2
17790,24,42000,MORTGAGE,8,0,1,0,0,0,0,0,1,0,D,2500,15.28,0,0.06,1,2
17827,25,40000,MORTGAGE,6,0,1,0,0,0,0,0,1,0,C,5000,12.61,0,0.13,1,4
17841,35,648000,MORTGAGE,6,0,1,0,0,0,0,0,1,0,E,10000,17.19,1,0.02,1,8
17966,28,225000,MORTGAGE,8,0,1,0,0,0,0,0,1,0,C,16800,13.92,0,0.07,1,5
17991,28,202040,MORTGAGE,12,0,1,0,0,0,0,0,1,0,D,12000,14.46,0,0.06,1,8
18085,29,180000,MORTGAGE,2,0,1,0,0,0,0,0,1,0,E,31000,19.42,0,0.17,1,8
18151,29,170000,MORTGAGE,7,0,1,0,0,0,0,0,1,0,C,35000,12.99,0,0.21,1,5
18152,31,170000,MORTGAGE,15,0,1,0,0,0,0,0,1,0,C,10000,13.49,0,0.06,1,8
18208,29,160000,MORTGAGE,9,0,1,0,0,0,0,0,1,0,C,14700,13.43,0,0.09,1,5
18630,27,24570,MORTGAGE,2,0,1,0,0,0,0,0,1,0,C,8500,,0,0.35,1,8
18641,33,24996,MORTGAGE,3,0,1,0,0,0,0,0,1,0,C,6600,12.99,0,0.26,1,6
18949,35,29568,MORTGAGE,6,0,1,0,0,0,0,0,1,0,C,6000,13.23,0,0.2,1,10
19874,34,36000,MORTGAGE,5,0,1,0,0,0,0,0,1,0,E,12000,16,0,0.33,1,10
19875,28,36000,MORTGAGE,1,0,1,0,0,0,0,0,1,0,D,1400,15.37,0,0.04,1,9
20090,34,38000,MORTGAGE,9,0,1,0,0,0,0,0,1,0,C,14500,12.84,0,0.38,1,6
20356,33,40000,MORTGAGE,17,0,1,0,0,0,0,0,1,0,C,6000,12.68,0,0.15,1,9
20503,29,40777,MORTGAGE,4,0,1,0,0,0,0,0,1,0,D,8000,14.91,0,0.2,1,8
20681,27,42000,MORTGAGE,0,0,1,0,0,0,0,0,1,0,C,8000,13.61,0,0.19,1,9
20786,28,43000,MORTGAGE,11,0,1,0,0,0,0,0,1,0,C,5000,12.99,0,0.12,1,5
21181,32,45489,MORTGAGE,13,0,1,0,0,0,0,0,1,0,C,18250,12.73,0,0.4,1,5
21289,31,46500,MORTGAGE,7,0,1,0,0,0,0,0,1,0,C,8000,13.04,0,0.17,1,6
21390,29,48000,MORTGAGE,3,0,1,0,0,0,0,0,1,0,C,17375,14.27,0,0.36,1,5
21597,30,49000,MORTGAGE,14,0,1,0,0,0,0,0,1,0,D,8500,16.32,0,0.17,1,9
21619,30,49641,MORTGAGE,9,0,1,0,0,0,0,0,1,0,C,8400,13.11,0,0.17,1,6
21666,30,50000,MORTGAGE,3,0,1,0,0,0,0,0,1,0,C,6000,,0,0.12,1,7
21697,28,50000,MORTGAGE,7,0,1,0,0,0,0,0,1,0,D,6000,15.99,0,0.12,1,9
21872,27,50000,MORTGAGE,11,0,1,0,0,0,0,0,1,0,C,7500,11.59,0,0.15,1,6
22110,30,52000,MORTGAGE,7,0,1,0,0,0,0,0,1,0,D,5500,14.96,0,0.11,1,10
22117,27,46000,MORTGAGE,2,0,1,0,0,0,0,0,1,0,C,4000,12.53,1,0.09,1,9
22128,30,52000,MORTGAGE,9,0,1,0,0,0,0,0,1,0,D,9000,12.49,0,0.17,1,6
22208,28,47004,MORTGAGE,12,0,1,0,0,0,0,0,1,0,C,10000,13.61,1,0.21,1,6
22246,28,48000,MORTGAGE,13,0,1,0,0,0,0,0,1,0,C,5000,15.27,1,0.1,1,5
22411,30,55000,MORTGAGE,0,0,1,0,0,0,0,0,1,0,C,6000,12.99,0,0.11,1,6
22482,32,55000,MORTGAGE,16,0,1,0,0,0,0,0,1,0,C,7000,13.48,0,0.13,1,8
22663,28,57000,MORTGAGE,13,0,1,0,0,0,0,0,1,0,C,9600,15.96,0,0.17,1,9
23146,30,60000,MORTGAGE,8,0,1,0,0,0,0,0,1,0,C,7400,13.11,0,0.12,1,5
23159,29,54000,MORTGAGE,1,0,1,0,0,0,0,0,1,0,G,25000,20.16,1,0.46,1,8
23229,29,60000,MORTGAGE,0,0,1,0,0,0,0,0,1,0,E,10000,15.25,0,0.17,1,5
23238,32,60000,MORTGAGE,11,0,1,0,0,0,0,0,1,0,C,7500,11.03,0,0.13,1,10
23315,27,61400,MORTGAGE,3,0,1,0,0,0,0,0,1,0,C,10000,,0,0.16,1,9
23395,29,62000,MORTGAGE,0,0,1,0,0,0,0,0,1,0,C,10000,12.41,0,0.16,1,9
23447,28,56664,MORTGAGE,12,0,1,0,0,0,0,0,1,0,D,16300,14.91,1,0.29,1,10
23622,31,65000,MORTGAGE,15,0,1,0,0,0,0,0,1,0,D,3000,16.77,0,0.05,1,7
23755,30,65000,MORTGAGE,1,0,1,0,0,0,0,0,1,0,D,25000,15.65,0,0.38,1,5
23760,29,65000,MORTGAGE,13,0,1,0,0,0,0,0,1,0,C,16000,12.87,0,0.25,1,10
23796,30,65136,MORTGAGE,0,0,1,0,0,0,0,0,1,0,C,6250,12.87,0,0.1,1,9
23851,33,66000,MORTGAGE,2,0,1,0,0,0,0,0,1,0,D,20000,12.61,0,0.3,1,5
23931,30,67692,MORTGAGE,,0,1,0,0,0,0,0,1,0,C,23200,15.96,0,0.34,1,7
23938,35,68000,MORTGAGE,19,0,1,0,0,0,0,0,1,0,E,32000,19.03,0,0.47,1,7
23973,29,68000,MORTGAGE,14,0,1,0,0,0,0,0,1,0,C,15000,12.73,0,0.22,1,6
24080,27,70000,MORTGAGE,11,0,1,0,0,0,0,0,1,0,C,3000,,0,0.04,1,8
24092,32,70000,MORTGAGE,8,0,1,0,0,0,0,0,1,0,C,1800,14.65,0,0.03,1,6
24227,33,70000,MORTGAGE,0,0,1,0,0,0,0,0,1,0,C,5600,13.57,0,0.08,1,8
24265,27,70400,MORTGAGE,6,0,1,0,0,0,0,0,1,0,C,15000,,0,0.21,1,9
24296,33,71000,MORTGAGE,11,0,1,0,0,0,0,0,1,0,C,6000,14.72,0,0.08,1,7
24321,27,72000,MORTGAGE,9,0,1,0,0,0,0,0,1,0,D,22000,17.58,0,0.31,1,6
24466,27,72900,MORTGAGE,3,0,1,0,0,0,0,0,1,0,D,10000,15.7,0,0.14,1,9
24505,34,67392,MORTGAGE,0,0,1,0,0,0,0,0,1,0,C,15000,13.85,1,0.22,1,5
24594,28,75000,MORTGAGE,2,0,1,0,0,0,0,0,1,0,C,15000,14.65,0,0.2,1,7
24595,32,75000,MORTGAGE,14,0,1,0,0,0,0,0,1,0,C,5600,15.96,0,0.07,1,9
24603,35,75000,MORTGAGE,2,0,1,0,0,0,0,0,1,0,C,20000,13.49,0,0.27,1,5
24735,27,75000,MORTGAGE,1,0,1,0,0,0,0,0,1,0,C,18000,13.57,0,0.24,1,9
24873,28,77544,MORTGAGE,2,0,1,0,0,0,0,0,1,0,E,15000,16.63,0,0.19,1,5
24994,35,79500,MORTGAGE,5,0,1,0,0,0,0,0,1,0,D,9600,14.61,0,0.12,1,5
25181,34,80300,MORTGAGE,3,0,1,0,0,0,0,0,1,0,C,15000,12.73,0,0.19,1,9
25217,29,75000,MORTGAGE,8,0,1,0,0,0,0,0,1,0,C,12000,13.16,1,0.16,1,7
25326,34,83200,MORTGAGE,3,0,1,0,0,0,0,0,1,0,C,5000,14.79,0,0.06,1,8
25380,27,84000,MORTGAGE,11,0,1,0,0,0,0,0,1,0,D,14000,15.7,0,0.17,1,7
25464,34,73000,MORTGAGE,6,0,1,0,0,0,0,0,1,0,D,7500,15.99,1,0.1,1,5
25499,32,73000,MORTGAGE,7,0,1,0,0,0,0,0,1,0,C,4750,13.11,1,0.07,1,9
25554,28,86000,MORTGAGE,6,0,1,0,0,0,0,0,1,0,C,2650,13.23,0,0.03,1,5
25616,28,87504,MORTGAGE,2,0,1,0,0,0,0,0,1,0,D,12000,15.21,0,0.14,1,10
25644,31,76000,MORTGAGE,5,0,1,0,0,0,0,0,1,0,C,5000,12.41,1,0.07,1,9
25844,31,78305,MORTGAGE,8,0,1,0,0,0,0,0,1,0,D,10000,14.59,1,0.13,1,7
26005,30,95000,MORTGAGE,0,0,1,0,0,0,0,0,1,0,D,6000,15.99,0,0.06,1,7
26070,31,95004,MORTGAGE,3,0,1,0,0,0,0,0,1,0,D,25000,16.07,0,0.26,1,8
26072,35,95142,MORTGAGE,18,0,1,0,0,0,0,0,1,0,D,12000,14.84,0,0.13,1,9
26076,27,95500,MORTGAGE,3,0,1,0,0,0,0,0,1,0,E,20000,15.95,0,0.21,1,6
26136,27,84000,MORTGAGE,5,0,1,0,0,0,0,0,1,0,C,20000,12.29,1,0.24,1,8
26153,30,97000,MORTGAGE,9,0,1,0,0,0,0,0,1,0,C,5000,13.49,0,0.05,1,9
26262,30,100000,MORTGAGE,0,0,1,0,0,0,0,0,1,0,D,30000,16.77,0,0.3,1,6
26326,27,100000,MORTGAGE,11,0,1,0,0,0,0,0,1,0,F,9000,18.25,0,0.09,1,6
26387,35,88000,MORTGAGE,4,0,1,0,0,0,0,0,1,0,D,10000,14.11,1,0.11,1,6
26396,30,100000,MORTGAGE,5,0,1,0,0,0,0,0,1,0,C,7500,11.59,0,0.07,1,6
26558,33,105000,MORTGAGE,6,0,1,0,0,0,0,0,1,0,C,5150,12.41,0,0.05,1,9
26620,33,108000,MORTGAGE,17,0,1,0,0,0,0,0,1,0,C,7200,14.35,0,0.07,1,6
26639,33,109000,MORTGAGE,4,0,1,0,0,0,0,0,1,0,C,18400,12.41,0,0.17,1,8
26641,27,97000,MORTGAGE,4,0,1,0,0,0,0,0,1,0,C,8275,10.59,1,0.09,1,5
26745,27,110004,MORTGAGE,5,0,1,0,0,0,0,0,1,0,C,25000,12.73,0,0.23,1,6
26758,29,111740,MORTGAGE,4,0,1,0,0,0,0,0,1,0,C,5000,14.27,0,0.04,1,6
26765,30,112000,MORTGAGE,4,0,1,0,0,0,0,0,1,0,D,8000,16.02,0,0.07,1,10
26907,30,118000,MORTGAGE,0,0,1,0,0,0,0,0,1,0,C,5000,13.92,0,0.04,1,9
26916,30,119000,MORTGAGE,14,0,1,0,0,0,0,0,1,0,C,25000,12.73,0,0.21,1,8
26922,27,107450,MORTGAGE,11,0,1,0,0,0,0,0,1,0,G,24000,20.86,1,0.22,1,10
26957,32,120000,MORTGAGE,7,0,1,0,0,0,0,0,1,0,D,28250,16.77,0,0.24,1,9
27020,31,120000,MORTGAGE,6,0,1,0,0,0,0,0,1,0,D,25000,16.32,0,0.21,1,7
27191,29,113000,MORTGAGE,5,0,1,0,0,0,0,0,1,0,G,25000,18.84,1,0.22,1,7
27195,27,125000,MORTGAGE,11,0,1,0,0,0,0,0,1,0,C,15975,12.72,0,0.13,1,8
27237,28,128400,MORTGAGE,3,0,1,0,0,0,0,0,1,0,C,4000,13.35,0,0.03,1,8
27274,28,118000,MORTGAGE,6,0,1,0,0,0,0,0,1,0,G,25000,20.11,1,0.21,1,6
27279,27,130000,MORTGAGE,0,0,1,0,0,0,0,0,1,0,C,8000,13.35,0,0.06,1,7
27294,33,130000,MORTGAGE,9,0,1,0,0,0,0,0,1,0,D,25000,15.33,0,0.19,1,10
27377,30,135000,MORTGAGE,14,0,1,0,0,0,0,0,1,0,E,25000,15.25,0,0.19,1,9
27405,28,138996,MORTGAGE,3,0,1,0,0,0,0,0,1,0,C,20000,13.79,0,0.14,1,9
27594,32,150000,MORTGAGE,0,0,1,0,0,0,0,0,1,0,E,24000,17.04,0,0.16,1,9
27603,27,150000,MORTGAGE,4,0,1,0,0,0,0,0,1,0,C,20000,12.84,0,0.13,1,6
27623,35,140004,MORTGAGE,6,0,1,0,0,0,0,0,1,0,C,8400,12.98,1,0.06,1,9
27704,28,170000,MORTGAGE,8,0,1,0,0,0,0,0,1,0,F,20000,18.99,0,0.12,1,7
27705,33,158000,MORTGAGE,11,0,1,0,0,0,0,0,1,0,E,15000,16.32,1,0.09,1,5
27746,32,180000,MORTGAGE,2,0,1,0,0,0,0,0,1,0,C,15600,,0,0.09,1,10
27824,28,245000,MORTGAGE,0,0,1,0,0,0,0,0,1,0,E,18000,17.39,0,0.07,1,9
27829,31,250000,MORTGAGE,14,0,1,0,0,0,0,0,1,0,D,12000,14.09,0,0.05,1,6
27850,28,300000,MORTGAGE,1,0,1,0,0,0,0,0,1,0,C,9600,15.23,0,0.03,1,10
28126,34,130000,MORTGAGE,5,0,1,0,0,0,0,0,1,0,E,5000,17.56,0,0.04,1,8
28302,32,176000,MORTGAGE,15,0,1,0,0,0,0,0,1,0,D,2400,14.42,0,0.01,1,10
28562,34,180000,MORTGAGE,9,0,1,0,0,0,0,0,1,0,C,12900,12.99,0,0.07,1,8
28631,34,60000,MORTGAGE,6,0,1,0,0,0,0,0,1,0,E,10500,15.68,0,0.17,1,9
28785,29,89849,MORTGAGE,13,0,1,0,0,0,0,0,1,0,C,6000,13.98,0,0.07,1,10
29146,42,300000,MORTGAGE,0,0,1,0,0,0,0,0,1,0,D,10000,17.27,0,0.03,1,14
29157,36,250000,MORTGAGE,14,0,1,0,0,0,0,0,1,0,C,31400,14.27,0,0.13,1,16
29171,45,225000,MORTGAGE,9,0,1,0,0,0,0,0,1,0,C,10000,,0,0.04,1,11
29422,41,26400,MORTGAGE,1,0,1,0,0,0,0,0,1,0,D,10300,16.29,1,0.39,1,14
29556,38,30000,MORTGAGE,8,0,1,0,0,0,0,0,1,0,C,10000,11.22,0,0.33,1,17
29593,36,32400,MORTGAGE,20,0,1,0,0,0,0,0,1,0,D,6600,13.24,0,0.2,1,11
30030,46,44782,MORTGAGE,14,0,1,0,0,0,0,0,1,0,D,6000,13.67,0,0.13,1,12
30211,43,49578,MORTGAGE,11,0,1,0,0,0,0,0,1,0,C,16000,13.49,0,0.32,1,13
30490,39,56000,MORTGAGE,14,0,1,0,0,0,0,0,1,0,C,10000,12.73,0,0.18,1,12
30594,41,60000,MORTGAGE,3,0,1,0,0,0,0,0,1,0,E,16800,17.99,0,0.28,1,16
30720,36,62400,MORTGAGE,6,0,1,0,0,0,0,0,1,0,D,12000,16.89,0,0.19,1,14
30820,43,59004,MORTGAGE,13,0,1,0,0,0,0,0,1,0,D,15000,,1,0.25,1,13
30835,44,66000,MORTGAGE,13,0,1,0,0,0,0,0,1,0,C,5000,13.48,0,0.08,1,11
30864,39,68000,MORTGAGE,1,0,1,0,0,0,0,0,1,0,C,16000,13.49,0,0.24,1,13
30946,36,70000,MORTGAGE,11,0,1,0,0,0,0,0,1,0,C,25000,12.84,0,0.36,1,16
31028,38,74237,MORTGAGE,4,0,1,0,0,0,0,0,1,0,C,18000,14.35,0,0.24,1,15
31223,38,81000,MORTGAGE,3,0,1,0,0,0,0,0,1,0,C,10000,14.27,0,0.12,1,16
31239,49,82000,MORTGAGE,4,0,1,0,0,0,0,0,1,0,D,10000,16.49,0,0.12,1,12
31382,38,90000,MORTGAGE,9,0,1,0,0,0,0,0,1,0,C,14000,12.73,0,0.16,1,12
31401,37,79992,MORTGAGE,2,0,1,0,0,0,0,0,1,0,C,9000,,1,0.11,1,14
31465,42,97000,MORTGAGE,13,0,1,0,0,0,0,0,1,0,C,1500,15.96,0,0.02,1,16
31610,43,112000,MORTGAGE,14,0,1,0,0,0,0,0,1,0,D,25000,14.96,0,0.22,1,15
31693,37,123000,MORTGAGE,1,0,1,0,0,0,0,0,1,0,C,35000,14.27,0,0.28,1,16
31862,42,175000,MORTGAGE,12,0,1,0,0,0,0,0,1,0,C,7000,12.99,0,0.04,1,13
31904,42,316800,MORTGAGE,3,0,1,0,0,0,0,0,1,0,D,19400,,0,0.06,1,13
31907,39,325000,MORTGAGE,14,0,1,0,0,0,0,0,1,0,D,18000,14.96,0,0.06,1,14
31922,37,900000,MORTGAGE,5,0,1,0,0,0,0,0,1,0,C,25000,12.87,0,0.03,1,13
32075,49,76872,MORTGAGE,4,0,1,0,0,0,0,0,1,0,D,15000,14.84,0,0.2,1,11
32125,41,381450,MORTGAGE,10,0,1,0,0,0,0,0,1,0,C,35000,13.49,0,0.09,1,16
32254,39,325000,MORTGAGE,14,0,1,0,0,0,0,0,1,0,D,18000,14.96,0,0.06,1,17
32301,51,667680,MORTGAGE,19,0,1,0,0,0,0,0,1,0,C,10000,13.98,0,0.01,1,22
32422,57,53000,MORTGAGE,1,0,1,0,0,0,0,0,1,0,C,5800,13.16,0,0.11,1,30
32428,51,55000,MORTGAGE,5,0,1,0,0,0,0,0,1,0,D,16750,15.2,0,0.3,1,21
32442,51,60000,MORTGAGE,8,0,1,0,0,0,0,0,1,0,C,8000,13.48,0,0.13,1,23
32451,57,62004,MORTGAGE,13,0,1,0,0,0,0,0,1,0,C,2000,13.72,0,0.03,1,24
32473,51,74628,MORTGAGE,3,0,1,0,0,0,0,0,1,0,C,3000,13.49,0,0.04,1,18
32475,55,75000,MORTGAGE,6,0,1,0,0,0,0,0,1,0,D,7700,14.84,0,0.1,1,18
32499,61,78000,MORTGAGE,1,0,1,0,0,0,0,0,1,0,D,8525,14.54,1,0.11,1,27
32512,54,97800,MORTGAGE,11,0,1,0,0,0,0,0,1,0,C,10000,13.23,0,0.1,1,20
78,21,12000,OWN,0,1,0,0,0,0,0,0,1,0,C,4200,13.48,1,0.35,1,4
595,25,20000,OWN,0,1,0,0,0,0,0,0,1,0,D,5650,15.99,0,0.28,1,2
689,24,20800,OWN,0,1,0,0,0,0,0,0,1,0,D,5000,16.29,0,0.24,1,3
1129,23,24996,OWN,1,1,0,0,0,0,0,0,1,0,D,4575,,0,0.18,1,2
1568,23,27996,OWN,1,1,0,0,0,0,0,0,1,0,D,4800,15.99,0,0.17,1,2
3830,23,38400,OWN,7,1,0,0,0,0,0,0,1,0,D,6000,13.24,0,0.16,1,3
5180,24,44000,OWN,8,1,0,0,0,0,0,0,1,0,D,9000,15.31,0,0.2,1,2
5223,25,44400,OWN,1,1,0,0,0,0,0,0,1,0,C,5000,12.72,0,0.11,1,3
5517,25,45000,OWN,1,1,0,0,0,0,0,0,1,0,C,10000,12.87,0,0.22,1,2
5564,23,45000,OWN,4,1,0,0,0,0,0,0,1,0,D,6400,,0,0.14,1,3
5819,22,46976,OWN,5,1,0,0,0,0,0,0,1,0,C,11000,14.26,0,0.23,1,2
6537,26,50000,OWN,8,1,0,0,0,0,0,0,1,0,C,4200,12.99,0,0.08,1,4
7086,22,51300,OWN,6,1,0,0,0,0,0,0,1,0,D,11200,15.31,0,0.22,1,3
7904,25,55000,OWN,1,1,0,0,0,0,0,0,1,0,C,6000,15.23,0,0.11,1,3
8987,22,60000,OWN,3,1,0,0,0,0,0,0,1,0,D,8700,15.58,0,0.14,1,4
9157,25,60000,OWN,3,1,0,0,0,0,0,0,1,0,C,16000,13.57,0,0.27,1,4
9581,24,62500,OWN,8,1,0,0,0,0,0,0,1,0,C,6500,13.22,0,0.1,1,2
9798,25,64500,OWN,4,1,0,0,0,0,0,0,1,0,C,12000,13.48,0,0.19,1,4
9993,23,65000,OWN,8,1,0,0,0,0,0,0,1,0,C,9600,14.17,0,0.15,1,4
10129,25,65000,OWN,9,1,0,0,0,0,0,0,1,0,C,7000,11.66,0,0.11,1,4
10533,25,62400,OWN,7,1,0,0,0,0,0,0,1,0,E,4000,18.39,1,0.06,1,2
11368,23,74000,OWN,7,1,0,0,0,0,0,0,1,0,D,15000,15.99,0,0.2,1,4
12345,26,80000,OWN,5,1,0,0,0,0,0,0,1,0,C,7000,13.22,0,0.09,1,2
12699,24,84996,OWN,4,1,0,0,0,0,0,0,1,0,D,8000,15.57,0,0.09,1,2
12731,23,85000,OWN,7,1,0,0,0,0,0,0,1,0,D,14000,16.29,0,0.16,1,4
12960,24,36000,OWN,4,1,0,0,0,0,0,0,1,0,C,5000,13.49,0,0.14,1,4
13658,22,33600,OWN,,1,0,0,0,0,0,0,1,0,C,12000,13.06,0,0.36,1,4
13668,21,33600,OWN,6,1,0,0,0,0,0,0,1,0,C,9600,13.98,0,0.29,1,4
14863,22,26400,OWN,1,1,0,0,0,0,0,0,1,0,C,7300,13.61,0,0.28,1,2
15037,26,120000,OWN,10,1,0,0,0,0,0,0,1,0,C,15000,13.11,0,0.13,1,4
15834,24,190000,OWN,4,1,0,0,0,0,0,0,1,0,C,24000,15.62,0,0.13,1,3
15958,21,6000,OWN,1,1,0,0,0,0,0,0,1,0,D,1600,14.61,1,0.27,1,3
16263,21,40000,OWN,1,1,0,0,0,0,0,0,1,0,C,15000,13.16,0,0.38,1,4
16779,22,24000,OWN,4,1,0,0,0,0,0,0,1,0,C,4750,,0,0.2,1,3
17280,26,80000,OWN,5,1,0,0,0,0,0,0,1,0,C,7000,13.22,0,0.09,1,2
17783,24,49200,OWN,8,1,0,0,0,0,0,0,1,0,C,4000,13.06,0,0.08,1,3
17852,27,10400,OWN,,1,0,0,0,0,0,0,1,0,C,4750,14.72,1,0.46,1,7
17982,28,209000,OWN,4,1,0,0,0,0,0,0,1,0,D,15000,14.84,0,0.07,1,7
18211,34,16800,OWN,0,1,0,0,0,0,0,0,1,0,C,1600,13.72,0,0.1,1,5
19775,28,36000,OWN,0,1,0,0,0,0,0,0,1,0,D,2500,15.99,0,0.07,1,8
20631,30,42000,OWN,,1,0,0,0,0,0,0,1,0,C,4000,15.23,0,0.1,1,9
20892,28,44000,OWN,10,1,0,0,0,0,0,0,1,0,D,7500,14.84,0,0.17,1,8
21404,28,48000,OWN,,1,0,0,0,0,0,0,1,0,D,8000,16.77,0,0.17,1,9
21467,29,48000,OWN,3,1,0,0,0,0,0,0,1,0,C,9600,12.23,0,0.2,1,8
22172,35,53000,OWN,1,1,0,0,0,0,0,0,1,0,C,10000,15.27,0,0.19,1,6
22651,32,56784,OWN,3,1,0,0,0,0,0,0,1,0,D,12000,14.96,0,0.21,1,10
23700,32,65000,OWN,3,1,0,0,0,0,0,0,1,0,C,12000,13.35,0,0.18,1,9
24110,29,70000,OWN,13,1,0,0,0,0,0,0,1,0,D,25000,15.62,0,0.36,1,9
24637,27,75000,OWN,11,1,0,0,0,0,0,0,1,0,D,16000,16.89,0,0.21,1,5
24926,35,40000,OWN,3,1,0,0,0,0,0,0,1,0,C,11325,15.96,0,0.28,1,10
25074,35,80000,OWN,5,1,0,0,0,0,0,0,1,0,D,15000,15.99,0,0.19,1,9
25236,29,39000,OWN,10,1,0,0,0,0,0,0,1,0,C,9000,12.72,0,0.23,1,9
25243,29,82000,OWN,5,1,0,0,0,0,0,0,1,0,C,21000,14.65,0,0.26,1,5
26552,30,30000,OWN,4,1,0,0,0,0,0,0,1,0,D,8000,15.7,0,0.27,1,10
26579,27,106000,OWN,3,1,0,0,0,0,0,0,1,0,D,16000,14.96,0,0.15,1,9
27125,33,124000,OWN,10,1,0,0,0,0,0,0,1,0,D,23500,14.96,0,0.19,1,6
27566,28,19200,OWN,2,1,0,0,0,0,0,0,1,0,D,4700,15.31,1,0.24,1,5
27569,30,150000,OWN,5,1,0,0,0,0,0,0,1,0,D,5425,,0,0.04,1,5
27820,33,240000,OWN,15,1,0,0,0,0,0,0,1,0,C,15000,13.16,0,0.06,1,10
27942,30,110000,OWN,14,1,0,0,0,0,0,0,1,0,C,12000,13.57,0,0.11,1,10
28241,31,86500,OWN,0,1,0,0,0,0,0,0,1,0,C,25000,13.57,0,0.29,1,10
28731,29,120000,OWN,11,1,0,0,0,0,0,0,1,0,D,5000,14.09,0,0.04,1,5
29219,36,15000,OWN,2,1,0,0,0,0,0,0,1,0,C,5000,13.92,1,0.33,1,15
30202,36,49000,OWN,,1,0,0,0,0,0,0,1,0,D,4200,16.02,0,0.09,1,13
30498,36,56400,OWN,0,1,0,0,0,0,0,0,1,0,C,20000,13.57,0,0.35,1,12
30610,36,60000,OWN,0,1,0,0,0,0,0,0,1,0,E,10225,17.51,0,0.17,1,13
31593,38,110000,OWN,6,1,0,0,0,0,0,0,1,0,C,12000,12.99,0,0.11,1,11
31609,40,28000,OWN,3,1,0,0,0,0,0,0,1,0,D,12000,16,0,0.43,1,14
31683,47,25000,OWN,2,1,0,0,0,0,0,0,1,0,C,10750,14.22,0,0.43,1,16
31686,36,120000,OWN,21,1,0,0,0,0,0,0,1,0,D,10000,13.3,0,0.08,1,13
32404,60,49008,OWN,5,1,0,0,0,0,0,0,1,0,C,12000,13.79,0,0.24,1,30
32495,60,88000,OWN,8,1,0,0,0,0,0,0,1,0,C,6000,,0,0.07,1,18
32569,60,49008,OWN,5,1,0,0,0,0,0,0,1,0,C,12000,13.79,0,0.24,1,21
1,22,59000,RENT,123,0,0,1,0,0,0,0,1,0,D,35000,16.02,1,0.59,1,3
22,25,137000,RENT,9,0,0,1,0,0,0,0,1,0,E,34800,16.77,0,0.25,1,2
25,22,80000,RENT,3,0,0,1,0,0,0,0,1,0,D,33950,14.54,1,0.42,1,4
53,23,92004,RENT,6,0,0,1,0,0,0,0,1,0,C,30000,15.23,1,0.33,1,3
56,26,280000,RENT,4,0,0,1,0,0,0,0,1,0,C,10000,15.96,0,0.04,1,3
93,24,83000,RENT,5,0,0,1,0,0,0,0,1,0,C,27000,13.49,1,0.33,1,2
157,24,55164,RENT,8,0,0,1,0,0,0,0,1,0,C,25000,13.22,1,0.45,1,4
191,26,66996,RENT,10,0,0,1,0,0,0,0,1,0,D,25000,15.21,1,0.37,1,2
194,24,68000,RENT,5,0,0,1,0,0,0,0,1,0,D,25000,14.09,1,0.37,1,3
228,24,79631,RENT,8,0,0,1,0,0,0,0,1,0,D,25000,15.7,1,0.31,1,2
247,24,83000,RENT,5,0,0,1,0,0,0,0,1,0,D,25000,12.92,0,0.3,1,3
274,24,91800,RENT,4,0,0,1,0,0,0,0,1,0,C,25000,13.43,0,0.27,1,3
308,26,110000,RENT,3,0,0,1,0,0,0,0,1,0,C,25000,,0,0.23,1,2
310,25,159600,RENT,0,0,0,1,0,0,0,0,1,0,D,30000,17.27,1,0.19,1,4
340,24,134000,RENT,8,0,0,1,0,0,0,0,1,0,D,25000,16.07,0,0.19,1,3
376,26,160000,RENT,6,0,0,1,0,0,0,0,1,0,C,25000,12.23,0,0.16,1,4
387,23,100000,RENT,0,0,0,1,0,0,0,0,1,0,C,24250,12.87,0,0.24,1,2
425,22,62250,RENT,3,0,0,1,0,0,0,0,1,0,E,24000,16.45,1,0.39,1,4
453,24,124080,RENT,4,0,0,1,0,0,0,0,1,0,D,24000,16.49,0,0.19,1,4
526,22,82000,RENT,3,0,0,1,0,0,0,0,1,0,C,21600,13.61,0,0.26,1,3
553,22,70500,RENT,3,0,0,1,0,0,0,0,1,0,C,21000,13.98,0,0.3,1,4
566,25,100000,RENT,2,0,0,1,0,0,0,0,1,0,D,21000,16.49,1,0.21,1,3
587,25,38556,RENT,9,0,0,1,0,0,0,0,1,0,C,20000,11.22,1,0.52,1,4
646,22,51012,RENT,1,0,0,1,0,0,0,0,1,0,D,20000,17.49,1,0.39,1,4
652,26,53000,RENT,1,0,0,1,0,0,0,0,1,0,E,20000,16.35,1,0.38,1,4
668,25,54000,RENT,1,0,0,1,0,0,0,0,1,0,D,20000,15.65,1,0.37,1,3
669,24,54000,RENT,1,0,0,1,0,0,0,0,1,0,E,20000,17.04,1,0.37,1,3
677,23,54504,RENT,1,0,0,1,0,0,0,0,1,0,E,20000,16.7,1,0.37,1,4
698,25,59004,RENT,1,0,0,1,0,0,0,0,1,0,D,20000,14.84,1,0.34,1,2
705,25,68000,RENT,4,0,0,1,0,0,0,0,1,0,C,20000,12.53,0,0.29,1,4
734,23,75600,RENT,3,0,0,1,0,0,0,0,1,0,E,20000,16.32,0,0.26,1,3
765,25,74004,RENT,2,0,0,1,0,0,0,0,1,0,E,20000,15.95,1,0.27,1,4
889,22,12240,RENT,1,0,0,1,0,0,0,0,1,0,D,1000,14.96,1,0.08,1,3
907,26,47500,RENT,10,0,0,1,0,0,0,0,1,0,E,19000,16.7,1,0.4,1,4
918,26,96000,RENT,6,0,0,1,0,0,0,0,1,0,C,19000,13.22,0,0.2,1,2
949,22,36996,RENT,2,0,0,1,0,0,0,0,1,0,D,18250,14.61,1,0.49,1,2
1030,24,66000,RENT,2,0,0,1,0,0,0,0,1,0,D,18000,14.54,1,0.27,1,4
1161,21,49000,RENT,2,0,0,1,0,0,0,0,1,0,D,16950,18.25,1,0.35,1,4
1190,24,54000,RENT,0,0,0,1,0,0,0,0,1,0,G,16750,20.11,1,0.31,1,2
1194,25,98400,RENT,4,0,0,1,0,0,0,0,1,0,D,16525,15.28,0,0.17,1,3
1206,24,45000,RENT,1,0,0,1,0,0,0,0,1,0,C,16425,13.49,1,0.36,1,2
1315,24,72000,RENT,8,0,0,1,0,0,0,0,1,0,C,16000,13.06,0,0.22,1,2
1323,26,75000,RENT,2,0,0,1,0,0,0,0,1,0,C,16000,13.35,0,0.21,1,2
1384,23,31000,RENT,1,0,0,1,0,0,0,0,1,0,D,1000,14.96,1,0.03,1,3
1386,26,38000,RENT,6,0,0,1,0,0,0,0,1,0,C,1000,15.27,0,0.03,1,3
1390,21,38400,RENT,5,0,0,1,0,0,0,0,1,0,C,1000,14.22,0,0.03,1,3
1411,21,42000,RENT,5,0,0,1,0,0,0,0,1,0,D,1000,15.58,1,0.02,1,4
1427,23,75000,RENT,0,0,0,1,0,0,0,0,1,0,C,1000,13.23,0,0.01,1,3
1549,23,28000,RENT,7,0,0,1,0,0,0,0,1,0,C,1500,14.17,0,0.05,1,4
1650,24,69764,RENT,2,0,0,1,0,0,0,0,1,0,D,1500,14.42,1,0.02,1,4
1653,26,96000,RENT,4,0,0,1,0,0,0,0,1,0,D,1500,,0,0.02,1,2
1661,22,21600,RENT,6,0,0,1,0,0,0,0,1,0,D,1600,,0,0.07,1,4
1668,23,28800,RENT,1,0,0,1,0,0,0,0,1,0,D,1675,15.21,1,0.06,1,2
1688,23,22800,RENT,3,0,0,1,0,0,0,0,1,0,D,1750,15.7,1,0.08,1,2
1735,25,19200,RENT,0,0,0,1,0,0,0,0,1,0,C,1825,12.68,0,0.1,1,2
1766,24,15915,RENT,0,0,0,1,0,0,0,0,1,0,D,2000,15.05,1,0.13,1,4
1796,21,24000,RENT,1,0,0,1,0,0,0,0,1,0,E,2000,18.39,1,0.08,1,3
1898,24,31200,RENT,3,0,0,1,0,0,0,0,1,0,C,2000,14.65,0,0.06,1,2
2094,26,25000,RENT,0,0,0,1,0,0,0,0,1,0,D,2400,15.28,1,0.1,1,3
2109,23,30720,RENT,2,0,0,1,0,0,0,0,1,0,C,2400,13.98,1,0.08,1,4
2117,21,37800,RENT,1,0,0,1,0,0,0,0,1,0,C,2400,14.26,0,0.06,1,3
2141,23,47000,RENT,7,0,0,1,0,0,0,0,1,0,E,2400,13.75,0,0.05,1,4
2146,24,48000,RENT,0,0,0,1,0,0,0,0,1,0,C,2400,12.99,0,0.05,1,4
2167,25,87999,RENT,5,0,0,1,0,0,0,0,1,0,C,2400,14.79,1,0.03,1,4
2207,24,39875,RENT,7,0,0,1,0,0,0,0,1,0,D,13300,16,1,0.33,1,4
2218,22,40000,RENT,6,0,0,1,0,0,0,0,1,0,D,13225,16.77,1,0.33,1,2
2227,26,54000,RENT,0,0,0,1,0,0,0,0,1,0,D,13200,14.91,1,0.24,1,2
2425,23,13000,RENT,3,0,0,1,0,0,0,0,1,0,D,2800,15.21,1,0.22,1,2
2426,25,13380,RENT,0,0,0,1,0,0,0,0,1,0,D,2800,14.61,1,0.21,1,2
2502,24,18000,RENT,5,0,0,1,0,0,0,0,1,0,C,3000,15.27,1,0.17,1,2
2607,24,38400,RENT,8,0,0,1,0,0,0,0,1,0,E,3000,17.56,0,0.08,1,2
2611,22,39996,RENT,4,0,0,1,0,0,0,0,1,0,C,3000,14.35,0,0.08,1,3
2625,25,43200,RENT,3,0,0,1,0,0,0,0,1,0,C,3000,13.8,0,0.07,1,3
2656,21,47208,RENT,2,0,0,1,0,0,0,0,1,0,C,3000,13.92,0,0.06,1,2
2737,22,52000,RENT,3,0,0,1,0,0,0,0,1,0,C,12000,13.57,0,0.23,1,2
2744,26,53000,RENT,4,0,0,1,0,0,0,0,1,0,D,12000,14.59,0,0.23,1,3
2747,23,54000,RENT,7,0,0,1,0,0,0,0,1,0,C,12000,,0,0.22,1,3
2781,25,50100,RENT,1,0,0,1,0,0,0,0,1,0,D,12000,14.74,1,0.24,1,2
2817,22,55000,RENT,6,0,0,1,0,0,0,0,1,0,C,3000,12.68,0,0.05,1,4
3056,23,18000,RENT,1,0,0,1,0,0,0,0,1,0,C,3250,,1,0.18,1,4
3176,23,40000,RENT,4,0,0,1,0,0,0,0,1,0,C,3500,13.23,0,0.09,1,2
3436,24,34000,RENT,3,0,0,1,0,0,0,0,1,0,D,10800,14.42,1,0.32,1,4
3502,24,42000,RENT,4,0,0,1,0,0,0,0,1,0,C,10600,13.16,0,0.25,1,4
3516,25,39204,RENT,3,0,0,1,0,0,0,0,1,0,F,10500,,0,0.27,1,4
3671,25,13000,RENT,2,0,0,1,0,0,0,0,1,0,D,4000,15.65,1,0.31,1,3
3713,23,20000,RENT,6,0,0,1,0,0,0,0,1,0,C,4000,12.23,0,0.2,1,2
3715,26,20000,RENT,0,0,0,1,0,0,0,0,1,0,C,4000,13.79,0,0.2,1,4
3751,23,26000,RENT,1,0,0,1,0,0,0,0,1,0,C,4000,12.87,1,0.15,1,3
3868,25,36000,RENT,2,0,0,1,0,0,0,0,1,0,C,4000,13.61,0,0.11,1,3
3942,25,41000,RENT,1,0,0,1,0,0,0,0,1,0,D,4000,14.84,1,0.1,1,4
4031,23,62000,RENT,3,0,0,1,0,0,0,0,1,0,C,4000,10.59,0,0.06,1,3
4106,22,22560,RENT,3,0,0,1,0,0,0,0,1,0,D,4200,15.2,1,0.19,1,4
4109,25,24996,RENT,1,0,0,1,0,0,0,0,1,0,C,4200,14.26,0,0.17,1,2
4250,22,44000,RENT,,0,0,1,0,0,0,0,1,0,D,4500,14.46,1,0.1,1,2
4330,21,13806,RENT,6,0,0,1,0,0,0,0,1,0,C,4750,12.73,1,0.34,1,3
4431,22,32400,RENT,7,0,0,1,0,0,0,0,1,0,C,4800,13.98,1,0.15,1,2
4449,26,45000,RENT,2,0,0,1,0,0,0,0,1,0,C,4800,13.06,0,0.11,1,4
4452,23,45000,RENT,4,0,0,1,0,0,0,0,1,0,C,4800,13.98,0,0.11,1,2
4503,26,53000,RENT,2,0,0,1,0,0,0,0,1,0,D,4800,15.62,1,0.09,1,3
4568,25,99275,RENT,1,0,0,1,0,0,0,0,1,0,C,10000,14.65,0,0.1,1,3
4736,26,30000,RENT,4,0,0,1,0,0,0,0,1,0,C,5000,,0,0.17,1,2
4755,23,30000,RENT,0,0,0,1,0,0,0,0,1,0,C,5000,11.59,0,0.17,1,4
4779,26,32000,RENT,10,0,0,1,0,0,0,0,1,0,C,5000,12.53,0,0.16,1,3
4787,22,32760,RENT,3,0,0,1,0,0,0,0,1,0,C,5000,13.48,0,0.15,1,3
4847,23,30000,RENT,7,0,0,1,0,0,0,0,1,0,C,5000,14.17,1,0.17,1,3
4874,22,37500,RENT,4,0,0,1,0,0,0,0,1,0,C,5000,11.03,0,0.13,1,3
4911,23,33996,RENT,0,0,0,1,0,0,0,0,1,0,D,5000,14.84,1,0.15,1,2
4935,26,40000,RENT,0,0,0,1,0,0,0,0,1,0,C,5000,13.11,0,0.13,1,3
4945,25,34800,RENT,2,0,0,1,0,0,0,0,1,0,D,5000,16.02,1,0.14,1,3
5033,26,40000,RENT,0,0,0,1,0,0,0,0,1,0,D,5000,15.99,1,0.13,1,2
5207,24,83000,RENT,8,0,0,1,0,0,0,0,1,0,D,9000,15.05,1,0.11,1,3
5281,24,50000,RENT,3,0,0,1,0,0,0,0,1,0,D,5000,14.74,0,0.1,1,4
5340,22,40000,RENT,1,0,0,1,0,0,0,0,1,0,C,8500,14.35,0,0.21,1,2
5488,23,60000,RENT,4,0,0,1,0,0,0,0,1,0,C,5000,13.98,0,0.08,1,2
5562,26,70000,RENT,3,0,0,1,0,0,0,0,1,0,D,5000,,0,0.07,1,3
5596,24,75000,RENT,8,0,0,1,0,0,0,0,1,0,C,5000,11.78,0,0.07,1,2
5637,26,90000,RENT,4,0,0,1,0,0,0,0,1,0,D,5000,16.77,0,0.06,1,3
5703,25,159996,RENT,4,0,0,1,0,0,0,0,1,0,D,5000,14.11,0,0.03,1,4
5724,24,57600,RENT,3,0,0,1,0,0,0,0,1,0,C,5275,13.49,0,0.09,1,2
5727,22,24996,RENT,4,0,0,1,0,0,0,0,1,0,C,5300,15.23,0,0.21,1,4
5737,22,50004,RENT,5,0,0,1,0,0,0,0,1,0,D,5300,14.42,0,0.11,1,2
5741,21,32000,RENT,5,0,0,1,0,0,0,0,1,0,C,5325,14.27,0,0.17,1,3
5777,22,69108,RENT,2,0,0,1,0,0,0,0,1,0,E,5400,15.95,1,0.08,1,2
5790,21,15192,RENT,4,0,0,1,0,0,0,0,1,0,C,5500,13.11,1,0.36,1,3
5810,24,24000,RENT,5,0,0,1,0,0,0,0,1,0,C,5500,14.27,0,0.23,1,3
5835,23,33000,RENT,7,0,0,1,0,0,0,0,1,0,D,5500,14.54,0,0.17,1,3
5843,26,34000,RENT,3,0,0,1,0,0,0,0,1,0,D,5500,16.89,0,0.16,1,2
5930,24,28000,RENT,0,0,0,1,0,0,0,0,1,0,D,5600,14.12,1,0.2,1,2
6261,23,30000,RENT,7,0,0,1,0,0,0,0,1,0,C,6000,14.72,0,0.2,1,4
6285,25,32000,RENT,1,0,0,1,0,0,0,0,1,0,D,6000,12.92,1,0.19,1,3
6303,21,33996,RENT,1,0,0,1,0,0,0,0,1,0,C,6000,12.53,0,0.18,1,3
6368,24,30000,RENT,0,0,0,1,0,0,0,0,1,0,D,6000,14.11,1,0.2,1,4
6431,24,40000,RENT,4,0,0,1,0,0,0,0,1,0,C,6000,13.99,0,0.15,1,3
6530,25,46000,RENT,3,0,0,1,0,0,0,0,1,0,C,6000,14.72,0,0.13,1,4
6720,25,60000,RENT,9,0,0,1,0,0,0,0,1,0,D,6000,14.54,0,0.1,1,3
6744,23,25279,RENT,7,0,0,1,0,0,0,0,1,0,D,7125,17.58,0,0.28,1,4
6835,26,63400,RENT,2,0,0,1,0,0,0,0,1,0,D,6000,15.21,1,0.09,1,2
6838,22,69528,RENT,6,0,0,1,0,0,0,0,1,0,C,6000,12.99,0,0.09,1,3
6873,23,73500,RENT,7,0,0,1,0,0,0,0,1,0,D,6000,14.96,0,0.08,1,4
6892,23,75000,RENT,4,0,0,1,0,0,0,0,1,0,C,6000,13.98,0,0.08,1,2
6948,24,79650,RENT,4,0,0,1,0,0,0,0,1,0,E,6000,16.35,1,0.08,1,3
6966,25,100000,RENT,9,0,0,1,0,0,0,0,1,0,D,6000,14.42,0,0.06,1,3
7045,21,23000,RENT,5,0,0,1,0,0,0,0,1,0,C,6250,13.48,0,0.27,1,3
7067,23,57960,RENT,0,0,0,1,0,0,0,0,1,0,C,7000,13.04,0,0.12,1,4
7209,22,29100,RENT,2,0,0,1,0,0,0,0,1,0,D,6250,16.07,1,0.21,1,3
7268,23,74415,RENT,1,0,0,1,0,0,0,0,1,0,D,6350,12.92,1,0.09,1,3
7314,24,38000,RENT,8,0,0,1,0,0,0,0,1,0,C,6500,11.34,0,0.17,1,3
7320,22,34000,RENT,1,0,0,1,0,0,0,0,1,0,C,6500,13.22,1,0.19,1,3
7413,26,54000,RENT,2,0,0,1,0,0,0,0,1,0,C,6600,11.97,0,0.12,1,4
7448,22,36050,RENT,2,0,0,1,0,0,0,0,1,0,D,6700,14.11,1,0.19,1,4
7479,22,41196,RENT,6,0,0,1,0,0,0,0,1,0,C,6800,11.59,0,0.17,1,2
7616,25,75000,RENT,5,0,0,1,0,0,0,0,1,0,D,6400,15.99,0,0.09,1,2
7670,22,25000,RENT,2,0,0,1,0,0,0,0,1,0,C,7000,13.85,0,0.28,1,3
7679,21,26400,RENT,,0,0,1,0,0,0,0,1,0,D,7000,14.84,1,0.27,1,3
7687,24,27600,RENT,4,0,0,1,0,0,0,0,1,0,D,7000,15.62,1,0.25,1,4
7744,24,33600,RENT,0,0,0,1,0,0,0,0,1,0,C,7000,13.61,0,0.21,1,4
7794,22,32000,RENT,0,0,0,1,0,0,0,0,1,0,D,7000,,1,0.22,1,4
7941,21,45000,RENT,0,0,0,1,0,0,0,0,1,0,D,7000,14.96,1,0.16,1,4
7976,26,90000,RENT,8,0,0,1,0,0,0,0,1,0,C,7000,13.49,0,0.08,1,3
8032,23,38896,RENT,2,0,0,1,0,0,0,0,1,0,C,7200,13.48,0,0.19,1,3
8053,23,48000,RENT,7,0,0,1,0,0,0,0,1,0,C,7200,14.27,0,0.15,1,3
8097,21,60675,RENT,5,0,0,1,0,0,0,0,1,0,C,7200,14.72,0,0.12,1,2
8177,24,43995,RENT,,0,0,1,0,0,0,0,1,0,C,7400,13.99,1,0.17,1,4
8216,23,30000,RENT,1,0,0,1,0,0,0,0,1,0,D,7500,13.24,1,0.25,1,3
8253,23,39975,RENT,0,0,0,1,0,0,0,0,1,0,C,7500,,0,0.19,1,2
8277,23,36000,RENT,1,0,0,1,0,0,0,0,1,0,D,7500,12.61,1,0.21,1,2
8473,25,65000,RENT,6,0,0,1,0,0,0,0,1,0,D,7675,15.33,0,0.12,1,3
8479,23,29772,RENT,3,0,0,1,0,0,0,0,1,0,D,7700,16.77,1,0.26,1,4
8606,23,25000,RENT,6,0,0,1,0,0,0,0,1,0,C,8000,13.61,1,0.32,1,4
8684,25,31416,RENT,5,0,0,1,0,0,0,0,1,0,C,8000,12.61,0,0.25,1,4
8755,22,31200,RENT,0,0,0,1,0,0,0,0,1,0,D,8000,14.3,1,0.26,1,3
8820,21,35000,RENT,0,0,0,1,0,0,0,0,1,0,F,8000,19.79,1,0.23,1,4
8848,25,36000,RENT,9,0,0,1,0,0,0,0,1,0,C,8000,12.73,1,0.22,1,2
8853,25,42500,RENT,1,0,0,1,0,0,0,0,1,0,C,8000,,0,0.19,1,4
8880,26,45000,RENT,3,0,0,1,0,0,0,0,1,0,D,8000,15.33,0,0.18,1,4
8891,25,39000,RENT,4,0,0,1,0,0,0,0,1,0,C,8000,11.34,1,0.21,1,2
8968,22,50000,RENT,2,0,0,1,0,0,0,0,1,0,C,8000,13.16,0,0.16,1,2
9011,22,48996,RENT,0,0,0,1,0,0,0,0,1,0,D,8000,14.96,1,0.16,1,2
9143,21,10000,RENT,0,0,0,1,0,0,0,0,1,0,D,5000,12.17,1,0.5,1,2
9222,23,21600,RENT,5,0,0,1,0,0,0,0,1,0,C,5000,13.06,1,0.23,1,4
9227,21,22000,RENT,5,0,0,1,0,0,0,0,1,0,D,5000,15.7,0,0.23,1,3
9235,24,23000,RENT,1,0,0,1,0,0,0,0,1,0,C,5000,,0,0.22,1,2
9316,24,27500,RENT,0,0,0,1,0,0,0,0,1,0,E,5000,15.07,1,0.18,1,4
9380,25,70000,RENT,4,0,0,1,0,0,0,0,1,0,C,8000,15.96,0,0.11,1,3
9462,22,84996,RENT,2,0,0,1,0,0,0,0,1,0,C,8000,13.92,0,0.09,1,3
9507,26,99996,RENT,7,0,0,1,0,0,0,0,1,0,D,8000,16.32,0,0.08,1,3
9528,22,108000,RENT,1,0,0,1,0,0,0,0,1,0,D,8000,16.29,1,0.07,1,2
9553,26,183700,RENT,2,0,0,1,0,0,0,0,1,0,D,8000,15.62,1,0.04,1,4
9575,23,55000,RENT,7,0,0,1,0,0,0,0,1,0,C,8200,13.11,0,0.15,1,3
9620,25,36000,RENT,9,0,0,1,0,0,0,0,1,0,E,8400,18.64,0,0.23,1,4
9649,22,51420,RENT,6,0,0,1,0,0,0,0,1,0,C,8400,11.97,0,0.16,1,3
9727,26,30500,RENT,1,0,0,1,0,0,0,0,1,0,D,8600,14.96,1,0.28,1,4
9879,26,43000,RENT,0,0,0,1,0,0,0,0,1,0,C,9000,13.85,0,0.21,1,4
9900,22,45004,RENT,1,0,0,1,0,0,0,0,1,0,C,9000,14.35,0,0.2,1,4
9920,25,48000,RENT,3,0,0,1,0,0,0,0,1,0,C,9000,13.79,0,0.19,1,2
9921,22,49500,RENT,0,0,0,1,0,0,0,0,1,0,C,9000,14.35,0,0.18,1,4
9953,22,52000,RENT,6,0,0,1,0,0,0,0,1,0,D,9000,14.11,0,0.17,1,3
10035,23,36707,RENT,3,0,0,1,0,0,0,0,1,0,D,9250,16.32,0,0.25,1,4
10154,22,34800,RENT,7,0,0,1,0,0,0,0,1,0,G,9600,19.16,1,0.28,1,2
10162,26,36996,RENT,8,0,0,1,0,0,0,0,1,0,C,9600,11.97,0,0.26,1,4
10167,23,31800,RENT,7,0,0,1,0,0,0,0,1,0,C,9600,13.48,1,0.3,1,3
10188,22,39000,RENT,5,0,0,1,0,0,0,0,1,0,D,9600,16.77,1,0.25,1,2
10213,21,53000,RENT,3,0,0,1,0,0,0,0,1,0,D,9600,,0,0.18,1,4
10238,23,54000,RENT,2,0,0,1,0,0,0,0,1,0,F,9600,20.62,1,0.18,1,2
10249,22,65000,RENT,6,0,0,1,0,0,0,0,1,0,C,9600,12.99,0,0.15,1,4
10301,24,94000,RENT,6,0,0,1,0,0,0,0,1,0,C,9600,12.99,0,0.1,1,2
10393,25,25000,RENT,3,0,0,1,0,0,0,0,1,0,D,10000,14.11,1,0.4,1,2
10429,21,28600,RENT,3,0,0,1,0,0,0,0,1,0,C,10000,11.34,1,0.35,1,3
10447,24,30000,RENT,0,0,0,1,0,0,0,0,1,0,E,10000,19.29,1,0.33,1,3
10466,22,30000,RENT,5,0,0,1,0,0,0,0,1,0,C,10000,13.98,1,0.33,1,2
10483,23,30000,RENT,4,0,0,1,0,0,0,0,1,0,D,10000,,1,0.33,1,4
10590,24,35004,RENT,0,0,0,1,0,0,0,0,1,0,C,10000,12.84,0,0.29,1,4
10811,22,42000,RENT,6,0,0,1,0,0,0,0,1,0,C,10000,,0,0.24,1,4
10887,23,39000,RENT,2,0,0,1,0,0,0,0,1,0,D,10000,15.2,1,0.26,1,3
10894,22,39000,RENT,2,0,0,1,0,0,0,0,1,0,D,10000,16.07,1,0.26,1,2
10899,22,45000,RENT,3,0,0,1,0,0,0,0,1,0,E,10000,17.93,0,0.22,1,2
10966,26,34000,RENT,4,0,0,1,0,0,0,0,1,0,E,4200,16.82,1,0.12,1,3
11056,24,12000,RENT,0,0,0,1,0,0,0,0,1,0,C,4000,13.8,1,0.33,1,3
11092,24,48000,RENT,7,0,0,1,0,0,0,0,1,0,C,10000,14.22,0,0.21,1,4
11222,26,51996,RENT,1,0,0,1,0,0,0,0,1,0,C,10000,13.23,0,0.19,1,4
11241,23,46500,RENT,0,0,0,1,0,0,0,0,1,0,C,10000,14.26,1,0.22,1,3
11331,25,57000,RENT,1,0,0,1,0,0,0,0,1,0,C,10000,14.27,0,0.18,1,4
11470,24,45000,RENT,2,0,0,1,0,0,0,0,1,0,C,4000,13.23,0,0.09,1,3
11572,24,68000,RENT,3,0,0,1,0,0,0,0,1,0,D,10000,16.02,0,0.15,1,2
11648,24,72000,RENT,3,0,0,1,0,0,0,0,1,0,E,10000,,0,0.14,1,4
11744,26,80000,RENT,1,0,0,1,0,0,0,0,1,0,C,10000,12.73,0,0.13,1,4
11799,22,73000,RENT,0,0,0,1,0,0,0,0,1,0,D,10000,18.25,1,0.14,1,2
11810,24,85000,RENT,6,0,0,1,0,0,0,0,1,0,C,10000,13.72,0,0.12,1,2
11814,24,85000,RENT,8,0,0,1,0,0,0,0,1,0,E,10000,16,0,0.12,1,3
11882,26,29136,RENT,0,0,0,1,0,0,0,0,1,0,D,10100,13.55,1,0.35,1,4
11906,23,55000,RENT,0,0,0,1,0,0,0,0,1,0,C,10200,12.73,0,0.19,1,2
11912,24,100000,RENT,1,0,0,1,0,0,0,0,1,0,C,10200,12.99,0,0.1,1,4
11950,22,62500,RENT,0,0,0,1,0,0,0,0,1,0,C,11100,,0,0.18,1,3
12060,23,60000,RENT,4,0,0,1,0,0,0,0,1,0,C,11400,15.23,0,0.19,1,4
12152,22,44400,RENT,1,0,0,1,0,0,0,0,1,0,C,11775,13.49,0,0.27,1,4
12242,22,33504,RENT,3,0,0,1,0,0,0,0,1,0,C,12000,13.98,1,0.36,1,3
12282,25,29004,RENT,5,0,0,1,0,0,0,0,1,0,C,12000,12.84,1,0.41,1,4
12326,24,38000,RENT,2,0,0,1,0,0,0,0,1,0,C,12000,13.23,1,0.32,1,3
12442,22,44412,RENT,3,0,0,1,0,0,0,0,1,0,C,12000,13.11,0,0.27,1,2
12481,21,39760,RENT,0,0,0,1,0,0,0,0,1,0,D,12000,16.07,1,0.3,1,2
12496,21,46800,RENT,3,0,0,1,0,0,0,0,1,0,D,12000,15.21,0,0.26,1,3
12512,24,48000,RENT,8,0,0,1,0,0,0,0,1,0,D,12000,16.77,0,0.25,1,3
12721,22,68496,RENT,4,0,0,1,0,0,0,0,1,0,D,12000,15.31,0,0.18,1,3
12800,24,40000,RENT,7,0,0,1,0,0,0,0,1,0,C,3000,,0,0.07,1,4
12897,23,75000,RENT,2,0,0,1,0,0,0,0,1,0,C,12000,12.98,0,0.16,1,2
12899,24,75000,RENT,7,0,0,1,0,0,0,0,1,0,C,12000,,0,0.16,1,3
12905,21,75000,RENT,5,0,0,1,0,0,0,0,1,0,C,12000,12.09,0,0.16,1,2
12941,24,80000,RENT,2,0,0,1,0,0,0,0,1,0,C,12000,13.61,0,0.15,1,3
12958,23,81000,RENT,5,0,0,1,0,0,0,0,1,0,D,12000,16.29,0,0.15,1,4
12980,24,83004,RENT,4,0,0,1,0,0,0,0,1,0,C,12000,13.23,0,0.14,1,3
13063,25,78000,RENT,0,0,0,1,0,0,0,0,1,0,D,12000,14.09,1,0.15,1,3
13144,23,88000,RENT,0,0,0,1,0,0,0,0,1,0,D,12000,14.61,1,0.14,1,4
13181,23,113000,RENT,1,0,0,1,0,0,0,0,1,0,D,12000,15.28,1,0.11,1,3
13197,26,136000,RENT,2,0,0,1,0,0,0,0,1,0,C,12000,14.72,0,0.09,1,2
13322,22,45000,RENT,1,0,0,1,0,0,0,0,1,0,C,2800,13.49,0,0.06,1,2
13423,21,27000,RENT,3,0,0,1,0,0,0,0,1,0,C,2600,13.22,0,0.1,1,2
13485,24,19464,RENT,,0,0,1,0,0,0,0,1,0,C,2500,13.84,1,0.13,1,3
13491,21,20000,RENT,2,0,0,1,0,0,0,0,1,0,C,2500,13.79,0,0.13,1,3
13644,25,52000,RENT,3,0,0,1,0,0,0,0,1,0,D,13000,15.31,0,0.25,1,2
14260,23,68000,RENT,1,0,0,1,0,0,0,0,1,0,E,14400,17.99,1,0.21,1,3
14408,22,24000,RENT,1,0,0,1,0,0,0,0,1,0,C,15000,12.73,1,0.63,1,4
14462,26,33600,RENT,0,0,0,1,0,0,0,0,1,0,C,2000,,0,0.06,1,2
14580,24,45000,RENT,1,0,0,1,0,0,0,0,1,0,C,2000,13.99,0,0.04,1,2
14678,22,31000,RENT,6,0,0,1,0,0,0,0,1,0,D,15000,,1,0.48,1,4
14688,21,32000,RENT,6,0,0,1,0,0,0,0,1,0,C,15000,15.27,1,0.47,1,3
14690,25,38000,RENT,9,0,0,1,0,0,0,0,1,0,E,15000,16.45,1,0.39,1,3
14823,26,46890,RENT,9,0,0,1,0,0,0,0,1,0,C,15000,12.99,1,0.32,1,3
14879,23,47000,RENT,1,0,0,1,0,0,0,0,1,0,C,15000,12.04,1,0.32,1,2
14892,26,48000,RENT,1,0,0,1,0,0,0,0,1,0,C,15000,,1,0.31,1,2
15029,23,26000,RENT,1,0,0,1,0,0,0,0,1,0,D,1600,16.29,1,0.06,1,3
15134,21,18000,RENT,3,0,0,1,0,0,0,0,1,0,C,1500,12.87,0,0.08,1,4
15195,26,48000,RENT,1,0,0,1,0,0,0,0,1,0,E,15000,18.64,1,0.31,1,3
15196,25,48000,RENT,9,0,0,1,0,0,0,0,1,0,D,15000,17.49,1,0.31,1,3
15307,23,60000,RENT,7,0,0,1,0,0,0,0,1,0,C,15000,14.22,0,0.25,1,2
15443,23,69996,RENT,4,0,0,1,0,0,0,0,1,0,C,15000,13.43,0,0.21,1,4
15466,22,70204,RENT,6,0,0,1,0,0,0,0,1,0,D,15000,15.7,0,0.21,1,3
15588,23,75000,RENT,0,0,0,1,0,0,0,0,1,0,C,15000,13.57,1,0.2,1,3
15619,25,86004,RENT,1,0,0,1,0,0,0,0,1,0,C,15000,12.53,0,0.17,1,4
15649,26,90000,RENT,8,0,0,1,0,0,0,0,1,0,D,15000,,0,0.17,1,3
15674,24,31000,RENT,6,0,0,1,0,0,0,0,1,0,C,15075,15.27,1,0.49,1,2
15773,25,80500,RENT,3,0,0,1,0,0,0,0,1,0,E,16000,16.45,0,0.2,1,4
15791,23,89100,RENT,7,0,0,1,0,0,0,0,1,0,C,16000,13.92,0,0.18,1,4
15917,22,118000,RENT,0,0,0,1,0,0,0,0,1,0,D,19550,15.62,1,0.17,1,4
15961,22,4800,RENT,1,0,0,1,0,0,0,0,1,0,D,1800,14.84,1,0.38,1,2
15979,25,65004,RENT,1,0,0,1,0,0,0,0,1,0,C,4800,13.49,0,0.07,1,4
16034,25,50000,RENT,3,0,0,1,0,0,0,0,1,0,D,4000,14.61,0,0.08,1,4
16168,25,67000,RENT,9,0,0,1,0,0,0,0,1,0,C,5000,13.92,1,0.07,1,4
16170,26,33600,RENT,4,0,0,1,0,0,0,0,1,0,D,3300,15.65,0,0.1,1,2
16187,21,46000,RENT,2,0,0,1,0,0,0,0,1,0,D,5200,17.27,1,0.11,1,3
16237,24,51000,RENT,7,0,0,1,0,0,0,0,1,0,D,9600,15.31,0,0.19,1,4
16252,22,66000,RENT,6,0,0,1,0,0,0,0,1,0,C,16800,13.49,0,0.25,1,2
16262,23,30000,RENT,3,0,0,1,0,0,0,0,1,0,D,3000,15.2,0,0.1,1,4
16279,23,44000,RENT,2,0,0,1,0,0,0,0,1,0,C,6000,14.22,0,0.14,1,3
16359,22,24000,RENT,0,0,0,1,0,0,0,0,1,0,E,1500,18.79,1,0.06,1,4
16463,23,45600,RENT,4,0,0,1,0,0,0,0,1,0,C,5000,14.22,0,0.11,1,4
16570,26,59000,RENT,2,0,0,1,0,0,0,0,1,0,E,18000,16,1,0.31,1,2
16608,21,14400,RENT,2,0,0,1,0,0,0,0,1,0,D,1825,15.62,1,0.13,1,2
16613,25,50004,RENT,3,0,0,1,0,0,0,0,1,0,D,12000,15.31,0,0.24,1,3
16637,22,42996,RENT,3,0,0,1,0,0,0,0,1,0,C,4800,11.03,0,0.11,1,4
16780,22,24000,RENT,3,0,0,1,0,0,0,0,1,0,C,1000,12.84,0,0.04,1,3
16869,23,34000,RENT,1,0,0,1,0,0,0,0,1,0,C,9500,,1,0.28,1,4
16889,23,46000,RENT,2,0,0,1,0,0,0,0,1,0,F,12800,19.41,1,0.28,1,2
16944,24,40000,RENT,,0,0,1,0,0,0,0,1,0,D,3000,17.27,1,0.07,1,2
16974,24,138000,RENT,4,0,0,1,0,0,0,0,1,0,C,5000,13.23,1,0.04,1,4
17081,22,42000,RENT,2,0,0,1,0,0,0,0,1,0,C,5000,12.87,0,0.12,1,3
17104,24,30500,RENT,2,0,0,1,0,0,0,0,1,0,F,6800,21.74,1,0.22,1,4
17148,25,70200,RENT,9,0,0,1,0,0,0,0,1,0,E,18000,16.45,0,0.26,1,3
17350,26,34000,RENT,3,0,0,1,0,0,0,0,1,0,D,5500,16.89,0,0.16,1,3
17369,25,100000,RENT,9,0,0,1,0,0,0,0,1,0,C,20000,13.06,0,0.2,1,3
17405,24,67000,RENT,5,0,0,1,0,0,0,0,1,0,C,20000,13.48,0,0.3,1,3
17408,23,31200,RENT,0,0,0,1,0,0,0,0,1,0,C,3200,13.49,0,0.1,1,2
17436,22,55000,RENT,3,0,0,1,0,0,0,0,1,0,D,15000,14.61,0,0.27,1,4
17475,26,22800,RENT,4,0,0,1,0,0,0,0,1,0,C,5000,13.57,0,0.22,1,2
17517,26,33800,RENT,4,0,0,1,0,0,0,0,1,0,C,13000,13.57,1,0.38,1,2
17522,24,83100,RENT,5,0,0,1,0,0,0,0,1,0,E,5000,16.35,0,0.06,1,3
17528,23,25800,RENT,2,0,0,1,0,0,0,0,1,0,C,6000,,0,0.23,1,4
17606,23,51996,RENT,7,0,0,1,0,0,0,0,1,0,C,4000,13.98,0,0.08,1,2
17639,24,46000,RENT,0,0,0,1,0,0,0,0,1,0,D,5975,14.46,1,0.13,1,4
17768,21,29004,RENT,5,0,0,1,0,0,0,0,1,0,C,11000,14.22,1,0.38,1,4
17793,25,57000,RENT,0,0,0,1,0,0,0,0,1,0,C,15000,13.85,0,0.26,1,2
17853,33,138000,RENT,0,0,0,1,0,0,0,0,1,0,E,35000,18.64,1,0.25,1,7
18040,29,68872,RENT,2,0,0,1,0,0,0,0,1,0,D,25000,15.95,1,0.36,1,10
18092,28,84000,RENT,7,0,0,1,0,0,0,0,1,0,E,25000,15.95,0,0.3,1,7
18113,28,78000,RENT,0,0,0,1,0,0,0,0,1,0,D,25000,,1,0.32,1,5
18127,29,88000,RENT,9,0,0,1,0,0,0,0,1,0,D,25000,14.46,1,0.28,1,10
18165,30,135000,RENT,4,0,0,1,0,0,0,0,1,0,D,25000,15.21,0,0.19,1,6
18166,35,123000,RENT,2,0,0,1,0,0,0,0,1,0,E,25000,17.19,1,0.2,1,8
18199,32,235000,RENT,1,0,0,1,0,0,0,0,1,0,C,25000,12.53,0,0.11,1,7
18227,29,148716,RENT,4,0,0,1,0,0,0,0,1,0,C,24250,13.23,0,0.16,1,9
18248,35,80000,RENT,1,0,0,1,0,0,0,0,1,0,C,24000,13.92,0,0.3,1,5
18263,31,138000,RENT,0,0,0,1,0,0,0,0,1,0,D,24000,15.65,1,0.17,1,5
18307,28,71250,RENT,2,0,0,1,0,0,0,0,1,0,F,21000,,1,0.29,1,9
18320,35,54000,RENT,0,0,0,1,0,0,0,0,1,0,D,20500,14.61,1,0.38,1,5
18323,31,30372,RENT,2,0,0,1,0,0,0,0,1,0,D,20200,14.74,1,0.67,1,5
18383,30,63000,RENT,9,0,0,1,0,0,0,0,1,0,C,20000,13.92,1,0.32,1,9
18434,32,90000,RENT,11,0,0,1,0,0,0,0,1,0,C,20000,13.22,0,0.22,1,6
18447,34,97356,RENT,12,0,0,1,0,0,0,0,1,0,C,20000,13.22,0,0.21,1,7
18456,29,100000,RENT,0,0,0,1,0,0,0,0,1,0,C,20000,13.98,0,0.2,1,6
18462,33,89004,RENT,2,0,0,1,0,0,0,0,1,0,F,20000,17.58,1,0.22,1,6
18528,30,60000,RENT,7,0,0,1,0,0,0,0,1,0,C,18950,15.96,1,0.32,1,6
18604,33,103000,RENT,17,0,0,1,0,0,0,0,1,0,E,18000,16.82,0,0.17,1,6
18643,29,75000,RENT,0,0,0,1,0,0,0,0,1,0,C,17200,14.27,0,0.23,1,8
18662,31,92000,RENT,3,0,0,1,0,0,0,0,1,0,D,17000,14.54,0,0.18,1,10
18718,35,44000,RENT,3,0,0,1,0,0,0,0,1,0,C,16000,13.99,1,0.36,1,8
18728,28,55000,RENT,5,0,0,1,0,0,0,0,1,0,C,16000,13.98,0,0.29,1,9
18734,33,62800,RENT,3,0,0,1,0,0,0,0,1,0,C,16000,13.11,0,0.25,1,5
18748,29,70000,RENT,13,0,0,1,0,0,0,0,1,0,D,16000,14.42,0,0.23,1,6
18785,29,64548,RENT,1,0,0,1,0,0,0,0,1,0,C,1000,14.27,0,0.02,1,5
18860,29,29780,RENT,2,0,0,1,0,0,0,0,1,0,D,1500,12.86,1,0.05,1,10
18872,29,38004,RENT,2,0,0,1,0,0,0,0,1,0,C,1500,12.53,1,0.04,1,7
18896,29,33000,RENT,2,0,0,1,0,0,0,0,1,0,C,1700,15.23,0,0.05,1,9
18977,34,110000,RENT,6,0,0,1,0,0,0,0,1,0,C,15000,12.68,0,0.14,1,10
19063,30,12500,RENT,0,0,0,1,0,0,0,0,1,0,D,2100,12.49,1,0.17,1,7
19080,27,35000,RENT,0,0,0,1,0,0,0,0,1,0,C,14000,14.27,1,0.4,1,8
19120,28,12000,RENT,0,0,0,1,0,0,0,0,1,0,C,2400,12.68,1,0.2,1,8
19121,31,12252,RENT,15,0,0,1,0,0,0,0,1,0,C,2400,,1,0.2,1,10
19132,34,24000,RENT,3,0,0,1,0,0,0,0,1,0,C,2400,13.11,0,0.1,1,5
19171,31,50000,RENT,0,0,0,1,0,0,0,0,1,0,C,2400,11.03,0,0.05,1,8
19187,28,66000,RENT,12,0,0,1,0,0,0,0,1,0,D,2475,15.05,1,0.04,1,8
19202,27,118000,RENT,1,0,0,1,0,0,0,0,1,0,D,13425,15.99,1,0.11,1,10
19203,28,62040,RENT,0,0,0,1,0,0,0,0,1,0,C,13400,13.06,0,0.22,1,6
19266,28,26004,RENT,0,0,0,1,0,0,0,0,1,0,C,2500,13.99,0,0.1,1,8
19341,27,12000,RENT,2,0,0,1,0,0,0,0,1,0,C,2850,13.61,1,0.24,1,5
19349,32,14400,RENT,7,0,0,1,0,0,0,0,1,0,C,3000,13.98,1,0.21,1,8
19381,33,23004,RENT,6,0,0,1,0,0,0,0,1,0,C,3000,13.43,0,0.13,1,5
19383,32,30000,RENT,4,0,0,1,0,0,0,0,1,0,C,3000,13.49,0,0.1,1,6
19393,29,31200,RENT,0,0,0,1,0,0,0,0,1,0,C,3000,,0,0.1,1,6
19417,29,31440,RENT,0,0,0,1,0,0,0,0,1,0,C,3000,11.34,1,0.1,1,6
19419,33,38000,RENT,3,0,0,1,0,0,0,0,1,0,C,3000,15.23,0,0.08,1,10
19435,28,34000,RENT,1,0,0,1,0,0,0,0,1,0,D,3000,15.7,1,0.09,1,10
19450,29,39000,RENT,2,0,0,1,0,0,0,0,1,0,E,3000,16.7,1,0.08,1,7
19469,27,49000,RENT,3,0,0,1,0,0,0,0,1,0,D,3000,14.96,0,0.06,1,8
19522,29,54000,RENT,13,0,0,1,0,0,0,0,1,0,D,12000,14.74,0,0.22,1,10
19670,28,42000,RENT,1,0,0,1,0,0,0,0,1,0,E,3200,16.32,1,0.08,1,8
19707,27,69000,RENT,0,0,0,1,0,0,0,0,1,0,D,3325,16.32,1,0.05,1,7
19733,27,22800,RENT,5,0,0,1,0,0,0,0,1,0,C,3500,13.99,1,0.15,1,10
19797,28,70000,RENT,3,0,0,1,0,0,0,0,1,0,E,3500,18.39,0,0.05,1,8
19800,31,80000,RENT,4,0,0,1,0,0,0,0,1,0,C,3500,12.99,0,0.04,1,7
19809,27,21112,RENT,0,0,0,1,0,0,0,0,1,0,D,3600,15.99,1,0.17,1,10
19811,27,25000,RENT,0,0,0,1,0,0,0,0,1,0,C,3600,13.16,0,0.14,1,9
19826,30,35004,RENT,3,0,0,1,0,0,0,0,1,0,C,3600,12.73,0,0.1,1,6
19884,29,69000,RENT,5,0,0,1,0,0,0,0,1,0,D,11000,14.61,0,0.16,1,5
19913,28,50000,RENT,0,0,0,1,0,0,0,0,1,0,C,10800,13.49,0,0.22,1,5
19943,31,34000,RENT,15,0,0,1,0,0,0,0,1,0,C,10625,14.79,1,0.31,1,6
19961,30,44000,RENT,0,0,0,1,0,0,0,0,1,0,D,10500,15.58,1,0.24,1,10
19979,27,51600,RENT,1,0,0,1,0,0,0,0,1,0,F,10400,18.25,1,0.2,1,6
20043,34,25200,RENT,0,0,0,1,0,0,0,0,1,0,C,3750,12.99,0,0.15,1,6
20099,33,20000,RENT,5,0,0,1,0,0,0,0,1,0,C,4000,13.47,0,0.2,1,8
20112,31,24000,RENT,2,0,0,1,0,0,0,0,1,0,C,4000,13.48,0,0.17,1,6
20256,27,54000,RENT,4,0,0,1,0,0,0,0,1,0,C,4000,12.61,0,0.07,1,6
20323,28,21000,RENT,0,0,0,1,0,0,0,0,1,0,D,4200,15.21,1,0.2,1,10
20331,32,42500,RENT,3,0,0,1,0,0,0,0,1,0,C,4375,12.23,0,0.1,1,5
20343,30,54000,RENT,14,0,0,1,0,0,0,0,1,0,D,4425,17.49,0,0.08,1,9
20419,27,34000,RENT,9,0,0,1,0,0,0,0,1,0,D,4600,,0,0.14,1,6
20471,31,30000,RENT,2,0,0,1,0,0,0,0,1,0,D,4800,14.84,1,0.16,1,8
20479,32,29000,RENT,17,0,0,1,0,0,0,0,1,0,D,4800,16.29,1,0.17,1,7
20525,27,60000,RENT,3,0,0,1,0,0,0,0,1,0,C,4800,13.35,0,0.08,1,9
20529,31,57996,RENT,4,0,0,1,0,0,0,0,1,0,D,4800,15.58,1,0.08,1,9
20606,32,140900,RENT,1,0,0,1,0,0,0,0,1,0,C,10000,14.79,0,0.07,1,9
20640,29,64000,RENT,13,0,0,1,0,0,0,0,1,0,C,4900,,0,0.08,1,10
20653,27,28968,RENT,1,0,0,1,0,0,0,0,1,0,C,5000,13.16,0,0.17,1,5
20687,27,32760,RENT,4,0,0,1,0,0,0,0,1,0,D,5000,15.21,0,0.15,1,9
20705,28,29000,RENT,1,0,0,1,0,0,0,0,1,0,C,5000,15.96,1,0.17,1,7
20726,30,36933,RENT,2,0,0,1,0,0,0,0,1,0,C,5000,11.91,0,0.14,1,6
20898,27,69000,RENT,0,0,0,1,0,0,0,0,1,0,D,9000,16.77,1,0.13,1,6
20975,35,44000,RENT,3,0,0,1,0,0,0,0,1,0,E,5000,16.95,1,0.11,1,9
21042,29,55000,RENT,0,0,0,1,0,0,0,0,1,0,D,8500,16.29,1,0.15,1,8
21156,30,72516,RENT,11,0,0,1,0,0,0,0,1,0,C,5000,13.85,0,0.07,1,6
21252,29,15600,RENT,4,0,0,1,0,0,0,0,1,0,C,5275,14.72,1,0.34,1,8
21276,29,44000,RENT,2,0,0,1,0,0,0,0,1,0,D,5400,16,1,0.12,1,8
21277,34,50725,RENT,1,0,0,1,0,0,0,0,1,0,C,5400,13.16,0,0.11,1,9
21300,34,19200,RENT,1,0,0,1,0,0,0,0,1,0,C,5500,15.23,1,0.29,1,8
21317,28,28089,RENT,0,0,0,1,0,0,0,0,1,0,C,5500,12.22,0,0.2,1,5
21358,32,11688,RENT,,0,0,1,0,0,0,0,1,0,C,5600,13.48,1,0.48,1,10
21363,28,24000,RENT,4,0,0,1,0,0,0,0,1,0,C,5600,12.68,0,0.23,1,5
21516,32,27840,RENT,3,0,0,1,0,0,0,0,1,0,E,6000,,0,0.22,1,5
21519,30,28800,RENT,2,0,0,1,0,0,0,0,1,0,C,6000,15.23,0,0.21,1,6
21566,27,33600,RENT,2,0,0,1,0,0,0,0,1,0,D,6000,14.91,1,0.18,1,5
21581,30,29000,RENT,2,0,0,1,0,0,0,0,1,0,D,6000,15.58,1,0.21,1,8
21646,33,35496,RENT,3,0,0,1,0,0,0,0,1,0,C,6000,13.72,1,0.17,1,8
21714,31,50000,RENT,4,0,0,1,0,0,0,0,1,0,D,6000,15.62,0,0.12,1,10
21729,27,44004,RENT,2,0,0,1,0,0,0,0,1,0,E,6000,17.19,1,0.14,1,5
21774,32,59363,RENT,2,0,0,1,0,0,0,0,1,0,C,6000,13.22,0,0.1,1,10
21901,32,80000,RENT,16,0,0,1,0,0,0,0,1,0,C,6000,,0,0.07,1,6
21925,35,88020,RENT,6,0,0,1,0,0,0,0,1,0,D,6000,15.37,0,0.07,1,8
21936,35,93000,RENT,4,0,0,1,0,0,0,0,1,0,C,6000,14.27,0,0.06,1,9
22267,34,56000,RENT,2,0,0,1,0,0,0,0,1,0,C,6400,,0,0.11,1,5
22276,28,64775,RENT,9,0,0,1,0,0,0,0,1,0,C,6400,12.87,1,0.1,1,10
22310,35,25200,RENT,0,0,0,1,0,0,0,0,1,0,E,7000,15.68,1,0.28,1,7
22319,30,28000,RENT,1,0,0,1,0,0,0,0,1,0,C,7000,13.22,0,0.25,1,10
22359,32,37120,RENT,7,0,0,1,0,0,0,0,1,0,C,7000,13.47,0,0.19,1,10
22421,27,39000,RENT,4,0,0,1,0,0,0,0,1,0,C,7000,13.79,1,0.18,1,7
22486,31,30000,RENT,2,0,0,1,0,0,0,0,1,0,C,7200,15.96,0,0.24,1,6
22487,29,30000,RENT,,0,0,1,0,0,0,0,1,0,C,7200,15.27,0,0.24,1,9
22530,28,62000,RENT,4,0,0,1,0,0,0,0,1,0,C,7200,12.99,0,0.12,1,9
22662,27,36000,RENT,0,0,0,1,0,0,0,0,1,0,D,7500,13.55,1,0.21,1,7
22671,27,45000,RENT,0,0,0,1,0,0,0,0,1,0,C,7500,12.73,0,0.17,1,6
22691,33,50750,RENT,2,0,0,1,0,0,0,0,1,0,C,7500,11.91,0,0.15,1,6
22756,29,103000,RENT,0,0,0,1,0,0,0,0,1,0,D,7500,16.77,1,0.07,1,7
22763,32,155000,RENT,3,0,0,1,0,0,0,0,1,0,C,7500,11.59,0,0.05,1,5
22883,27,25000,RENT,4,0,0,1,0,0,0,0,1,0,D,8000,14.84,1,0.32,1,7
22914,30,30000,RENT,2,0,0,1,0,0,0,0,1,0,C,8000,13.22,0,0.27,1,9
22988,34,33666,RENT,4,0,0,1,0,0,0,0,1,0,D,8000,17.49,1,0.24,1,9
23132,27,56400,RENT,4,0,0,1,0,0,0,0,1,0,D,8000,16.77,0,0.14,1,10
23156,35,45000,RENT,4,0,0,1,0,0,0,0,1,0,C,5200,13.06,0,0.12,1,10
23157,28,50500,RENT,3,0,0,1,0,0,0,0,1,0,C,5200,12.53,0,0.1,1,8
23199,32,16800,RENT,0,0,0,1,0,0,0,0,1,0,C,5000,14.35,1,0.3,1,7
23275,28,26400,RENT,7,0,0,1,0,0,0,0,1,0,C,5000,13.11,1,0.19,1,6
23289,29,56000,RENT,0,0,0,1,0,0,0,0,1,0,D,8000,,1,0.14,1,5
23312,32,59000,RENT,1,0,0,1,0,0,0,0,1,0,D,8000,14.96,1,0.14,1,10
23376,29,82710,RENT,2,0,0,1,0,0,0,0,1,0,C,8000,13.49,0,0.1,1,9
23412,30,108000,RENT,1,0,0,1,0,0,0,0,1,0,D,8000,14.96,1,0.07,1,7
23555,34,42240,RENT,3,0,0,1,0,0,0,0,1,0,C,8775,13.06,0,0.21,1,6
23612,28,32400,RENT,1,0,0,1,0,0,0,0,1,0,D,9000,15.62,1,0.28,1,10
23667,32,51000,RENT,1,0,0,1,0,0,0,0,1,0,C,9000,12.99,0,0.18,1,5
23741,32,28800,RENT,7,0,0,1,0,0,0,0,1,0,C,9450,14.27,1,0.33,1,10
23785,29,33600,RENT,0,0,0,1,0,0,0,0,1,0,D,9600,15.99,1,0.29,1,7
23828,27,54000,RENT,4,0,0,1,0,0,0,0,1,0,D,9600,12.17,1,0.18,1,9
23863,31,128000,RENT,1,0,0,1,0,0,0,0,1,0,E,9600,,1,0.07,1,8
23901,28,24000,RENT,0,0,0,1,0,0,0,0,1,0,C,10000,12.87,1,0.42,1,10
24009,28,35000,RENT,4,0,0,1,0,0,0,0,1,0,D,10000,16.77,0,0.29,1,8
24037,29,36000,RENT,5,0,0,1,0,0,0,0,1,0,C,10000,,0,0.28,1,6
24047,27,36000,RENT,3,0,0,1,0,0,0,0,1,0,E,10000,17.19,0,0.28,1,7
24095,27,39996,RENT,3,0,0,1,0,0,0,0,1,0,D,10000,15.37,0,0.25,1,8
24124,27,40000,RENT,4,0,0,1,0,0,0,0,1,0,D,10000,,0,0.25,1,6
24129,27,34000,RENT,0,0,0,1,0,0,0,0,1,0,D,10000,15.37,1,0.29,1,5
24279,32,53500,RENT,1,0,0,1,0,0,0,0,1,0,C,4200,13.98,0,0.08,1,10
24280,29,54996,RENT,6,0,0,1,0,0,0,0,1,0,E,4200,15.95,0,0.08,1,10
24348,28,48000,RENT,8,0,0,1,0,0,0,0,1,0,C,10000,13.48,0,0.21,1,9
24350,34,48000,RENT,14,0,0,1,0,0,0,0,1,0,D,10000,15.7,0,0.21,1,9
24409,29,44004,RENT,7,0,0,1,0,0,0,0,1,0,D,10000,15.33,1,0.23,1,8
24615,27,64000,RENT,0,0,0,1,0,0,0,0,1,0,C,10000,15.27,0,0.16,1,10
24628,28,64600,RENT,3,0,0,1,0,0,0,0,1,0,C,10000,13.48,0,0.15,1,7
24633,35,59000,RENT,5,0,0,1,0,0,0,0,1,0,C,10000,13.49,1,0.17,1,10
24640,30,65000,RENT,3,0,0,1,0,0,0,0,1,0,C,10000,12.73,0,0.15,1,6
24675,31,70000,RENT,0,0,0,1,0,0,0,0,1,0,C,10000,,0,0.14,1,8
24823,30,90000,RENT,14,0,0,1,0,0,0,0,1,0,D,10000,15.62,0,0.11,1,6
24986,28,25200,RENT,5,0,0,1,0,0,0,0,1,0,D,11500,14.46,1,0.46,1,6
25073,30,31200,RENT,0,0,0,1,0,0,0,0,1,0,E,12000,16.45,1,0.38,1,7
25130,29,37920,RENT,2,0,0,1,0,0,0,0,1,0,C,12000,13.48,1,0.32,1,10
25296,29,60000,RENT,2,0,0,1,0,0,0,0,1,0,C,12000,14.22,0,0.2,1,6
25317,28,24000,RENT,,0,0,1,0,0,0,0,1,0,C,3000,15.23,0,0.13,1,7
25329,32,25000,RENT,0,0,0,1,0,0,0,0,1,0,C,3000,13.48,0,0.12,1,6
25338,27,25200,RENT,,0,0,1,0,0,0,0,1,0,D,3000,15.58,1,0.12,1,6
25419,27,67000,RENT,5,0,0,1,0,0,0,0,1,0,C,12000,13.23,0,0.18,1,7
25434,33,70000,RENT,6,0,0,1,0,0,0,0,1,0,D,12000,15.65,0,0.17,1,5
25690,32,117000,RENT,0,0,0,1,0,0,0,0,1,0,E,12000,17.93,1,0.1,1,10
25975,35,46000,RENT,2,0,0,1,0,0,0,0,1,0,C,12800,13.48,0,0.28,1,8
26324,28,85000,RENT,6,0,0,1,0,0,0,0,1,0,C,14000,14.65,0,0.16,1,9
26573,28,28896,RENT,6,0,0,1,0,0,0,0,1,0,C,15000,13.48,1,0.52,1,8
26938,28,48500,RENT,4,0,0,1,0,0,0,0,1,0,C,15000,12.87,1,0.31,1,8
26999,32,50880,RENT,6,0,0,1,0,0,0,0,1,0,F,15000,20.25,0,0.29,1,5
27159,28,54996,RENT,8,0,0,1,0,0,0,0,1,0,D,15000,14.09,0,0.27,1,9
27219,31,59534,RENT,5,0,0,1,0,0,0,0,1,0,D,15000,15.21,0,0.25,1,10
27270,33,60000,RENT,0,0,0,1,0,0,0,0,1,0,C,15000,13.79,0,0.25,1,7
27329,34,65000,RENT,3,0,0,1,0,0,0,0,1,0,D,15000,,0,0.23,1,6
27350,29,61000,RENT,2,0,0,1,0,0,0,0,1,0,D,15000,14.96,1,0.25,1,8
27381,30,70000,RENT,0,0,0,1,0,0,0,0,1,0,C,15000,13.61,0,0.21,1,8
27677,27,100000,RENT,7,0,0,1,0,0,0,0,1,0,E,15600,17.88,0,0.16,1,6
27789,28,200000,RENT,0,0,0,1,0,0,0,0,1,0,C,16000,10.91,0,0.08,1,9
27822,27,79636,RENT,11,0,0,1,0,0,0,0,1,0,D,19200,13.87,0,0.24,1,9
27937,33,50000,RENT,6,0,0,1,0,0,0,0,1,0,D,6000,14.96,0,0.12,1,5
27999,27,50000,RENT,4,0,0,1,0,0,0,0,1,0,C,6400,13.23,0,0.13,1,5
28003,28,40000,RENT,1,0,0,1,0,0,0,0,1,0,C,1700,,0,0.04,1,9
28007,27,43218,RENT,11,0,0,1,0,0,0,0,1,0,C,5300,14.65,0,0.12,1,7
28040,29,99000,RENT,3,0,0,1,0,0,0,0,1,0,C,8000,12.99,0,0.08,1,8
28063,31,50000,RENT,4,0,0,1,0,0,0,0,1,0,D,6000,15.62,0,0.12,1,6
28077,29,63000,RENT,5,0,0,1,0,0,0,0,1,0,D,10000,15.33,0,0.16,1,7
28078,31,64000,RENT,9,0,0,1,0,0,0,0,1,0,C,8000,14.22,0,0.13,1,5
28117,35,21600,RENT,1,0,0,1,0,0,0,0,1,0,C,2500,14.35,0,0.12,1,5
28189,29,92000,RENT,2,0,0,1,0,0,0,0,1,0,C,20000,13.72,0,0.22,1,8
28291,29,32000,RENT,1,0,0,1,0,0,0,0,1,0,D,6525,16.07,1,0.2,1,9
28306,30,67092,RENT,0,0,0,1,0,0,0,0,1,0,C,9000,12.87,0,0.13,1,9
28639,31,24996,RENT,0,0,0,1,0,0,0,0,1,0,C,10750,12.53,1,0.43,1,7
28685,29,39996,RENT,0,0,0,1,0,0,0,0,1,0,C,4000,,0,0.1,1,8
28686,28,68004,RENT,1,0,0,1,0,0,0,0,1,0,C,15000,13.16,0,0.22,1,7
28957,30,32040,RENT,,0,0,1,0,0,0,0,1,0,C,13275,,1,0.41,1,6
29150,36,90000,RENT,7,0,0,1,0,0,0,0,1,0,D,30000,15.99,1,0.33,1,11
29165,45,85000,RENT,0,0,0,1,0,0,0,0,1,0,C,26000,14.27,1,0.31,1,15
29218,37,88000,RENT,4,0,0,1,0,0,0,0,1,0,G,25000,19.66,1,0.28,1,12
29305,37,42000,RENT,0,0,0,1,0,0,0,0,1,0,E,20000,14.25,1,0.48,1,17
29438,41,57000,RENT,3,0,0,1,0,0,0,0,1,0,D,1200,15.99,0,0.02,1,12
29494,48,19632,RENT,19,0,0,1,0,0,0,0,1,0,C,2000,13.47,0,0.1,1,12
29496,42,20400,RENT,4,0,0,1,0,0,0,0,1,0,F,2000,20.99,0,0.1,1,13
29508,46,102000,RENT,0,0,0,1,0,0,0,0,1,0,C,15000,13.22,0,0.15,1,17
29551,36,38568,RENT,7,0,0,1,0,0,0,0,1,0,E,2400,18.39,0,0.06,1,12
29599,47,30000,RENT,6,0,0,1,0,0,0,0,1,0,C,3000,12.23,0,0.1,1,16
29800,45,31200,RENT,11,0,0,1,0,0,0,0,1,0,D,4000,14.96,0,0.13,1,17
29840,41,75000,RENT,15,0,0,1,0,0,0,0,1,0,D,4000,16.29,0,0.05,1,12
29844,40,28800,RENT,3,0,0,1,0,0,0,0,1,0,C,4200,14.72,1,0.15,1,16
29964,42,29000,RENT,1,0,0,1,0,0,0,0,1,0,D,5000,16.49,1,0.17,1,13
30074,37,59000,RENT,0,0,0,1,0,0,0,0,1,0,D,5000,14.84,1,0.08,1,14
30084,40,76000,RENT,1,0,0,1,0,0,0,0,1,0,C,5000,13.72,0,0.07,1,15
30095,38,94000,RENT,3,0,0,1,0,0,0,0,1,0,D,5000,15.33,0,0.05,1,16
30103,38,108000,RENT,3,0,0,1,0,0,0,0,1,0,D,5000,15.21,1,0.05,1,17
30127,36,30996,RENT,2,0,0,1,0,0,0,0,1,0,C,5500,12.53,0,0.18,1,15
30140,46,60070,RENT,2,0,0,1,0,0,0,0,1,0,C,5500,14.22,0,0.09,1,17
30171,38,35427,RENT,3,0,0,1,0,0,0,0,1,0,C,5950,11.72,0,0.17,1,11
30207,38,36400,RENT,1,0,0,1,0,0,0,0,1,0,C,6000,12.87,0,0.16,1,17
30209,37,38000,RENT,4,0,0,1,0,0,0,0,1,0,D,6000,15.33,0,0.16,1,16
30446,38,47000,RENT,4,0,0,1,0,0,0,0,1,0,C,7000,13.35,0,0.15,1,13
30450,41,50000,RENT,0,0,0,1,0,0,0,0,1,0,C,7000,12.87,0,0.14,1,12
30458,41,58500,RENT,17,0,0,1,0,0,0,0,1,0,D,7150,15.99,1,0.12,1,16
30471,37,29000,RENT,5,0,0,1,0,0,0,0,1,0,E,7200,19.03,1,0.25,1,14
30477,36,60000,RENT,1,0,0,1,0,0,0,0,1,0,C,7200,,0,0.12,1,12
30515,41,58000,RENT,16,0,0,1,0,0,0,0,1,0,C,7500,11.03,0,0.13,1,16
30521,38,65000,RENT,6,0,0,1,0,0,0,0,1,0,C,7500,12.29,0,0.12,1,13
30607,41,39000,RENT,2,0,0,1,0,0,0,0,1,0,D,8000,14.84,1,0.21,1,14
30616,36,50000,RENT,4,0,0,1,0,0,0,0,1,0,D,8000,17.49,0,0.16,1,14
30754,36,45600,RENT,8,0,0,1,0,0,0,0,1,0,D,8775,12.36,0,0.19,1,17
31060,36,66847,RENT,3,0,0,1,0,0,0,0,1,0,D,10000,16,0,0.15,1,14
31075,38,66000,RENT,1,0,0,1,0,0,0,0,1,0,D,10000,15.99,1,0.15,1,12
31152,42,60000,RENT,3,0,0,1,0,0,0,0,1,0,C,11300,13.61,0,0.19,1,14
31167,43,30000,RENT,0,0,0,1,0,0,0,0,1,0,C,11525,13.57,1,0.38,1,17
31330,36,93000,RENT,1,0,0,1,0,0,0,0,1,0,C,12000,13.48,0,0.13,1,12
31457,43,27036,RENT,1,0,0,1,0,0,0,0,1,0,D,13750,15.31,1,0.51,1,15
31605,38,30000,RENT,0,0,0,1,0,0,0,0,1,0,D,15000,14.61,1,0.5,1,15
31747,42,60000,RENT,1,0,0,1,0,0,0,0,1,0,E,15000,,1,0.25,1,15
31961,37,74568,RENT,0,0,0,1,0,0,0,0,1,0,C,6000,14.26,0,0.08,1,16
32065,38,30000,RENT,2,0,0,1,0,0,0,0,1,0,C,2200,,0,0.07,1,15
32162,40,73000,RENT,2,0,0,1,0,0,0,0,1,0,D,9975,16.29,1,0.14,1,17
32204,40,24000,RENT,3,0,0,1,0,0,0,0,1,0,C,2700,14.27,0,0.11,1,11
32217,43,54000,RENT,0,0,0,1,0,0,0,0,1,0,D,9000,15.65,1,0.17,1,14
32307,61,160000,RENT,3,0,0,1,0,0,0,0,1,0,D,30000,,0,0.19,1,27
32329,51,18408,RENT,,0,0,1,0,0,0,0,1,0,C,1000,14.65,1,0.05,1,20
32378,64,46000,RENT,2,0,0,1,0,0,0,0,1,0,C,4800,11.09,0,0.1,1,24
32575,52,65004,RENT,4,0,0,1,0,0,0,0,1,0,D,20000,15.58,1,0.31,1,19
43,26,300000,MORTGAGE,10,0,1,0,0,0,0,0,0,1,A,20000,7.88,0,0.07,0,4
124,25,225000,MORTGAGE,0,0,1,0,0,0,0,0,0,1,F,25000,18.67,0,0.11,0,2
127,26,225000,MORTGAGE,2,0,1,0,0,0,0,0,0,1,B,25000,10.08,0,0.11,0,2
150,22,210000,MORTGAGE,6,0,1,0,0,0,0,0,0,1,B,16000,10.62,0,0.08,0,4
177,24,200000,MORTGAGE,3,0,1,0,0,0,0,0,0,1,A,24000,7.49,0,0.12,0,4
186,25,200000,MORTGAGE,2,0,1,0,0,0,0,0,0,1,B,12000,10.38,0,0.06,0,2
197,26,188000,MORTGAGE,10,0,1,0,0,0,0,0,0,1,E,20000,17.74,1,0.11,0,2
211,21,192000,MORTGAGE,123,0,1,0,0,0,0,0,0,1,A,20000,6.54,0,0.1,0,4
214,22,190000,MORTGAGE,3,0,1,0,0,0,0,0,0,1,C,10000,,0,0.05,0,3
217,26,190000,MORTGAGE,3,0,1,0,0,0,0,0,0,1,B,20000,12.18,0,0.11,0,4
254,24,180000,MORTGAGE,7,0,1,0,0,0,0,0,0,1,B,14000,11.99,0,0.08,0,2
255,26,180000,MORTGAGE,2,0,1,0,0,0,0,0,0,1,B,12000,9.63,0,0.07,0,4
268,25,180000,MORTGAGE,3,0,1,0,0,0,0,0,0,1,B,9950,11.26,0,0.06,0,2
281,26,175000,MORTGAGE,3,0,1,0,0,0,0,0,0,1,A,2600,8.9,0,0.01,0,4
303,26,173467,MORTGAGE,10,0,1,0,0,0,0,0,0,1,B,10000,11.71,0,0.06,0,4
358,22,16094,MORTGAGE,2,0,1,0,0,0,0,0,0,1,A,5500,7.14,1,0.34,0,3
374,24,160000,MORTGAGE,9,0,1,0,0,0,0,0,0,1,E,12000,16.77,0,0.07,0,4
391,24,160000,MORTGAGE,3,0,1,0,0,0,0,0,0,1,D,20000,16,0,0.13,0,3
398,21,16800,MORTGAGE,0,0,1,0,0,0,0,0,0,1,B,6000,10.39,1,0.36,0,4
411,22,17400,MORTGAGE,6,0,1,0,0,0,0,0,0,1,B,1000,11.36,0,0.06,0,2
551,26,19200,MORTGAGE,5,0,1,0,0,0,0,0,0,1,A,4000,7.51,1,0.21,0,4
611,25,20000,MORTGAGE,1,0,1,0,0,0,0,0,0,1,A,4000,5.79,0,0.2,0,2
724,25,21221,MORTGAGE,4,0,1,0,0,0,0,0,0,1,B,8500,9.63,0,0.4,0,4
747,22,21600,MORTGAGE,6,0,1,0,0,0,0,0,0,1,C,1400,,0,0.06,0,2
786,24,21948,MORTGAGE,2,0,1,0,0,0,0,0,0,1,D,4000,,0,0.18,0,2
799,22,22000,MORTGAGE,3,0,1,0,0,0,0,0,0,1,A,6500,,0,0.3,0,4
935,21,24000,MORTGAGE,0,0,1,0,0,0,0,0,0,1,A,3000,7.9,0,0.13,0,4
942,22,24000,MORTGAGE,1,0,1,0,0,0,0,0,0,1,C,5000,14.65,1,0.21,0,4
948,22,24000,MORTGAGE,4,0,1,0,0,0,0,0,0,1,A,1300,5.42,0,0.05,0,3
1093,21,24396,MORTGAGE,2,0,1,0,0,0,0,0,0,1,D,4000,15.05,0,0.16,0,4
1152,21,25000,MORTGAGE,2,0,1,0,0,0,0,0,0,1,B,3600,9.91,0,0.14,0,4
1202,24,25000,MORTGAGE,3,0,1,0,0,0,0,0,0,1,A,9000,7.14,0,0.36,0,4
1242,26,25000,MORTGAGE,1,0,1,0,0,0,0,0,0,1,C,12000,12.09,1,0.48,0,2
1250,24,25040,MORTGAGE,1,0,1,0,0,0,0,0,0,1,A,5000,5.79,0,0.2,0,4
1290,22,25500,MORTGAGE,0,0,1,0,0,0,0,0,0,1,A,7000,6.99,0,0.27,0,2
1305,22,25920,MORTGAGE,7,0,1,0,0,0,0,0,0,1,B,11325,10.65,0,0.44,0,3
1442,22,26796,MORTGAGE,6,0,1,0,0,0,0,0,0,1,A,3000,8.32,0,0.11,0,3
1518,23,27350,MORTGAGE,5,0,1,0,0,0,0,0,0,1,B,1925,,0,0.07,0,3
1608,23,28000,MORTGAGE,2,0,1,0,0,0,0,0,0,1,B,8400,10.99,0,0.3,0,2
1684,26,28800,MORTGAGE,2,0,1,0,0,0,0,0,0,1,A,5150,6.62,0,0.18,0,2
1703,22,28800,MORTGAGE,0,0,1,0,0,0,0,0,0,1,B,11500,,0,0.4,0,3
1782,22,29004,MORTGAGE,3,0,1,0,0,0,0,0,0,1,B,5000,9.25,0,0.17,0,4
1835,25,30000,MORTGAGE,9,0,1,0,0,0,0,0,0,1,A,5000,6.03,0,0.17,0,3
1870,25,30000,MORTGAGE,2,0,1,0,0,0,0,0,0,1,B,8000,10.65,0,0.27,0,4
1877,21,30000,MORTGAGE,0,0,1,0,0,0,0,0,0,1,A,15000,7.51,0,0.5,0,4
1882,26,30000,MORTGAGE,10,0,1,0,0,0,0,0,0,1,A,6500,6.62,0,0.22,0,3
1891,23,30000,MORTGAGE,8,0,1,0,0,0,0,0,0,1,A,4375,6.62,0,0.15,0,2
1905,23,30000,MORTGAGE,0,0,1,0,0,0,0,0,0,1,B,13000,,0,0.43,0,2
1936,23,30000,MORTGAGE,2,0,1,0,0,0,0,0,0,1,B,1200,9.67,0,0.04,0,2
1939,22,30000,MORTGAGE,6,0,1,0,0,0,0,0,0,1,B,3000,11.49,0,0.1,0,2
1973,22,30000,MORTGAGE,6,0,1,0,0,0,0,0,0,1,A,2000,5.42,0,0.07,0,2
1996,21,30000,MORTGAGE,5,0,1,0,0,0,0,0,0,1,B,6400,,0,0.21,0,3
2045,23,30000,MORTGAGE,2,0,1,0,0,0,0,0,0,1,A,8000,7.88,0,0.27,0,2
2062,23,30000,MORTGAGE,6,0,1,0,0,0,0,0,0,1,B,5000,10.38,0,0.17,0,4
2079,22,30000,MORTGAGE,6,0,1,0,0,0,0,0,0,1,C,3200,13.48,0,0.11,0,4
2091,22,30000,MORTGAGE,0,0,1,0,0,0,0,0,0,1,B,5000,11.48,0,0.17,0,4
2120,24,30000,MORTGAGE,0,0,1,0,0,0,0,0,0,1,C,6000,13.22,0,0.2,0,3
2128,26,30000,MORTGAGE,0,0,1,0,0,0,0,0,0,1,A,3500,8,0,0.12,0,4
2129,25,30000,MORTGAGE,9,0,1,0,0,0,0,0,0,1,A,3000,,0,0.1,0,4
2132,25,30000,MORTGAGE,9,0,1,0,0,0,0,0,0,1,A,8000,9.32,0,0.27,0,4
2149,22,30000,MORTGAGE,6,0,1,0,0,0,0,0,0,1,A,6950,9.32,0,0.23,0,4
2204,25,30720,MORTGAGE,3,0,1,0,0,0,0,0,0,1,B,2000,11.12,0,0.07,0,2
2245,25,31000,MORTGAGE,4,0,1,0,0,0,0,0,0,1,B,10000,10.38,0,0.32,0,4
2274,22,31200,MORTGAGE,3,0,1,0,0,0,0,0,0,1,B,3200,10.99,0,0.1,0,2
2307,22,31200,MORTGAGE,6,0,1,0,0,0,0,0,0,1,A,3500,7.74,0,0.11,0,2
2324,22,31500,MORTGAGE,2,0,1,0,0,0,0,0,0,1,A,14000,8.9,0,0.44,0,3
2331,22,31500,MORTGAGE,3,0,1,0,0,0,0,0,0,1,B,4500,9.88,0,0.14,0,2
2341,21,31776,MORTGAGE,5,0,1,0,0,0,0,0,0,1,A,6000,8.9,0,0.19,0,3
2411,24,32000,MORTGAGE,4,0,1,0,0,0,0,0,0,1,B,3000,10.75,0,0.09,0,4
2413,24,32000,MORTGAGE,7,0,1,0,0,0,0,0,0,1,A,4500,6.76,0,0.14,0,2
2428,22,32000,MORTGAGE,0,0,1,0,0,0,0,0,0,1,A,6950,7.74,0,0.22,0,3
2431,23,32000,MORTGAGE,4,0,1,0,0,0,0,0,0,1,A,1200,7.68,0,0.04,0,4
2461,24,32004,MORTGAGE,5,0,1,0,0,0,0,0,0,1,C,14000,12.73,0,0.44,0,4
2486,22,32400,MORTGAGE,6,0,1,0,0,0,0,0,0,1,B,4200,10.99,0,0.13,0,4
2527,25,32760,MORTGAGE,6,0,1,0,0,0,0,0,0,1,B,6000,10.59,0,0.18,0,2
2542,22,33000,MORTGAGE,6,0,1,0,0,0,0,0,0,1,B,8875,10.65,0,0.27,0,4
2562,25,33000,MORTGAGE,9,0,1,0,0,0,0,0,0,1,A,5000,8.49,0,0.15,0,3
2609,24,33000,MORTGAGE,3,0,1,0,0,0,0,0,0,1,C,4000,13.04,0,0.12,0,4
2629,21,33280,MORTGAGE,5,0,1,0,0,0,0,0,0,1,C,11200,13.92,1,0.34,0,4
2633,25,33316,MORTGAGE,4,0,1,0,0,0,0,0,0,1,A,5000,6.54,0,0.15,0,2
2661,24,33600,MORTGAGE,,0,1,0,0,0,0,0,0,1,A,12000,5.42,0,0.36,0,2
2667,25,33600,MORTGAGE,1,0,1,0,0,0,0,0,0,1,B,12000,9.99,0,0.36,0,3
2676,22,33600,MORTGAGE,6,0,1,0,0,0,0,0,0,1,A,5000,7.14,0,0.15,0,3
2686,22,33640,MORTGAGE,4,0,1,0,0,0,0,0,0,1,B,12000,10.65,0,0.36,0,3
2692,26,33800,MORTGAGE,9,0,1,0,0,0,0,0,0,1,A,14400,7.88,0,0.43,0,3
2828,25,34980,MORTGAGE,1,0,1,0,0,0,0,0,0,1,B,6000,11.48,0,0.17,0,2
2878,23,35000,MORTGAGE,0,0,1,0,0,0,0,0,0,1,B,12000,12.42,0,0.34,0,3
2907,23,35000,MORTGAGE,4,0,1,0,0,0,0,0,0,1,A,3825,7.49,0,0.11,0,4
2934,24,35000,MORTGAGE,3,0,1,0,0,0,0,0,0,1,A,3600,6.92,0,0.1,0,2
2938,22,35000,MORTGAGE,7,0,1,0,0,0,0,0,0,1,A,4000,7.29,0,0.11,0,2
2940,24,35000,MORTGAGE,8,0,1,0,0,0,0,0,0,1,B,2000,10.37,0,0.06,0,2
2985,26,35000,MORTGAGE,10,0,1,0,0,0,0,0,0,1,A,6000,7.51,0,0.17,0,4
3002,26,35000,MORTGAGE,1,0,1,0,0,0,0,0,0,1,A,3000,6.76,0,0.09,0,3
3052,21,35000,MORTGAGE,2,0,1,0,0,0,0,0,0,1,A,800,7.37,0,0.02,0,3
3077,21,35004,MORTGAGE,1,0,1,0,0,0,0,0,0,1,A,3600,8,0,0.1,0,2
3083,22,35004,MORTGAGE,0,0,1,0,0,0,0,0,0,1,B,8400,10.39,0,0.24,0,2
3151,24,36000,MORTGAGE,2,0,1,0,0,0,0,0,0,1,B,5200,9.91,0,0.14,0,3
3160,24,36000,MORTGAGE,5,0,1,0,0,0,0,0,0,1,A,5600,7.9,0,0.16,0,2
3270,26,36000,MORTGAGE,10,0,1,0,0,0,0,0,0,1,A,9000,5.42,0,0.25,0,4
3274,23,36000,MORTGAGE,2,0,1,0,0,0,0,0,0,1,B,12000,10.74,0,0.33,0,4
3292,22,36000,MORTGAGE,2,0,1,0,0,0,0,0,0,1,B,7750,9.99,0,0.22,0,4
3323,24,36000,MORTGAGE,8,0,1,0,0,0,0,0,0,1,A,3250,6.39,0,0.09,0,2
3332,25,36000,MORTGAGE,5,0,1,0,0,0,0,0,0,1,E,4800,17.93,0,0.13,0,3
3336,23,36000,MORTGAGE,3,0,1,0,0,0,0,0,0,1,B,4800,10.38,0,0.13,0,4
3341,22,36000,MORTGAGE,6,0,1,0,0,0,0,0,0,1,A,7500,7.14,0,0.21,0,3
3342,25,36000,MORTGAGE,3,0,1,0,0,0,0,0,0,1,B,5000,,0,0.14,0,4
3349,24,36000,MORTGAGE,4,0,1,0,0,0,0,0,0,1,D,2000,14.96,0,0.06,0,2
3382,23,30000,MORTGAGE,4,0,1,0,0,0,0,0,0,1,D,9500,15.31,1,0.32,0,2
3425,25,36300,MORTGAGE,5,0,1,0,0,0,0,0,0,1,A,9000,6.99,0,0.25,0,2
3431,22,30400,MORTGAGE,2,0,1,0,0,0,0,0,0,1,C,9950,15.27,1,0.33,0,4
3434,25,36400,MORTGAGE,4,0,1,0,0,0,0,0,0,1,C,11000,12.29,0,0.3,0,3
3439,24,36500,MORTGAGE,3,0,1,0,0,0,0,0,0,1,B,2500,10.37,0,0.07,0,3
3521,24,37000,MORTGAGE,8,0,1,0,0,0,0,0,0,1,B,10000,10.99,0,0.27,0,4
3526,26,37000,MORTGAGE,4,0,1,0,0,0,0,0,0,1,A,10400,8.94,0,0.28,0,3
3616,23,38000,MORTGAGE,5,0,1,0,0,0,0,0,0,1,B,4000,12.42,0,0.11,0,3
3711,25,38000,MORTGAGE,1,0,1,0,0,0,0,0,0,1,B,18800,,0,0.49,0,3
3722,26,38004,MORTGAGE,3,0,1,0,0,0,0,0,0,1,C,10000,13.35,0,0.26,0,2
3733,26,38100,MORTGAGE,6,0,1,0,0,0,0,0,0,1,A,3900,7.9,0,0.1,0,3
3770,23,38400,MORTGAGE,7,0,1,0,0,0,0,0,0,1,A,2000,,0,0.05,0,2
3795,23,38400,MORTGAGE,7,0,1,0,0,0,0,0,0,1,B,5000,10.37,0,0.13,0,4
3813,25,38400,MORTGAGE,9,0,1,0,0,0,0,0,0,1,B,12000,10.38,0,0.31,0,3
3863,24,39000,MORTGAGE,8,0,1,0,0,0,0,0,0,1,A,1200,,0,0.03,0,2
3892,26,39000,MORTGAGE,10,0,1,0,0,0,0,0,0,1,A,9500,6.91,0,0.24,0,3
3925,23,39216,MORTGAGE,5,0,1,0,0,0,0,0,0,1,C,10000,13.49,0,0.25,0,3
3973,22,39875,MORTGAGE,5,0,1,0,0,0,0,0,0,1,B,10000,,0,0.25,0,3
4022,25,39996,MORTGAGE,7,0,1,0,0,0,0,0,0,1,B,3200,,0,0.08,0,4
4030,26,39996,MORTGAGE,10,0,1,0,0,0,0,0,0,1,A,6500,8.32,0,0.16,0,3
4061,23,34000,MORTGAGE,3,0,1,0,0,0,0,0,0,1,C,12000,14.27,1,0.35,0,4
4068,23,40000,MORTGAGE,7,0,1,0,0,0,0,0,0,1,A,5000,6.62,0,0.13,0,4
4104,24,40000,MORTGAGE,6,0,1,0,0,0,0,0,0,1,B,10000,9.91,0,0.25,0,3
4123,23,40000,MORTGAGE,3,0,1,0,0,0,0,0,0,1,B,4000,9.99,0,0.1,0,4
4151,23,40000,MORTGAGE,7,0,1,0,0,0,0,0,0,1,B,13000,9.99,0,0.33,0,3
4160,24,40000,MORTGAGE,3,0,1,0,0,0,0,0,0,1,B,3200,10.99,0,0.08,0,2
4210,23,40000,MORTGAGE,7,0,1,0,0,0,0,0,0,1,B,14000,,0,0.35,0,3
4231,22,40000,MORTGAGE,6,0,1,0,0,0,0,0,0,1,B,4000,10.36,0,0.1,0,4
4266,24,40000,MORTGAGE,5,0,1,0,0,0,0,0,0,1,A,8000,,0,0.2,0,4
4282,24,40000,MORTGAGE,3,0,1,0,0,0,0,0,0,1,B,10500,11.36,0,0.26,0,4
4296,22,40000,MORTGAGE,6,0,1,0,0,0,0,0,0,1,A,4750,,0,0.12,0,2
4317,24,40000,MORTGAGE,2,0,1,0,0,0,0,0,0,1,B,10000,11.83,0,0.25,0,3
4324,26,40000,MORTGAGE,3,0,1,0,0,0,0,0,0,1,B,1750,11.83,0,0.04,0,4
4358,24,40000,MORTGAGE,3,0,1,0,0,0,0,0,0,1,A,5000,8.59,0,0.13,0,3
4367,26,40000,MORTGAGE,3,0,1,0,0,0,0,0,0,1,A,3250,8,0,0.08,0,4
4387,23,40000,MORTGAGE,1,0,1,0,0,0,0,0,0,1,B,1200,10.83,0,0.03,0,2
4393,26,40000,MORTGAGE,10,0,1,0,0,0,0,0,0,1,B,5200,10.08,0,0.13,0,3
4413,25,34000,MORTGAGE,2,0,1,0,0,0,0,0,0,1,C,15450,11.22,1,0.45,0,4
4416,22,40058,MORTGAGE,5,0,1,0,0,0,0,0,0,1,B,6000,9.91,0,0.15,0,2
4442,22,40542,MORTGAGE,6,0,1,0,0,0,0,0,0,1,A,6250,,0,0.15,0,2
4506,22,41000,MORTGAGE,0,0,1,0,0,0,0,0,0,1,B,6400,9.99,0,0.16,0,4
4512,24,41000,MORTGAGE,3,0,1,0,0,0,0,0,0,1,A,2500,7.29,0,0.06,0,2
4535,22,41000,MORTGAGE,4,0,1,0,0,0,0,0,0,1,A,6000,8.59,0,0.15,0,4
4544,23,41000,MORTGAGE,0,0,1,0,0,0,0,0,0,1,B,4500,10.95,0,0.11,0,4
4551,21,41004,MORTGAGE,5,0,1,0,0,0,0,0,0,1,B,24250,10.75,0,0.59,0,2
4555,26,41004,MORTGAGE,5,0,1,0,0,0,0,0,0,1,B,16000,10.95,0,0.39,0,3
4556,23,41004,MORTGAGE,8,0,1,0,0,0,0,0,0,1,A,10000,9.32,0,0.24,0,4
4606,22,41800,MORTGAGE,3,0,1,0,0,0,0,0,0,1,A,3100,6.76,0,0.07,0,4
4628,25,42000,MORTGAGE,1,0,1,0,0,0,0,0,0,1,A,13975,8.9,0,0.33,0,4
4635,22,42000,MORTGAGE,5,0,1,0,0,0,0,0,0,1,A,5400,6.03,0,0.13,0,3
4638,22,42000,MORTGAGE,,0,1,0,0,0,0,0,0,1,B,3500,9.91,0,0.08,0,2
4649,24,42000,MORTGAGE,,0,1,0,0,0,0,0,0,1,A,8000,6.62,0,0.19,0,3
4692,22,42000,MORTGAGE,5,0,1,0,0,0,0,0,0,1,A,5000,6.99,0,0.12,0,4
4698,23,42000,MORTGAGE,7,0,1,0,0,0,0,0,0,1,A,8000,5.42,0,0.19,0,3
4715,24,42000,MORTGAGE,4,0,1,0,0,0,0,0,0,1,B,1200,11.49,0,0.03,0,3
4761,23,42000,MORTGAGE,2,0,1,0,0,0,0,0,0,1,A,1500,6.17,0,0.04,0,3
4767,25,42000,MORTGAGE,,0,1,0,0,0,0,0,0,1,B,3500,10.36,0,0.08,0,2
4776,24,42000,MORTGAGE,6,0,1,0,0,0,0,0,0,1,B,9250,11.12,0,0.22,0,4
4831,26,42000,MORTGAGE,0,0,1,0,0,0,0,0,0,1,B,4500,11.48,0,0.11,0,3
4958,23,43000,MORTGAGE,7,0,1,0,0,0,0,0,0,1,A,15600,,0,0.36,0,4
4964,22,43000,MORTGAGE,3,0,1,0,0,0,0,0,0,1,A,2600,,0,0.06,0,4
4982,23,43000,MORTGAGE,3,0,1,0,0,0,0,0,0,1,D,3600,15.62,0,0.08,0,3
5041,21,43008,MORTGAGE,0,0,1,0,0,0,0,0,0,1,D,11200,15.31,0,0.26,0,3
5049,23,43200,MORTGAGE,5,0,1,0,0,0,0,0,0,1,B,10000,12.69,0,0.23,0,3
5052,24,43200,MORTGAGE,4,0,1,0,0,0,0,0,0,1,A,6350,7.49,0,0.15,0,4
5055,26,43200,MORTGAGE,11,0,1,0,0,0,0,0,0,1,C,6000,12.87,0,0.14,0,3
5059,22,43200,MORTGAGE,,0,1,0,0,0,0,0,0,1,A,7975,7.49,0,0.18,0,2
5076,22,43200,MORTGAGE,6,0,1,0,0,0,0,0,0,1,A,6000,7.51,0,0.14,0,3
5134,23,44000,MORTGAGE,2,0,1,0,0,0,0,0,0,1,C,4000,15.27,0,0.09,0,2
5149,25,44000,MORTGAGE,2,0,1,0,0,0,0,0,0,1,D,12000,14.54,0,0.27,0,2
5152,25,44000,MORTGAGE,5,0,1,0,0,0,0,0,0,1,A,4000,5.79,0,0.09,0,4
5177,23,44000,MORTGAGE,2,0,1,0,0,0,0,0,0,1,A,2000,7.4,0,0.05,0,4
5182,25,44000,MORTGAGE,3,0,1,0,0,0,0,0,0,1,A,3600,9.32,0,0.08,0,2
5196,21,44004,MORTGAGE,5,0,1,0,0,0,0,0,0,1,B,7200,11.89,0,0.16,0,4
5201,22,44160,MORTGAGE,5,0,1,0,0,0,0,0,0,1,C,3000,14.79,0,0.07,0,3
5205,24,44208,MORTGAGE,2,0,1,0,0,0,0,0,0,1,A,7000,7.51,0,0.16,0,3
5215,25,44400,MORTGAGE,6,0,1,0,0,0,0,0,0,1,C,14125,12.99,0,0.32,0,2
5219,26,44400,MORTGAGE,,0,1,0,0,0,0,0,0,1,C,6500,14.35,0,0.15,0,2
5230,23,44496,MORTGAGE,2,0,1,0,0,0,0,0,0,1,A,3500,,0,0.08,0,4
5271,23,45000,MORTGAGE,7,0,1,0,0,0,0,0,0,1,B,14550,11.71,0,0.32,0,4
5276,25,45000,MORTGAGE,1,0,1,0,0,0,0,0,0,1,A,3000,6.62,0,0.07,0,2
5282,24,45000,MORTGAGE,8,0,1,0,0,0,0,0,0,1,A,6000,7.51,0,0.13,0,4
5311,24,45000,MORTGAGE,2,0,1,0,0,0,0,0,0,1,A,9050,6.62,0,0.2,0,4
5314,24,45000,MORTGAGE,0,0,1,0,0,0,0,0,0,1,A,5000,6.62,0,0.11,0,3
5323,22,45000,MORTGAGE,6,0,1,0,0,0,0,0,0,1,A,5000,7.49,0,0.11,0,4
5337,23,45000,MORTGAGE,4,0,1,0,0,0,0,0,0,1,B,4725,11.99,0,0.1,0,2
5348,23,45000,MORTGAGE,8,0,1,0,0,0,0,0,0,1,B,13000,10.99,0,0.29,0,2
5356,26,45000,MORTGAGE,6,0,1,0,0,0,0,0,0,1,A,5000,6.99,0,0.11,0,2
5362,26,45000,MORTGAGE,9,0,1,0,0,0,0,0,0,1,D,10000,16.89,0,0.22,0,4
5396,24,45000,MORTGAGE,3,0,1,0,0,0,0,0,0,1,C,15000,13.06,0,0.33,0,3
5455,24,45000,MORTGAGE,0,0,1,0,0,0,0,0,0,1,A,6000,7.88,0,0.13,0,3
5470,23,45000,MORTGAGE,7,0,1,0,0,0,0,0,0,1,A,5000,6.76,0,0.11,0,3
5524,22,45000,MORTGAGE,6,0,1,0,0,0,0,0,0,1,A,7000,8.94,0,0.16,0,3
5525,23,39000,MORTGAGE,7,0,1,0,0,0,0,0,0,1,C,16000,14.26,1,0.41,0,3
5545,26,45000,MORTGAGE,2,0,1,0,0,0,0,0,0,1,B,12000,,0,0.27,0,3
5552,25,45000,MORTGAGE,0,0,1,0,0,0,0,0,0,1,B,17000,11.89,0,0.38,0,2
5554,24,45000,MORTGAGE,0,0,1,0,0,0,0,0,0,1,A,3600,,0,0.08,0,2
5595,25,45000,MORTGAGE,0,0,1,0,0,0,0,0,0,1,B,7500,10.39,0,0.17,0,3
5646,22,45600,MORTGAGE,5,0,1,0,0,0,0,0,0,1,B,2000,10.36,0,0.04,0,2
5650,22,45600,MORTGAGE,5,0,1,0,0,0,0,0,0,1,B,9500,10.38,0,0.21,0,2
5654,22,45600,MORTGAGE,3,0,1,0,0,0,0,0,0,1,A,1600,7.88,0,0.04,0,2
5659,22,45691,MORTGAGE,5,0,1,0,0,0,0,0,0,1,A,7000,7.14,0,0.15,0,2
5674,23,45992,MORTGAGE,7,0,1,0,0,0,0,0,0,1,A,10000,5.42,0,0.22,0,3
5709,23,46000,MORTGAGE,1,0,1,0,0,0,0,0,0,1,A,3000,5.42,0,0.07,0,3
5769,25,46350,MORTGAGE,0,0,1,0,0,0,0,0,0,1,B,9750,10,0,0.21,0,3
5774,26,46464,MORTGAGE,1,0,1,0,0,0,0,0,0,1,B,15000,12.21,0,0.32,0,3
5776,22,46500,MORTGAGE,3,0,1,0,0,0,0,0,0,1,A,13000,7.29,0,0.28,0,3
5787,23,46551,MORTGAGE,7,0,1,0,0,0,0,0,0,1,B,15000,10.62,0,0.32,0,4
5822,24,47000,MORTGAGE,9,0,1,0,0,0,0,0,0,1,C,9600,15.96,0,0.2,0,2
5852,23,47000,MORTGAGE,1,0,1,0,0,0,0,0,0,1,A,6000,5.99,0,0.13,0,2
5877,23,47000,MORTGAGE,8,0,1,0,0,0,0,0,0,1,A,7500,7.51,0,0.16,0,4
5902,22,47091,MORTGAGE,6,0,1,0,0,0,0,0,0,1,A,10000,,0,0.21,0,3
5916,26,47300,MORTGAGE,3,0,1,0,0,0,0,0,0,1,B,6000,12.69,0,0.13,0,4
5922,22,47472,MORTGAGE,6,0,1,0,0,0,0,0,0,1,B,20000,11.83,0,0.42,0,3
5929,22,47500,MORTGAGE,6,0,1,0,0,0,0,0,0,1,A,6000,7.9,0,0.13,0,3
5962,22,47952,MORTGAGE,,0,1,0,0,0,0,0,0,1,A,15000,6.17,0,0.31,0,4
5966,21,48000,MORTGAGE,5,0,1,0,0,0,0,0,0,1,B,7350,10.65,0,0.15,0,2
6002,24,48000,MORTGAGE,9,0,1,0,0,0,0,0,0,1,A,8400,,0,0.17,0,4
6012,23,48000,MORTGAGE,8,0,1,0,0,0,0,0,0,1,A,10500,7.51,0,0.22,0,2
6036,22,48000,MORTGAGE,2,0,1,0,0,0,0,0,0,1,B,13000,10.99,0,0.27,0,3
6052,25,48000,MORTGAGE,7,0,1,0,0,0,0,0,0,1,B,3000,11.99,0,0.06,0,4
6055,25,48000,MORTGAGE,6,0,1,0,0,0,0,0,0,1,A,3200,6.99,0,0.07,0,2
6096,23,48000,MORTGAGE,7,0,1,0,0,0,0,0,0,1,A,14125,,0,0.29,0,2
6144,25,48000,MORTGAGE,2,0,1,0,0,0,0,0,0,1,B,5000,,0,0.1,0,4
6161,24,48000,MORTGAGE,3,0,1,0,0,0,0,0,0,1,A,9600,,0,0.2,0,4
6174,22,48000,MORTGAGE,7,0,1,0,0,0,0,0,0,1,B,6500,10.62,0,0.14,0,3
6181,26,48000,MORTGAGE,1,0,1,0,0,0,0,0,0,1,B,4200,10.62,0,0.09,0,2
6184,26,48000,MORTGAGE,10,0,1,0,0,0,0,0,0,1,A,4000,,0,0.08,0,2
6187,23,48000,MORTGAGE,3,0,1,0,0,0,0,0,0,1,B,12000,11.36,0,0.25,0,3
6213,22,48000,MORTGAGE,3,0,1,0,0,0,0,0,0,1,B,8000,12.53,0,0.17,0,4
6270,23,48235,MORTGAGE,5,0,1,0,0,0,0,0,0,1,B,20000,12.18,0,0.41,0,2
6276,23,48500,MORTGAGE,1,0,1,0,0,0,0,0,0,1,C,6500,,0,0.13,0,4
6304,24,48852,MORTGAGE,4,0,1,0,0,0,0,0,0,1,A,10300,6.99,0,0.21,0,2
6307,24,48960,MORTGAGE,8,0,1,0,0,0,0,0,0,1,E,10000,18.39,0,0.2,0,3
6330,23,49000,MORTGAGE,7,0,1,0,0,0,0,0,0,1,C,4000,13.99,0,0.08,0,4
6345,23,49000,MORTGAGE,2,0,1,0,0,0,0,0,0,1,A,6000,7.88,0,0.12,0,4
6353,22,49000,MORTGAGE,6,0,1,0,0,0,0,0,0,1,A,4000,8.94,0,0.08,0,2
6356,21,49000,MORTGAGE,5,0,1,0,0,0,0,0,0,1,A,14000,,0,0.29,0,3
6358,22,49000,MORTGAGE,4,0,1,0,0,0,0,0,0,1,A,7000,9.32,0,0.14,0,2
6372,22,49200,MORTGAGE,6,0,1,0,0,0,0,0,0,1,A,4800,7.51,0,0.1,0,3
6394,22,49500,MORTGAGE,5,0,1,0,0,0,0,0,0,1,B,10000,10.36,0,0.2,0,3
6459,22,50000,MORTGAGE,6,0,1,0,0,0,0,0,0,1,B,6000,12.69,0,0.12,0,4
6462,25,50000,MORTGAGE,9,0,1,0,0,0,0,0,0,1,A,18650,7.9,0,0.37,0,4
6481,22,50000,MORTGAGE,,0,1,0,0,0,0,0,0,1,B,10000,12.69,0,0.2,0,4
6483,25,50000,MORTGAGE,0,0,1,0,0,0,0,0,0,1,E,8000,19.42,0,0.16,0,2
6485,21,50000,MORTGAGE,5,0,1,0,0,0,0,0,0,1,A,3500,6.03,0,0.07,0,4
6494,25,50000,MORTGAGE,2,0,1,0,0,0,0,0,0,1,A,10000,7.9,0,0.2,0,2
6496,24,50000,MORTGAGE,7,0,1,0,0,0,0,0,0,1,B,7500,11.71,0,0.15,0,4
6499,24,50000,MORTGAGE,8,0,1,0,0,0,0,0,0,1,A,13700,6.03,0,0.27,0,3
6506,22,50000,MORTGAGE,6,0,1,0,0,0,0,0,0,1,C,10000,,0,0.2,0,4
6509,26,50000,MORTGAGE,4,0,1,0,0,0,0,0,0,1,A,17200,7.51,0,0.34,0,4
6525,26,50000,MORTGAGE,7,0,1,0,0,0,0,0,0,1,A,7200,6.62,0,0.14,0,2
6527,24,50000,MORTGAGE,3,0,1,0,0,0,0,0,0,1,A,15000,8.9,0,0.3,0,2
6529,23,50000,MORTGAGE,0,0,1,0,0,0,0,0,0,1,A,6100,,0,0.12,0,4
6542,23,50000,MORTGAGE,2,0,1,0,0,0,0,0,0,1,A,6400,8.49,0,0.13,0,4
6558,26,50000,MORTGAGE,8,0,1,0,0,0,0,0,0,1,B,8000,10.59,0,0.16,0,2
6562,24,50000,MORTGAGE,7,0,1,0,0,0,0,0,0,1,D,11000,16.89,0,0.22,0,3
6564,23,50000,MORTGAGE,5,0,1,0,0,0,0,0,0,1,A,3600,5.99,0,0.07,0,2
6566,22,50000,MORTGAGE,6,0,1,0,0,0,0,0,0,1,B,7200,,0,0.14,0,3
6618,23,50000,MORTGAGE,6,0,1,0,0,0,0,0,0,1,A,7000,5.99,0,0.14,0,3
6647,22,50000,MORTGAGE,6,0,1,0,0,0,0,0,0,1,A,6800,6.92,0,0.14,0,4
6656,22,50000,MORTGAGE,7,0,1,0,0,0,0,0,0,1,B,8800,11.11,0,0.18,0,4
6661,26,50000,MORTGAGE,1,0,1,0,0,0,0,0,0,1,B,15000,10.37,0,0.3,0,2
6699,23,50000,MORTGAGE,4,0,1,0,0,0,0,0,0,1,E,15250,15.95,0,0.3,0,3
6704,22,50000,MORTGAGE,5,0,1,0,0,0,0,0,0,1,B,10000,10.36,0,0.2,0,3
6830,24,50000,MORTGAGE,2,0,1,0,0,0,0,0,0,1,A,12500,9.32,0,0.25,0,2
6854,23,50000,MORTGAGE,7,0,1,0,0,0,0,0,0,1,B,8600,11.26,0,0.17,0,3
6857,24,50000,MORTGAGE,7,0,1,0,0,0,0,0,0,1,D,1000,14.42,0,0.02,0,3
6868,21,44000,MORTGAGE,5,0,1,0,0,0,0,0,0,1,D,7500,12.92,1,0.17,0,4
6924,23,50129,MORTGAGE,7,0,1,0,0,0,0,0,0,1,A,11400,7.29,0,0.23,0,2
6936,22,50400,MORTGAGE,0,0,1,0,0,0,0,0,0,1,A,12000,7.9,0,0.24,0,3
6937,25,50400,MORTGAGE,4,0,1,0,0,0,0,0,0,1,C,3000,14.65,0,0.06,0,3
6942,25,44400,MORTGAGE,9,0,1,0,0,0,0,0,0,1,C,6000,12.99,1,0.14,0,4
6945,23,50400,MORTGAGE,4,0,1,0,0,0,0,0,0,1,A,11200,7.42,0,0.22,0,3
6996,23,51000,MORTGAGE,7,0,1,0,0,0,0,0,0,1,A,10000,6.03,0,0.2,0,3
7077,22,51168,MORTGAGE,6,0,1,0,0,0,0,0,0,1,B,15500,10.99,0,0.3,0,3
7083,25,51300,MORTGAGE,7,0,1,0,0,0,0,0,0,1,A,11000,5.99,0,0.21,0,3
7088,23,51319,MORTGAGE,2,0,1,0,0,0,0,0,0,1,B,20000,10.37,0,0.39,0,3
7102,24,51500,MORTGAGE,2,0,1,0,0,0,0,0,0,1,A,6300,5.79,0,0.12,0,3
7104,26,51500,MORTGAGE,7,0,1,0,0,0,0,0,0,1,B,11000,,0,0.21,0,3
7130,21,51800,MORTGAGE,1,0,1,0,0,0,0,0,0,1,B,5000,9.99,0,0.1,0,3
7135,22,51900,MORTGAGE,5,0,1,0,0,0,0,0,0,1,B,14100,11.49,0,0.27,0,2
7154,25,51996,MORTGAGE,6,0,1,0,0,0,0,0,0,1,C,7000,,0,0.13,0,3
7173,22,52000,MORTGAGE,6,0,1,0,0,0,0,0,0,1,A,12000,6.62,0,0.23,0,3
7196,24,52000,MORTGAGE,9,0,1,0,0,0,0,0,0,1,B,11300,,0,0.22,0,3
7231,24,52000,MORTGAGE,6,0,1,0,0,0,0,0,0,1,A,9000,5.79,0,0.17,0,2
7243,26,52000,MORTGAGE,7,0,1,0,0,0,0,0,0,1,B,6500,10.74,0,0.13,0,2
7261,22,52000,MORTGAGE,5,0,1,0,0,0,0,0,0,1,C,3000,14.35,0,0.06,0,2
7285,22,52000,MORTGAGE,5,0,1,0,0,0,0,0,0,1,A,3900,7.51,0,0.07,0,3
7286,24,52000,MORTGAGE,7,0,1,0,0,0,0,0,0,1,B,7800,11.36,0,0.15,0,3
7290,24,52000,MORTGAGE,3,0,1,0,0,0,0,0,0,1,A,3500,6.76,0,0.07,0,3
7293,24,52000,MORTGAGE,8,0,1,0,0,0,0,0,0,1,B,8400,10.99,0,0.16,0,4
7375,22,52800,MORTGAGE,5,0,1,0,0,0,0,0,0,1,B,4000,10.99,0,0.08,0,2
7415,25,53000,MORTGAGE,9,0,1,0,0,0,0,0,0,1,A,10800,7.51,0,0.2,0,2
7419,26,53000,MORTGAGE,10,0,1,0,0,0,0,0,0,1,A,12000,5.99,0,0.23,0,4
7426,24,53000,MORTGAGE,4,0,1,0,0,0,0,0,0,1,A,15000,,0,0.28,0,2
7433,24,53000,MORTGAGE,8,0,1,0,0,0,0,0,0,1,A,6850,6.92,0,0.13,0,2
7449,22,53000,MORTGAGE,6,0,1,0,0,0,0,0,0,1,E,8000,16.82,0,0.15,0,4
7474,25,53000,MORTGAGE,2,0,1,0,0,0,0,0,0,1,B,10750,11.14,0,0.2,0,2
7487,24,53004,MORTGAGE,6,0,1,0,0,0,0,0,0,1,B,21000,10.65,0,0.4,0,4
7488,25,53004,MORTGAGE,3,0,1,0,0,0,0,0,0,1,A,4800,5.42,0,0.09,0,2
7547,22,53913,MORTGAGE,6,0,1,0,0,0,0,0,0,1,A,11500,5.99,0,0.21,0,4
7566,23,54000,MORTGAGE,2,0,1,0,0,0,0,0,0,1,A,7000,6.62,0,0.13,0,3
7569,23,54000,MORTGAGE,5,0,1,0,0,0,0,0,0,1,B,8500,12.42,0,0.16,0,2
7575,25,54000,MORTGAGE,6,0,1,0,0,0,0,0,0,1,E,7000,18.64,0,0.13,0,3
7604,24,54000,MORTGAGE,5,0,1,0,0,0,0,0,0,1,A,4000,5.42,0,0.07,0,2
7606,24,54000,MORTGAGE,5,0,1,0,0,0,0,0,0,1,A,11000,5.42,0,0.2,0,2
7609,23,54000,MORTGAGE,8,0,1,0,0,0,0,0,0,1,A,3000,5.42,0,0.06,0,2
7622,25,54000,MORTGAGE,9,0,1,0,0,0,0,0,0,1,A,8000,6.92,0,0.15,0,4
7662,23,54000,MORTGAGE,3,0,1,0,0,0,0,0,0,1,B,10000,9.88,0,0.19,0,2
7672,21,54000,MORTGAGE,5,0,1,0,0,0,0,0,0,1,A,13000,7.51,0,0.24,0,4
7680,24,54000,MORTGAGE,2,0,1,0,0,0,0,0,0,1,A,8700,7.05,0,0.16,0,4
7768,24,54996,MORTGAGE,8,0,1,0,0,0,0,0,0,1,A,5500,5.99,0,0.1,0,4
7793,25,54996,MORTGAGE,0,0,1,0,0,0,0,0,0,1,A,10000,8.94,0,0.18,0,2
7814,23,55000,MORTGAGE,8,0,1,0,0,0,0,0,0,1,B,7200,11.71,0,0.13,0,3
7829,23,55000,MORTGAGE,7,0,1,0,0,0,0,0,0,1,A,5200,8.9,0,0.09,0,4
7842,23,55000,MORTGAGE,7,0,1,0,0,0,0,0,0,1,A,6500,7.9,0,0.12,0,3
7849,25,55000,MORTGAGE,9,0,1,0,0,0,0,0,0,1,B,5000,9.91,0,0.09,0,4
7853,26,55000,MORTGAGE,,0,1,0,0,0,0,0,0,1,A,4500,8.49,0,0.08,0,3
7869,25,55000,MORTGAGE,9,0,1,0,0,0,0,0,0,1,A,6500,7.49,0,0.12,0,3
7874,24,55000,MORTGAGE,8,0,1,0,0,0,0,0,0,1,A,1800,7.49,0,0.03,0,4
7879,22,55000,MORTGAGE,7,0,1,0,0,0,0,0,0,1,A,3000,5.99,0,0.05,0,4
7880,26,55000,MORTGAGE,10,0,1,0,0,0,0,0,0,1,A,10000,7.49,0,0.18,0,2
7882,26,55000,MORTGAGE,10,0,1,0,0,0,0,0,0,1,C,2800,13.49,0,0.05,0,2
7902,23,55000,MORTGAGE,1,0,1,0,0,0,0,0,0,1,B,1500,11.49,0,0.03,0,3
7923,26,55000,MORTGAGE,10,0,1,0,0,0,0,0,0,1,A,5000,6.92,0,0.09,0,3
7932,22,55000,MORTGAGE,6,0,1,0,0,0,0,0,0,1,B,12000,9.99,0,0.22,0,4
7984,24,55000,MORTGAGE,3,0,1,0,0,0,0,0,0,1,A,5000,7.88,0,0.09,0,4
8017,24,55000,MORTGAGE,8,0,1,0,0,0,0,0,0,1,A,5500,8.59,0,0.1,0,3
8035,26,55000,MORTGAGE,8,0,1,0,0,0,0,0,0,1,B,7000,12.53,0,0.13,0,4
8036,26,55000,MORTGAGE,10,0,1,0,0,0,0,0,0,1,A,12500,8.94,0,0.23,0,2
8046,24,55000,MORTGAGE,2,0,1,0,0,0,0,0,0,1,A,6000,8,0,0.11,0,2
8094,21,55200,MORTGAGE,5,0,1,0,0,0,0,0,0,1,A,8900,6.17,0,0.16,0,2
8105,24,55400,MORTGAGE,8,0,1,0,0,0,0,0,0,1,A,11000,7.29,0,0.2,0,3
8127,24,55800,MORTGAGE,0,0,1,0,0,0,0,0,0,1,A,3200,7.68,0,0.06,0,3
8140,23,56000,MORTGAGE,7,0,1,0,0,0,0,0,0,1,A,7200,6.03,0,0.13,0,2
8150,24,56000,MORTGAGE,3,0,1,0,0,0,0,0,0,1,B,2000,10.99,0,0.04,0,4
8162,25,56000,MORTGAGE,9,0,1,0,0,0,0,0,0,1,B,12375,11.49,0,0.22,0,4
8168,23,56000,MORTGAGE,4,0,1,0,0,0,0,0,0,1,A,6000,5.99,0,0.11,0,2
8201,24,56000,MORTGAGE,5,0,1,0,0,0,0,0,0,1,A,13000,8.94,0,0.23,0,3
8261,25,56655,MORTGAGE,9,0,1,0,0,0,0,0,0,1,C,20000,13.61,0,0.35,0,2
8283,22,57000,MORTGAGE,6,0,1,0,0,0,0,0,0,1,B,7200,,0,0.13,0,2
8288,26,57000,MORTGAGE,10,0,1,0,0,0,0,0,0,1,A,14000,5.42,0,0.25,0,4
8295,22,57000,MORTGAGE,1,0,1,0,0,0,0,0,0,1,A,3200,5.99,0,0.06,0,4
8298,23,57000,MORTGAGE,0,0,1,0,0,0,0,0,0,1,B,20000,11.99,0,0.35,0,2
8308,24,57000,MORTGAGE,8,0,1,0,0,0,0,0,0,1,D,14000,14.91,0,0.25,0,4
8309,23,57000,MORTGAGE,5,0,1,0,0,0,0,0,0,1,B,18000,11.11,0,0.32,0,2
8341,26,57000,MORTGAGE,10,0,1,0,0,0,0,0,0,1,B,2500,11.58,0,0.04,0,3
8344,24,57000,MORTGAGE,3,0,1,0,0,0,0,0,0,1,A,5500,8,0,0.1,0,3
8349,25,57000,MORTGAGE,5,0,1,0,0,0,0,0,0,1,C,7250,10.59,0,0.13,0,4
8356,23,57188,MORTGAGE,7,0,1,0,0,0,0,0,0,1,A,17450,6.62,0,0.31,0,3
8375,21,57500,MORTGAGE,6,0,1,0,0,0,0,0,0,1,A,4000,7.9,0,0.07,0,3
8399,22,57600,MORTGAGE,6,0,1,0,0,0,0,0,0,1,B,6000,10.74,0,0.1,0,3
8400,24,57600,MORTGAGE,9,0,1,0,0,0,0,0,0,1,B,6500,,0,0.11,0,2
8416,23,57600,MORTGAGE,0,0,1,0,0,0,0,0,0,1,B,1000,,0,0.02,0,2
8420,21,57700,MORTGAGE,5,0,1,0,0,0,0,0,0,1,B,13500,9.91,0,0.23,0,2
8433,22,57996,MORTGAGE,4,0,1,0,0,0,0,0,0,1,A,21250,6.91,0,0.37,0,4
8439,22,57996,MORTGAGE,2,0,1,0,0,0,0,0,0,1,B,2500,12.53,0,0.04,0,3
8457,26,58000,MORTGAGE,0,0,1,0,0,0,0,0,0,1,B,11600,11.99,0,0.2,0,3
8478,22,58000,MORTGAGE,1,0,1,0,0,0,0,0,0,1,A,4000,7.29,0,0.07,0,3
8494,26,58000,MORTGAGE,10,0,1,0,0,0,0,0,0,1,B,5000,10.62,0,0.09,0,2
8531,26,58125,MORTGAGE,10,0,1,0,0,0,0,0,0,1,B,6000,10.25,0,0.1,0,2
8577,23,59000,MORTGAGE,7,0,1,0,0,0,0,0,0,1,A,2000,5.42,0,0.03,0,2
8578,26,59000,MORTGAGE,,0,1,0,0,0,0,0,0,1,A,7800,6.99,0,0.13,0,2
8623,26,59500,MORTGAGE,9,0,1,0,0,0,0,0,0,1,A,12000,6.62,0,0.2,0,3
8633,26,59700,MORTGAGE,5,0,1,0,0,0,0,0,0,1,B,15000,10.99,0,0.25,0,4
8640,26,53826,MORTGAGE,10,0,1,0,0,0,0,0,0,1,C,8500,14.79,1,0.16,0,3
8681,26,60000,MORTGAGE,10,0,1,0,0,0,0,0,0,1,B,20000,12.69,0,0.33,0,2
8708,25,60000,MORTGAGE,10,0,1,0,0,0,0,0,0,1,D,10000,16.77,0,0.17,0,3
8713,24,60000,MORTGAGE,,0,1,0,0,0,0,0,0,1,A,12000,7.9,0,0.2,0,3
8720,25,60000,MORTGAGE,4,0,1,0,0,0,0,0,0,1,A,14000,7.9,0,0.23,0,2
8727,22,60000,MORTGAGE,3,0,1,0,0,0,0,0,0,1,A,5000,7.9,0,0.08,0,2
8742,24,60000,MORTGAGE,9,0,1,0,0,0,0,0,0,1,A,3000,7.51,0,0.05,0,4
8768,25,60000,MORTGAGE,6,0,1,0,0,0,0,0,0,1,D,8400,16.89,0,0.14,0,3
8786,25,60000,MORTGAGE,9,0,1,0,0,0,0,0,0,1,A,15000,8.49,0,0.25,0,3
8787,23,54000,MORTGAGE,3,0,1,0,0,0,0,0,0,1,D,4000,15.62,1,0.07,0,3
8801,22,60000,MORTGAGE,5,0,1,0,0,0,0,0,0,1,A,5600,7.49,0,0.09,0,3
8812,25,60000,MORTGAGE,5,0,1,0,0,0,0,0,0,1,A,5000,,0,0.08,0,4
8825,24,60000,MORTGAGE,0,0,1,0,0,0,0,0,0,1,B,8500,10.59,0,0.14,0,3
8845,23,60000,MORTGAGE,6,0,1,0,0,0,0,0,0,1,A,10000,5.42,0,0.17,0,4
8896,25,60000,MORTGAGE,1,0,1,0,0,0,0,0,0,1,A,5000,7.29,0,0.08,0,2
8901,26,60000,MORTGAGE,10,0,1,0,0,0,0,0,0,1,A,12500,6.92,0,0.21,0,2
8913,22,60000,MORTGAGE,6,0,1,0,0,0,0,0,0,1,A,7800,7.29,0,0.13,0,2
8919,24,60000,MORTGAGE,7,0,1,0,0,0,0,0,0,1,B,15850,11.11,0,0.26,0,3
8920,22,60000,MORTGAGE,6,0,1,0,0,0,0,0,0,1,A,11200,5.79,0,0.19,0,4
8933,22,60000,MORTGAGE,6,0,1,0,0,0,0,0,0,1,A,6125,6.17,0,0.1,0,3
8944,24,60000,MORTGAGE,8,0,1,0,0,0,0,0,0,1,B,9000,,0,0.15,0,4
8955,24,60000,MORTGAGE,8,0,1,0,0,0,0,0,0,1,B,12000,9.62,0,0.2,0,4
8990,25,60000,MORTGAGE,3,0,1,0,0,0,0,0,0,1,B,10000,11.49,0,0.17,0,4
8991,24,60000,MORTGAGE,3,0,1,0,0,0,0,0,0,1,A,20000,7.88,0,0.33,0,2
9024,25,60000,MORTGAGE,3,0,1,0,0,0,0,0,0,1,A,7000,,0,0.12,0,3
9038,22,60000,MORTGAGE,7,0,1,0,0,0,0,0,0,1,B,6000,10.38,0,0.1,0,2
9051,25,60000,MORTGAGE,9,0,1,0,0,0,0,0,0,1,B,12000,10.99,0,0.2,0,2
9062,21,60000,MORTGAGE,2,0,1,0,0,0,0,0,0,1,B,6000,10.62,0,0.1,0,4
9077,22,60000,MORTGAGE,4,0,1,0,0,0,0,0,0,1,A,3000,6.76,0,0.05,0,4
9107,22,60000,MORTGAGE,6,0,1,0,0,0,0,0,0,1,A,7000,7.14,0,0.12,0,3
9132,23,60000,MORTGAGE,7,0,1,0,0,0,0,0,0,1,B,2450,11.48,0,0.04,0,2
9133,23,60000,MORTGAGE,0,0,1,0,0,0,0,0,0,1,F,3000,19.13,0,0.05,0,2
9161,24,60000,MORTGAGE,3,0,1,0,0,0,0,0,0,1,B,4000,12.18,0,0.07,0,2
9192,22,60000,MORTGAGE,5,0,1,0,0,0,0,0,0,1,B,20000,12.21,0,0.33,0,3
9201,24,60000,MORTGAGE,8,0,1,0,0,0,0,0,0,1,A,2800,9.32,0,0.05,0,4
9208,22,60000,MORTGAGE,3,0,1,0,0,0,0,0,0,1,A,10000,8,0,0.17,0,4
9308,23,61000,MORTGAGE,2,0,1,0,0,0,0,0,0,1,E,18400,19.29,0,0.3,0,2
9335,26,61000,MORTGAGE,5,0,1,0,0,0,0,0,0,1,B,19200,11.48,0,0.31,0,3
9339,24,61080,MORTGAGE,8,0,1,0,0,0,0,0,0,1,B,25000,10.59,0,0.41,0,3
9347,23,61200,MORTGAGE,2,0,1,0,0,0,0,0,0,1,A,9000,,0,0.15,0,2
9363,22,61300,MORTGAGE,4,0,1,0,0,0,0,0,0,1,A,13000,9.63,0,0.21,0,3
9373,22,61500,MORTGAGE,5,0,1,0,0,0,0,0,0,1,A,30000,6.62,0,0.49,0,3
9375,24,61500,MORTGAGE,8,0,1,0,0,0,0,0,0,1,B,3200,11.49,0,0.05,0,2
9394,23,62000,MORTGAGE,3,0,1,0,0,0,0,0,0,1,A,4000,8.9,0,0.06,0,2
9414,25,62000,MORTGAGE,7,0,1,0,0,0,0,0,0,1,A,12000,5.42,0,0.19,0,2
9416,25,62000,MORTGAGE,9,0,1,0,0,0,0,0,0,1,B,8500,10.99,0,0.14,0,2
9420,23,62000,MORTGAGE,2,0,1,0,0,0,0,0,0,1,A,5000,5.42,0,0.08,0,3
9460,24,56000,MORTGAGE,1,0,1,0,0,0,0,0,0,1,C,10000,14.35,1,0.18,0,4
9466,23,62000,MORTGAGE,7,0,1,0,0,0,0,0,0,1,A,11200,7.88,0,0.18,0,4
9470,22,62000,MORTGAGE,6,0,1,0,0,0,0,0,0,1,A,5000,8.59,0,0.08,0,4
9479,24,62000,MORTGAGE,8,0,1,0,0,0,0,0,0,1,E,20000,16.7,0,0.32,0,2
9493,23,62000,MORTGAGE,4,0,1,0,0,0,0,0,0,1,B,9600,9.2,0,0.15,0,2
9539,23,62400,MORTGAGE,4,0,1,0,0,0,0,0,0,1,A,7200,8.9,0,0.12,0,4
9572,24,62500,MORTGAGE,2,0,1,0,0,0,0,0,0,1,A,6000,5.79,0,0.1,0,2
9583,23,62500,MORTGAGE,7,0,1,0,0,0,0,0,0,1,A,4000,7.43,0,0.06,0,3
9604,24,63000,MORTGAGE,0,0,1,0,0,0,0,0,0,1,B,6000,9.91,0,0.1,0,4
9609,24,63000,MORTGAGE,5,0,1,0,0,0,0,0,0,1,B,20000,11.49,0,0.32,0,3
9626,22,63000,MORTGAGE,6,0,1,0,0,0,0,0,0,1,A,8400,7.29,0,0.13,0,4
9637,24,63000,MORTGAGE,8,0,1,0,0,0,0,0,0,1,B,6300,11.49,0,0.1,0,4
9684,23,63189,MORTGAGE,7,0,1,0,0,0,0,0,0,1,B,8000,10.74,0,0.13,0,2
9685,25,63200,MORTGAGE,3,0,1,0,0,0,0,0,0,1,A,27250,8.9,0,0.43,0,4
9710,23,63600,MORTGAGE,7,0,1,0,0,0,0,0,0,1,A,2475,5.79,0,0.04,0,3
9721,24,63996,MORTGAGE,5,0,1,0,0,0,0,0,0,1,B,6000,10.75,0,0.09,0,3
9730,24,64000,MORTGAGE,5,0,1,0,0,0,0,0,0,1,D,12000,16.77,0,0.19,0,2
9741,22,64000,MORTGAGE,5,0,1,0,0,0,0,0,0,1,B,6000,10.99,0,0.09,0,3
9745,24,64000,MORTGAGE,8,0,1,0,0,0,0,0,0,1,B,8000,,0,0.13,0,3
9748,24,64000,MORTGAGE,8,0,1,0,0,0,0,0,0,1,B,4000,10,0,0.06,0,2
9749,23,64000,MORTGAGE,4,0,1,0,0,0,0,0,0,1,A,5550,7.29,0,0.09,0,4
9754,24,64000,MORTGAGE,8,0,1,0,0,0,0,0,0,1,B,1200,10.74,0,0.02,0,4
9775,24,64000,MORTGAGE,8,0,1,0,0,0,0,0,0,1,B,4800,12.21,0,0.07,0,4
9819,24,64800,MORTGAGE,5,0,1,0,0,0,0,0,0,1,A,11000,5.79,0,0.17,0,3
9828,26,64999,MORTGAGE,11,0,1,0,0,0,0,0,0,1,B,15000,10.99,0,0.23,0,2
9830,22,64999,MORTGAGE,6,0,1,0,0,0,0,0,0,1,D,2500,14.61,0,0.04,0,2
9840,24,65000,MORTGAGE,2,0,1,0,0,0,0,0,0,1,B,12000,12.69,0,0.18,0,4
9842,25,65000,MORTGAGE,0,0,1,0,0,0,0,0,0,1,A,12000,7.9,0,0.18,0,4
9860,26,65000,MORTGAGE,11,0,1,0,0,0,0,0,0,1,A,12000,7.9,0,0.18,0,2
9868,21,65000,MORTGAGE,5,0,1,0,0,0,0,0,0,1,A,10000,6.03,0,0.15,0,3
9895,23,65000,MORTGAGE,1,0,1,0,0,0,0,0,0,1,A,7000,8.49,0,0.11,0,4
9905,23,65000,MORTGAGE,5,0,1,0,0,0,0,0,0,1,A,16500,7.49,0,0.25,0,3
9906,23,65000,MORTGAGE,8,0,1,0,0,0,0,0,0,1,A,3600,7.49,0,0.06,0,3
9974,26,65000,MORTGAGE,3,0,1,0,0,0,0,0,0,1,A,10000,7.29,0,0.15,0,3
9988,22,65000,MORTGAGE,2,0,1,0,0,0,0,0,0,1,B,10000,11.11,0,0.15,0,3
9991,24,65000,MORTGAGE,7,0,1,0,0,0,0,0,0,1,A,6000,5.42,0,0.09,0,3
9996,23,65000,MORTGAGE,7,0,1,0,0,0,0,0,0,1,B,13750,9.62,0,0.21,0,3
9998,23,65000,MORTGAGE,0,0,1,0,0,0,0,0,0,1,B,7300,9.99,0,0.11,0,3
10020,21,65000,MORTGAGE,2,0,1,0,0,0,0,0,0,1,B,8400,11.86,0,0.13,0,4
10022,23,65000,MORTGAGE,7,0,1,0,0,0,0,0,0,1,A,6250,6.76,0,0.1,0,2
10026,25,65000,MORTGAGE,3,0,1,0,0,0,0,0,0,1,C,7000,14.72,0,0.11,0,3
10038,23,65000,MORTGAGE,7,0,1,0,0,0,0,0,0,1,A,14400,7.51,0,0.22,0,3
10043,26,65000,MORTGAGE,6,0,1,0,0,0,0,0,0,1,E,22000,17.19,0,0.34,0,2
10052,24,65000,MORTGAGE,5,0,1,0,0,0,0,0,0,1,A,8000,7.51,0,0.12,0,4
10055,22,65000,MORTGAGE,6,0,1,0,0,0,0,0,0,1,B,6000,,0,0.09,0,2
10092,22,65000,MORTGAGE,6,0,1,0,0,0,0,0,0,1,A,17000,8.94,0,0.26,0,2
10104,22,65000,MORTGAGE,6,0,1,0,0,0,0,0,0,1,A,1500,9.32,0,0.02,0,2
10122,23,65000,MORTGAGE,7,0,1,0,0,0,0,0,0,1,C,17600,12.72,0,0.27,0,3
10140,22,65004,MORTGAGE,5,0,1,0,0,0,0,0,0,1,A,12500,6.03,0,0.19,0,4
10173,24,65158,MORTGAGE,9,0,1,0,0,0,0,0,0,1,B,18000,10.25,0,0.28,0,4
10177,21,65253,MORTGAGE,5,0,1,0,0,0,0,0,0,1,A,16075,,0,0.25,0,3
10184,21,65496,MORTGAGE,3,0,1,0,0,0,0,0,0,1,B,13250,10.37,0,0.2,0,4
10195,26,59600,MORTGAGE,9,0,1,0,0,0,0,0,0,1,E,21000,16.45,1,0.35,0,2
10196,24,65600,MORTGAGE,8,0,1,0,0,0,0,0,0,1,A,10000,,0,0.15,0,3
10215,23,66000,MORTGAGE,7,0,1,0,0,0,0,0,0,1,A,15000,6.03,0,0.23,0,4
10222,23,66000,MORTGAGE,5,0,1,0,0,0,0,0,0,1,A,6000,6.62,0,0.09,0,2
10228,23,66000,MORTGAGE,4,0,1,0,0,0,0,0,0,1,B,3000,,0,0.05,0,4
10244,24,66000,MORTGAGE,7,0,1,0,0,0,0,0,0,1,C,11200,13.99,0,0.17,0,2
10247,23,66000,MORTGAGE,7,0,1,0,0,0,0,0,0,1,B,2700,10.74,0,0.04,0,3
10260,22,66000,MORTGAGE,6,0,1,0,0,0,0,0,0,1,B,2400,,0,0.04,0,2
10266,23,66000,MORTGAGE,3,0,1,0,0,0,0,0,0,1,A,6000,7.88,0,0.09,0,2
10267,22,66000,MORTGAGE,,0,1,0,0,0,0,0,0,1,A,3000,7.51,0,0.05,0,3
10275,23,66000,MORTGAGE,7,0,1,0,0,0,0,0,0,1,B,5000,9.88,0,0.08,0,4
10305,26,66384,MORTGAGE,3,0,1,0,0,0,0,0,0,1,A,10000,7.88,0,0.15,0,4
10343,26,67000,MORTGAGE,1,0,1,0,0,0,0,0,0,1,A,29000,7.51,0,0.43,0,2
10348,23,67000,MORTGAGE,7,0,1,0,0,0,0,0,0,1,A,10000,,0,0.15,0,3
10367,22,67000,MORTGAGE,6,0,1,0,0,0,0,0,0,1,A,4000,6.76,0,0.06,0,3
10381,23,67000,MORTGAGE,0,0,1,0,0,0,0,0,0,1,A,6000,9.32,0,0.09,0,2
10394,23,67200,MORTGAGE,7,0,1,0,0,0,0,0,0,1,A,16000,6.03,0,0.24,0,2
10435,22,67807,MORTGAGE,6,0,1,0,0,0,0,0,0,1,A,6400,7.14,0,0.09,0,3
10440,23,68000,MORTGAGE,7,0,1,0,0,0,0,0,0,1,A,12000,7.51,0,0.18,0,3
10461,22,68000,MORTGAGE,3,0,1,0,0,0,0,0,0,1,A,6500,5.99,0,0.1,0,4
10473,24,68000,MORTGAGE,1,0,1,0,0,0,0,0,0,1,A,6000,,0,0.09,0,2
10474,23,68000,MORTGAGE,3,0,1,0,0,0,0,0,0,1,B,9750,10.37,0,0.14,0,3
10477,23,68000,MORTGAGE,2,0,1,0,0,0,0,0,0,1,B,10000,10.37,0,0.15,0,2
10525,24,68069,MORTGAGE,,0,1,0,0,0,0,0,0,1,A,8100,,0,0.12,0,4
10538,23,68400,MORTGAGE,,0,1,0,0,0,0,0,0,1,B,1800,8.88,0,0.03,0,4
10597,26,69000,MORTGAGE,4,0,1,0,0,0,0,0,0,1,D,16000,15.7,0,0.23,0,4
10598,25,69000,MORTGAGE,3,0,1,0,0,0,0,0,0,1,A,6000,7.88,0,0.09,0,2
10605,23,69000,MORTGAGE,7,0,1,0,0,0,0,0,0,1,B,15000,11.58,0,0.22,0,3
10611,23,69000,MORTGAGE,1,0,1,0,0,0,0,0,0,1,B,19000,9.51,0,0.28,0,2
10623,24,69504,MORTGAGE,3,0,1,0,0,0,0,0,0,1,A,10000,7.66,0,0.14,0,4
10631,25,69600,MORTGAGE,9,0,1,0,0,0,0,0,0,1,B,7000,11.49,0,0.1,0,2
10635,26,69600,MORTGAGE,3,0,1,0,0,0,0,0,0,1,C,5000,11.66,0,0.07,0,4
10645,25,69900,MORTGAGE,9,0,1,0,0,0,0,0,0,1,A,5050,5.42,0,0.07,0,2
10646,26,69912,MORTGAGE,9,0,1,0,0,0,0,0,0,1,A,8000,6.99,0,0.11,0,2
10656,22,69996,MORTGAGE,6,0,1,0,0,0,0,0,0,1,B,10000,10,0,0.14,0,4
10659,23,69996,MORTGAGE,5,0,1,0,0,0,0,0,0,1,B,12000,11.11,0,0.17,0,2
10661,23,69996,MORTGAGE,7,0,1,0,0,0,0,0,0,1,A,3000,6.39,0,0.04,0,4
10677,24,69996,MORTGAGE,5,0,1,0,0,0,0,0,0,1,A,12000,,0,0.17,0,2
10678,23,69996,MORTGAGE,4,0,1,0,0,0,0,0,0,1,A,4000,8,0,0.06,0,2
10702,23,70000,MORTGAGE,7,0,1,0,0,0,0,0,0,1,A,3500,6.03,0,0.05,0,3
10716,26,70000,MORTGAGE,9,0,1,0,0,0,0,0,0,1,A,35000,7.9,0,0.5,0,2
10724,24,64000,MORTGAGE,7,0,1,0,0,0,0,0,0,1,F,4000,20.89,1,0.06,0,2
10736,22,70000,MORTGAGE,4,0,1,0,0,0,0,0,0,1,A,5025,,0,0.07,0,2
10751,25,70000,MORTGAGE,6,0,1,0,0,0,0,0,0,1,A,14000,5.42,0,0.2,0,3
10752,25,70000,MORTGAGE,1,0,1,0,0,0,0,0,0,1,A,4800,6.99,0,0.07,0,4
10756,23,70000,MORTGAGE,3,0,1,0,0,0,0,0,0,1,A,15000,8.49,0,0.21,0,2
10782,22,70000,MORTGAGE,6,0,1,0,0,0,0,0,0,1,B,6000,11.49,0,0.09,0,2
10797,25,70000,MORTGAGE,9,0,1,0,0,0,0,0,0,1,B,20000,10.59,0,0.29,0,2
10810,22,70000,MORTGAGE,6,0,1,0,0,0,0,0,0,1,B,2000,10.74,0,0.03,0,2
10821,25,70000,MORTGAGE,4,0,1,0,0,0,0,0,0,1,B,6300,10.37,0,0.09,0,4
10841,24,70000,MORTGAGE,8,0,1,0,0,0,0,0,0,1,B,25000,9.62,0,0.36,0,2
10845,22,70000,MORTGAGE,5,0,1,0,0,0,0,0,0,1,B,21000,8.88,0,0.3,0,3
10868,24,70000,MORTGAGE,6,0,1,0,0,0,0,0,0,1,A,6000,7.88,0,0.09,0,3
10873,22,70000,MORTGAGE,4,0,1,0,0,0,0,0,0,1,B,13750,10.75,0,0.2,0,3
10880,26,70000,MORTGAGE,1,0,1,0,0,0,0,0,0,1,B,25000,,0,0.36,0,4
10902,24,70000,MORTGAGE,1,0,1,0,0,0,0,0,0,1,B,25000,10.62,0,0.36,0,2
10908,24,70000,MORTGAGE,8,0,1,0,0,0,0,0,0,1,A,6000,7.88,0,0.09,0,3
10917,23,70000,MORTGAGE,1,0,1,0,0,0,0,0,0,1,B,10000,10.99,0,0.14,0,4
10944,24,70000,MORTGAGE,8,0,1,0,0,0,0,0,0,1,A,10000,7.74,0,0.14,0,3
10951,23,70000,MORTGAGE,4,0,1,0,0,0,0,0,0,1,C,6000,13.16,0,0.09,0,4
10967,24,70000,MORTGAGE,1,0,1,0,0,0,0,0,0,1,B,15000,11.46,0,0.21,0,2
11009,21,71000,MORTGAGE,5,0,1,0,0,0,0,0,0,1,B,6000,,0,0.08,0,4
11015,23,71000,MORTGAGE,7,0,1,0,0,0,0,0,0,1,A,8500,5.79,0,0.12,0,2
11077,23,72000,MORTGAGE,7,0,1,0,0,0,0,0,0,1,B,4200,12.42,0,0.06,0,3
11081,23,72000,MORTGAGE,7,0,1,0,0,0,0,0,0,1,B,2400,12.69,0,0.03,0,2
11087,24,72000,MORTGAGE,4,0,1,0,0,0,0,0,0,1,A,17000,,0,0.24,0,4
11121,26,72000,MORTGAGE,7,0,1,0,0,0,0,0,0,1,B,16000,10.59,0,0.22,0,3
11163,24,72000,MORTGAGE,1,0,1,0,0,0,0,0,0,1,B,6000,9.99,0,0.08,0,2
11171,23,72000,MORTGAGE,7,0,1,0,0,0,0,0,0,1,A,9000,6.76,0,0.13,0,2
11175,24,72000,MORTGAGE,8,0,1,0,0,0,0,0,0,1,A,8000,7.88,0,0.11,0,4
11178,24,72000,MORTGAGE,8,0,1,0,0,0,0,0,0,1,B,18000,11.86,0,0.25,0,4
11238,22,72000,MORTGAGE,6,0,1,0,0,0,0,0,0,1,B,25000,9.83,0,0.35,0,3
11250,21,72252,MORTGAGE,0,0,1,0,0,0,0,0,0,1,A,8000,6.99,0,0.11,0,2
11257,25,72400,MORTGAGE,9,0,1,0,0,0,0,0,0,1,E,8000,17.39,0,0.11,0,3
11286,25,73000,MORTGAGE,0,0,1,0,0,0,0,0,0,1,A,6500,6.03,0,0.09,0,3
11288,22,73000,MORTGAGE,6,0,1,0,0,0,0,0,0,1,A,7000,7.49,0,0.1,0,2
11303,23,73000,MORTGAGE,7,0,1,0,0,0,0,0,0,1,B,7000,10.74,0,0.1,0,3
11326,25,73163,MORTGAGE,9,0,1,0,0,0,0,0,0,1,E,25000,16.45,0,0.34,0,3
11327,23,73164,MORTGAGE,7,0,1,0,0,0,0,0,0,1,B,1000,10.36,0,0.01,0,2
11330,26,73200,MORTGAGE,10,0,1,0,0,0,0,0,0,1,C,17500,,0,0.24,0,3
11339,23,73500,MORTGAGE,7,0,1,0,0,0,0,0,0,1,A,10000,6.92,0,0.14,0,4
11356,25,74000,MORTGAGE,9,0,1,0,0,0,0,0,0,1,A,12000,6.03,0,0.16,0,3
11359,21,74000,MORTGAGE,5,0,1,0,0,0,0,0,0,1,B,25000,12.69,0,0.34,0,3
11367,26,74000,MORTGAGE,10,0,1,0,0,0,0,0,0,1,B,4475,9.99,0,0.06,0,4
11383,23,74000,MORTGAGE,4,0,1,0,0,0,0,0,0,1,B,20000,11.48,0,0.27,0,4
11397,23,74196,MORTGAGE,5,0,1,0,0,0,0,0,0,1,B,17000,11.26,0,0.23,0,4
11406,22,74500,MORTGAGE,6,0,1,0,0,0,0,0,0,1,C,8000,15.96,0,0.11,0,3
11419,24,74700,MORTGAGE,4,0,1,0,0,0,0,0,0,1,B,19750,11.12,0,0.26,0,3
11425,24,74900,MORTGAGE,5,0,1,0,0,0,0,0,0,1,B,18300,10.99,0,0.24,0,2
11426,24,74900,MORTGAGE,8,0,1,0,0,0,0,0,0,1,A,3500,6.39,0,0.05,0,2
11437,23,75000,MORTGAGE,7,0,1,0,0,0,0,0,0,1,B,5400,12.69,0,0.07,0,2
11439,26,75000,MORTGAGE,10,0,1,0,0,0,0,0,0,1,B,5000,9.91,0,0.07,0,3
11451,23,75000,MORTGAGE,4,0,1,0,0,0,0,0,0,1,B,12000,9.91,0,0.16,0,2
11453,25,75000,MORTGAGE,4,0,1,0,0,0,0,0,0,1,D,8000,16.29,0,0.11,0,3
11456,24,75000,MORTGAGE,3,0,1,0,0,0,0,0,0,1,C,15600,,0,0.21,0,4
11458,25,75000,MORTGAGE,4,0,1,0,0,0,0,0,0,1,B,24000,9.91,0,0.32,0,2
11460,24,75000,MORTGAGE,4,0,1,0,0,0,0,0,0,1,B,16000,12.42,0,0.21,0,2
11471,23,75000,MORTGAGE,3,0,1,0,0,0,0,0,0,1,A,14400,6.03,0,0.19,0,4
11484,23,75000,MORTGAGE,5,0,1,0,0,0,0,0,0,1,A,12000,7.51,0,0.16,0,3
11493,24,75000,MORTGAGE,3,0,1,0,0,0,0,0,0,1,A,16000,6.62,0,0.21,0,2
11502,26,75000,MORTGAGE,5,0,1,0,0,0,0,0,0,1,A,15000,8.49,0,0.2,0,3
11513,21,75000,MORTGAGE,5,0,1,0,0,0,0,0,0,1,B,14125,10.99,0,0.19,0,2
11541,26,75000,MORTGAGE,7,0,1,0,0,0,0,0,0,1,A,10000,7.49,0,0.13,0,2
11542,24,75000,MORTGAGE,4,0,1,0,0,0,0,0,0,1,B,19000,11.99,0,0.25,0,3
11546,25,75000,MORTGAGE,9,0,1,0,0,0,0,0,0,1,B,1000,9.99,0,0.01,0,4
11574,24,75000,MORTGAGE,3,0,1,0,0,0,0,0,0,1,F,25000,19.74,0,0.33,0,4
11587,23,75000,MORTGAGE,5,0,1,0,0,0,0,0,0,1,A,6400,5.42,0,0.09,0,3
11598,26,75000,MORTGAGE,2,0,1,0,0,0,0,0,0,1,A,4000,5.79,0,0.05,0,3
11631,23,75000,MORTGAGE,7,0,1,0,0,0,0,0,0,1,B,15000,10.38,0,0.2,0,3
11633,23,75000,MORTGAGE,5,0,1,0,0,0,0,0,0,1,B,5000,11.12,0,0.07,0,3
11639,23,75000,MORTGAGE,7,0,1,0,0,0,0,0,0,1,B,17000,11.12,0,0.23,0,2
11657,26,75000,MORTGAGE,11,0,1,0,0,0,0,0,0,1,D,6000,14.96,0,0.08,0,3
11659,24,75000,MORTGAGE,6,0,1,0,0,0,0,0,0,1,B,25000,10.99,0,0.33,0,2
11663,25,75000,MORTGAGE,9,0,1,0,0,0,0,0,0,1,B,20000,10.62,0,0.27,0,3
11721,24,75000,MORTGAGE,2,0,1,0,0,0,0,0,0,1,B,10000,11.26,0,0.13,0,4
11724,25,75000,MORTGAGE,1,0,1,0,0,0,0,0,0,1,A,6000,9.63,0,0.08,0,4
11751,23,75000,MORTGAGE,2,0,1,0,0,0,0,0,0,1,E,19600,15.13,0,0.26,0,3
11766,22,75500,MORTGAGE,6,0,1,0,0,0,0,0,0,1,A,12000,,0,0.16,0,4
11772,24,75600,MORTGAGE,5,0,1,0,0,0,0,0,0,1,A,7200,5.99,0,0.1,0,2
11780,22,75744,MORTGAGE,6,0,1,0,0,0,0,0,0,1,B,6700,11.83,0,0.09,0,2
11800,24,76000,MORTGAGE,7,0,1,0,0,0,0,0,0,1,A,13500,8.49,0,0.18,0,4
11803,22,76000,MORTGAGE,5,0,1,0,0,0,0,0,0,1,B,24000,10.99,0,0.32,0,2
11835,22,76296,MORTGAGE,6,0,1,0,0,0,0,0,0,1,A,18000,7.88,0,0.24,0,3
11859,23,76800,MORTGAGE,4,0,1,0,0,0,0,0,0,1,A,10000,9.63,0,0.13,0,4
11890,20,77000,MORTGAGE,4,0,1,0,0,0,0,0,0,1,A,6000,8,0,0.08,0,2
11899,23,77004,MORTGAGE,7,0,1,0,0,0,0,0,0,1,A,6000,7.88,0,0.08,0,2
11931,24,78000,MORTGAGE,0,0,1,0,0,0,0,0,0,1,A,2300,,0,0.03,0,4
11961,25,78000,MORTGAGE,2,0,1,0,0,0,0,0,0,1,B,6000,,0,0.08,0,4
11975,23,78000,MORTGAGE,2,0,1,0,0,0,0,0,0,1,A,6000,6.91,0,0.08,0,4
11979,25,78000,MORTGAGE,0,0,1,0,0,0,0,0,0,1,A,14000,7.51,0,0.18,0,3
12024,24,78400,MORTGAGE,5,0,1,0,0,0,0,0,0,1,C,17400,13.48,0,0.22,0,2
12028,24,78500,MORTGAGE,8,0,1,0,0,0,0,0,0,1,A,6000,7.49,0,0.08,0,4
12078,23,79100,MORTGAGE,4,0,1,0,0,0,0,0,0,1,A,3300,5.42,0,0.04,0,3
12084,22,79200,MORTGAGE,6,0,1,0,0,0,0,0,0,1,B,4750,10.25,0,0.06,0,3
12105,26,80000,MORTGAGE,5,0,1,0,0,0,0,0,0,1,D,12000,16.29,0,0.15,0,2
12128,24,80000,MORTGAGE,7,0,1,0,0,0,0,0,0,1,A,12000,6.62,0,0.15,0,2
12141,22,80000,MORTGAGE,6,0,1,0,0,0,0,0,0,1,B,16000,12.42,0,0.2,0,4
12145,25,80000,MORTGAGE,9,0,1,0,0,0,0,0,0,1,A,6000,6.03,0,0.07,0,4
12154,25,80000,MORTGAGE,6,0,1,0,0,0,0,0,0,1,B,10000,,0,0.13,0,4
12166,23,80000,MORTGAGE,7,0,1,0,0,0,0,0,0,1,B,22000,10.65,0,0.28,0,2
12167,23,80000,MORTGAGE,5,0,1,0,0,0,0,0,0,1,A,2000,7.9,0,0.03,0,4
12171,25,80000,MORTGAGE,5,0,1,0,0,0,0,0,0,1,A,12000,5.99,0,0.15,0,2
12188,24,80000,MORTGAGE,4,0,1,0,0,0,0,0,0,1,A,3000,6.99,0,0.04,0,2
12203,23,80000,MORTGAGE,7,0,1,0,0,0,0,0,0,1,C,4000,15.23,0,0.05,0,3
12205,23,80000,MORTGAGE,3,0,1,0,0,0,0,0,0,1,A,5500,5.42,0,0.07,0,2
12215,25,80000,MORTGAGE,2,0,1,0,0,0,0,0,0,1,A,10000,7.49,0,0.13,0,4
12230,23,80000,MORTGAGE,7,0,1,0,0,0,0,0,0,1,A,4800,7.29,0,0.06,0,4
12254,25,80000,MORTGAGE,0,0,1,0,0,0,0,0,0,1,A,12000,6.91,0,0.15,0,2
12281,26,80000,MORTGAGE,2,0,1,0,0,0,0,0,0,1,A,4900,6.76,0,0.06,0,3
12306,26,80000,MORTGAGE,10,0,1,0,0,0,0,0,0,1,B,25000,,0,0.31,0,3
12307,25,80000,MORTGAGE,9,0,1,0,0,0,0,0,0,1,A,12000,7.88,0,0.15,0,3
12310,22,80000,MORTGAGE,5,0,1,0,0,0,0,0,0,1,B,5000,11.36,0,0.06,0,3
12319,23,80000,MORTGAGE,5,0,1,0,0,0,0,0,0,1,D,20000,14.96,0,0.25,0,3
12353,26,80000,MORTGAGE,5,0,1,0,0,0,0,0,0,1,A,3000,8,0,0.04,0,4
12358,23,80000,MORTGAGE,5,0,1,0,0,0,0,0,0,1,E,8000,15.68,0,0.1,0,4
12384,23,80004,MORTGAGE,2,0,1,0,0,0,0,0,0,1,B,19000,10.62,0,0.24,0,2
12391,24,80004,MORTGAGE,8,0,1,0,0,0,0,0,0,1,A,6000,8.63,0,0.07,0,4
12403,24,80400,MORTGAGE,5,0,1,0,0,0,0,0,0,1,A,12000,5.79,0,0.15,0,3
12476,26,82000,MORTGAGE,7,0,1,0,0,0,0,0,0,1,B,7000,12.42,0,0.09,0,3
12488,24,82000,MORTGAGE,8,0,1,0,0,0,0,0,0,1,B,5325,,0,0.06,0,3
12557,24,82800,MORTGAGE,0,0,1,0,0,0,0,0,0,1,B,12500,,0,0.15,0,3
12564,21,83000,MORTGAGE,3,0,1,0,0,0,0,0,0,1,A,14000,8.49,0,0.17,0,2
12565,24,83000,MORTGAGE,,0,1,0,0,0,0,0,0,1,B,5775,9.99,0,0.07,0,4
12627,25,84000,MORTGAGE,9,0,1,0,0,0,0,0,0,1,B,5000,10.99,0,0.06,0,2
12657,25,84000,MORTGAGE,8,0,1,0,0,0,0,0,0,1,B,6000,10.62,0,0.07,0,4
12665,23,84000,MORTGAGE,7,0,1,0,0,0,0,0,0,1,B,25000,12.53,0,0.3,0,2
12669,23,78000,MORTGAGE,1,0,1,0,0,0,0,0,0,1,C,8000,12.87,1,0.1,0,2
12674,24,84000,MORTGAGE,9,0,1,0,0,0,0,0,0,1,B,25000,11.26,0,0.3,0,4
12686,23,84500,MORTGAGE,3,0,1,0,0,0,0,0,0,1,A,10000,7.51,0,0.12,0,4
12704,25,84996,MORTGAGE,3,0,1,0,0,0,0,0,0,1,A,3000,,0,0.04,0,2
12724,24,85000,MORTGAGE,8,0,1,0,0,0,0,0,0,1,A,15000,7.9,0,0.18,0,2
12736,22,85000,MORTGAGE,,0,1,0,0,0,0,0,0,1,A,15000,6.03,0,0.18,0,2
12769,24,85000,MORTGAGE,7,0,1,0,0,0,0,0,0,1,A,12000,5.99,0,0.14,0,2
12788,25,85000,MORTGAGE,10,0,1,0,0,0,0,0,0,1,B,16000,10.99,0,0.19,0,2
12796,26,85000,MORTGAGE,0,0,1,0,0,0,0,0,0,1,B,20000,10.37,0,0.24,0,2
12807,26,85000,MORTGAGE,10,0,1,0,0,0,0,0,0,1,C,2200,13.43,0,0.03,0,3
12813,22,85000,MORTGAGE,4,0,1,0,0,0,0,0,0,1,A,7000,6.91,0,0.08,0,3
12816,22,85000,MORTGAGE,0,0,1,0,0,0,0,0,0,1,A,12800,6.54,0,0.15,0,3
12820,23,85000,MORTGAGE,7,0,1,0,0,0,0,0,0,1,B,25000,10.36,0,0.29,0,4
12827,23,85000,MORTGAGE,1,0,1,0,0,0,0,0,0,1,B,10000,10.36,0,0.12,0,4
12831,22,85000,MORTGAGE,4,0,1,0,0,0,0,0,0,1,A,12000,6.91,0,0.14,0,3
12843,22,85000,MORTGAGE,2,0,1,0,0,0,0,0,0,1,A,6000,7.88,0,0.07,0,2
12853,25,85000,MORTGAGE,9,0,1,0,0,0,0,0,0,1,A,4000,7.88,0,0.05,0,2
12860,25,85000,MORTGAGE,5,0,1,0,0,0,0,0,0,1,B,18000,9.88,0,0.21,0,3
12872,22,85000,MORTGAGE,0,0,1,0,0,0,0,0,0,1,B,12000,,0,0.14,0,3
12875,25,85000,MORTGAGE,9,0,1,0,0,0,0,0,0,1,C,7200,13.57,0,0.08,0,3
12891,25,85000,MORTGAGE,4,0,1,0,0,0,0,0,0,1,C,20000,13.92,0,0.24,0,3
12936,22,85500,MORTGAGE,3,0,1,0,0,0,0,0,0,1,D,18000,,0,0.21,0,4
12942,21,85800,MORTGAGE,5,0,1,0,0,0,0,0,0,1,B,18900,,0,0.22,0,2
12949,23,86000,MORTGAGE,4,0,1,0,0,0,0,0,0,1,A,10000,,0,0.12,0,3
12955,21,86000,MORTGAGE,3,0,1,0,0,0,0,0,0,1,A,8400,,0,0.1,0,4
12959,25,86000,MORTGAGE,10,0,1,0,0,0,0,0,0,1,A,13000,8.49,0,0.15,0,4
12965,26,86000,MORTGAGE,10,0,1,0,0,0,0,0,0,1,B,5000,11.12,0,0.06,0,2
12973,26,86000,MORTGAGE,4,0,1,0,0,0,0,0,0,1,C,16000,14.26,0,0.19,0,4
12981,24,86000,MORTGAGE,3,0,1,0,0,0,0,0,0,1,C,15000,13.16,0,0.17,0,3
12988,23,86250,MORTGAGE,5,0,1,0,0,0,0,0,0,1,A,20000,6.91,0,0.23,0,2
12997,23,86500,MORTGAGE,7,0,1,0,0,0,0,0,0,1,A,14000,7.29,0,0.16,0,3
13005,24,87000,MORTGAGE,1,0,1,0,0,0,0,0,0,1,A,4000,6.03,0,0.05,0,2
13015,24,87000,MORTGAGE,7,0,1,0,0,0,0,0,0,1,B,15000,,0,0.17,0,2
13021,22,87000,MORTGAGE,0,0,1,0,0,0,0,0,0,1,A,8000,5.79,0,0.09,0,3
13046,26,87000,MORTGAGE,10,0,1,0,0,0,0,0,0,1,B,1000,11.89,0,0.01,0,3
13056,23,87200,MORTGAGE,0,0,1,0,0,0,0,0,0,1,A,10000,6.92,0,0.11,0,3
13057,24,87278,MORTGAGE,3,0,1,0,0,0,0,0,0,1,A,12000,5.42,0,0.14,0,2
13087,23,88000,MORTGAGE,7,0,1,0,0,0,0,0,0,1,A,12475,6.03,0,0.14,0,4
13088,23,88000,MORTGAGE,3,0,1,0,0,0,0,0,0,1,A,2700,7.9,0,0.03,0,4
13089,23,88000,MORTGAGE,1,0,1,0,0,0,0,0,0,1,B,15000,12.42,0,0.17,0,2
13112,22,88000,MORTGAGE,0,0,1,0,0,0,0,0,0,1,B,15000,11.83,0,0.17,0,4
13147,22,89000,MORTGAGE,6,0,1,0,0,0,0,0,0,1,B,20000,10.99,0,0.22,0,4
13165,22,89440,MORTGAGE,6,0,1,0,0,0,0,0,0,1,A,8000,5.79,0,0.09,0,4
13171,25,89796,MORTGAGE,2,0,1,0,0,0,0,0,0,1,B,9000,11.11,0,0.1,0,4
13173,24,78000,MORTGAGE,8,0,1,0,0,0,0,0,0,1,C,24000,15.96,1,0.31,0,4
13205,24,90000,MORTGAGE,3,0,1,0,0,0,0,0,0,1,A,12000,7.51,0,0.13,0,3
13214,24,90000,MORTGAGE,4,0,1,0,0,0,0,0,0,1,A,20000,7.9,0,0.22,0,3
13243,23,90000,MORTGAGE,7,0,1,0,0,0,0,0,0,1,A,4900,6.99,0,0.05,0,2
13255,24,90000,MORTGAGE,8,0,1,0,0,0,0,0,0,1,B,7000,10.99,0,0.08,0,3
13260,25,90000,MORTGAGE,9,0,1,0,0,0,0,0,0,1,B,5600,9.99,0,0.06,0,4
13269,23,90000,MORTGAGE,7,0,1,0,0,0,0,0,0,1,A,21000,7.49,0,0.23,0,4
13274,25,90000,MORTGAGE,4,0,1,0,0,0,0,0,0,1,B,10000,10,0,0.11,0,2
13291,24,90000,MORTGAGE,8,0,1,0,0,0,0,0,0,1,A,6000,5.79,0,0.07,0,4
13302,22,90000,MORTGAGE,6,0,1,0,0,0,0,0,0,1,B,3500,9.25,0,0.04,0,2
13319,24,90000,MORTGAGE,4,0,1,0,0,0,0,0,0,1,B,1700,10.75,0,0.02,0,3
13321,22,90000,MORTGAGE,2,0,1,0,0,0,0,0,0,1,B,5000,10.75,0,0.06,0,4
13370,25,90000,MORTGAGE,7,0,1,0,0,0,0,0,0,1,A,11000,9.32,0,0.12,0,3
13378,25,90000,MORTGAGE,3,0,1,0,0,0,0,0,0,1,B,25000,10.39,0,0.28,0,3
13413,23,91000,MORTGAGE,4,0,1,0,0,0,0,0,0,1,E,8000,17.19,0,0.09,0,4
13414,21,91000,MORTGAGE,5,0,1,0,0,0,0,0,0,1,B,20000,10.62,0,0.22,0,2
13424,24,91000,MORTGAGE,8,0,1,0,0,0,0,0,0,1,A,7000,8,0,0.08,0,3
13451,22,92000,MORTGAGE,4,0,1,0,0,0,0,0,0,1,A,1400,,0,0.02,0,3
13454,24,92000,MORTGAGE,8,0,1,0,0,0,0,0,0,1,B,11000,10.99,0,0.12,0,3
13483,23,92004,MORTGAGE,7,0,1,0,0,0,0,0,0,1,B,24250,11.12,0,0.26,0,4
13504,22,92700,MORTGAGE,1,0,1,0,0,0,0,0,0,1,A,9250,7.9,0,0.1,0,3
13507,23,92700,MORTGAGE,2,0,1,0,0,0,0,0,0,1,B,25000,10.99,0,0.27,0,4
13515,25,93000,MORTGAGE,1,0,1,0,0,0,0,0,0,1,A,12000,6.62,0,0.13,0,2
13547,23,93000,MORTGAGE,5,0,1,0,0,0,0,0,0,1,A,3000,7.12,0,0.03,0,3
13548,22,93000,MORTGAGE,6,0,1,0,0,0,0,0,0,1,B,7500,,0,0.08,0,4
13605,23,94940,MORTGAGE,4,0,1,0,0,0,0,0,0,1,A,2000,5.42,0,0.02,0,3
13609,23,95000,MORTGAGE,0,0,1,0,0,0,0,0,0,1,B,10000,9.91,0,0.11,0,3
13638,23,95000,MORTGAGE,7,0,1,0,0,0,0,0,0,1,B,12000,11.99,0,0.13,0,3
13645,25,95000,MORTGAGE,5,0,1,0,0,0,0,0,0,1,B,18000,10.99,0,0.19,0,3
13660,26,95000,MORTGAGE,1,0,1,0,0,0,0,0,0,1,B,15000,10.37,0,0.16,0,4
13665,26,95000,MORTGAGE,9,0,1,0,0,0,0,0,0,1,D,17000,15.65,0,0.18,0,2
13681,23,95000,MORTGAGE,2,0,1,0,0,0,0,0,0,1,A,4000,7.88,0,0.04,0,3
13688,21,95000,MORTGAGE,5,0,1,0,0,0,0,0,0,1,A,15000,,0,0.16,0,2
13691,26,95000,MORTGAGE,10,0,1,0,0,0,0,0,0,1,B,5000,9.88,0,0.05,0,2
13692,24,95000,MORTGAGE,8,0,1,0,0,0,0,0,0,1,D,16000,15.33,0,0.17,0,3
13694,24,95000,MORTGAGE,2,0,1,0,0,0,0,0,0,1,B,20000,10.62,0,0.21,0,4
13710,25,95000,MORTGAGE,0,0,1,0,0,0,0,0,0,1,A,4000,8,0,0.04,0,4
13727,24,95004,MORTGAGE,8,0,1,0,0,0,0,0,0,1,A,16000,5.79,0,0.17,0,4
13730,23,95004,MORTGAGE,4,0,1,0,0,0,0,0,0,1,A,10000,7.51,0,0.11,0,4
13741,24,95610,MORTGAGE,8,0,1,0,0,0,0,0,0,1,B,6000,10.99,0,0.06,0,4
13750,25,96000,MORTGAGE,4,0,1,0,0,0,0,0,0,1,B,10925,12.69,0,0.11,0,4
13770,25,96000,MORTGAGE,10,0,1,0,0,0,0,0,0,1,A,20000,6.99,0,0.21,0,3
13774,24,96000,MORTGAGE,6,0,1,0,0,0,0,0,0,1,A,12000,5.42,0,0.13,0,4
13777,24,96000,MORTGAGE,8,0,1,0,0,0,0,0,0,1,A,4200,5.99,0,0.04,0,3
13784,24,96000,MORTGAGE,2,0,1,0,0,0,0,0,0,1,B,4200,,0,0.04,0,4
13790,26,96000,MORTGAGE,4,0,1,0,0,0,0,0,0,1,B,11625,10,0,0.12,0,3
13791,26,96000,MORTGAGE,10,0,1,0,0,0,0,0,0,1,A,8000,7.29,0,0.08,0,4
13792,22,96000,MORTGAGE,6,0,1,0,0,0,0,0,0,1,C,25000,13.8,0,0.26,0,4
13793,23,96000,MORTGAGE,0,0,1,0,0,0,0,0,0,1,B,20000,11.11,0,0.21,0,2
13806,23,96000,MORTGAGE,1,0,1,0,0,0,0,0,0,1,B,5000,10.38,0,0.05,0,4
13809,22,96000,MORTGAGE,4,0,1,0,0,0,0,0,0,1,A,8000,7.88,0,0.08,0,4
13820,22,96000,MORTGAGE,3,0,1,0,0,0,0,0,0,1,B,5000,10.99,0,0.05,0,4
13831,25,96000,MORTGAGE,0,0,1,0,0,0,0,0,0,1,B,5000,11.83,0,0.05,0,4
13842,24,96216,MORTGAGE,5,0,1,0,0,0,0,0,0,1,A,14400,7.88,0,0.15,0,4
13845,22,96384,MORTGAGE,6,0,1,0,0,0,0,0,0,1,B,18000,10.25,0,0.19,0,3
13847,26,96500,MORTGAGE,4,0,1,0,0,0,0,0,0,1,A,18000,7.51,0,0.19,0,4
13889,24,97700,MORTGAGE,5,0,1,0,0,0,0,0,0,1,B,25000,11.12,0,0.26,0,3
13892,23,97781,MORTGAGE,7,0,1,0,0,0,0,0,0,1,A,15000,6.54,0,0.15,0,3
13899,24,98000,MORTGAGE,8,0,1,0,0,0,0,0,0,1,A,10000,6.62,0,0.1,0,3
13913,23,98000,MORTGAGE,7,0,1,0,0,0,0,0,0,1,A,10000,,0,0.1,0,4
13917,26,98000,MORTGAGE,7,0,1,0,0,0,0,0,0,1,A,14000,7.88,0,0.14,0,3
13922,23,98000,MORTGAGE,3,0,1,0,0,0,0,0,0,1,A,10000,8.94,0,0.1,0,3
13940,26,98400,MORTGAGE,4,0,1,0,0,0,0,0,0,1,A,8450,6.99,0,0.09,0,2
13946,24,98518,MORTGAGE,8,0,1,0,0,0,0,0,0,1,A,10000,8.59,0,0.1,0,3
13951,23,98800,MORTGAGE,7,0,1,0,0,0,0,0,0,1,B,1000,11.49,0,0.01,0,3
13952,22,99000,MORTGAGE,6,0,1,0,0,0,0,0,0,1,A,18000,8.9,0,0.18,0,3
13955,26,99000,MORTGAGE,10,0,1,0,0,0,0,0,0,1,B,5000,11.49,0,0.05,0,2
13989,25,99996,MORTGAGE,3,0,1,0,0,0,0,0,0,1,A,8000,8,0,0.08,0,2
14006,25,100000,MORTGAGE,6,0,1,0,0,0,0,0,0,1,B,12000,9.91,0,0.12,0,4
14007,26,100000,MORTGAGE,7,0,1,0,0,0,0,0,0,1,A,9200,6.03,0,0.09,0,3
14032,24,100000,MORTGAGE,1,0,1,0,0,0,0,0,0,1,A,5000,,0,0.05,0,3
14039,23,100000,MORTGAGE,7,0,1,0,0,0,0,0,0,1,B,10000,10.59,0,0.1,0,4
14041,21,100000,MORTGAGE,3,0,1,0,0,0,0,0,0,1,A,6200,8.49,0,0.06,0,4
14050,23,100000,MORTGAGE,0,0,1,0,0,0,0,0,0,1,A,11000,8.49,0,0.11,0,2
14063,23,100000,MORTGAGE,8,0,1,0,0,0,0,0,0,1,A,10000,7.66,0,0.1,0,2
14066,22,100000,MORTGAGE,3,0,1,0,0,0,0,0,0,1,B,12000,11.11,0,0.12,0,3
14067,24,100000,MORTGAGE,8,0,1,0,0,0,0,0,0,1,A,6000,5.79,0,0.06,0,2
14074,24,100000,MORTGAGE,9,0,1,0,0,0,0,0,0,1,A,12800,5.79,0,0.13,0,4
14092,24,100000,MORTGAGE,4,0,1,0,0,0,0,0,0,1,A,16000,6.54,0,0.16,0,2
14093,23,100000,MORTGAGE,2,0,1,0,0,0,0,0,0,1,A,14000,6.17,0,0.14,0,3
14106,24,100000,MORTGAGE,5,0,1,0,0,0,0,0,0,1,A,7000,6.76,0,0.07,0,3
14119,22,100000,MORTGAGE,0,0,1,0,0,0,0,0,0,1,C,15000,13.85,0,0.15,0,3
14155,24,100000,MORTGAGE,5,0,1,0,0,0,0,0,0,1,B,12000,12.18,0,0.12,0,3
14156,23,100000,MORTGAGE,1,0,1,0,0,0,0,0,0,1,B,25000,11.58,0,0.25,0,3
14215,24,101900,MORTGAGE,0,0,1,0,0,0,0,0,0,1,A,13600,6.62,0,0.13,0,3
14233,24,102000,MORTGAGE,6,0,1,0,0,0,0,0,0,1,B,9800,10.36,0,0.1,0,2
14243,24,102000,MORTGAGE,8,0,1,0,0,0,0,0,0,1,B,20000,10.25,0,0.2,0,3
14264,24,102996,MORTGAGE,3,0,1,0,0,0,0,0,0,1,A,20000,6.91,0,0.19,0,4
14291,23,103240,MORTGAGE,0,0,1,0,0,0,0,0,0,1,A,4000,,0,0.04,0,4
14309,24,104000,MORTGAGE,2,0,1,0,0,0,0,0,0,1,A,19000,,0,0.18,0,4
14312,25,104000,MORTGAGE,4,0,1,0,0,0,0,0,0,1,C,11000,13.11,0,0.11,0,3
14320,24,104606,MORTGAGE,8,0,1,0,0,0,0,0,0,1,D,5000,15.28,0,0.05,0,2
14333,23,105000,MORTGAGE,4,0,1,0,0,0,0,0,0,1,A,7200,7.51,0,0.07,0,3
14341,26,105000,MORTGAGE,9,0,1,0,0,0,0,0,0,1,B,12000,10.99,0,0.11,0,2
14343,25,105000,MORTGAGE,3,0,1,0,0,0,0,0,0,1,A,16000,8.49,0,0.15,0,4
14349,23,105000,MORTGAGE,4,0,1,0,0,0,0,0,0,1,B,19000,11.99,0,0.18,0,3
14363,22,105000,MORTGAGE,2,0,1,0,0,0,0,0,0,1,E,15000,15.95,0,0.14,0,3
14369,23,105000,MORTGAGE,8,0,1,0,0,0,0,0,0,1,A,10000,,0,0.1,0,3
14372,23,105000,MORTGAGE,7,0,1,0,0,0,0,0,0,1,B,12000,11.36,0,0.11,0,2
14377,24,105000,MORTGAGE,0,0,1,0,0,0,0,0,0,1,A,18000,8.94,0,0.17,0,3
14386,26,105000,MORTGAGE,1,0,1,0,0,0,0,0,0,1,B,20000,,0,0.19,0,4
14392,26,105000,MORTGAGE,3,0,1,0,0,0,0,0,0,1,B,25000,11.58,0,0.24,0,3
14400,24,105000,MORTGAGE,4,0,1,0,0,0,0,0,0,1,C,4000,11.34,0,0.04,0,4
14417,23,105999,MORTGAGE,6,0,1,0,0,0,0,0,0,1,B,8550,9.88,0,0.08,0,2
14418,22,106000,MORTGAGE,6,0,1,0,0,0,0,0,0,1,A,35000,,0,0.33,0,2
14451,22,107000,MORTGAGE,1,0,1,0,0,0,0,0,0,1,A,10000,7.14,0,0.09,0,2
14472,25,108000,MORTGAGE,8,0,1,0,0,0,0,0,0,1,A,15000,6.62,0,0.14,0,2
14488,26,96000,MORTGAGE,2,0,1,0,0,0,0,0,0,1,G,10000,21.14,1,0.1,0,3
14492,26,108000,MORTGAGE,3,0,1,0,0,0,0,0,0,1,B,9000,10.38,0,0.08,0,4
14493,25,108000,MORTGAGE,5,0,1,0,0,0,0,0,0,1,A,10000,7.88,0,0.09,0,3
14519,25,109000,MORTGAGE,9,0,1,0,0,0,0,0,0,1,A,12000,7.51,0,0.11,0,4
14526,25,109000,MORTGAGE,5,0,1,0,0,0,0,0,0,1,A,5000,8.49,0,0.05,0,3
14530,24,109000,MORTGAGE,9,0,1,0,0,0,0,0,0,1,B,15250,11.14,0,0.14,0,4
14535,23,109200,MORTGAGE,4,0,1,0,0,0,0,0,0,1,A,10000,8.63,0,0.09,0,2
14537,26,109500,MORTGAGE,11,0,1,0,0,0,0,0,0,1,E,20000,17.56,0,0.18,0,2
14538,26,109500,MORTGAGE,10,0,1,0,0,0,0,0,0,1,B,5000,10.95,0,0.05,0,3
14539,24,109720,MORTGAGE,2,0,1,0,0,0,0,0,0,1,B,20000,10.75,0,0.18,0,4
14548,25,110000,MORTGAGE,5,0,1,0,0,0,0,0,0,1,C,1200,13.49,0,0.01,0,4
14562,23,110000,MORTGAGE,4,0,1,0,0,0,0,0,0,1,A,2500,6.99,0,0.02,0,2
14567,23,110000,MORTGAGE,0,0,1,0,0,0,0,0,0,1,B,7000,10.59,0,0.06,0,2
14573,21,110000,MORTGAGE,0,0,1,0,0,0,0,0,0,1,B,14000,9.99,0,0.13,0,2
14582,26,110000,MORTGAGE,4,0,1,0,0,0,0,0,0,1,B,5000,9.63,0,0.05,0,2
14587,22,110000,MORTGAGE,2,0,1,0,0,0,0,0,0,1,B,9000,11.11,0,0.08,0,4
14598,23,110000,MORTGAGE,8,0,1,0,0,0,0,0,0,1,A,7800,,0,0.07,0,4
14601,22,110000,MORTGAGE,6,0,1,0,0,0,0,0,0,1,B,6000,9.99,0,0.05,0,3
14603,23,110000,MORTGAGE,8,0,1,0,0,0,0,0,0,1,C,7500,13.72,0,0.07,0,4
14604,26,110000,MORTGAGE,0,0,1,0,0,0,0,0,0,1,A,15600,6.17,0,0.14,0,4
14611,23,110000,MORTGAGE,7,0,1,0,0,0,0,0,0,1,A,5000,6.91,0,0.05,0,2
14618,26,110000,MORTGAGE,2,0,1,0,0,0,0,0,0,1,D,4500,14.84,0,0.04,0,4
14625,21,110000,MORTGAGE,0,0,1,0,0,0,0,0,0,1,A,20000,,0,0.18,0,4
14626,22,110000,MORTGAGE,2,0,1,0,0,0,0,0,0,1,C,14400,14.35,0,0.13,0,3
14631,24,110000,MORTGAGE,5,0,1,0,0,0,0,0,0,1,B,15000,10.25,0,0.14,0,4
14634,25,110000,MORTGAGE,,0,1,0,0,0,0,0,0,1,B,7000,9.88,0,0.06,0,2
14646,23,110000,MORTGAGE,7,0,1,0,0,0,0,0,0,1,B,20000,11.14,0,0.18,0,3
14661,26,110004,MORTGAGE,1,0,1,0,0,0,0,0,0,1,B,12000,10.36,0,0.11,0,3
14670,24,110400,MORTGAGE,8,0,1,0,0,0,0,0,0,1,A,3000,7.49,0,0.03,0,4
14674,21,111000,MORTGAGE,4,0,1,0,0,0,0,0,0,1,A,28000,7.49,0,0.25,0,2
14725,23,113000,MORTGAGE,2,0,1,0,0,0,0,0,0,1,A,22400,7.49,0,0.2,0,2
14727,25,113000,MORTGAGE,8,0,1,0,0,0,0,0,0,1,B,21000,11.49,0,0.19,0,4
14737,24,113000,MORTGAGE,8,0,1,0,0,0,0,0,0,1,A,2100,7.4,0,0.02,0,3
14739,24,113000,MORTGAGE,5,0,1,0,0,0,0,0,0,1,B,10500,,0,0.09,0,4
14740,26,101000,MORTGAGE,10,0,1,0,0,0,0,0,0,1,F,25000,17.46,1,0.25,0,4
14758,24,114000,MORTGAGE,8,0,1,0,0,0,0,0,0,1,B,4000,,0,0.04,0,2
14777,24,115000,MORTGAGE,3,0,1,0,0,0,0,0,0,1,A,15000,6.03,0,0.13,0,2
14784,23,115000,MORTGAGE,1,0,1,0,0,0,0,0,0,1,A,8000,8.49,0,0.07,0,4
14785,22,115000,MORTGAGE,6,0,1,0,0,0,0,0,0,1,A,12000,5.99,0,0.1,0,4
14796,22,115000,MORTGAGE,7,0,1,0,0,0,0,0,0,1,A,13600,7.29,0,0.12,0,3
14798,25,115000,MORTGAGE,4,0,1,0,0,0,0,0,0,1,A,20000,6.91,0,0.17,0,2
14805,26,115000,MORTGAGE,5,0,1,0,0,0,0,0,0,1,B,6000,10.75,0,0.05,0,2
14821,25,115200,MORTGAGE,1,0,1,0,0,0,0,0,0,1,A,14000,6.62,0,0.12,0,3
14837,25,116000,MORTGAGE,9,0,1,0,0,0,0,0,0,1,B,19950,9.96,0,0.17,0,4
14840,26,116004,MORTGAGE,11,0,1,0,0,0,0,0,0,1,B,20000,12.21,0,0.17,0,2
14866,25,117014,MORTGAGE,5,0,1,0,0,0,0,0,0,1,A,8400,7.29,0,0.07,0,4
14869,24,118000,MORTGAGE,4,0,1,0,0,0,0,0,0,1,A,28000,7.9,0,0.24,0,4
14883,25,118189,MORTGAGE,9,0,1,0,0,0,0,0,0,1,B,25000,11.49,0,0.21,0,3
14895,26,119000,MORTGAGE,6,0,1,0,0,0,0,0,0,1,D,15000,14.42,0,0.13,0,2
14908,24,120000,MORTGAGE,8,0,1,0,0,0,0,0,0,1,A,20000,7.9,0,0.17,0,4
14910,26,120000,MORTGAGE,,0,1,0,0,0,0,0,0,1,B,25000,12.69,0,0.21,0,2
14911,23,120000,MORTGAGE,7,0,1,0,0,0,0,0,0,1,B,4400,11.71,0,0.04,0,3
14932,23,120000,MORTGAGE,3,0,1,0,0,0,0,0,0,1,A,5000,8.9,0,0.04,0,4
14940,26,120000,MORTGAGE,11,0,1,0,0,0,0,0,0,1,A,10000,5.99,0,0.08,0,4
14953,22,120000,MORTGAGE,6,0,1,0,0,0,0,0,0,1,A,12000,7.49,0,0.1,0,4
14984,23,120000,MORTGAGE,7,0,1,0,0,0,0,0,0,1,C,6000,13.06,0,0.05,0,4
15012,23,120000,MORTGAGE,,0,1,0,0,0,0,0,0,1,A,10000,,0,0.08,0,2
15040,21,120000,MORTGAGE,5,0,1,0,0,0,0,0,0,1,B,15000,10.25,0,0.13,0,2
15050,23,120000,MORTGAGE,8,0,1,0,0,0,0,0,0,1,A,14000,8.94,0,0.12,0,3
15066,24,120000,MORTGAGE,0,0,1,0,0,0,0,0,0,1,B,15200,12.21,0,0.13,0,2
15095,25,121000,MORTGAGE,6,0,1,0,0,0,0,0,0,1,B,13000,,0,0.11,0,2
15153,23,124896,MORTGAGE,5,0,1,0,0,0,0,0,0,1,B,14400,,0,0.12,0,2
15175,25,125000,MORTGAGE,3,0,1,0,0,0,0,0,0,1,A,10000,5.99,0,0.08,0,3
15224,23,113000,MORTGAGE,0,0,1,0,0,0,0,0,0,1,G,19750,21.21,1,0.17,0,4
15231,22,125000,MORTGAGE,6,0,1,0,0,0,0,0,0,1,B,10000,,0,0.08,0,2
15243,25,126000,MORTGAGE,9,0,1,0,0,0,0,0,0,1,B,10200,,0,0.08,0,4
15277,22,128000,MORTGAGE,6,0,1,0,0,0,0,0,0,1,A,21600,6.91,0,0.17,0,4
15285,23,129996,MORTGAGE,2,0,1,0,0,0,0,0,0,1,B,30000,11.11,0,0.23,0,4
15286,25,129996,MORTGAGE,9,0,1,0,0,0,0,0,0,1,B,7500,11.86,0,0.06,0,3
15294,24,130000,MORTGAGE,8,0,1,0,0,0,0,0,0,1,A,6000,6.62,0,0.05,0,2
15332,25,130000,MORTGAGE,2,0,1,0,0,0,0,0,0,1,A,12000,7.51,0,0.09,0,2
15335,25,130000,MORTGAGE,5,0,1,0,0,0,0,0,0,1,C,20000,13.48,0,0.15,0,2
15346,22,130000,MORTGAGE,3,0,1,0,0,0,0,0,0,1,B,24250,12.18,0,0.19,0,4
15357,22,130000,MORTGAGE,1,0,1,0,0,0,0,0,0,1,A,13000,8.94,0,0.1,0,4
15358,25,130000,MORTGAGE,9,0,1,0,0,0,0,0,0,1,C,21000,13.16,0,0.16,0,3
15366,23,130104,MORTGAGE,7,0,1,0,0,0,0,0,0,1,A,24000,6.54,0,0.18,0,2
15368,22,130920,MORTGAGE,0,0,1,0,0,0,0,0,0,1,A,15000,8.94,0,0.11,0,2
15391,25,132000,MORTGAGE,1,0,1,0,0,0,0,0,0,1,B,12000,,0,0.09,0,2
15402,24,132996,MORTGAGE,3,0,1,0,0,0,0,0,0,1,B,5000,,0,0.04,0,3
15417,24,135000,MORTGAGE,8,0,1,0,0,0,0,0,0,1,B,21000,12.69,0,0.16,0,2
15422,24,135000,MORTGAGE,8,0,1,0,0,0,0,0,0,1,A,5225,7.49,0,0.04,0,3
15425,23,135000,MORTGAGE,1,0,1,0,0,0,0,0,0,1,D,12500,15.99,0,0.09,0,2
15434,24,135000,MORTGAGE,3,0,1,0,0,0,0,0,0,1,B,21000,10.38,0,0.16,0,4
15442,24,135000,MORTGAGE,0,0,1,0,0,0,0,0,0,1,C,12500,,0,0.09,0,4
15462,22,137004,MORTGAGE,3,0,1,0,0,0,0,0,0,1,A,10000,5.79,0,0.07,0,2
15503,22,140000,MORTGAGE,6,0,1,0,0,0,0,0,0,1,A,20000,6.91,0,0.14,0,3
15513,26,140000,MORTGAGE,10,0,1,0,0,0,0,0,0,1,B,24250,12.53,0,0.17,0,3
15524,24,141000,MORTGAGE,0,0,1,0,0,0,0,0,0,1,A,10000,5.99,0,0.07,0,3
15577,25,146990,MORTGAGE,0,0,1,0,0,0,0,0,0,1,B,28000,10.99,0,0.19,0,3
15627,22,150000,MORTGAGE,3,0,1,0,0,0,0,0,0,1,B,25000,11.11,0,0.17,0,3
15648,24,150000,MORTGAGE,8,0,1,0,0,0,0,0,0,1,B,24000,10.99,0,0.16,0,3
15650,23,150000,MORTGAGE,5,0,1,0,0,0,0,0,0,1,A,10000,7.14,0,0.07,0,4
15673,21,151000,MORTGAGE,5,0,1,0,0,0,0,0,0,1,B,8000,11.12,0,0.05,0,2
15741,24,160000,MORTGAGE,6,0,1,0,0,0,0,0,0,1,B,17000,9.25,0,0.11,0,3
15764,23,165996,MORTGAGE,8,0,1,0,0,0,0,0,0,1,A,10000,,0,0.06,0,4
15785,26,172000,MORTGAGE,7,0,1,0,0,0,0,0,0,1,A,12000,,0,0.07,0,2
15807,25,177160,MORTGAGE,2,0,1,0,0,0,0,0,0,1,B,24000,11.11,0,0.14,0,4
15809,22,179000,MORTGAGE,2,0,1,0,0,0,0,0,0,1,B,25000,10.99,0,0.14,0,4
15819,26,180000,MORTGAGE,9,0,1,0,0,0,0,0,0,1,C,9700,13.85,0,0.05,0,4
15821,23,180000,MORTGAGE,2,0,1,0,0,0,0,0,0,1,B,5000,9.33,0,0.03,0,4
15847,23,200000,MORTGAGE,7,0,1,0,0,0,0,0,0,1,B,21000,12.69,0,0.1,0,2
15852,24,200000,MORTGAGE,0,0,1,0,0,0,0,0,0,1,B,18000,9.99,0,0.09,0,3
15874,25,220000,MORTGAGE,5,0,1,0,0,0,0,0,0,1,B,25000,10.75,0,0.11,0,2
15875,26,220836,MORTGAGE,10,0,1,0,0,0,0,0,0,1,B,9000,11.26,0,0.04,0,3
15908,25,365000,MORTGAGE,7,0,1,0,0,0,0,0,0,1,B,35000,10.65,0,0.1,0,2
15971,23,141000,MORTGAGE,1,0,1,0,0,0,0,0,0,1,B,15000,,0,0.11,0,3
15975,26,53000,MORTGAGE,3,0,1,0,0,0,0,0,0,1,A,2800,6.03,0,0.05,0,3
15991,22,53808,MORTGAGE,5,0,1,0,0,0,0,0,0,1,A,6000,8.9,0,0.11,0,2
15992,23,81600,MORTGAGE,7,0,1,0,0,0,0,0,0,1,A,9000,7.49,0,0.11,0,3
15999,23,118000,MORTGAGE,4,0,1,0,0,0,0,0,0,1,C,12000,13.11,0,0.1,0,2
16022,22,36000,MORTGAGE,6,0,1,0,0,0,0,0,0,1,D,1400,14.84,0,0.04,0,2
16048,26,65000,MORTGAGE,11,0,1,0,0,0,0,0,0,1,A,10950,7.88,0,0.17,0,2
16066,22,130000,MORTGAGE,3,0,1,0,0,0,0,0,0,1,B,24250,12.18,0,0.19,0,4
16082,25,75000,MORTGAGE,4,0,1,0,0,0,0,0,0,1,C,12000,13.49,0,0.16,0,2
16090,22,52000,MORTGAGE,5,0,1,0,0,0,0,0,0,1,A,6000,7.9,0,0.12,0,2
16103,23,60000,MORTGAGE,7,0,1,0,0,0,0,0,0,1,A,7200,,0,0.12,0,4
16121,23,69996,MORTGAGE,7,0,1,0,0,0,0,0,0,1,A,3000,6.39,0,0.04,0,4
16145,24,45000,MORTGAGE,3,0,1,0,0,0,0,0,0,1,C,15000,13.06,0,0.33,0,3
16166,26,150000,MORTGAGE,3,0,1,0,0,0,0,0,0,1,B,25000,9.99,0,0.17,0,4
16200,25,96000,MORTGAGE,6,0,1,0,0,0,0,0,0,1,C,21000,14.65,0,0.22,0,4
16220,22,80000,MORTGAGE,5,0,1,0,0,0,0,0,0,1,B,9500,11.71,0,0.12,0,3
16233,25,72000,MORTGAGE,9,0,1,0,0,0,0,0,0,1,A,3200,6.39,0,0.04,0,4
16234,23,138000,MORTGAGE,7,0,1,0,0,0,0,0,0,1,B,2700,11.86,0,0.02,0,4
16253,21,60000,MORTGAGE,2,0,1,0,0,0,0,0,0,1,B,6000,10.62,0,0.1,0,2
16268,24,65000,MORTGAGE,7,0,1,0,0,0,0,0,0,1,A,1525,5.42,0,0.02,0,3
16269,21,45000,MORTGAGE,5,0,1,0,0,0,0,0,0,1,A,18000,7.88,0,0.4,0,2
16274,26,51000,MORTGAGE,2,0,1,0,0,0,0,0,0,1,A,12000,6.17,0,0.24,0,4
16292,24,40000,MORTGAGE,2,0,1,0,0,0,0,0,0,1,B,2500,9.99,0,0.06,0,3
16293,22,60000,MORTGAGE,5,0,1,0,0,0,0,0,0,1,A,5600,7.49,0,0.09,0,4
16300,25,87000,MORTGAGE,4,0,1,0,0,0,0,0,0,1,B,13000,11.26,0,0.15,0,4
16313,21,28776,MORTGAGE,,0,1,0,0,0,0,0,0,1,A,8000,8.9,0,0.28,0,2
16338,22,57996,MORTGAGE,2,0,1,0,0,0,0,0,0,1,B,2500,12.53,0,0.04,0,4
16349,22,37000,MORTGAGE,6,0,1,0,0,0,0,0,0,1,B,7500,10.95,0,0.2,0,3
16373,24,42000,MORTGAGE,8,0,1,0,0,0,0,0,0,1,B,22250,11.11,0,0.53,0,2
16406,26,170000,MORTGAGE,0,0,1,0,0,0,0,0,0,1,B,20000,10.37,0,0.12,0,4
16410,24,60000,MORTGAGE,5,0,1,0,0,0,0,0,0,1,A,14000,7.51,0,0.23,0,4
16421,23,160000,MORTGAGE,5,0,1,0,0,0,0,0,0,1,A,35000,7.66,0,0.22,0,3
16444,22,107004,MORTGAGE,2,0,1,0,0,0,0,0,0,1,A,10000,7.29,0,0.09,0,4
16445,25,60000,MORTGAGE,1,0,1,0,0,0,0,0,0,1,A,5000,7.29,0,0.08,0,3
16458,25,150000,MORTGAGE,9,0,1,0,0,0,0,0,0,1,A,8200,5.79,0,0.05,0,2
16460,23,35000,MORTGAGE,7,0,1,0,0,0,0,0,0,1,A,2100,5.42,0,0.06,0,2
16544,22,89800,MORTGAGE,6,0,1,0,0,0,0,0,0,1,B,20000,12.53,0,0.22,0,3
16597,26,140000,MORTGAGE,10,0,1,0,0,0,0,0,0,1,B,24250,12.53,0,0.17,0,4
16640,26,53000,MORTGAGE,9,0,1,0,0,0,0,0,0,1,A,8000,7.88,0,0.15,0,3
16648,24,102000,MORTGAGE,6,0,1,0,0,0,0,0,0,1,B,9800,10.36,0,0.1,0,4
16649,22,26400,MORTGAGE,2,0,1,0,0,0,0,0,0,1,B,4400,11.49,0,0.17,0,3
16652,23,120000,MORTGAGE,5,0,1,0,0,0,0,0,0,1,B,6000,9.99,0,0.05,0,3
16653,22,49000,MORTGAGE,6,0,1,0,0,0,0,0,0,1,A,2400,5.79,0,0.05,0,3
16675,25,50000,MORTGAGE,0,0,1,0,0,0,0,0,0,1,A,2600,6.03,0,0.05,0,3
16680,22,75000,MORTGAGE,4,0,1,0,0,0,0,0,0,1,A,9000,6.99,0,0.12,0,3
16685,23,44000,MORTGAGE,0,0,1,0,0,0,0,0,0,1,A,5500,6.17,0,0.13,0,4
16724,25,90000,MORTGAGE,9,0,1,0,0,0,0,0,0,1,A,20000,6.54,0,0.22,0,3
16736,23,45000,MORTGAGE,4,0,1,0,0,0,0,0,0,1,C,8650,14.27,0,0.19,0,3
16776,23,75000,MORTGAGE,7,0,1,0,0,0,0,0,0,1,A,10200,6.03,0,0.14,0,3
16788,26,120000,MORTGAGE,5,0,1,0,0,0,0,0,0,1,B,13000,10.99,0,0.11,0,2
16796,24,52000,MORTGAGE,8,0,1,0,0,0,0,0,0,1,B,15000,10,0,0.29,0,4
16802,23,55000,MORTGAGE,4,0,1,0,0,0,0,0,0,1,A,8000,7.49,0,0.15,0,2
16841,22,84600,MORTGAGE,4,0,1,0,0,0,0,0,0,1,A,6000,,0,0.07,0,4
16862,26,117000,MORTGAGE,4,0,1,0,0,0,0,0,0,1,A,14400,,0,0.12,0,4
16863,26,92040,MORTGAGE,6,0,1,0,0,0,0,0,0,1,A,10000,,0,0.11,0,3
16976,25,69000,MORTGAGE,9,0,1,0,0,0,0,0,0,1,A,25000,6.99,0,0.36,0,4
16978,22,70000,MORTGAGE,4,0,1,0,0,0,0,0,0,1,B,13750,10.75,0,0.2,0,3
16992,23,180000,MORTGAGE,2,0,1,0,0,0,0,0,0,1,B,5000,9.33,0,0.03,0,2
17014,24,52000,MORTGAGE,6,0,1,0,0,0,0,0,0,1,D,12000,14.83,0,0.23,0,3
17022,22,42000,MORTGAGE,3,0,1,0,0,0,0,0,0,1,D,7000,14.84,0,0.17,0,3
17025,26,52000,MORTGAGE,2,0,1,0,0,0,0,0,0,1,A,6000,8.9,0,0.12,0,4
17067,21,45432,MORTGAGE,4,0,1,0,0,0,0,0,0,1,B,5000,9.88,0,0.11,0,4
17077,22,68000,MORTGAGE,6,0,1,0,0,0,0,0,0,1,A,13000,7.88,0,0.19,0,4
17146,25,90000,MORTGAGE,9,0,1,0,0,0,0,0,0,1,A,7750,7.51,0,0.09,0,3
17158,23,57744,MORTGAGE,7,0,1,0,0,0,0,0,0,1,B,2500,10.37,0,0.04,0,4
17197,20,65000,MORTGAGE,4,0,1,0,0,0,0,0,0,1,B,4800,9.99,0,0.07,0,4
17198,23,78000,MORTGAGE,7,0,1,0,0,0,0,0,0,1,A,4600,7.66,0,0.06,0,3
17222,25,80000,MORTGAGE,9,0,1,0,0,0,0,0,0,1,A,12000,7.88,0,0.15,0,3
17242,25,50000,MORTGAGE,9,0,1,0,0,0,0,0,0,1,A,6400,8.32,0,0.13,0,4
17259,22,77000,MORTGAGE,6,0,1,0,0,0,0,0,0,1,A,12400,7.51,0,0.16,0,2
17281,22,25000,MORTGAGE,4,0,1,0,0,0,0,0,0,1,A,1800,8.49,0,0.07,0,2
17292,26,115600,MORTGAGE,4,0,1,0,0,0,0,0,0,1,A,9925,7.29,0,0.09,0,4
17299,25,20000,MORTGAGE,1,0,1,0,0,0,0,0,0,1,A,4000,5.79,0,0.2,0,4
17304,23,56700,MORTGAGE,7,0,1,0,0,0,0,0,0,1,A,12000,5.42,0,0.21,0,2
17310,24,45000,MORTGAGE,8,0,1,0,0,0,0,0,0,1,A,6000,7.51,0,0.13,0,3
17343,23,68500,MORTGAGE,7,0,1,0,0,0,0,0,0,1,C,4200,11.66,0,0.06,0,3
17353,24,52000,MORTGAGE,3,0,1,0,0,0,0,0,0,1,A,3500,6.76,0,0.07,0,3
17370,24,48000,MORTGAGE,2,0,1,0,0,0,0,0,0,1,B,5500,11.36,0,0.11,0,3
17402,23,65000,MORTGAGE,3,0,1,0,0,0,0,0,0,1,A,7000,7.9,0,0.11,0,4
17420,23,103240,MORTGAGE,0,0,1,0,0,0,0,0,0,1,A,4000,,0,0.04,0,3
17423,22,66000,MORTGAGE,6,0,1,0,0,0,0,0,0,1,B,10000,11.49,0,0.15,0,4
17424,22,49000,MORTGAGE,2,0,1,0,0,0,0,0,0,1,B,8500,12.53,0,0.17,0,3
17442,22,50000,MORTGAGE,6,0,1,0,0,0,0,0,0,1,A,7800,6.62,0,0.16,0,2
17445,26,45000,MORTGAGE,6,0,1,0,0,0,0,0,0,1,A,5000,6.99,0,0.11,0,2
17460,22,70000,MORTGAGE,3,0,1,0,0,0,0,0,0,1,B,14400,11.71,0,0.21,0,4
17464,24,72000,MORTGAGE,1,0,1,0,0,0,0,0,0,1,A,12000,5.42,0,0.17,0,4
17476,22,55000,MORTGAGE,6,0,1,0,0,0,0,0,0,1,A,10000,5.79,0,0.18,0,2
17493,26,76800,MORTGAGE,2,0,1,0,0,0,0,0,0,1,A,12800,6.92,0,0.17,0,3
17500,25,70000,MORTGAGE,6,0,1,0,0,0,0,0,0,1,A,14000,5.42,0,0.2,0,2
17510,25,33000,MORTGAGE,6,0,1,0,0,0,0,0,0,1,A,8000,6.62,0,0.24,0,3
17541,26,80000,MORTGAGE,0,0,1,0,0,0,0,0,0,1,A,6300,5.79,0,0.08,0,4
17551,24,29232,MORTGAGE,1,0,1,0,0,0,0,0,0,1,B,11000,11.71,0,0.38,0,2
17554,23,32388,MORTGAGE,0,0,1,0,0,0,0,0,0,1,B,6000,10.71,0,0.19,0,4
17556,22,36600,MORTGAGE,2,0,1,0,0,0,0,0,0,1,A,9950,7.29,0,0.27,0,3
17567,26,72600,MORTGAGE,3,0,1,0,0,0,0,0,0,1,A,4500,7.74,0,0.06,0,3
17573,23,50000,MORTGAGE,6,0,1,0,0,0,0,0,0,1,B,17000,12.42,0,0.34,0,4
17581,24,35000,MORTGAGE,6,0,1,0,0,0,0,0,0,1,B,8575,10.65,0,0.24,0,3
17586,23,100000,MORTGAGE,7,0,1,0,0,0,0,0,0,1,B,25000,11.71,0,0.25,0,4
17588,23,69743,MORTGAGE,7,0,1,0,0,0,0,0,0,1,D,1000,14.11,0,0.01,0,2
17595,23,72000,MORTGAGE,7,0,1,0,0,0,0,0,0,1,A,9000,6.76,0,0.13,0,2
17601,22,50000,MORTGAGE,6,0,1,0,0,0,0,0,0,1,B,10000,9.88,0,0.2,0,4
17628,24,80000,MORTGAGE,8,0,1,0,0,0,0,0,0,1,D,5000,15.62,0,0.06,0,2
17633,22,89000,MORTGAGE,6,0,1,0,0,0,0,0,0,1,C,16000,13.22,0,0.18,0,2
17642,25,33000,MORTGAGE,9,0,1,0,0,0,0,0,0,1,B,3000,11.99,0,0.09,0,3
17691,23,85596,MORTGAGE,5,0,1,0,0,0,0,0,0,1,B,6000,10,0,0.07,0,2
17700,26,27983,MORTGAGE,7,0,1,0,0,0,0,0,0,1,A,6000,7.88,0,0.21,0,3
17727,24,48000,MORTGAGE,4,0,1,0,0,0,0,0,0,1,A,5000,5.99,0,0.1,0,4
17761,25,105000,MORTGAGE,3,0,1,0,0,0,0,0,0,1,C,12000,12.84,0,0.11,0,3
17775,26,78000,MORTGAGE,7,0,1,0,0,0,0,0,0,1,A,7200,6.62,0,0.09,0,4
17785,23,50400,MORTGAGE,7,0,1,0,0,0,0,0,0,1,B,2500,10.99,0,0.05,0,2
17822,22,40000,MORTGAGE,6,0,1,0,0,0,0,0,0,1,B,4500,11.71,0,0.11,0,3
17834,32,1200000,MORTGAGE,1,0,1,0,0,0,0,0,0,1,A,12000,7.51,0,0.01,0,8
17872,35,350000,MORTGAGE,10,0,1,0,0,0,0,0,0,1,D,35000,17.49,0,0.1,0,7
17895,31,300000,MORTGAGE,1,0,1,0,0,0,0,0,0,1,D,25000,14.83,0,0.08,0,9
17900,34,286000,MORTGAGE,11,0,1,0,0,0,0,0,0,1,A,30000,6.62,0,0.1,0,6
17905,31,284400,MORTGAGE,,0,1,0,0,0,0,0,0,1,B,5000,,0,0.02,0,9
17907,29,280000,MORTGAGE,6,0,1,0,0,0,0,0,0,1,C,15000,12.99,0,0.05,0,7
17923,31,260000,MORTGAGE,14,0,1,0,0,0,0,0,0,1,A,18000,8.94,0,0.07,0,9
17931,29,250000,MORTGAGE,12,0,1,0,0,0,0,0,0,1,A,8000,7.51,0,0.03,0,10
17943,29,240000,MORTGAGE,5,0,1,0,0,0,0,0,0,1,A,10000,8.49,0,0.04,0,8
17945,28,240000,MORTGAGE,3,0,1,0,0,0,0,0,0,1,D,8400,,0,0.04,0,8
17961,28,225000,MORTGAGE,2,0,1,0,0,0,0,0,0,1,A,30000,8.49,0,0.13,0,6
17964,27,225000,MORTGAGE,11,0,1,0,0,0,0,0,0,1,D,25000,15.31,0,0.11,0,5
17967,27,225000,MORTGAGE,1,0,1,0,0,0,0,0,0,1,B,14000,,0,0.06,0,7
17969,28,225000,MORTGAGE,1,0,1,0,0,0,0,0,0,1,A,5000,7.75,0,0.02,0,5
17975,28,215662,MORTGAGE,12,0,1,0,0,0,0,0,0,1,B,21000,11.99,0,0.1,0,7
17983,27,207182,MORTGAGE,11,0,1,0,0,0,0,0,0,1,B,22000,10.62,0,0.11,0,5
17999,29,200000,MORTGAGE,13,0,1,0,0,0,0,0,0,1,B,10000,12.69,0,0.05,0,9
18075,30,185000,MORTGAGE,8,0,1,0,0,0,0,0,0,1,B,15000,10.99,0,0.08,0,7
18123,35,175000,MORTGAGE,12,0,1,0,0,0,0,0,0,1,A,2200,8.49,0,0.01,0,7
18133,35,15000,MORTGAGE,0,0,1,0,0,0,0,0,0,1,C,1925,12.84,0,0.13,0,6
18147,34,158000,MORTGAGE,2,0,1,0,0,0,0,0,0,1,C,12000,,1,0.08,0,8
18150,34,170000,MORTGAGE,9,0,1,0,0,0,0,0,0,1,D,7500,15.99,0,0.04,0,10
18261,27,18000,MORTGAGE,0,0,1,0,0,0,0,0,0,1,A,2000,7.88,0,0.11,0,5
18293,27,19200,MORTGAGE,3,0,1,0,0,0,0,0,0,1,D,1400,16.77,0,0.07,0,6
18465,28,22404,MORTGAGE,3,0,1,0,0,0,0,0,0,1,C,5725,14.79,1,0.26,0,9
18549,31,24000,MORTGAGE,3,0,1,0,0,0,0,0,0,1,A,3000,7.49,0,0.13,0,10
18717,27,25200,MORTGAGE,11,0,1,0,0,0,0,0,0,1,A,4500,5.42,0,0.18,0,6
18740,32,25800,MORTGAGE,0,0,1,0,0,0,0,0,0,1,D,2400,14.96,0,0.09,0,6
18804,27,27000,MORTGAGE,4,0,1,0,0,0,0,0,0,1,A,4300,5.99,0,0.16,0,6
18835,28,27500,MORTGAGE,13,0,1,0,0,0,0,0,0,1,A,15000,6.54,0,0.55,0,10
18890,27,28500,MORTGAGE,3,0,1,0,0,0,0,0,0,1,C,1600,13.49,1,0.06,0,8
18892,27,28500,MORTGAGE,6,0,1,0,0,0,0,0,0,1,A,2600,7.74,0,0.09,0,7
18944,27,29160,MORTGAGE,2,0,1,0,0,0,0,0,0,1,A,8000,7.51,0,0.27,0,7
18961,28,30000,MORTGAGE,5,0,1,0,0,0,0,0,0,1,A,15000,,0,0.5,0,9
18975,28,30000,MORTGAGE,,0,1,0,0,0,0,0,0,1,A,6000,6.03,0,0.2,0,8
19013,32,30000,MORTGAGE,6,0,1,0,0,0,0,0,0,1,A,10000,7.51,0,0.33,0,9
19030,32,30000,MORTGAGE,0,0,1,0,0,0,0,0,0,1,A,9000,5.42,0,0.3,0,9
19035,31,30000,MORTGAGE,,0,1,0,0,0,0,0,0,1,A,5000,,0,0.17,0,7
19038,30,30000,MORTGAGE,1,0,1,0,0,0,0,0,0,1,A,10000,6.99,0,0.33,0,5
19068,29,30000,MORTGAGE,3,0,1,0,0,0,0,0,0,1,A,6000,5.79,0,0.2,0,8
19091,34,30000,MORTGAGE,5,0,1,0,0,0,0,0,0,1,A,14000,7.51,0,0.47,0,8
19112,33,30000,MORTGAGE,8,0,1,0,0,0,0,0,0,1,A,12000,7.14,0,0.4,0,5
19125,29,30000,MORTGAGE,0,0,1,0,0,0,0,0,0,1,C,6600,13.85,0,0.22,0,8
19130,30,30000,MORTGAGE,3,0,1,0,0,0,0,0,0,1,A,5000,,0,0.17,0,10
19201,35,30720,MORTGAGE,4,0,1,0,0,0,0,0,0,1,A,6000,7.49,0,0.2,0,7
19224,28,31000,MORTGAGE,0,0,1,0,0,0,0,0,0,1,B,11300,9.91,0,0.36,0,5
19227,32,31000,MORTGAGE,4,0,1,0,0,0,0,0,0,1,A,12000,5.42,0,0.39,0,6
19279,27,31850,MORTGAGE,8,0,1,0,0,0,0,0,0,1,B,14125,10.65,0,0.44,0,8
19325,29,32000,MORTGAGE,2,0,1,0,0,0,0,0,0,1,A,12000,7.88,0,0.38,0,6
19332,27,32000,MORTGAGE,0,0,1,0,0,0,0,0,0,1,A,9850,8.94,0,0.31,0,5
19355,30,32400,MORTGAGE,13,0,1,0,0,0,0,0,0,1,B,6500,,0,0.2,0,5
19361,31,32400,MORTGAGE,4,0,1,0,0,0,0,0,0,1,C,7500,13.48,0,0.23,0,5
19365,28,32468,MORTGAGE,12,0,1,0,0,0,0,0,0,1,A,6000,7.51,0,0.18,0,5
19377,31,32904,MORTGAGE,15,0,1,0,0,0,0,0,0,1,C,3000,,0,0.09,0,5
19380,29,33000,MORTGAGE,1,0,1,0,0,0,0,0,0,1,D,7100,16.77,0,0.22,0,7
19386,27,33000,MORTGAGE,7,0,1,0,0,0,0,0,0,1,B,4800,10.65,0,0.15,0,10
19410,27,33000,MORTGAGE,6,0,1,0,0,0,0,0,0,1,A,12000,7.51,0,0.36,0,7
19420,29,33000,MORTGAGE,5,0,1,0,0,0,0,0,0,1,B,4200,11.36,0,0.13,0,9
19472,31,33600,MORTGAGE,3,0,1,0,0,0,0,0,0,1,A,7000,7.14,0,0.21,0,9
19514,29,34000,MORTGAGE,0,0,1,0,0,0,0,0,0,1,C,3000,13.61,0,0.09,0,9
19558,31,34800,MORTGAGE,3,0,1,0,0,0,0,0,0,1,D,2000,15.65,0,0.06,0,6
19569,29,35000,MORTGAGE,11,0,1,0,0,0,0,0,0,1,B,5000,10.65,0,0.14,0,9
19619,28,35000,MORTGAGE,1,0,1,0,0,0,0,0,0,1,B,4000,10.99,0,0.11,0,6
19679,32,35000,MORTGAGE,9,0,1,0,0,0,0,0,0,1,A,12000,9.63,0,0.34,0,8
19710,27,35088,MORTGAGE,7,0,1,0,0,0,0,0,0,1,A,12000,8.94,0,0.34,0,8
19729,28,35500,MORTGAGE,12,0,1,0,0,0,0,0,0,1,A,9600,5.42,0,0.27,0,8
19768,27,36000,MORTGAGE,2,0,1,0,0,0,0,0,0,1,A,4800,8.49,0,0.13,0,8
19772,27,36000,MORTGAGE,6,0,1,0,0,0,0,0,0,1,B,4000,11.49,0,0.11,0,9
19790,31,36000,MORTGAGE,5,0,1,0,0,0,0,0,0,1,A,6000,6.99,0,0.17,0,9
19829,30,36000,MORTGAGE,2,0,1,0,0,0,0,0,0,1,A,3000,6.39,0,0.08,0,10
19837,28,36000,MORTGAGE,,0,1,0,0,0,0,0,0,1,D,6000,15.21,0,0.17,0,7
19844,30,36000,MORTGAGE,4,0,1,0,0,0,0,0,0,1,C,5000,13.85,0,0.14,0,5
19880,28,36000,MORTGAGE,4,0,1,0,0,0,0,0,0,1,B,2400,10.71,0,0.07,0,7
19900,31,36400,MORTGAGE,0,0,1,0,0,0,0,0,0,1,D,8000,14.46,0,0.22,0,9
19912,27,36600,MORTGAGE,6,0,1,0,0,0,0,0,0,1,A,5000,5.42,0,0.14,0,5
19976,30,31000,MORTGAGE,3,0,1,0,0,0,0,0,0,1,D,12000,14.42,1,0.39,0,5
19996,35,37400,MORTGAGE,3,0,1,0,0,0,0,0,0,1,D,10750,15.95,0,0.29,0,5
20049,28,38000,MORTGAGE,6,0,1,0,0,0,0,0,0,1,B,10200,,0,0.27,0,10
20052,35,38000,MORTGAGE,10,0,1,0,0,0,0,0,0,1,A,9600,7.49,0,0.25,0,9
20061,32,38000,MORTGAGE,16,0,1,0,0,0,0,0,0,1,B,10000,10.37,0,0.26,0,6
20073,28,38000,MORTGAGE,5,0,1,0,0,0,0,0,0,1,A,8400,7.51,0,0.22,0,7
20121,33,38400,MORTGAGE,0,0,1,0,0,0,0,0,0,1,B,10000,9.91,0,0.26,0,7
20141,35,38400,MORTGAGE,1,0,1,0,0,0,0,0,0,1,B,9500,10.36,0,0.25,0,6
20192,32,39000,MORTGAGE,4,0,1,0,0,0,0,0,0,1,A,16700,7.51,0,0.43,0,8
20220,29,39500,MORTGAGE,8,0,1,0,0,0,0,0,0,1,A,5000,7.74,0,0.13,0,8
20222,30,39552,MORTGAGE,2,0,1,0,0,0,0,0,0,1,B,12375,10.37,0,0.31,0,9
20231,34,39600,MORTGAGE,14,0,1,0,0,0,0,0,0,1,A,6000,5.99,0,0.15,0,5
20268,31,39996,MORTGAGE,3,0,1,0,0,0,0,0,0,1,B,9600,11.26,0,0.24,0,7
20328,28,40000,MORTGAGE,1,0,1,0,0,0,0,0,0,1,C,2400,13.49,0,0.06,0,10
20342,29,40000,MORTGAGE,13,0,1,0,0,0,0,0,0,1,A,1400,5.99,0,0.04,0,9
20345,29,40000,MORTGAGE,9,0,1,0,0,0,0,0,0,1,A,5000,6.99,0,0.13,0,9
20354,28,40000,MORTGAGE,2,0,1,0,0,0,0,0,0,1,B,5000,,0,0.13,0,10
20361,34,40000,MORTGAGE,11,0,1,0,0,0,0,0,0,1,A,6000,7.29,0,0.15,0,7
20416,27,40000,MORTGAGE,7,0,1,0,0,0,0,0,0,1,A,13000,7.88,0,0.33,0,7
20480,33,40056,MORTGAGE,5,0,1,0,0,0,0,0,0,1,B,16750,9.88,0,0.42,0,6
20537,29,41000,MORTGAGE,7,0,1,0,0,0,0,0,0,1,A,6000,5.79,0,0.15,0,8
20579,32,41600,MORTGAGE,2,0,1,0,0,0,0,0,0,1,B,13200,11.71,0,0.32,0,7
20586,30,41604,MORTGAGE,7,0,1,0,0,0,0,0,0,1,B,15000,10,0,0.36,0,9
20587,28,41700,MORTGAGE,7,0,1,0,0,0,0,0,0,1,B,7750,12.21,0,0.19,0,9
20590,33,41916,MORTGAGE,2,0,1,0,0,0,0,0,0,1,B,7000,10.36,0,0.17,0,8
20618,28,42000,MORTGAGE,12,0,1,0,0,0,0,0,0,1,A,7300,,0,0.17,0,9
20679,28,42000,MORTGAGE,12,0,1,0,0,0,0,0,0,1,A,11000,5.42,0,0.26,0,7
20686,33,42000,MORTGAGE,12,0,1,0,0,0,0,0,0,1,A,6400,7.88,0,0.15,0,10
20714,32,42000,MORTGAGE,3,0,1,0,0,0,0,0,0,1,A,9000,7.74,0,0.21,0,8
20728,29,42000,MORTGAGE,0,0,1,0,0,0,0,0,0,1,A,7500,,0,0.18,0,9
20743,28,42200,MORTGAGE,5,0,1,0,0,0,0,0,0,1,B,13200,11.48,0,0.31,0,8
20781,28,43000,MORTGAGE,6,0,1,0,0,0,0,0,0,1,A,15000,6.03,0,0.35,0,5
20793,27,43000,MORTGAGE,11,0,1,0,0,0,0,0,0,1,A,17500,7.29,0,0.41,0,7
20808,32,43000,MORTGAGE,6,0,1,0,0,0,0,0,0,1,A,12000,7.88,0,0.28,0,7
20820,31,43200,MORTGAGE,0,0,1,0,0,0,0,0,0,1,A,3000,8.9,0,0.07,0,6
20859,29,43958,MORTGAGE,3,0,1,0,0,0,0,0,0,1,A,7000,,0,0.16,0,8
20863,33,44000,MORTGAGE,17,0,1,0,0,0,0,0,0,1,A,16000,7.9,0,0.36,0,10
20934,32,44500,MORTGAGE,16,0,1,0,0,0,0,0,0,1,A,6000,8.9,0,0.13,0,9
20939,28,44500,MORTGAGE,4,0,1,0,0,0,0,0,0,1,A,6000,8,0,0.13,0,9
20941,28,44500,MORTGAGE,5,0,1,0,0,0,0,0,0,1,B,20000,9.45,0,0.45,0,10
20993,28,45000,MORTGAGE,0,0,1,0,0,0,0,0,0,1,B,3675,,0,0.08,0,6
20999,32,45000,MORTGAGE,0,0,1,0,0,0,0,0,0,1,B,14000,12.69,0,0.31,0,9
21014,31,45000,MORTGAGE,16,0,1,0,0,0,0,0,0,1,B,6000,10.99,0,0.13,0,10
21018,35,45000,MORTGAGE,5,0,1,0,0,0,0,0,0,1,A,6000,6.99,0,0.13,0,9
21073,30,45000,MORTGAGE,5,0,1,0,0,0,0,0,0,1,B,8000,10.36,0,0.18,0,9
21090,34,45000,MORTGAGE,1,0,1,0,0,0,0,0,0,1,B,12000,11.86,0,0.27,0,9
21096,31,45000,MORTGAGE,5,0,1,0,0,0,0,0,0,1,B,10000,9.88,0,0.22,0,8
21100,31,45000,MORTGAGE,8,0,1,0,0,0,0,0,0,1,B,7500,10.62,0,0.17,0,5
21124,35,45000,MORTGAGE,2,0,1,0,0,0,0,0,0,1,A,1000,,0,0.02,0,10
21127,27,45000,MORTGAGE,1,0,1,0,0,0,0,0,0,1,A,4000,,0,0.09,0,7
21164,28,45100,MORTGAGE,2,0,1,0,0,0,0,0,0,1,A,6000,5.42,0,0.13,0,9
21166,33,45180,MORTGAGE,0,0,1,0,0,0,0,0,0,1,A,7000,8,0,0.15,0,7
21186,31,45500,MORTGAGE,5,0,1,0,0,0,0,0,0,1,B,7500,11.49,0,0.16,0,5
21195,27,45600,MORTGAGE,6,0,1,0,0,0,0,0,0,1,A,15350,8.9,0,0.34,0,10
21203,29,45600,MORTGAGE,7,0,1,0,0,0,0,0,0,1,B,9600,10.36,0,0.21,0,5
21206,28,45600,MORTGAGE,,0,1,0,0,0,0,0,0,1,C,2500,13.35,0,0.05,0,9
21212,30,45600,MORTGAGE,0,0,1,0,0,0,0,0,0,1,A,6400,8.94,0,0.14,0,7
21237,34,46000,MORTGAGE,5,0,1,0,0,0,0,0,0,1,A,10000,6.62,0,0.22,0,6
21242,29,46000,MORTGAGE,3,0,1,0,0,0,0,0,0,1,B,6000,11.49,0,0.13,0,5
21260,31,46000,MORTGAGE,11,0,1,0,0,0,0,0,0,1,A,7000,7.88,0,0.15,0,6
21288,30,46500,MORTGAGE,8,0,1,0,0,0,0,0,0,1,A,6000,7.88,0,0.13,0,8
21292,28,46551,MORTGAGE,12,0,1,0,0,0,0,0,0,1,A,5000,,0,0.11,0,7
21299,27,46713,MORTGAGE,3,0,1,0,0,0,0,0,0,1,C,12375,10.91,0,0.26,0,6
21309,27,46800,MORTGAGE,3,0,1,0,0,0,0,0,0,1,C,6500,12.87,0,0.14,0,6
21356,34,47125,MORTGAGE,12,0,1,0,0,0,0,0,0,1,B,3200,10.99,0,0.07,0,8
21365,29,47500,MORTGAGE,14,0,1,0,0,0,0,0,0,1,A,3500,8.9,0,0.07,0,9
21401,33,48000,MORTGAGE,17,0,1,0,0,0,0,0,0,1,A,7000,6.62,0,0.15,0,8
21406,30,48000,MORTGAGE,13,0,1,0,0,0,0,0,0,1,A,10950,,0,0.23,0,9
21411,34,48000,MORTGAGE,7,0,1,0,0,0,0,0,0,1,B,8400,11.71,0,0.17,0,8
21422,29,48000,MORTGAGE,13,0,1,0,0,0,0,0,0,1,A,7000,8.49,0,0.15,0,9
21435,29,48000,MORTGAGE,8,0,1,0,0,0,0,0,0,1,A,4500,5.42,0,0.09,0,6
21462,34,48000,MORTGAGE,5,0,1,0,0,0,0,0,0,1,B,3600,10.37,0,0.07,0,5
21485,29,48000,MORTGAGE,3,0,1,0,0,0,0,0,0,1,A,3250,6.76,0,0.07,0,7
21540,27,48100,MORTGAGE,1,0,1,0,0,0,0,0,0,1,B,20000,11.89,0,0.42,0,10
21565,29,48712,MORTGAGE,13,0,1,0,0,0,0,0,0,1,A,11050,5.42,0,0.23,0,9
21643,34,50000,MORTGAGE,11,0,1,0,0,0,0,0,0,1,A,4000,8.9,0,0.08,0,8
21681,31,50000,MORTGAGE,4,0,1,0,0,0,0,0,0,1,A,16000,8.9,0,0.32,0,8
21683,31,50000,MORTGAGE,7,0,1,0,0,0,0,0,0,1,A,6000,5.99,0,0.12,0,8
21688,27,50000,MORTGAGE,5,0,1,0,0,0,0,0,0,1,B,2000,10.99,0,0.04,0,6
21728,28,50000,MORTGAGE,1,0,1,0,0,0,0,0,0,1,A,8000,5.99,0,0.16,0,7
21765,28,50000,MORTGAGE,12,0,1,0,0,0,0,0,0,1,B,3000,10.36,0,0.06,0,7
21790,30,50000,MORTGAGE,14,0,1,0,0,0,0,0,0,1,A,5000,7.88,0,0.1,0,5
21807,31,50000,MORTGAGE,5,0,1,0,0,0,0,0,0,1,A,2000,6.39,0,0.04,0,7
21822,27,50000,MORTGAGE,3,0,1,0,0,0,0,0,0,1,B,15000,9.88,0,0.3,0,8
21851,27,50000,MORTGAGE,1,0,1,0,0,0,0,0,0,1,A,6500,7.74,0,0.13,0,6
21857,27,50000,MORTGAGE,5,0,1,0,0,0,0,0,0,1,A,12000,9.32,0,0.24,0,8
21880,30,50000,MORTGAGE,0,0,1,0,0,0,0,0,0,1,C,10000,,0,0.2,0,9
21914,27,50055,MORTGAGE,5,0,1,0,0,0,0,0,0,1,B,15000,10.62,0,0.3,0,5
21931,28,50400,MORTGAGE,4,0,1,0,0,0,0,0,0,1,A,12000,,0,0.24,0,8
21933,33,50400,MORTGAGE,3,0,1,0,0,0,0,0,0,1,A,6000,6.92,0,0.12,0,9
21941,34,50400,MORTGAGE,9,0,1,0,0,0,0,0,0,1,F,22800,18.67,0,0.45,0,10
21971,28,51000,MORTGAGE,12,0,1,0,0,0,0,0,0,1,A,8000,7.51,0,0.16,0,5
21983,32,51000,MORTGAGE,1,0,1,0,0,0,0,0,0,1,B,10000,9.99,0,0.2,0,5
22028,30,51996,MORTGAGE,5,0,1,0,0,0,0,0,0,1,A,3200,6.99,0,0.06,0,10
22059,32,52000,MORTGAGE,1,0,1,0,0,0,0,0,0,1,A,1000,6.99,0,0.02,0,7
22073,29,52000,MORTGAGE,6,0,1,0,0,0,0,0,0,1,D,12000,15.65,0,0.23,0,8
22084,27,52000,MORTGAGE,8,0,1,0,0,0,0,0,0,1,C,1800,12.98,0,0.03,0,8
22127,31,52000,MORTGAGE,0,0,1,0,0,0,0,0,0,1,B,25000,10.71,0,0.48,0,7
22150,27,52656,MORTGAGE,4,0,1,0,0,0,0,0,0,1,B,13000,,0,0.25,0,10
22157,30,52800,MORTGAGE,14,0,1,0,0,0,0,0,0,1,A,15000,5.99,0,0.28,0,5
22168,29,52833,MORTGAGE,7,0,1,0,0,0,0,0,0,1,A,12250,6.62,0,0.23,0,6
22177,31,53000,MORTGAGE,15,0,1,0,0,0,0,0,0,1,D,10000,,0,0.19,0,10
22189,31,47000,MORTGAGE,10,0,1,0,0,0,0,0,0,1,D,23000,14.84,1,0.49,0,9
22197,27,53000,MORTGAGE,6,0,1,0,0,0,0,0,0,1,A,5000,,0,0.09,0,7
22220,32,53408,MORTGAGE,8,0,1,0,0,0,0,0,0,1,B,1400,10.99,0,0.03,0,6
22249,30,54000,MORTGAGE,0,0,1,0,0,0,0,0,0,1,A,9600,,0,0.18,0,8
22273,29,54000,MORTGAGE,1,0,1,0,0,0,0,0,0,1,D,10000,16.89,0,0.19,0,5
22275,31,54000,MORTGAGE,,0,1,0,0,0,0,0,0,1,A,6000,7.66,0,0.11,0,6
22287,28,54000,MORTGAGE,3,0,1,0,0,0,0,0,0,1,B,10000,9.99,0,0.19,0,9
22293,28,54000,MORTGAGE,1,0,1,0,0,0,0,0,0,1,B,6250,9.99,0,0.12,0,6
22311,33,54000,MORTGAGE,7,0,1,0,0,0,0,0,0,1,C,7500,13.22,0,0.14,0,10
22323,32,54000,MORTGAGE,9,0,1,0,0,0,0,0,0,1,C,13000,12.53,0,0.24,0,10
22336,27,54120,MORTGAGE,2,0,1,0,0,0,0,0,0,1,B,6000,11.36,0,0.11,0,6
22342,29,54548,MORTGAGE,8,0,1,0,0,0,0,0,0,1,A,6000,7.14,0,0.11,0,9
22344,30,54600,MORTGAGE,11,0,1,0,0,0,0,0,0,1,B,2500,9.99,0,0.05,0,7
22379,31,55000,MORTGAGE,15,0,1,0,0,0,0,0,0,1,B,4000,12.42,0,0.07,0,9
22399,29,55000,MORTGAGE,1,0,1,0,0,0,0,0,0,1,A,12625,7.9,0,0.23,0,6
22408,34,55000,MORTGAGE,3,0,1,0,0,0,0,0,0,1,A,12800,5.42,0,0.23,0,9
22467,29,55000,MORTGAGE,3,0,1,0,0,0,0,0,0,1,A,6400,7.88,0,0.12,0,9
22472,31,55000,MORTGAGE,0,0,1,0,0,0,0,0,0,1,A,4500,7.14,0,0.08,0,6
22508,28,55000,MORTGAGE,4,0,1,0,0,0,0,0,0,1,B,10650,11.58,0,0.19,0,8
22532,28,55200,MORTGAGE,12,0,1,0,0,0,0,0,0,1,C,3000,11.72,0,0.05,0,10
22537,27,49500,MORTGAGE,7,0,1,0,0,0,0,0,0,1,C,4750,15.27,1,0.1,0,7
22552,31,55680,MORTGAGE,7,0,1,0,0,0,0,0,0,1,C,4000,12.73,0,0.07,0,7
22601,29,56000,MORTGAGE,8,0,1,0,0,0,0,0,0,1,A,13000,7.88,0,0.23,0,5
22625,29,56033,MORTGAGE,7,0,1,0,0,0,0,0,0,1,C,16000,14.65,0,0.29,0,6
22644,30,56604,MORTGAGE,3,0,1,0,0,0,0,0,0,1,D,3000,17.58,0,0.05,0,9
22647,28,56700,MORTGAGE,11,0,1,0,0,0,0,0,0,1,B,15000,12.12,0,0.26,0,7
22677,30,57000,MORTGAGE,1,0,1,0,0,0,0,0,0,1,A,4500,7.49,0,0.08,0,10
22685,30,57000,MORTGAGE,2,0,1,0,0,0,0,0,0,1,A,6000,7.51,0,0.11,0,8
22690,28,57000,MORTGAGE,2,0,1,0,0,0,0,0,0,1,C,6000,12.73,0,0.11,0,10
22728,27,51600,MORTGAGE,2,0,1,0,0,0,0,0,0,1,D,13650,16.29,1,0.26,0,9
22735,34,51600,MORTGAGE,2,0,1,0,0,0,0,0,0,1,E,12000,17.88,1,0.23,0,8
22749,27,57886,MORTGAGE,7,0,1,0,0,0,0,0,0,1,A,4000,7.9,0,0.07,0,9
22750,34,57912,MORTGAGE,7,0,1,0,0,0,0,0,0,1,A,5600,5.42,0,0.1,0,8
22767,31,58000,MORTGAGE,15,0,1,0,0,0,0,0,0,1,A,8875,,0,0.15,0,6
22769,33,58000,MORTGAGE,2,0,1,0,0,0,0,0,0,1,B,15000,9.91,0,0.26,0,9
22782,27,58000,MORTGAGE,7,0,1,0,0,0,0,0,0,1,B,2800,11.99,0,0.05,0,8
22788,28,58000,MORTGAGE,8,0,1,0,0,0,0,0,0,1,A,9600,7.49,0,0.17,0,7
22792,28,58000,MORTGAGE,0,0,1,0,0,0,0,0,0,1,C,12500,13.43,0,0.22,0,8
22806,28,58000,MORTGAGE,3,0,1,0,0,0,0,0,0,1,A,4000,7.14,0,0.07,0,9
22822,28,58000,MORTGAGE,11,0,1,0,0,0,0,0,0,1,A,10000,9.32,0,0.17,0,10
22830,30,58239,MORTGAGE,3,0,1,0,0,0,0,0,0,1,A,10500,6.62,0,0.18,0,5
22845,29,58800,MORTGAGE,,0,1,0,0,0,0,0,0,1,B,11400,10.99,0,0.19,0,9
22850,29,58800,MORTGAGE,13,0,1,0,0,0,0,0,0,1,B,16000,9.88,0,0.27,0,6
22851,28,58800,MORTGAGE,11,0,1,0,0,0,0,0,0,1,A,5500,6.76,0,0.09,0,9
22865,29,59000,MORTGAGE,7,0,1,0,0,0,0,0,0,1,A,10000,7.49,0,0.17,0,7
22869,28,59000,MORTGAGE,2,0,1,0,0,0,0,0,0,1,B,14000,10.36,0,0.24,0,5
22897,33,59500,MORTGAGE,6,0,1,0,0,0,0,0,0,1,A,11000,,0,0.18,0,8
22920,27,54000,MORTGAGE,6,0,1,0,0,0,0,0,0,1,C,10000,14.27,1,0.19,0,10
22931,28,60000,MORTGAGE,13,0,1,0,0,0,0,0,0,1,A,8650,8.9,0,0.14,0,10
22949,30,60000,MORTGAGE,14,0,1,0,0,0,0,0,0,1,A,8000,7.51,0,0.13,0,10
22974,31,60000,MORTGAGE,0,0,1,0,0,0,0,0,0,1,B,7800,10.59,0,0.13,0,10
22995,27,60000,MORTGAGE,6,0,1,0,0,0,0,0,0,1,B,5100,11.49,0,0.09,0,6
23013,30,60000,MORTGAGE,5,0,1,0,0,0,0,0,0,1,A,4000,6.99,0,0.07,0,7
23016,32,60000,MORTGAGE,2,0,1,0,0,0,0,0,0,1,B,7125,9.99,0,0.12,0,7
23046,31,60000,MORTGAGE,7,0,1,0,0,0,0,0,0,1,B,7000,,0,0.12,0,7
23048,29,60000,MORTGAGE,7,0,1,0,0,0,0,0,0,1,A,5000,7.66,0,0.08,0,10
23114,31,60000,MORTGAGE,16,0,1,0,0,0,0,0,0,1,A,8800,7.51,0,0.15,0,9
23121,27,60000,MORTGAGE,4,0,1,0,0,0,0,0,0,1,A,8000,7.88,0,0.13,0,8
23136,30,60000,MORTGAGE,13,0,1,0,0,0,0,0,0,1,A,12250,7.51,0,0.2,0,6
23150,33,60000,MORTGAGE,7,0,1,0,0,0,0,0,0,1,A,7000,7.14,0,0.12,0,10
23214,31,60000,MORTGAGE,3,0,1,0,0,0,0,0,0,1,A,3600,7.68,0,0.06,0,9
23326,32,61572,MORTGAGE,0,0,1,0,0,0,0,0,0,1,C,15000,13.57,0,0.24,0,7
23344,30,62000,MORTGAGE,1,0,1,0,0,0,0,0,0,1,A,15000,6.03,0,0.24,0,10
23347,29,62000,MORTGAGE,6,0,1,0,0,0,0,0,0,1,A,12000,7.51,0,0.19,0,5
23368,31,62000,MORTGAGE,4,0,1,0,0,0,0,0,0,1,A,6550,5.79,0,0.11,0,5
23388,27,62000,MORTGAGE,6,0,1,0,0,0,0,0,0,1,A,3600,7.14,0,0.06,0,9
23418,27,62400,MORTGAGE,11,0,1,0,0,0,0,0,0,1,A,1000,5.42,0,0.02,0,7
23478,28,63000,MORTGAGE,3,0,1,0,0,0,0,0,0,1,C,13500,13.23,0,0.21,0,5
23490,31,63000,MORTGAGE,3,0,1,0,0,0,0,0,0,1,C,7000,13.92,0,0.11,0,7
23538,28,64000,MORTGAGE,5,0,1,0,0,0,0,0,0,1,A,12000,6.03,0,0.19,0,8
23545,33,64000,MORTGAGE,3,0,1,0,0,0,0,0,0,1,A,8800,7.49,0,0.14,0,5
23553,28,64000,MORTGAGE,3,0,1,0,0,0,0,0,0,1,A,7200,7.29,0,0.11,0,8
23577,27,64500,MORTGAGE,6,0,1,0,0,0,0,0,0,1,B,24000,11.83,0,0.37,0,5
23590,27,64800,MORTGAGE,12,0,1,0,0,0,0,0,0,1,A,6500,,0,0.1,0,6
23601,29,65000,MORTGAGE,2,0,1,0,0,0,0,0,0,1,A,10000,,0,0.15,0,5
23605,27,65000,MORTGAGE,5,0,1,0,0,0,0,0,0,1,B,13225,12.69,0,0.2,0,6
23616,27,65000,MORTGAGE,5,0,1,0,0,0,0,0,0,1,B,10000,12.42,0,0.15,0,6
23629,31,65000,MORTGAGE,15,0,1,0,0,0,0,0,0,1,B,30000,12.69,0,0.46,0,9
23633,33,65000,MORTGAGE,4,0,1,0,0,0,0,0,0,1,A,15000,7.51,0,0.23,0,8
23636,27,65000,MORTGAGE,,0,1,0,0,0,0,0,0,1,A,6025,6.03,0,0.09,0,10
23646,31,65000,MORTGAGE,6,0,1,0,0,0,0,0,0,1,A,12000,7.49,0,0.18,0,6
23655,27,65000,MORTGAGE,11,0,1,0,0,0,0,0,0,1,A,8000,7.49,0,0.12,0,8
23661,28,65000,MORTGAGE,3,0,1,0,0,0,0,0,0,1,A,10000,7.49,0,0.15,0,5
23662,34,65000,MORTGAGE,3,0,1,0,0,0,0,0,0,1,A,5000,6.99,0,0.08,0,7
23666,34,65000,MORTGAGE,8,0,1,0,0,0,0,0,0,1,B,13750,,0,0.21,0,5
23675,28,65000,MORTGAGE,2,0,1,0,0,0,0,0,0,1,A,2500,5.99,0,0.04,0,7
23677,27,65000,MORTGAGE,11,0,1,0,0,0,0,0,0,1,B,4500,11.99,0,0.07,0,10
23683,27,65000,MORTGAGE,11,0,1,0,0,0,0,0,0,1,A,9000,7.66,0,0.14,0,6
23704,35,65000,MORTGAGE,,0,1,0,0,0,0,0,0,1,A,6500,5.42,0,0.1,0,5
23727,32,65000,MORTGAGE,12,0,1,0,0,0,0,0,0,1,A,12000,7.88,0,0.18,0,5
23730,34,65000,MORTGAGE,12,0,1,0,0,0,0,0,0,1,A,6000,7.14,0,0.09,0,10
23788,33,65004,MORTGAGE,14,0,1,0,0,0,0,0,0,1,B,8000,11.49,0,0.12,0,9
23797,34,65200,MORTGAGE,13,0,1,0,0,0,0,0,0,1,A,8000,6.92,0,0.12,0,7
23816,35,66000,MORTGAGE,4,0,1,0,0,0,0,0,0,1,A,3000,6.03,0,0.05,0,7
23823,31,66000,MORTGAGE,8,0,1,0,0,0,0,0,0,1,A,4200,7.49,0,0.06,0,7
23825,29,66000,MORTGAGE,4,0,1,0,0,0,0,0,0,1,A,3000,5.42,0,0.05,0,7
23842,30,66000,MORTGAGE,,0,1,0,0,0,0,0,0,1,A,12000,7.51,0,0.18,0,10
23846,30,66000,MORTGAGE,15,0,1,0,0,0,0,0,0,1,B,15000,11.14,0,0.23,0,8
23861,31,66500,MORTGAGE,0,0,1,0,0,0,0,0,0,1,A,4200,7.66,0,0.06,0,8
23870,35,66560,MORTGAGE,11,0,1,0,0,0,0,0,0,1,A,4200,5.79,0,0.06,0,10
23878,28,66887,MORTGAGE,2,0,1,0,0,0,0,0,0,1,B,25000,10.36,0,0.37,0,8
23899,28,67000,MORTGAGE,3,0,1,0,0,0,0,0,0,1,B,14400,9.88,0,0.21,0,10
23913,34,67014,MORTGAGE,18,0,1,0,0,0,0,0,0,1,C,16000,13.22,0,0.24,0,8
23927,35,67641,MORTGAGE,6,0,1,0,0,0,0,0,0,1,A,10000,8,0,0.15,0,5
23944,28,68000,MORTGAGE,7,0,1,0,0,0,0,0,0,1,B,2500,11.71,0,0.04,0,7
23967,28,68000,MORTGAGE,12,0,1,0,0,0,0,0,0,1,C,3250,13.23,0,0.05,0,7
23974,27,68000,MORTGAGE,3,0,1,0,0,0,0,0,0,1,A,10800,7.88,0,0.16,0,8
23975,33,68000,MORTGAGE,15,0,1,0,0,0,0,0,0,1,B,5000,12.18,0,0.07,0,10
24017,30,69000,MORTGAGE,13,0,1,0,0,0,0,0,0,1,B,10000,9.99,0,0.14,0,9
24056,28,69900,MORTGAGE,6,0,1,0,0,0,0,0,0,1,A,12000,7.49,0,0.17,0,10
24071,33,64000,MORTGAGE,8,0,1,0,0,0,0,0,0,1,C,12000,,1,0.19,0,9
24099,27,70000,MORTGAGE,8,0,1,0,0,0,0,0,0,1,B,12000,9.91,0,0.17,0,6
24101,31,70000,MORTGAGE,11,0,1,0,0,0,0,0,0,1,A,4500,7.9,0,0.06,0,8
24107,28,70000,MORTGAGE,2,0,1,0,0,0,0,0,0,1,A,5600,6.62,0,0.08,0,5
24109,34,70000,MORTGAGE,5,0,1,0,0,0,0,0,0,1,C,4600,14.79,0,0.07,0,7
24139,32,70000,MORTGAGE,5,0,1,0,0,0,0,0,0,1,A,14000,7.49,0,0.2,0,10
24146,34,70000,MORTGAGE,5,0,1,0,0,0,0,0,0,1,A,6000,,0,0.09,0,6
24148,32,70000,MORTGAGE,3,0,1,0,0,0,0,0,0,1,A,4000,5.79,0,0.06,0,5
24209,31,70000,MORTGAGE,16,0,1,0,0,0,0,0,0,1,A,14000,7.88,0,0.2,0,10
24226,27,70000,MORTGAGE,7,0,1,0,0,0,0,0,0,1,D,8000,16,0,0.11,0,10
24232,28,70000,MORTGAGE,11,0,1,0,0,0,0,0,0,1,E,15000,16,0,0.21,0,7
24253,28,70000,MORTGAGE,0,0,1,0,0,0,0,0,0,1,B,5275,,0,0.08,0,5
24263,27,70392,MORTGAGE,9,0,1,0,0,0,0,0,0,1,B,1500,,0,0.02,0,9
24303,28,71000,MORTGAGE,1,0,1,0,0,0,0,0,0,1,B,9800,12.21,0,0.14,0,5
24309,27,71352,MORTGAGE,3,0,1,0,0,0,0,0,0,1,A,9000,6.54,0,0.13,0,6
24333,34,72000,MORTGAGE,11,0,1,0,0,0,0,0,0,1,B,5800,,0,0.08,0,9
24365,29,72000,MORTGAGE,6,0,1,0,0,0,0,0,0,1,D,16800,15.62,0,0.23,0,9
24374,30,72000,MORTGAGE,4,0,1,0,0,0,0,0,0,1,B,6000,11.99,0,0.08,0,10
24377,29,72000,MORTGAGE,13,0,1,0,0,0,0,0,0,1,A,22100,7.29,0,0.31,0,5
24379,31,72000,MORTGAGE,7,0,1,0,0,0,0,0,0,1,A,5000,6.92,0,0.07,0,10
24404,30,72000,MORTGAGE,13,0,1,0,0,0,0,0,0,1,A,12000,7.88,0,0.17,0,8
24413,29,72000,MORTGAGE,0,0,1,0,0,0,0,0,0,1,B,24000,10.99,0,0.33,0,6
24423,28,72000,MORTGAGE,12,0,1,0,0,0,0,0,0,1,A,15000,8.94,0,0.21,0,9
24491,28,73000,MORTGAGE,6,0,1,0,0,0,0,0,0,1,B,15000,11.83,0,0.21,0,9
24500,28,73073,MORTGAGE,8,0,1,0,0,0,0,0,0,1,A,4200,5.79,0,0.06,0,7
24561,31,74400,MORTGAGE,11,0,1,0,0,0,0,0,0,1,A,13000,7.88,0,0.17,0,10
24599,30,75000,MORTGAGE,3,0,1,0,0,0,0,0,0,1,A,18750,7.9,0,0.25,0,6
24611,35,69000,MORTGAGE,2,0,1,0,0,0,0,0,0,1,D,25500,17.27,1,0.37,0,5
24624,31,75000,MORTGAGE,6,0,1,0,0,0,0,0,0,1,A,3000,8.49,0,0.04,0,5
24630,32,75000,MORTGAGE,5,0,1,0,0,0,0,0,0,1,C,16000,13.49,0,0.21,0,8
24661,34,75000,MORTGAGE,6,0,1,0,0,0,0,0,0,1,A,8000,5.42,0,0.11,0,10
24688,32,75000,MORTGAGE,3,0,1,0,0,0,0,0,0,1,B,10000,10.38,0,0.13,0,10
24703,27,75000,MORTGAGE,3,0,1,0,0,0,0,0,0,1,B,4000,11.49,0,0.05,0,7
24731,31,75000,MORTGAGE,8,0,1,0,0,0,0,0,0,1,B,15600,11.83,0,0.21,0,5
24732,30,75000,MORTGAGE,4,0,1,0,0,0,0,0,0,1,B,15000,11.48,0,0.2,0,7
24747,33,75000,MORTGAGE,13,0,1,0,0,0,0,0,0,1,D,4000,14.11,0,0.05,0,7
24748,28,75000,MORTGAGE,5,0,1,0,0,0,0,0,0,1,B,10000,12.21,0,0.13,0,5
24758,27,75000,MORTGAGE,2,0,1,0,0,0,0,0,0,1,B,8000,10.95,0,0.11,0,7
24764,28,75000,MORTGAGE,12,0,1,0,0,0,0,0,0,1,C,15250,11.34,0,0.2,0,5
24837,31,77000,MORTGAGE,4,0,1,0,0,0,0,0,0,1,C,10000,14.65,0,0.13,0,5
24845,27,77000,MORTGAGE,11,0,1,0,0,0,0,0,0,1,B,18500,11.11,0,0.24,0,10
24896,27,78000,MORTGAGE,6,0,1,0,0,0,0,0,0,1,D,15275,16.89,0,0.2,0,6
24899,33,78000,MORTGAGE,17,0,1,0,0,0,0,0,0,1,D,10000,,0,0.13,0,10
24911,31,78000,MORTGAGE,6,0,1,0,0,0,0,0,0,1,B,8000,10,0,0.1,0,6
24927,29,78000,MORTGAGE,13,0,1,0,0,0,0,0,0,1,C,10000,12.73,0,0.13,0,7
24930,27,78000,MORTGAGE,1,0,1,0,0,0,0,0,0,1,A,5125,8.59,0,0.07,0,8
24944,35,78252,MORTGAGE,19,0,1,0,0,0,0,0,0,1,D,30000,17.58,0,0.38,0,8
24952,31,78408,MORTGAGE,10,0,1,0,0,0,0,0,0,1,B,15000,12.18,0,0.19,0,8
24965,27,79000,MORTGAGE,6,0,1,0,0,0,0,0,0,1,A,13000,,0,0.16,0,8
24984,33,79112,MORTGAGE,17,0,1,0,0,0,0,0,0,1,B,4000,10.36,0,0.05,0,6
24985,29,79200,MORTGAGE,,0,1,0,0,0,0,0,0,1,A,8000,5.42,0,0.1,0,9
25037,32,80000,MORTGAGE,15,0,1,0,0,0,0,0,0,1,A,12000,5.99,0,0.15,0,8
25050,34,80000,MORTGAGE,3,0,1,0,0,0,0,0,0,1,A,3600,5.99,0,0.04,0,9
25065,30,80000,MORTGAGE,7,0,1,0,0,0,0,0,0,1,B,16800,10.99,0,0.21,0,8
25076,31,74000,MORTGAGE,13,0,1,0,0,0,0,0,0,1,C,1500,12.68,1,0.02,0,10
25092,33,80000,MORTGAGE,9,0,1,0,0,0,0,0,0,1,B,6000,11.11,0,0.07,0,7
25127,28,80000,MORTGAGE,12,0,1,0,0,0,0,0,0,1,A,2500,,0,0.03,0,7
25136,31,80000,MORTGAGE,5,0,1,0,0,0,0,0,0,1,A,6000,7.4,0,0.07,0,9
25149,30,80000,MORTGAGE,14,0,1,0,0,0,0,0,0,1,C,8000,13.92,0,0.1,0,8
25159,28,74000,MORTGAGE,6,0,1,0,0,0,0,0,0,1,E,7000,15.38,1,0.09,0,9
25172,28,80004,MORTGAGE,2,0,1,0,0,0,0,0,0,1,B,22750,11.49,0,0.28,0,6
25186,29,80400,MORTGAGE,13,0,1,0,0,0,0,0,0,1,A,8000,7.14,0,0.1,0,10
25203,28,81000,MORTGAGE,6,0,1,0,0,0,0,0,0,1,A,2500,5.99,0,0.03,0,6
25218,28,81000,MORTGAGE,0,0,1,0,0,0,0,0,0,1,C,5000,12.53,0,0.06,0,9
25232,29,81900,MORTGAGE,13,0,1,0,0,0,0,0,0,1,A,8000,7.66,0,0.1,0,10
25241,27,82000,MORTGAGE,11,0,1,0,0,0,0,0,0,1,A,4000,7.9,0,0.05,0,10
25252,27,82000,MORTGAGE,3,0,1,0,0,0,0,0,0,1,A,10000,6.92,0,0.12,0,9
25253,27,82000,MORTGAGE,0,0,1,0,0,0,0,0,0,1,B,14000,10,0,0.17,0,7
25284,31,82524,MORTGAGE,4,0,1,0,0,0,0,0,0,1,A,12000,6.62,0,0.15,0,8
25288,29,82600,MORTGAGE,6,0,1,0,0,0,0,0,0,1,B,19450,9.91,0,0.24,0,10
25292,28,82800,MORTGAGE,10,0,1,0,0,0,0,0,0,1,B,18000,,0,0.22,0,7
25301,27,83000,MORTGAGE,,0,1,0,0,0,0,0,0,1,A,8800,8.49,0,0.11,0,9
25309,29,83000,MORTGAGE,5,0,1,0,0,0,0,0,0,1,A,7500,,0,0.09,0,10
25336,27,83886,MORTGAGE,11,0,1,0,0,0,0,0,0,1,A,15000,6.03,0,0.18,0,6
25347,34,84000,MORTGAGE,10,0,1,0,0,0,0,0,0,1,A,30000,7.9,0,0.36,0,8
25348,33,84000,MORTGAGE,17,0,1,0,0,0,0,0,0,1,A,20000,5.99,0,0.24,0,8
25373,31,84000,MORTGAGE,2,0,1,0,0,0,0,0,0,1,A,7600,7.51,0,0.09,0,5
25389,29,84000,MORTGAGE,8,0,1,0,0,0,0,0,0,1,A,10000,,0,0.12,0,8
25399,27,84780,MORTGAGE,5,0,1,0,0,0,0,0,0,1,A,18000,7.51,0,0.21,0,10
25404,31,84996,MORTGAGE,1,0,1,0,0,0,0,0,0,1,A,2500,8.49,0,0.03,0,10
25413,32,84996,MORTGAGE,4,0,1,0,0,0,0,0,0,1,A,9000,9.32,0,0.11,0,6
25429,27,85000,MORTGAGE,12,0,1,0,0,0,0,0,0,1,A,3800,6.03,0,0.04,0,6
25442,29,85000,MORTGAGE,14,0,1,0,0,0,0,0,0,1,B,7500,11.49,0,0.09,0,10
25456,28,85000,MORTGAGE,6,0,1,0,0,0,0,0,0,1,A,9075,7.49,0,0.11,0,10
25485,29,85000,MORTGAGE,9,0,1,0,0,0,0,0,0,1,B,20000,10.38,0,0.24,0,9
25494,27,85000,MORTGAGE,8,0,1,0,0,0,0,0,0,1,B,7500,10.99,0,0.09,0,10
25521,29,85000,MORTGAGE,0,0,1,0,0,0,0,0,0,1,E,10000,16.63,0,0.12,0,8
25561,28,86004,MORTGAGE,12,0,1,0,0,0,0,0,0,1,B,3000,9.99,0,0.03,0,5
25565,34,86100,MORTGAGE,5,0,1,0,0,0,0,0,0,1,A,18000,6.99,0,0.21,0,5
25584,27,86875,MORTGAGE,5,0,1,0,0,0,0,0,0,1,B,8000,10.59,0,0.09,0,10
25599,27,87000,MORTGAGE,11,0,1,0,0,0,0,0,0,1,C,21125,13.92,0,0.24,0,5
25601,29,87000,MORTGAGE,6,0,1,0,0,0,0,0,0,1,A,4800,8.94,0,0.06,0,5
25603,27,87000,MORTGAGE,2,0,1,0,0,0,0,0,0,1,A,7200,9.63,0,0.08,0,6
25626,31,88000,MORTGAGE,11,0,1,0,0,0,0,0,0,1,D,14000,17.58,0,0.16,0,7
25628,27,88000,MORTGAGE,4,0,1,0,0,0,0,0,0,1,B,14000,12.42,0,0.16,0,10
25655,30,89000,MORTGAGE,14,0,1,0,0,0,0,0,0,1,A,4000,6.03,0,0.04,0,6
25676,28,89602,MORTGAGE,4,0,1,0,0,0,0,0,0,1,A,4800,5.42,0,0.05,0,8
25724,27,90000,MORTGAGE,11,0,1,0,0,0,0,0,0,1,D,21000,15.62,0,0.23,0,9
25726,31,90000,MORTGAGE,5,0,1,0,0,0,0,0,0,1,A,17000,,0,0.19,0,10
25735,34,90000,MORTGAGE,15,0,1,0,0,0,0,0,0,1,A,15000,6.99,0,0.17,0,6
25766,31,90000,MORTGAGE,3,0,1,0,0,0,0,0,0,1,C,16500,12.61,0,0.18,0,6
25773,28,90000,MORTGAGE,5,0,1,0,0,0,0,0,0,1,B,25000,11.86,0,0.28,0,6
25795,27,90000,MORTGAGE,5,0,1,0,0,0,0,0,0,1,C,12000,12.73,0,0.13,0,9
25803,33,90000,MORTGAGE,5,0,1,0,0,0,0,0,0,1,A,4200,8.94,0,0.05,0,5
25820,29,90000,MORTGAGE,13,0,1,0,0,0,0,0,0,1,B,10000,12.21,0,0.11,0,10
25851,30,90722,MORTGAGE,6,0,1,0,0,0,0,0,0,1,A,10000,6.91,0,0.11,0,8
25854,30,91000,MORTGAGE,14,0,1,0,0,0,0,0,0,1,B,13600,12.42,0,0.15,0,7
25862,34,91000,MORTGAGE,19,0,1,0,0,0,0,0,0,1,B,15000,,0,0.16,0,10
25887,31,92000,MORTGAGE,6,0,1,0,0,0,0,0,0,1,A,6000,,0,0.07,0,8
25893,30,92000,MORTGAGE,9,0,1,0,0,0,0,0,0,1,A,5000,,0,0.05,0,10
25896,35,92000,MORTGAGE,11,0,1,0,0,0,0,0,0,1,A,12000,6.99,0,0.13,0,8
25897,29,92000,MORTGAGE,3,0,1,0,0,0,0,0,0,1,B,24000,11.49,0,0.26,0,7
25911,28,92000,MORTGAGE,5,0,1,0,0,0,0,0,0,1,A,6000,6.76,0,0.07,0,9
25922,29,92004,MORTGAGE,12,0,1,0,0,0,0,0,0,1,B,10000,9.63,0,0.11,0,6
25924,28,92004,MORTGAGE,2,0,1,0,0,0,0,0,0,1,A,7000,9.63,0,0.08,0,8
25933,29,92700,MORTGAGE,2,0,1,0,0,0,0,0,0,1,A,24000,6.91,0,0.26,0,8
25944,32,93000,MORTGAGE,16,0,1,0,0,0,0,0,0,1,B,21000,10.74,0,0.23,0,10
25972,35,94000,MORTGAGE,9,0,1,0,0,0,0,0,0,1,B,15000,9.88,0,0.16,0,10
25992,28,95000,MORTGAGE,13,0,1,0,0,0,0,0,0,1,B,15000,9.91,0,0.16,0,7
25994,29,95000,MORTGAGE,6,0,1,0,0,0,0,0,0,1,A,35000,7.9,0,0.37,0,8
25999,31,95000,MORTGAGE,5,0,1,0,0,0,0,0,0,1,B,18000,11.71,0,0.19,0,9
26000,32,95000,MORTGAGE,5,0,1,0,0,0,0,0,0,1,B,4800,10.99,0,0.05,0,8
26013,30,95000,MORTGAGE,14,0,1,0,0,0,0,0,0,1,A,5000,6.99,0,0.05,0,10
26031,33,95000,MORTGAGE,4,0,1,0,0,0,0,0,0,1,A,8000,5.79,0,0.08,0,10
26046,28,95000,MORTGAGE,5,0,1,0,0,0,0,0,0,1,A,5000,7.88,0,0.05,0,7
26077,28,95680,MORTGAGE,12,0,1,0,0,0,0,0,0,1,A,17000,7.88,0,0.18,0,7
26080,32,96000,MORTGAGE,9,0,1,0,0,0,0,0,0,1,A,7000,6.62,0,0.07,0,6
26091,30,96000,MORTGAGE,14,0,1,0,0,0,0,0,0,1,A,6000,5.42,0,0.06,0,7
26107,28,96000,MORTGAGE,8,0,1,0,0,0,0,0,0,1,A,10000,7.66,0,0.1,0,7
26108,33,96000,MORTGAGE,0,0,1,0,0,0,0,0,0,1,C,8000,13.72,0,0.08,0,9
26119,29,96000,MORTGAGE,4,0,1,0,0,0,0,0,0,1,A,4500,6.76,0,0.05,0,10
26140,28,96120,MORTGAGE,,0,1,0,0,0,0,0,0,1,B,15000,10,0,0.16,0,9
26155,29,97000,MORTGAGE,13,0,1,0,0,0,0,0,0,1,C,10000,14.65,0,0.1,0,8
26157,28,97000,MORTGAGE,9,0,1,0,0,0,0,0,0,1,A,12000,8.49,0,0.12,0,5
26159,27,97000,MORTGAGE,0,0,1,0,0,0,0,0,0,1,A,12000,6.91,0,0.12,0,7
26190,34,98000,MORTGAGE,10,0,1,0,0,0,0,0,0,1,A,16000,6.03,0,0.16,0,5
26199,30,98000,MORTGAGE,12,0,1,0,0,0,0,0,0,1,B,12000,8.88,0,0.12,0,7
26202,27,98000,MORTGAGE,5,0,1,0,0,0,0,0,0,1,B,15000,11.36,0,0.15,0,7
26206,33,98000,MORTGAGE,3,0,1,0,0,0,0,0,0,1,B,25000,11.83,0,0.26,0,10
26210,30,98000,MORTGAGE,8,0,1,0,0,0,0,0,0,1,A,3500,7.68,0,0.04,0,10
26213,33,98004,MORTGAGE,2,0,1,0,0,0,0,0,0,1,B,4000,10.99,0,0.04,0,9
26215,29,98080,MORTGAGE,8,0,1,0,0,0,0,0,0,1,B,20000,8.88,0,0.2,0,9
26217,32,98300,MORTGAGE,3,0,1,0,0,0,0,0,0,1,C,5000,12.23,0,0.05,0,10
26236,27,99000,MORTGAGE,4,0,1,0,0,0,0,0,0,1,A,9000,7.14,0,0.09,0,8
26238,28,99000,MORTGAGE,12,0,1,0,0,0,0,0,0,1,B,18000,9.76,0,0.18,0,7
26241,29,99400,MORTGAGE,3,0,1,0,0,0,0,0,0,1,A,6000,6.92,0,0.06,0,7
26247,28,99996,MORTGAGE,6,0,1,0,0,0,0,0,0,1,A,10000,5.42,0,0.1,0,8
26255,27,99996,MORTGAGE,0,0,1,0,0,0,0,0,0,1,C,3000,12.84,0,0.03,0,10
26273,35,100000,MORTGAGE,14,0,1,0,0,0,0,0,0,1,A,10000,6.62,0,0.1,0,8
26289,31,100000,MORTGAGE,1,0,1,0,0,0,0,0,0,1,A,12000,5.42,0,0.12,0,7
26309,35,100000,MORTGAGE,19,0,1,0,0,0,0,0,0,1,B,1800,9.63,0,0.02,0,8
26315,32,100000,MORTGAGE,4,0,1,0,0,0,0,0,0,1,A,9500,5.79,0,0.1,0,8
26352,33,100000,MORTGAGE,12,0,1,0,0,0,0,0,0,1,B,8000,11.86,0,0.08,0,7
26367,28,100000,MORTGAGE,13,0,1,0,0,0,0,0,0,1,A,13000,8.59,0,0.13,0,5
26376,28,100000,MORTGAGE,3,0,1,0,0,0,0,0,0,1,B,5300,11.14,0,0.05,0,5
26378,28,100000,MORTGAGE,4,0,1,0,0,0,0,0,0,1,B,20000,11.48,0,0.2,0,5
26395,33,100000,MORTGAGE,2,0,1,0,0,0,0,0,0,1,C,7000,,0,0.07,0,6
26397,31,100000,MORTGAGE,8,0,1,0,0,0,0,0,0,1,B,7000,10.08,0,0.07,0,10
26412,30,100800,MORTGAGE,5,0,1,0,0,0,0,0,0,1,B,22000,12.42,0,0.22,0,7
26451,28,102000,MORTGAGE,2,0,1,0,0,0,0,0,0,1,B,10000,12.18,0,0.1,0,7
26455,27,102000,MORTGAGE,6,0,1,0,0,0,0,0,0,1,A,10000,9.63,0,0.1,0,9
26474,34,103000,MORTGAGE,5,0,1,0,0,0,0,0,0,1,A,3525,5.42,0,0.03,0,8
26477,28,103000,MORTGAGE,4,0,1,0,0,0,0,0,0,1,A,10000,7.51,0,0.1,0,10
26479,34,103000,MORTGAGE,5,0,1,0,0,0,0,0,0,1,B,16000,10.62,0,0.16,0,7
26481,31,103000,MORTGAGE,3,0,1,0,0,0,0,0,0,1,B,15000,,0,0.15,0,6
26486,30,103500,MORTGAGE,14,0,1,0,0,0,0,0,0,1,D,24150,14.61,0,0.23,0,9
26513,29,105000,MORTGAGE,4,0,1,0,0,0,0,0,0,1,A,12000,6.62,0,0.11,0,7
26517,34,105000,MORTGAGE,14,0,1,0,0,0,0,0,0,1,A,12000,6.99,0,0.11,0,5
26529,28,105000,MORTGAGE,8,0,1,0,0,0,0,0,0,1,B,12000,9.63,0,0.11,0,10
26532,29,105000,MORTGAGE,3,0,1,0,0,0,0,0,0,1,A,20000,6.91,0,0.19,0,8
26556,28,105000,MORTGAGE,0,0,1,0,0,0,0,0,0,1,B,19000,12.21,0,0.18,0,6
26572,30,106000,MORTGAGE,11,0,1,0,0,0,0,0,0,1,F,10000,,0,0.09,0,9
26591,27,107000,MORTGAGE,11,0,1,0,0,0,0,0,0,1,B,35000,9.63,0,0.33,0,7
26599,32,107004,MORTGAGE,6,0,1,0,0,0,0,0,0,1,B,4200,11.71,0,0.04,0,8
26607,31,96000,MORTGAGE,7,0,1,0,0,0,0,0,0,1,C,25000,,1,0.26,0,5
26608,32,108000,MORTGAGE,5,0,1,0,0,0,0,0,0,1,B,12000,11.49,0,0.11,0,10
26660,28,110000,MORTGAGE,12,0,1,0,0,0,0,0,0,1,A,17000,6.03,0,0.15,0,7
26661,30,110000,MORTGAGE,14,0,1,0,0,0,0,0,0,1,B,10000,10.65,0,0.09,0,8
26680,27,110000,MORTGAGE,8,0,1,0,0,0,0,0,0,1,B,30000,11.11,0,0.27,0,6
26681,32,110000,MORTGAGE,2,0,1,0,0,0,0,0,0,1,B,5600,10.74,0,0.05,0,7
26687,28,110000,MORTGAGE,3,0,1,0,0,0,0,0,0,1,A,11000,5.79,0,0.1,0,7
26688,28,110000,MORTGAGE,12,0,1,0,0,0,0,0,0,1,B,15000,10,0,0.14,0,10
26689,29,110000,MORTGAGE,11,0,1,0,0,0,0,0,0,1,B,12000,10.37,0,0.11,0,10
26700,30,110000,MORTGAGE,5,0,1,0,0,0,0,0,0,1,B,25000,11.12,0,0.23,0,9
26711,35,110000,MORTGAGE,7,0,1,0,0,0,0,0,0,1,B,6000,,0,0.05,0,6
26719,32,110000,MORTGAGE,0,0,1,0,0,0,0,0,0,1,B,23000,11.48,0,0.21,0,9
26730,29,110000,MORTGAGE,0,0,1,0,0,0,0,0,0,1,A,15000,8.94,0,0.14,0,7
26767,28,100000,MORTGAGE,4,0,1,0,0,0,0,0,0,1,D,25000,,1,0.25,0,6
26774,28,112200,MORTGAGE,10,0,1,0,0,0,0,0,0,1,A,6800,5.79,0,0.06,0,5
26795,27,113004,MORTGAGE,11,0,1,0,0,0,0,0,0,1,A,15000,8.94,0,0.13,0,8
26796,28,113300,MORTGAGE,12,0,1,0,0,0,0,0,0,1,C,18000,12.99,0,0.16,0,6
26803,28,114000,MORTGAGE,12,0,1,0,0,0,0,0,0,1,E,8000,18.64,0,0.07,0,10
26817,30,114400,MORTGAGE,14,0,1,0,0,0,0,0,0,1,A,8000,8.94,0,0.07,0,7
26826,29,115000,MORTGAGE,4,0,1,0,0,0,0,0,0,1,B,22000,12.69,0,0.19,0,10
26847,27,115000,MORTGAGE,11,0,1,0,0,0,0,0,0,1,B,5000,,0,0.04,0,5
26858,31,115000,MORTGAGE,4,0,1,0,0,0,0,0,0,1,C,6500,13.98,0,0.06,0,9
26879,28,116000,MORTGAGE,12,0,1,0,0,0,0,0,0,1,A,14000,7.51,0,0.12,0,6
26892,29,117000,MORTGAGE,14,0,1,0,0,0,0,0,0,1,A,7800,8.9,0,0.07,0,8
26932,29,120000,MORTGAGE,11,0,1,0,0,0,0,0,0,1,B,16000,12.42,0,0.13,0,9
26940,29,120000,MORTGAGE,12,0,1,0,0,0,0,0,0,1,B,12000,10.65,0,0.1,0,9
26945,33,120000,MORTGAGE,14,0,1,0,0,0,0,0,0,1,B,2000,12.69,0,0.02,0,9
26947,29,120000,MORTGAGE,1,0,1,0,0,0,0,0,0,1,B,5000,9.91,0,0.04,0,7
26950,31,120000,MORTGAGE,0,0,1,0,0,0,0,0,0,1,A,12000,6.03,0,0.1,0,6
27014,29,120000,MORTGAGE,13,0,1,0,0,0,0,0,0,1,A,10000,6.17,0,0.08,0,8
27025,32,120000,MORTGAGE,9,0,1,0,0,0,0,0,0,1,A,8000,7.51,0,0.07,0,7
27027,29,120000,MORTGAGE,1,0,1,0,0,0,0,0,0,1,B,23000,11.49,0,0.19,0,5
27030,27,120000,MORTGAGE,4,0,1,0,0,0,0,0,0,1,A,8400,7.14,0,0.07,0,8
27034,32,120000,MORTGAGE,16,0,1,0,0,0,0,0,0,1,B,25000,10.99,0,0.21,0,6
27035,29,120000,MORTGAGE,7,0,1,0,0,0,0,0,0,1,C,12000,13.48,0,0.1,0,7
27046,31,120000,MORTGAGE,0,0,1,0,0,0,0,0,0,1,B,20000,11.14,0,0.17,0,9
27052,30,120000,MORTGAGE,14,0,1,0,0,0,0,0,0,1,D,7500,15.65,0,0.06,0,5
27059,31,120000,MORTGAGE,9,0,1,0,0,0,0,0,0,1,A,9000,8.94,0,0.07,0,6
27071,28,120000,MORTGAGE,12,0,1,0,0,0,0,0,0,1,B,20000,9.45,0,0.17,0,10
27081,29,120000,MORTGAGE,8,0,1,0,0,0,0,0,0,1,A,5000,7.43,0,0.04,0,6
27095,32,121500,MORTGAGE,11,0,1,0,0,0,0,0,0,1,A,6000,7.51,0,0.05,0,6
27107,27,122880,MORTGAGE,3,0,1,0,0,0,0,0,0,1,A,35000,8.49,0,0.28,0,5
27117,28,123504,MORTGAGE,12,0,1,0,0,0,0,0,0,1,B,18000,,0,0.15,0,7
27134,29,125000,MORTGAGE,6,0,1,0,0,0,0,0,0,1,B,3400,9.91,0,0.03,0,7
27136,30,125000,MORTGAGE,14,0,1,0,0,0,0,0,0,1,C,7000,,0,0.06,0,7
27141,32,125000,MORTGAGE,3,0,1,0,0,0,0,0,0,1,B,21000,11.71,0,0.17,0,10
27150,28,125000,MORTGAGE,0,0,1,0,0,0,0,0,0,1,A,7500,7.49,0,0.06,0,7
27166,35,125000,MORTGAGE,8,0,1,0,0,0,0,0,0,1,A,17000,7.88,0,0.14,0,6
27179,28,125000,MORTGAGE,13,0,1,0,0,0,0,0,0,1,B,15000,10.25,0,0.12,0,7
27182,31,125000,MORTGAGE,4,0,1,0,0,0,0,0,0,1,B,12500,11.48,0,0.1,0,10
27205,28,126000,MORTGAGE,12,0,1,0,0,0,0,0,0,1,B,2000,9.99,0,0.02,0,10
27206,34,126000,MORTGAGE,2,0,1,0,0,0,0,0,0,1,B,9600,11.49,0,0.08,0,5
27207,29,126000,MORTGAGE,5,0,1,0,0,0,0,0,0,1,D,7000,16.02,0,0.06,0,5
27208,30,126000,MORTGAGE,6,0,1,0,0,0,0,0,0,1,B,8000,10.74,0,0.06,0,8
27231,27,128000,MORTGAGE,11,0,1,0,0,0,0,0,0,1,B,32000,11.11,0,0.25,0,7
27245,30,130000,MORTGAGE,14,0,1,0,0,0,0,0,0,1,B,4000,,0,0.03,0,6
27246,30,130000,MORTGAGE,8,0,1,0,0,0,0,0,0,1,B,27000,11.71,0,0.21,0,6
27251,30,130000,MORTGAGE,14,0,1,0,0,0,0,0,0,1,B,7000,9.91,0,0.05,0,9
27268,27,130000,MORTGAGE,3,0,1,0,0,0,0,0,0,1,B,24000,10.99,0,0.18,0,10
27277,27,130000,MORTGAGE,2,0,1,0,0,0,0,0,0,1,B,5000,9.99,0,0.04,0,9
27302,29,130000,MORTGAGE,13,0,1,0,0,0,0,0,0,1,A,17500,8.94,0,0.13,0,9
27315,29,130900,MORTGAGE,11,0,1,0,0,0,0,0,0,1,B,4800,11.71,0,0.04,0,9
27320,30,131004,MORTGAGE,14,0,1,0,0,0,0,0,0,1,A,5000,8.49,0,0.04,0,8
27325,32,132000,MORTGAGE,2,0,1,0,0,0,0,0,0,1,A,18000,,0,0.14,0,5
27338,35,122000,MORTGAGE,3,0,1,0,0,0,0,0,0,1,D,25000,15.2,1,0.2,0,10
27341,31,134748,MORTGAGE,15,0,1,0,0,0,0,0,0,1,B,18000,10.74,0,0.13,0,9
27359,31,135000,MORTGAGE,9,0,1,0,0,0,0,0,0,1,A,10000,7.14,0,0.07,0,6
27363,33,135000,MORTGAGE,0,0,1,0,0,0,0,0,0,1,A,10000,7.51,0,0.07,0,10
27370,29,135000,MORTGAGE,10,0,1,0,0,0,0,0,0,1,B,11000,11.83,0,0.08,0,7
27383,30,136000,MORTGAGE,13,0,1,0,0,0,0,0,0,1,B,2800,10.65,0,0.02,0,10
27389,34,136625,MORTGAGE,3,0,1,0,0,0,0,0,0,1,A,15000,7.88,0,0.11,0,6
27392,30,137057,MORTGAGE,13,0,1,0,0,0,0,0,0,1,B,4750,12.18,0,0.03,0,7
27397,32,138000,MORTGAGE,5,0,1,0,0,0,0,0,0,1,C,16800,14.35,0,0.12,0,9
27430,28,140000,MORTGAGE,12,0,1,0,0,0,0,0,0,1,A,9000,5.99,0,0.06,0,9
27437,33,140000,MORTGAGE,8,0,1,0,0,0,0,0,0,1,A,8000,5.79,0,0.06,0,6
27446,29,140000,MORTGAGE,13,0,1,0,0,0,0,0,0,1,A,12600,,0,0.09,0,6
27467,32,140000,MORTGAGE,16,0,1,0,0,0,0,0,0,1,B,25000,10.08,0,0.18,0,7
27468,27,140004,MORTGAGE,11,0,1,0,0,0,0,0,0,1,A,9800,5.42,0,0.07,0,6
27472,27,140987,MORTGAGE,5,0,1,0,0,0,0,0,0,1,A,6450,5.99,0,0.05,0,10
27473,29,141000,MORTGAGE,1,0,1,0,0,0,0,0,0,1,A,8000,6.99,0,0.06,0,9
27475,28,141996,MORTGAGE,3,0,1,0,0,0,0,0,0,1,A,13000,,0,0.09,0,7
27478,30,142000,MORTGAGE,5,0,1,0,0,0,0,0,0,1,B,10000,11.12,0,0.07,0,8
27486,33,143004,MORTGAGE,17,0,1,0,0,0,0,0,0,1,A,10000,6.99,0,0.07,0,9
27487,34,143150,MORTGAGE,0,0,1,0,0,0,0,0,0,1,A,12000,9.32,0,0.08,0,6
27495,29,144000,MORTGAGE,13,0,1,0,0,0,0,0,0,1,A,16000,6.62,0,0.11,0,9
27504,30,144000,MORTGAGE,2,0,1,0,0,0,0,0,0,1,A,6000,6.91,0,0.04,0,6
27518,28,145000,MORTGAGE,9,0,1,0,0,0,0,0,0,1,B,25000,,0,0.17,0,9
27523,29,145000,MORTGAGE,0,0,1,0,0,0,0,0,0,1,B,25000,10.08,0,0.17,0,8
27544,33,150000,MORTGAGE,17,0,1,0,0,0,0,0,0,1,A,14000,6.62,0,0.09,0,7
27548,34,150000,MORTGAGE,1,0,1,0,0,0,0,0,0,1,B,28000,11.71,0,0.19,0,5
27560,27,150000,MORTGAGE,4,0,1,0,0,0,0,0,0,1,C,6000,13.49,0,0.04,0,6
27575,29,150000,MORTGAGE,14,0,1,0,0,0,0,0,0,1,A,12000,5.42,0,0.08,0,9
27582,34,150000,MORTGAGE,5,0,1,0,0,0,0,0,0,1,B,15000,11.86,0,0.1,0,9
27602,27,150000,MORTGAGE,1,0,1,0,0,0,0,0,0,1,B,12000,11.89,0,0.08,0,5
27610,27,150000,MORTGAGE,11,0,1,0,0,0,0,0,0,1,B,8000,12.21,0,0.05,0,5
27615,28,150000,MORTGAGE,6,0,1,0,0,0,0,0,0,1,A,10000,8.07,0,0.07,0,8
27619,31,150996,MORTGAGE,13,0,1,0,0,0,0,0,0,1,A,10000,6.91,0,0.07,0,8
27628,32,153000,MORTGAGE,5,0,1,0,0,0,0,0,0,1,C,8400,12.84,0,0.05,0,9
27641,32,155004,MORTGAGE,9,0,1,0,0,0,0,0,0,1,A,15000,8.49,0,0.1,0,8
27652,27,157544,MORTGAGE,8,0,1,0,0,0,0,0,0,1,C,35000,12.99,0,0.22,0,8
27676,32,160000,MORTGAGE,0,0,1,0,0,0,0,0,0,1,A,17400,7.88,0,0.11,0,7
27685,27,163232,MORTGAGE,5,0,1,0,0,0,0,0,0,1,B,4800,11.71,0,0.03,0,8
27687,29,165000,MORTGAGE,13,0,1,0,0,0,0,0,0,1,A,10000,6.03,0,0.06,0,10
27688,34,165000,MORTGAGE,18,0,1,0,0,0,0,0,0,1,A,12000,6.62,0,0.07,0,7
27696,31,168000,MORTGAGE,6,0,1,0,0,0,0,0,0,1,C,25000,13.06,0,0.15,0,5
27697,31,168000,MORTGAGE,2,0,1,0,0,0,0,0,0,1,B,15500,9.25,0,0.09,0,7
27700,32,170000,MORTGAGE,16,0,1,0,0,0,0,0,0,1,A,6000,7.9,0,0.04,0,8
27710,30,170000,MORTGAGE,2,0,1,0,0,0,0,0,0,1,B,14000,10.62,0,0.08,0,6
27712,30,172000,MORTGAGE,13,0,1,0,0,0,0,0,0,1,B,20000,,0,0.12,0,8
27718,27,175000,MORTGAGE,11,0,1,0,0,0,0,0,0,1,B,21000,,0,0.12,0,6
27726,29,175000,MORTGAGE,8,0,1,0,0,0,0,0,0,1,A,2500,7.14,0,0.01,0,6
27758,34,195000,MORTGAGE,14,0,1,0,0,0,0,0,0,1,C,6000,14.27,0,0.03,0,8
27768,31,200000,MORTGAGE,,0,1,0,0,0,0,0,0,1,A,9000,7.88,0,0.04,0,6
27781,29,201000,MORTGAGE,0,0,1,0,0,0,0,0,0,1,B,18000,11.83,0,0.09,0,10
27784,29,195000,MORTGAGE,5,0,1,0,0,0,0,0,0,1,C,3600,14.26,1,0.02,0,7
27798,35,225000,MORTGAGE,17,0,1,0,0,0,0,0,0,1,A,5000,7.49,0,0.02,0,9
27805,30,228000,MORTGAGE,9,0,1,0,0,0,0,0,0,1,D,12800,15.33,0,0.06,0,8
27812,27,235000,MORTGAGE,5,0,1,0,0,0,0,0,0,1,C,28000,15.96,0,0.12,0,5
27843,27,275000,MORTGAGE,11,0,1,0,0,0,0,0,0,1,B,35000,,0,0.13,0,6
27848,31,294000,MORTGAGE,7,0,1,0,0,0,0,0,0,1,A,12000,8.94,0,0.04,0,6
27853,31,300000,MORTGAGE,1,0,1,0,0,0,0,0,0,1,C,35000,15.23,0,0.12,0,6
27857,30,300000,MORTGAGE,3,0,1,0,0,0,0,0,0,1,A,6000,9.63,0,0.02,0,10
27862,33,320000,MORTGAGE,2,0,1,0,0,0,0,0,0,1,A,14000,7.91,0,0.04,0,5
27870,32,385000,MORTGAGE,3,0,1,0,0,0,0,0,0,1,A,19925,7.9,0,0.05,0,9
27919,28,50000,MORTGAGE,3,0,1,0,0,0,0,0,0,1,A,5000,7.74,0,0.1,0,9
27921,31,50000,MORTGAGE,5,0,1,0,0,0,0,0,0,1,A,2000,6.39,0,0.04,0,5
27947,29,67000,MORTGAGE,13,0,1,0,0,0,0,0,0,1,A,10000,7.14,0,0.15,0,8
28001,30,139008,MORTGAGE,2,0,1,0,0,0,0,0,0,1,C,15000,13.47,0,0.11,0,9
28010,27,82000,MORTGAGE,11,0,1,0,0,0,0,0,0,1,A,10000,7.51,0,0.12,0,6
28036,29,67992,MORTGAGE,0,0,1,0,0,0,0,0,0,1,A,2000,7.43,0,0.03,0,7
28084,27,50000,MORTGAGE,0,0,1,0,0,0,0,0,0,1,A,12000,6.62,0,0.24,0,8
28089,31,275000,MORTGAGE,9,0,1,0,0,0,0,0,0,1,C,25000,13.85,0,0.09,0,7
28097,27,98000,MORTGAGE,11,0,1,0,0,0,0,0,0,1,B,17000,8.88,0,0.17,0,9
28107,27,102000,MORTGAGE,1,0,1,0,0,0,0,0,0,1,C,15000,12.84,0,0.15,0,8
28127,31,72500,MORTGAGE,12,0,1,0,0,0,0,0,0,1,B,8875,11.99,0,0.12,0,8
28128,30,125000,MORTGAGE,14,0,1,0,0,0,0,0,0,1,A,5750,7.43,0,0.05,0,10
28129,35,165000,MORTGAGE,3,0,1,0,0,0,0,0,0,1,B,8000,11.49,0,0.05,0,8
28147,32,98056,MORTGAGE,10,0,1,0,0,0,0,0,0,1,B,6000,8.88,0,0.06,0,9
28149,31,140000,MORTGAGE,15,0,1,0,0,0,0,0,0,1,A,12000,7.88,0,0.09,0,7
28156,29,71000,MORTGAGE,4,0,1,0,0,0,0,0,0,1,A,4000,7.14,0,0.06,0,5
28163,34,54000,MORTGAGE,5,0,1,0,0,0,0,0,0,1,A,10000,7.29,0,0.19,0,7
28164,27,95000,MORTGAGE,11,0,1,0,0,0,0,0,0,1,C,18000,13.48,0,0.19,0,5
28169,33,55000,MORTGAGE,7,0,1,0,0,0,0,0,0,1,B,3500,10.65,0,0.06,0,10
28175,27,75000,MORTGAGE,4,0,1,0,0,0,0,0,0,1,B,6625,,0,0.09,0,9
28179,28,86000,MORTGAGE,12,0,1,0,0,0,0,0,0,1,A,15600,5.99,0,0.18,0,7
28191,33,72000,MORTGAGE,6,0,1,0,0,0,0,0,0,1,A,4250,5.42,0,0.06,0,5
28198,34,62000,MORTGAGE,18,0,1,0,0,0,0,0,0,1,B,28000,11.71,0,0.45,0,7
28211,28,110000,MORTGAGE,3,0,1,0,0,0,0,0,0,1,A,11000,5.79,0,0.1,0,5
28213,30,31000,MORTGAGE,3,0,1,0,0,0,0,0,0,1,D,12000,14.42,1,0.39,0,9
28215,32,56000,MORTGAGE,5,0,1,0,0,0,0,0,0,1,A,10000,7.14,0,0.18,0,6
28222,27,100970,MORTGAGE,5,0,1,0,0,0,0,0,0,1,B,20000,11.99,0,0.2,0,9
28244,33,80000,MORTGAGE,9,0,1,0,0,0,0,0,0,1,B,6000,11.11,0,0.07,0,8
28249,33,72000,MORTGAGE,,0,1,0,0,0,0,0,0,1,A,5000,6.99,0,0.07,0,7
28261,30,130000,MORTGAGE,14,0,1,0,0,0,0,0,0,1,B,7000,9.91,0,0.05,0,9
28303,28,55000,MORTGAGE,4,0,1,0,0,0,0,0,0,1,A,20000,6.62,0,0.36,0,6
28311,29,125000,MORTGAGE,0,0,1,0,0,0,0,0,0,1,A,10000,5.79,0,0.08,0,9
28345,27,80000,MORTGAGE,5,0,1,0,0,0,0,0,0,1,C,35000,,0,0.44,0,8
28373,33,36500,MORTGAGE,1,0,1,0,0,0,0,0,0,1,B,10000,9.33,0,0.27,0,6
28399,27,112548,MORTGAGE,11,0,1,0,0,0,0,0,0,1,A,24000,,0,0.21,0,5
28400,29,144000,MORTGAGE,13,0,1,0,0,0,0,0,0,1,A,16000,6.62,0,0.11,0,6
28424,28,136092,MORTGAGE,2,0,1,0,0,0,0,0,0,1,C,8000,13.61,0,0.06,0,5
28469,27,67000,MORTGAGE,1,0,1,0,0,0,0,0,0,1,A,4200,,0,0.06,0,7
28476,27,45727,MORTGAGE,5,0,1,0,0,0,0,0,0,1,D,1000,16.29,0,0.02,0,5
28496,32,53408,MORTGAGE,8,0,1,0,0,0,0,0,0,1,B,1400,10.99,0,0.03,0,10
28498,28,59000,MORTGAGE,12,0,1,0,0,0,0,0,0,1,A,5000,7.14,0,0.08,0,8
28507,35,85000,MORTGAGE,2,0,1,0,0,0,0,0,0,1,B,8400,11.99,0,0.1,0,8
28508,27,146000,MORTGAGE,5,0,1,0,0,0,0,0,0,1,A,2500,8.49,0,0.02,0,9
28521,30,120000,MORTGAGE,14,0,1,0,0,0,0,0,0,1,D,7500,15.65,0,0.06,0,8
28544,27,80000,MORTGAGE,11,0,1,0,0,0,0,0,0,1,A,5000,8,0,0.06,0,10
28547,28,92000,MORTGAGE,12,0,1,0,0,0,0,0,0,1,F,24500,18.3,0,0.27,0,7
28565,32,74000,MORTGAGE,5,0,1,0,0,0,0,0,0,1,B,15000,11.11,0,0.2,0,9
28580,29,60000,MORTGAGE,1,0,1,0,0,0,0,0,0,1,B,5600,12.42,0,0.09,0,10
28584,28,51043,MORTGAGE,12,0,1,0,0,0,0,0,0,1,C,2100,12.29,1,0.04,0,5
28614,29,62000,MORTGAGE,6,0,1,0,0,0,0,0,0,1,A,12000,7.51,0,0.19,0,8
28625,27,50000,MORTGAGE,2,0,1,0,0,0,0,0,0,1,C,10750,13.48,0,0.21,0,7
28640,33,96000,MORTGAGE,5,0,1,0,0,0,0,0,0,1,A,9000,7.49,0,0.09,0,7
28648,32,250000,MORTGAGE,9,0,1,0,0,0,0,0,0,1,D,25000,14.59,0,0.1,0,7
28659,34,103363,MORTGAGE,4,0,1,0,0,0,0,0,0,1,B,15000,,0,0.15,0,5
28667,31,77940,MORTGAGE,3,0,1,0,0,0,0,0,0,1,B,16250,10.99,0,0.21,0,9
28683,32,120000,MORTGAGE,16,0,1,0,0,0,0,0,0,1,B,5600,10.75,0,0.05,0,8
28808,29,48712,MORTGAGE,13,0,1,0,0,0,0,0,0,1,A,11050,5.42,0,0.23,0,6
28809,31,124992,MORTGAGE,15,0,1,0,0,0,0,0,0,1,A,24000,8.49,0,0.19,0,7
28820,29,180000,MORTGAGE,2,0,1,0,0,0,0,0,0,1,A,20000,,0,0.11,0,6
28845,33,81000,MORTGAGE,2,0,1,0,0,0,0,0,0,1,B,7500,10.08,0,0.09,0,9
28857,28,66000,MORTGAGE,2,0,1,0,0,0,0,0,0,1,A,6500,5.79,0,0.1,0,9
28879,27,38000,MORTGAGE,3,0,1,0,0,0,0,0,0,1,B,4500,9.99,0,0.12,0,7
28885,32,106000,MORTGAGE,3,0,1,0,0,0,0,0,0,1,A,10000,,0,0.09,0,9
28902,34,75000,MORTGAGE,3,0,1,0,0,0,0,0,0,1,A,3000,7.9,0,0.04,0,8
28917,28,59000,MORTGAGE,2,0,1,0,0,0,0,0,0,1,B,14000,10.36,0,0.24,0,7
28943,29,33000,MORTGAGE,5,0,1,0,0,0,0,0,0,1,B,4200,11.36,0,0.13,0,6
28944,28,108000,MORTGAGE,4,0,1,0,0,0,0,0,0,1,C,5000,12.87,0,0.05,0,8
28982,33,75000,MORTGAGE,6,0,1,0,0,0,0,0,0,1,A,6000,7.51,0,0.08,0,5
28983,28,99996,MORTGAGE,6,0,1,0,0,0,0,0,0,1,A,10000,5.42,0,0.1,0,9
28989,30,66000,MORTGAGE,,0,1,0,0,0,0,0,0,1,A,12000,7.51,0,0.18,0,9
28995,32,40000,MORTGAGE,4,0,1,0,0,0,0,0,0,1,A,7500,5.99,0,0.19,0,8
29004,28,48000,MORTGAGE,4,0,1,0,0,0,0,0,0,1,B,3000,11.99,0,0.06,0,6
29027,30,70000,MORTGAGE,,0,1,0,0,0,0,0,0,1,B,10000,10.25,0,0.14,0,8
29051,27,120000,MORTGAGE,2,0,1,0,0,0,0,0,0,1,B,16000,12.21,0,0.13,0,5
29052,34,135000,MORTGAGE,18,0,1,0,0,0,0,0,0,1,A,8000,9.32,0,0.06,0,5
29054,27,127000,MORTGAGE,6,0,1,0,0,0,0,0,0,1,B,21000,10.99,0,0.17,0,5
29073,27,140987,MORTGAGE,5,0,1,0,0,0,0,0,0,1,A,6450,5.99,0,0.05,0,6
29079,28,72000,MORTGAGE,12,0,1,0,0,0,0,0,0,1,E,16000,15.95,0,0.22,0,5
29085,28,30000,MORTGAGE,2,0,1,0,0,0,0,0,0,1,A,10500,8.94,0,0.35,0,8
29097,35,106369,MORTGAGE,2,0,1,0,0,0,0,0,0,1,A,8325,6.99,0,0.08,0,10
29105,33,36000,MORTGAGE,10,0,1,0,0,0,0,0,0,1,A,5000,8.49,0,0.14,0,9
29110,27,78000,MORTGAGE,1,0,1,0,0,0,0,0,0,1,A,5125,8.59,0,0.07,0,8
29111,33,82000,MORTGAGE,2,0,1,0,0,0,0,0,0,1,A,6000,7.51,0,0.07,0,6
29138,43,400000,MORTGAGE,5,0,1,0,0,0,0,0,0,1,B,28000,9.91,0,0.07,0,11
29143,38,306000,MORTGAGE,9,0,1,0,0,0,0,0,0,1,B,15000,10.62,0,0.05,0,17
29145,46,305000,MORTGAGE,22,0,1,0,0,0,0,0,0,1,E,20000,17.93,0,0.07,0,13
29156,37,260000,MORTGAGE,12,0,1,0,0,0,0,0,0,1,D,20000,14.96,0,0.08,0,12
29163,36,250000,MORTGAGE,2,0,1,0,0,0,0,0,0,1,A,4000,7.14,0,0.02,0,12
29173,44,210000,MORTGAGE,,0,1,0,0,0,0,0,0,1,B,25000,10.37,0,0.12,0,14
29175,42,210000,MORTGAGE,3,0,1,0,0,0,0,0,0,1,C,16000,13.47,0,0.08,0,11
29178,38,202000,MORTGAGE,2,0,1,0,0,0,0,0,0,1,C,15000,12.04,0,0.07,0,13
29189,41,200000,MORTGAGE,2,0,1,0,0,0,0,0,0,1,B,1000,10.38,0,0.01,0,13
29205,46,185000,MORTGAGE,22,0,1,0,0,0,0,0,0,1,B,20000,11.36,0,0.11,0,15
29225,44,171996,MORTGAGE,19,0,1,0,0,0,0,0,0,1,B,25000,9.62,0,0.15,0,11
29354,36,24000,MORTGAGE,18,0,1,0,0,0,0,0,0,1,B,6200,10.65,0,0.26,0,16
29365,45,24000,MORTGAGE,0,0,1,0,0,0,0,0,0,1,C,4000,13.49,0,0.17,0,13
29480,37,28800,MORTGAGE,3,0,1,0,0,0,0,0,0,1,A,4000,6.54,0,0.14,0,17
29537,46,30000,MORTGAGE,13,0,1,0,0,0,0,0,0,1,A,3050,7.88,0,0.1,0,14
29563,42,31000,MORTGAGE,5,0,1,0,0,0,0,0,0,1,B,7200,11.99,0,0.23,0,17
29622,42,33600,MORTGAGE,11,0,1,0,0,0,0,0,0,1,C,5000,,0,0.15,0,11
29626,36,34000,MORTGAGE,2,0,1,0,0,0,0,0,0,1,B,5000,10.65,0,0.15,0,11
29637,39,34000,MORTGAGE,1,0,1,0,0,0,0,0,0,1,B,5200,9.76,0,0.15,0,16
29652,40,35000,MORTGAGE,6,0,1,0,0,0,0,0,0,1,B,5600,10.65,0,0.16,0,13
29659,38,35000,MORTGAGE,6,0,1,0,0,0,0,0,0,1,A,4800,7.51,0,0.14,0,14
29701,43,36000,MORTGAGE,5,0,1,0,0,0,0,0,0,1,B,5000,9.91,0,0.14,0,17
29704,41,36000,MORTGAGE,5,0,1,0,0,0,0,0,0,1,A,2500,7.9,0,0.07,0,12
29718,38,36000,MORTGAGE,14,0,1,0,0,0,0,0,0,1,B,18000,10.38,0,0.5,0,13
29722,37,36000,MORTGAGE,21,0,1,0,0,0,0,0,0,1,A,8000,7.88,0,0.22,0,15
29724,44,36000,MORTGAGE,0,0,1,0,0,0,0,0,0,1,B,1000,11.48,0,0.03,0,15
29726,36,36000,MORTGAGE,0,0,1,0,0,0,0,0,0,1,A,12000,9.63,0,0.33,0,15
29766,36,37500,MORTGAGE,6,0,1,0,0,0,0,0,0,1,A,10000,9.32,0,0.27,0,12
29792,37,38400,MORTGAGE,4,0,1,0,0,0,0,0,0,1,A,7000,7.9,0,0.18,0,13
29809,43,39000,MORTGAGE,12,0,1,0,0,0,0,0,0,1,B,8000,9.99,0,0.21,0,16
29810,36,39000,MORTGAGE,8,0,1,0,0,0,0,0,0,1,A,7000,5.79,0,0.18,0,17
29834,41,39996,MORTGAGE,8,0,1,0,0,0,0,0,0,1,D,1200,15.21,0,0.03,0,16
29839,37,40000,MORTGAGE,13,0,1,0,0,0,0,0,0,1,A,17500,7.9,0,0.44,0,12
29843,44,40000,MORTGAGE,8,0,1,0,0,0,0,0,0,1,A,8000,6.62,0,0.2,0,13
29848,38,34000,MORTGAGE,14,0,1,0,0,0,0,0,0,1,D,8000,15.62,1,0.24,0,11
29894,36,40500,MORTGAGE,5,0,1,0,0,0,0,0,0,1,A,7475,5.42,0,0.18,0,13
29938,36,42000,MORTGAGE,2,0,1,0,0,0,0,0,0,1,B,6000,10.59,0,0.14,0,13
29954,43,42000,MORTGAGE,3,0,1,0,0,0,0,0,0,1,B,20000,,0,0.48,0,13
29989,45,43000,MORTGAGE,6,0,1,0,0,0,0,0,0,1,C,3600,13.49,0,0.08,0,15
30045,39,45000,MORTGAGE,4,0,1,0,0,0,0,0,0,1,A,8625,,0,0.19,0,13
30101,37,45996,MORTGAGE,11,0,1,0,0,0,0,0,0,1,B,6000,9.25,0,0.13,0,16
30105,41,46000,MORTGAGE,3,0,1,0,0,0,0,0,0,1,B,7700,11.71,0,0.17,0,17
30107,36,46000,MORTGAGE,3,0,1,0,0,0,0,0,0,1,A,8000,5.42,0,0.17,0,15
30114,38,46150,MORTGAGE,6,0,1,0,0,0,0,0,0,1,A,6500,6.03,0,0.14,0,15
30154,36,48000,MORTGAGE,6,0,1,0,0,0,0,0,0,1,A,1500,8.9,0,0.03,0,16
30157,43,48000,MORTGAGE,2,0,1,0,0,0,0,0,0,1,A,10400,5.99,0,0.22,0,17
30169,43,48000,MORTGAGE,7,0,1,0,0,0,0,0,0,1,A,4500,5.42,0,0.09,0,14
30188,36,48000,MORTGAGE,17,0,1,0,0,0,0,0,0,1,A,10000,9.63,0,0.21,0,14
30217,36,49896,MORTGAGE,8,0,1,0,0,0,0,0,0,1,A,2800,,0,0.06,0,17
30231,37,50000,MORTGAGE,15,0,1,0,0,0,0,0,0,1,A,8400,6.03,0,0.17,0,11
30266,38,50000,MORTGAGE,4,0,1,0,0,0,0,0,0,1,B,10000,11.86,0,0.2,0,11
30300,47,50004,MORTGAGE,22,0,1,0,0,0,0,0,0,1,A,8000,,0,0.16,0,15
30321,36,51000,MORTGAGE,2,0,1,0,0,0,0,0,0,1,B,1000,11.83,0,0.02,0,12
30339,37,52000,MORTGAGE,1,0,1,0,0,0,0,0,0,1,A,15000,,0,0.29,0,14
30342,36,52000,MORTGAGE,20,0,1,0,0,0,0,0,0,1,A,8325,,0,0.16,0,17
30361,44,52000,MORTGAGE,2,0,1,0,0,0,0,0,0,1,A,6000,8.59,0,0.12,0,11
30393,47,53808,MORTGAGE,4,0,1,0,0,0,0,0,0,1,B,15000,11.71,0,0.28,0,17
30414,46,54196,MORTGAGE,17,0,1,0,0,0,0,0,0,1,B,4500,11.49,0,0.08,0,14
30417,36,54500,MORTGAGE,6,0,1,0,0,0,0,0,0,1,A,20500,6.91,0,0.38,0,17
30419,37,54538,MORTGAGE,21,0,1,0,0,0,0,0,0,1,B,20000,,0,0.37,0,15
30425,42,55000,MORTGAGE,1,0,1,0,0,0,0,0,0,1,B,16500,12.69,0,0.3,0,11
30428,43,55000,MORTGAGE,14,0,1,0,0,0,0,0,0,1,A,10000,6.03,0,0.18,0,17
30448,46,55000,MORTGAGE,3,0,1,0,0,0,0,0,0,1,B,15000,10.37,0,0.27,0,11
30462,40,55000,MORTGAGE,2,0,1,0,0,0,0,0,0,1,A,3600,6.39,0,0.07,0,14
30479,37,55236,MORTGAGE,9,0,1,0,0,0,0,0,0,1,A,6500,6.03,0,0.12,0,16
30501,36,56500,MORTGAGE,7,0,1,0,0,0,0,0,0,1,A,12000,7.49,0,0.21,0,17
30502,36,56650,MORTGAGE,16,0,1,0,0,0,0,0,0,1,C,12000,13.72,0,0.21,0,11
30539,44,58000,MORTGAGE,13,0,1,0,0,0,0,0,0,1,D,6400,16.29,0,0.11,0,13
30565,36,59004,MORTGAGE,11,0,1,0,0,0,0,0,0,1,A,10000,7.51,0,0.17,0,15
30566,40,59484,MORTGAGE,13,0,1,0,0,0,0,0,0,1,A,5500,7.14,0,0.09,0,11
30589,38,60000,MORTGAGE,22,0,1,0,0,0,0,0,0,1,B,2700,11.99,0,0.04,0,15
30602,43,60000,MORTGAGE,3,0,1,0,0,0,0,0,0,1,B,18000,10.99,0,0.3,0,11
30629,39,60000,MORTGAGE,19,0,1,0,0,0,0,0,0,1,A,15000,6.91,0,0.25,0,14
30630,41,54000,MORTGAGE,6,0,1,0,0,0,0,0,0,1,C,5000,13.23,1,0.09,0,12
30633,38,60000,MORTGAGE,9,0,1,0,0,0,0,0,0,1,A,10000,7.51,0,0.17,0,14
30642,40,60000,MORTGAGE,1,0,1,0,0,0,0,0,0,1,D,4800,14.59,0,0.08,0,11
30702,36,62000,MORTGAGE,0,0,1,0,0,0,0,0,0,1,C,6000,12.99,0,0.1,0,13
30731,36,56900,MORTGAGE,16,0,1,0,0,0,0,0,0,1,G,6200,,1,0.11,0,11
30732,45,63000,MORTGAGE,8,0,1,0,0,0,0,0,0,1,B,12000,9.91,0,0.19,0,13
30760,36,64064,MORTGAGE,4,0,1,0,0,0,0,0,0,1,B,9500,,0,0.15,0,15
30775,43,65000,MORTGAGE,17,0,1,0,0,0,0,0,0,1,D,7200,16.29,0,0.11,0,17
30777,43,65000,MORTGAGE,27,0,1,0,0,0,0,0,0,1,A,6000,7.49,0,0.09,0,17
30786,36,65000,MORTGAGE,3,0,1,0,0,0,0,0,0,1,A,6500,5.79,0,0.1,0,16
30797,36,65000,MORTGAGE,1,0,1,0,0,0,0,0,0,1,B,7000,11.49,0,0.11,0,11
30825,41,65500,MORTGAGE,12,0,1,0,0,0,0,0,0,1,A,3000,,0,0.05,0,15
30828,41,66000,MORTGAGE,20,0,1,0,0,0,0,0,0,1,A,10000,6.62,0,0.15,0,12
30839,39,66200,MORTGAGE,5,0,1,0,0,0,0,0,0,1,B,13750,9.88,0,0.21,0,16
30843,48,66948,MORTGAGE,1,0,1,0,0,0,0,0,0,1,B,24000,10.62,0,0.36,0,12
30871,42,68000,MORTGAGE,2,0,1,0,0,0,0,0,0,1,A,5000,7.51,0,0.07,0,17
30887,47,69000,MORTGAGE,19,0,1,0,0,0,0,0,0,1,A,20000,6.54,0,0.29,0,12
30893,36,69736,MORTGAGE,17,0,1,0,0,0,0,0,0,1,E,2500,17.04,0,0.04,0,14
30904,37,70000,MORTGAGE,2,0,1,0,0,0,0,0,0,1,B,30000,10.65,0,0.43,0,14
30912,42,70000,MORTGAGE,19,0,1,0,0,0,0,0,0,1,A,10500,6.99,0,0.15,0,12
30920,40,70000,MORTGAGE,1,0,1,0,0,0,0,0,0,1,A,11600,6.91,0,0.17,0,17
30925,37,70000,MORTGAGE,0,0,1,0,0,0,0,0,0,1,B,10000,,0,0.14,0,11
30927,36,70000,MORTGAGE,16,0,1,0,0,0,0,0,0,1,B,10000,9.88,0,0.14,0,14
30941,36,70000,MORTGAGE,0,0,1,0,0,0,0,0,0,1,C,6000,13.79,0,0.09,0,15
30969,49,72000,MORTGAGE,2,0,1,0,0,0,0,0,0,1,A,14825,6.03,0,0.21,0,12
30973,37,72000,MORTGAGE,12,0,1,0,0,0,0,0,0,1,A,5600,5.42,0,0.08,0,15
30987,36,72000,MORTGAGE,14,0,1,0,0,0,0,0,0,1,A,2500,7.51,0,0.03,0,14
31009,48,73000,MORTGAGE,14,0,1,0,0,0,0,0,0,1,A,10000,7.29,0,0.14,0,12
31010,39,73000,MORTGAGE,3,0,1,0,0,0,0,0,0,1,A,10000,7.51,0,0.14,0,14
31027,40,74004,MORTGAGE,12,0,1,0,0,0,0,0,0,1,A,7125,6.62,0,0.1,0,14
31030,43,68400,MORTGAGE,9,0,1,0,0,0,0,0,0,1,C,9600,13.49,1,0.14,0,16
31031,50,74400,MORTGAGE,5,0,1,0,0,0,0,0,0,1,A,7000,7.49,0,0.09,0,14
31034,46,74500,MORTGAGE,0,0,1,0,0,0,0,0,0,1,C,10500,12.09,0,0.14,0,13
31040,40,75000,MORTGAGE,1,0,1,0,0,0,0,0,0,1,A,10000,6.62,0,0.13,0,17
31042,38,75000,MORTGAGE,19,0,1,0,0,0,0,0,0,1,A,9100,6.03,0,0.12,0,13
31080,38,75000,MORTGAGE,13,0,1,0,0,0,0,0,0,1,B,20000,11.36,0,0.27,0,11
31088,37,75000,MORTGAGE,0,0,1,0,0,0,0,0,0,1,C,17000,11.78,0,0.23,0,11
31093,40,75600,MORTGAGE,9,0,1,0,0,0,0,0,0,1,A,14000,7.51,0,0.19,0,14
31120,37,77000,MORTGAGE,2,0,1,0,0,0,0,0,0,1,C,15000,12.29,0,0.19,0,15
31140,38,78000,MORTGAGE,19,0,1,0,0,0,0,0,0,1,A,4575,7.74,0,0.06,0,14
31168,36,80000,MORTGAGE,4,0,1,0,0,0,0,0,0,1,A,10000,6.62,0,0.13,0,14
31170,36,80000,MORTGAGE,3,0,1,0,0,0,0,0,0,1,B,12025,10.65,0,0.15,0,16
31175,43,80000,MORTGAGE,3,0,1,0,0,0,0,0,0,1,A,9800,5.99,0,0.12,0,17
31199,46,80000,MORTGAGE,8,0,1,0,0,0,0,0,0,1,B,5000,11.86,0,0.06,0,15
31248,36,83000,MORTGAGE,0,0,1,0,0,0,0,0,0,1,C,13000,11.97,0,0.16,0,14
31260,38,84000,MORTGAGE,5,0,1,0,0,0,0,0,0,1,B,15000,9.63,0,0.18,0,16
31264,36,84000,MORTGAGE,14,0,1,0,0,0,0,0,0,1,A,1000,7.51,0,0.01,0,16
31276,38,85000,MORTGAGE,15,0,1,0,0,0,0,0,0,1,A,15000,6.03,0,0.18,0,15
31283,37,85000,MORTGAGE,2,0,1,0,0,0,0,0,0,1,A,5600,5.42,0,0.07,0,13
31284,38,85000,MORTGAGE,5,0,1,0,0,0,0,0,0,1,A,10000,,0,0.12,0,12
31287,39,85000,MORTGAGE,2,0,1,0,0,0,0,0,0,1,B,5000,11.86,0,0.06,0,15
31310,43,86015,MORTGAGE,3,0,1,0,0,0,0,0,0,1,B,2200,,0,0.03,0,16
31318,46,86807,MORTGAGE,0,0,1,0,0,0,0,0,0,1,A,10000,8.94,0,0.12,0,15
31333,37,88000,MORTGAGE,21,0,1,0,0,0,0,0,0,1,A,12000,7.51,0,0.14,0,17
31340,37,88824,MORTGAGE,8,0,1,0,0,0,0,0,0,1,A,3600,6.62,0,0.04,0,17
31347,41,90000,MORTGAGE,4,0,1,0,0,0,0,0,0,1,C,15000,13.49,0,0.17,0,15
31355,41,90000,MORTGAGE,23,0,1,0,0,0,0,0,0,1,A,13200,6.62,0,0.15,0,13
31361,45,90000,MORTGAGE,3,0,1,0,0,0,0,0,0,1,B,2500,11.99,0,0.03,0,13
31363,38,90000,MORTGAGE,14,0,1,0,0,0,0,0,0,1,B,21000,10.59,0,0.23,0,11
31364,39,90000,MORTGAGE,15,0,1,0,0,0,0,0,0,1,A,10500,7.66,0,0.12,0,12
31381,50,90000,MORTGAGE,2,0,1,0,0,0,0,0,0,1,B,24000,11.36,0,0.27,0,13
31397,41,91000,MORTGAGE,13,0,1,0,0,0,0,0,0,1,B,2400,10.74,0,0.03,0,16
31414,37,93000,MORTGAGE,2,0,1,0,0,0,0,0,0,1,B,18000,12.18,0,0.19,0,11
31422,44,94800,MORTGAGE,4,0,1,0,0,0,0,0,0,1,A,7400,7.88,0,0.08,0,16
31446,44,95000,MORTGAGE,4,0,1,0,0,0,0,0,0,1,B,10000,10.95,0,0.11,0,15
31478,40,98000,MORTGAGE,4,0,1,0,0,0,0,0,0,1,B,5200,9.63,0,0.05,0,16
31495,39,100000,MORTGAGE,5,0,1,0,0,0,0,0,0,1,B,12000,,0,0.12,0,13
31501,37,100000,MORTGAGE,13,0,1,0,0,0,0,0,0,1,A,18400,5.99,0,0.18,0,15
31525,39,100000,MORTGAGE,0,0,1,0,0,0,0,0,0,1,D,6000,14.11,0,0.06,0,16
31529,36,100111,MORTGAGE,5,0,1,0,0,0,0,0,0,1,C,20000,13.49,0,0.2,0,11
31530,38,100280,MORTGAGE,1,0,1,0,0,0,0,0,0,1,B,17850,11.99,0,0.18,0,17
31538,41,102000,MORTGAGE,20,0,1,0,0,0,0,0,0,1,B,7500,11.49,0,0.07,0,17
31550,38,105000,MORTGAGE,22,0,1,0,0,0,0,0,0,1,A,12350,6.62,0,0.12,0,11
31553,41,105000,MORTGAGE,4,0,1,0,0,0,0,0,0,1,B,21000,10.25,0,0.2,0,15
31561,39,105201,MORTGAGE,20,0,1,0,0,0,0,0,0,1,A,15000,6.91,0,0.14,0,15
31569,38,107004,MORTGAGE,11,0,1,0,0,0,0,0,0,1,B,15000,10,0,0.14,0,16
31577,38,108000,MORTGAGE,7,0,1,0,0,0,0,0,0,1,A,4000,7.74,0,0.04,0,11
31584,42,110000,MORTGAGE,6,0,1,0,0,0,0,0,0,1,C,10800,14.27,0,0.1,0,17
31585,41,110000,MORTGAGE,7,0,1,0,0,0,0,0,0,1,B,30000,9.91,0,0.27,0,11
31586,36,110000,MORTGAGE,7,0,1,0,0,0,0,0,0,1,A,16000,6.03,0,0.15,0,12
31619,42,114996,MORTGAGE,2,0,1,0,0,0,0,0,0,1,A,2850,,0,0.02,0,12
31622,36,115000,MORTGAGE,13,0,1,0,0,0,0,0,0,1,A,10000,5.42,0,0.09,0,15
31627,45,115000,MORTGAGE,8,0,1,0,0,0,0,0,0,1,A,8000,8.94,0,0.07,0,11
31634,40,116000,MORTGAGE,3,0,1,0,0,0,0,0,0,1,C,12000,,0,0.1,0,16
31649,45,118560,MORTGAGE,1,0,1,0,0,0,0,0,0,1,C,20000,,0,0.17,0,15
31684,40,120000,MORTGAGE,2,0,1,0,0,0,0,0,0,1,B,17000,10.51,0,0.14,0,15
31690,39,121200,MORTGAGE,16,0,1,0,0,0,0,0,0,1,A,1450,6.76,0,0.01,0,17
31700,38,124000,MORTGAGE,8,0,1,0,0,0,0,0,0,1,D,12000,,0,0.1,0,16
31708,41,125000,MORTGAGE,,0,1,0,0,0,0,0,0,1,A,14975,6.03,0,0.12,0,16
31721,45,126000,MORTGAGE,5,0,1,0,0,0,0,0,0,1,B,6000,10.65,0,0.05,0,12
31746,39,134000,MORTGAGE,,0,1,0,0,0,0,0,0,1,B,25000,10.25,0,0.19,0,17
31753,36,136000,MORTGAGE,0,0,1,0,0,0,0,0,0,1,C,4800,14.72,0,0.04,0,15
31758,36,138000,MORTGAGE,0,0,1,0,0,0,0,0,0,1,C,10000,13.98,0,0.07,0,12
31785,43,141000,MORTGAGE,9,0,1,0,0,0,0,0,0,1,C,15000,12.53,0,0.11,0,16
31787,40,142000,MORTGAGE,8,0,1,0,0,0,0,0,0,1,B,15000,10.99,0,0.11,0,14
31798,43,145000,MORTGAGE,1,0,1,0,0,0,0,0,0,1,A,20000,6.91,0,0.14,0,17
31833,36,155000,MORTGAGE,12,0,1,0,0,0,0,0,0,1,B,25000,10.74,0,0.16,0,11
31843,38,160000,MORTGAGE,12,0,1,0,0,0,0,0,0,1,A,14000,6.62,0,0.09,0,13
31858,36,170000,MORTGAGE,13,0,1,0,0,0,0,0,0,1,A,25000,7.51,0,0.15,0,13
31865,38,175000,MORTGAGE,21,0,1,0,0,0,0,0,0,1,B,10000,11.26,0,0.06,0,17
31868,46,180000,MORTGAGE,31,0,1,0,0,0,0,0,0,1,B,18000,9.91,0,0.1,0,11
31873,48,185000,MORTGAGE,2,0,1,0,0,0,0,0,0,1,F,10000,20.62,0,0.05,0,14
31874,36,185000,MORTGAGE,20,0,1,0,0,0,0,0,0,1,B,6000,10,0,0.03,0,15
31875,37,185000,MORTGAGE,15,0,1,0,0,0,0,0,0,1,B,4000,10,0,0.02,0,11
31881,44,200000,MORTGAGE,,0,1,0,0,0,0,0,0,1,A,20000,7.51,0,0.1,0,11
31893,39,250000,MORTGAGE,21,0,1,0,0,0,0,0,0,1,C,4000,15.23,0,0.02,0,13
31912,40,550000,MORTGAGE,4,0,1,0,0,0,0,0,0,1,B,18000,11.12,0,0.03,0,12
31923,47,1362000,MORTGAGE,9,0,1,0,0,0,0,0,0,1,A,6600,7.74,0,0,0,17
31924,36,9600,MORTGAGE,1,0,1,0,0,0,0,0,0,1,B,3250,11.49,1,0.34,0,15
31937,39,70000,MORTGAGE,7,0,1,0,0,0,0,0,0,1,A,12500,7.9,0,0.18,0,13
31953,41,110000,MORTGAGE,7,0,1,0,0,0,0,0,0,1,B,30000,9.91,0,0.27,0,17
31964,41,35000,MORTGAGE,18,0,1,0,0,0,0,0,0,1,C,1500,13.06,0,0.04,0,13
32001,37,100000,MORTGAGE,3,0,1,0,0,0,0,0,0,1,B,6000,11.99,0,0.06,0,13
32016,38,104800,MORTGAGE,6,0,1,0,0,0,0,0,0,1,A,14000,6.03,0,0.13,0,14
32026,47,65000,MORTGAGE,21,0,1,0,0,0,0,0,0,1,C,7000,14.35,0,0.11,0,17
32061,48,30000,MORTGAGE,21,0,1,0,0,0,0,0,0,1,B,2100,12.42,0,0.07,0,16
32069,42,125000,MORTGAGE,5,0,1,0,0,0,0,0,0,1,A,35000,7.9,0,0.28,0,17
32074,40,233000,MORTGAGE,6,0,1,0,0,0,0,0,0,1,B,15000,11.83,0,0.06,0,12
32083,42,78000,MORTGAGE,6,0,1,0,0,0,0,0,0,1,B,20000,10.99,0,0.26,0,12
32097,45,119004,MORTGAGE,13,0,1,0,0,0,0,0,0,1,B,5000,11.49,0,0.04,0,13
32101,48,60000,MORTGAGE,0,0,1,0,0,0,0,0,0,1,A,2500,7.29,0,0.04,0,13
32110,44,120000,MORTGAGE,6,0,1,0,0,0,0,0,0,1,A,4000,,0,0.03,0,14
32131,50,120000,MORTGAGE,0,0,1,0,0,0,0,0,0,1,D,5575,15.2,0,0.05,0,17
32141,38,78000,MORTGAGE,8,0,1,0,0,0,0,0,0,1,A,6250,6.76,0,0.08,0,16
32146,38,126000,MORTGAGE,3,0,1,0,0,0,0,0,0,1,D,2400,,0,0.02,0,14
32154,36,72000,MORTGAGE,3,0,1,0,0,0,0,0,0,1,A,8000,6.92,0,0.11,0,16
32176,40,148350,MORTGAGE,11,0,1,0,0,0,0,0,0,1,A,5000,6.03,0,0.03,0,11
32201,47,100000,MORTGAGE,4,0,1,0,0,0,0,0,0,1,B,2500,9.99,0,0.03,0,16
32229,41,37000,MORTGAGE,3,0,1,0,0,0,0,0,0,1,C,6000,12.99,0,0.16,0,11
32232,38,140000,MORTGAGE,0,0,1,0,0,0,0,0,0,1,B,25000,9.99,0,0.18,0,13
32248,36,135000,MORTGAGE,1,0,1,0,0,0,0,0,0,1,D,2500,14.91,0,0.02,0,17
32252,36,61000,MORTGAGE,2,0,1,0,0,0,0,0,0,1,B,10000,10.25,0,0.16,0,14
32262,37,46680,MORTGAGE,6,0,1,0,0,0,0,0,0,1,D,8000,15.21,0,0.17,0,15
6,21,9900,OWN,2,1,0,0,0,0,0,0,0,1,A,2500,7.14,1,0.25,0,2
10,21,10000,OWN,6,1,0,0,0,0,0,0,0,1,D,1600,14.74,1,0.16,0,3
42,24,12000,OWN,4,1,0,0,0,0,0,0,0,1,B,2500,12.69,1,0.21,0,3
62,22,275000,OWN,6,1,0,0,0,0,0,0,0,1,B,12000,11.58,0,0.04,0,2
149,21,13200,OWN,0,1,0,0,0,0,0,0,0,1,C,4500,12.98,1,0.34,0,4
222,25,186000,OWN,9,1,0,0,0,0,0,0,0,1,B,10000,10.25,0,0.05,0,4
227,21,14400,OWN,4,1,0,0,0,0,0,0,0,1,C,6250,14.72,1,0.43,0,2
286,23,15000,OWN,4,1,0,0,0,0,0,0,0,1,B,4600,10.99,1,0.31,0,2
326,21,15600,OWN,5,1,0,0,0,0,0,0,0,1,A,1000,7.29,0,0.06,0,4
342,25,15600,OWN,0,1,0,0,0,0,0,0,0,1,F,3200,18.09,1,0.21,0,2
367,23,16500,OWN,6,1,0,0,0,0,0,0,0,1,B,4375,9.63,1,0.27,0,4
390,25,160000,OWN,5,1,0,0,0,0,0,0,0,1,B,15000,11.14,0,0.09,0,4
434,22,18000,OWN,,1,0,0,0,0,0,0,0,1,B,2000,11.49,0,0.11,0,3
462,21,18000,OWN,0,1,0,0,0,0,0,0,0,1,B,6250,10.62,1,0.35,0,4
476,21,18000,OWN,5,1,0,0,0,0,0,0,0,1,B,3375,,1,0.19,0,2
528,22,19200,OWN,0,1,0,0,0,0,0,0,0,1,B,2400,10.59,0,0.13,0,3
548,25,19200,OWN,2,1,0,0,0,0,0,0,0,1,B,1000,,0,0.05,0,3
615,22,20000,OWN,1,1,0,0,0,0,0,0,0,1,C,5000,14.72,0,0.25,0,3
655,21,20245,OWN,5,1,0,0,0,0,0,0,0,1,A,3550,,0,0.18,0,4
658,24,20352,OWN,3,1,0,0,0,0,0,0,0,1,A,7750,6.91,0,0.38,0,3
692,24,20856,OWN,,1,0,0,0,0,0,0,0,1,B,10000,10.59,0,0.48,0,4
741,21,21600,OWN,,1,0,0,0,0,0,0,0,1,A,7125,6.99,0,0.33,0,3
756,23,21600,OWN,2,1,0,0,0,0,0,0,0,1,C,6000,12.68,0,0.28,0,4
762,22,21600,OWN,3,1,0,0,0,0,0,0,0,1,A,8500,6.54,0,0.39,0,4
774,26,21600,OWN,,1,0,0,0,0,0,0,0,1,A,3000,6.76,0,0.14,0,2
784,23,21840,OWN,1,1,0,0,0,0,0,0,0,1,A,9000,7.88,0,0.41,0,3
810,21,22000,OWN,5,1,0,0,0,0,0,0,0,1,A,7350,7.66,0,0.33,0,2
821,26,22000,OWN,6,1,0,0,0,0,0,0,0,1,B,7500,10.96,0,0.34,0,2
892,23,23040,OWN,0,1,0,0,0,0,0,0,0,1,B,2000,11.11,0,0.09,0,3
893,21,23040,OWN,1,1,0,0,0,0,0,0,0,1,D,5000,,0,0.22,0,3
917,22,23964,OWN,,1,0,0,0,0,0,0,0,1,B,2500,9.91,0,0.1,0,2
926,24,24000,OWN,0,1,0,0,0,0,0,0,0,1,B,7100,12.42,0,0.3,0,3
982,24,24000,OWN,5,1,0,0,0,0,0,0,0,1,A,4200,6.99,0,0.17,0,3
1013,24,24000,OWN,2,1,0,0,0,0,0,0,0,1,A,10000,6.92,0,0.42,0,4
1095,22,24449,OWN,2,1,0,0,0,0,0,0,0,1,B,1800,11.89,0,0.07,0,4
1138,26,25000,OWN,0,1,0,0,0,0,0,0,0,1,C,7400,,0,0.3,0,2
1199,25,25000,OWN,2,1,0,0,0,0,0,0,0,1,A,1500,6.76,0,0.06,0,4
1203,26,25000,OWN,7,1,0,0,0,0,0,0,0,1,A,11500,7.88,0,0.46,0,3
1225,22,25000,OWN,1,1,0,0,0,0,0,0,0,1,B,6000,11.89,0,0.24,0,2
1226,25,25000,OWN,1,1,0,0,0,0,0,0,0,1,C,4800,12.53,0,0.19,0,3
1301,22,25788,OWN,2,1,0,0,0,0,0,0,0,1,B,3500,12.18,0,0.14,0,2
1366,21,26004,OWN,5,1,0,0,0,0,0,0,0,1,A,7500,,0,0.29,0,2
1422,21,26400,OWN,2,1,0,0,0,0,0,0,0,1,A,4000,7.51,0,0.15,0,4
1432,23,26500,OWN,6,1,0,0,0,0,0,0,0,1,A,6000,8,0,0.23,0,3
1453,23,27000,OWN,4,1,0,0,0,0,0,0,0,1,A,6400,7.9,0,0.24,0,2
1461,22,27000,OWN,3,1,0,0,0,0,0,0,0,1,B,10800,10.74,0,0.4,0,3
1532,26,27600,OWN,2,1,0,0,0,0,0,0,0,1,B,2500,11.71,0,0.09,0,3
1558,25,27800,OWN,,1,0,0,0,0,0,0,0,1,A,14125,6.99,0,0.51,0,4
1589,22,28000,OWN,1,1,0,0,0,0,0,0,0,1,A,12300,6.62,0,0.44,0,2
1597,23,28000,OWN,6,1,0,0,0,0,0,0,0,1,B,7000,9.99,0,0.25,0,4
1630,25,28000,OWN,4,1,0,0,0,0,0,0,0,1,B,12200,12.53,0,0.44,0,4
1662,24,28500,OWN,4,1,0,0,0,0,0,0,0,1,D,3500,14.59,0,0.12,0,3
1720,24,28800,OWN,8,1,0,0,0,0,0,0,0,1,B,6000,10.74,0,0.21,0,2
1816,22,29553,OWN,2,1,0,0,0,0,0,0,0,1,A,6000,7.49,0,0.2,0,4
1917,25,30000,OWN,9,1,0,0,0,0,0,0,0,1,D,7000,,0,0.23,0,3
1944,23,30000,OWN,,1,0,0,0,0,0,0,0,1,A,7000,7.49,0,0.23,0,3
1984,25,30000,OWN,9,1,0,0,0,0,0,0,0,1,A,10000,,0,0.33,0,2
2180,26,30200,OWN,3,1,0,0,0,0,0,0,0,1,B,9200,10.99,0,0.3,0,2
2219,23,30996,OWN,2,1,0,0,0,0,0,0,0,1,B,5000,11.86,0,0.16,0,2
2325,22,31500,OWN,,1,0,0,0,0,0,0,0,1,A,8000,6.03,0,0.25,0,2
2564,26,33000,OWN,,1,0,0,0,0,0,0,0,1,A,10150,8.49,0,0.31,0,2
2657,25,33600,OWN,9,1,0,0,0,0,0,0,0,1,A,9750,,0,0.29,0,3
2733,23,34000,OWN,7,1,0,0,0,0,0,0,0,1,A,10950,7.29,0,0.32,0,2
2839,21,35000,OWN,5,1,0,0,0,0,0,0,0,1,B,10000,,0,0.29,0,4
2849,23,35000,OWN,2,1,0,0,0,0,0,0,0,1,B,14000,,0,0.4,0,3
2879,21,35000,OWN,5,1,0,0,0,0,0,0,0,1,B,8000,9.91,0,0.23,0,3
2921,23,35000,OWN,2,1,0,0,0,0,0,0,0,1,A,5500,5.42,0,0.16,0,2
2935,26,35000,OWN,1,1,0,0,0,0,0,0,0,1,B,5600,11.11,0,0.16,0,4
2962,24,35000,OWN,2,1,0,0,0,0,0,0,0,1,B,3600,9.99,0,0.1,0,4
3040,24,35000,OWN,1,1,0,0,0,0,0,0,0,1,E,3500,16,0,0.1,0,3
3059,22,35004,OWN,3,1,0,0,0,0,0,0,0,1,A,3000,7.9,0,0.09,0,4
3062,22,35004,OWN,1,1,0,0,0,0,0,0,0,1,B,9000,10,0,0.26,0,2
3065,21,35004,OWN,5,1,0,0,0,0,0,0,0,1,B,1500,9.62,0,0.04,0,2
3302,23,36000,OWN,1,1,0,0,0,0,0,0,0,1,A,1800,6.54,0,0.05,0,4
3320,23,36000,OWN,,1,0,0,0,0,0,0,0,1,A,18000,7.88,0,0.5,0,2
3345,23,36000,OWN,2,1,0,0,0,0,0,0,0,1,B,15000,11.36,0,0.42,0,4
3486,25,37000,OWN,0,1,0,0,0,0,0,0,0,1,C,10000,15.96,0,0.27,0,3
3654,23,38000,OWN,2,1,0,0,0,0,0,0,0,1,C,5000,12.99,0,0.13,0,4
3663,23,38000,OWN,0,1,0,0,0,0,0,0,0,1,B,17500,11.11,0,0.46,0,4
3681,24,38000,OWN,0,1,0,0,0,0,0,0,0,1,C,8500,13.11,0,0.22,0,2
3832,21,38400,OWN,0,1,0,0,0,0,0,0,0,1,C,12200,,0,0.32,0,2
3919,22,39124,OWN,6,1,0,0,0,0,0,0,0,1,A,5000,7.74,0,0.13,0,4
4086,23,40000,OWN,1,1,0,0,0,0,0,0,0,1,B,15000,12.42,0,0.38,0,4
4118,23,40000,OWN,,1,0,0,0,0,0,0,0,1,A,2000,,0,0.05,0,4
4120,23,40000,OWN,,1,0,0,0,0,0,0,0,1,A,7500,5.42,0,0.19,0,2
4253,24,40000,OWN,6,1,0,0,0,0,0,0,0,1,A,1000,6.76,0,0.03,0,3
4284,21,40000,OWN,6,1,0,0,0,0,0,0,0,1,B,5600,10.25,0,0.14,0,3
4338,23,40000,OWN,6,1,0,0,0,0,0,0,0,1,B,12000,11.14,0,0.3,0,3
4472,24,40800,OWN,0,1,0,0,0,0,0,0,0,1,C,14400,14.35,0,0.35,0,2
4552,25,41004,OWN,9,1,0,0,0,0,0,0,0,1,A,4000,6.76,0,0.1,0,3
4562,24,41100,OWN,2,1,0,0,0,0,0,0,0,1,B,9200,12.42,0,0.22,0,2
4580,23,41496,OWN,4,1,0,0,0,0,0,0,0,1,E,7200,,0,0.17,0,2
4600,22,41717,OWN,5,1,0,0,0,0,0,0,0,1,B,20000,11.12,0,0.48,0,4
4601,25,41718,OWN,3,1,0,0,0,0,0,0,0,1,A,5000,7.51,0,0.12,0,2
4636,22,42000,OWN,6,1,0,0,0,0,0,0,0,1,A,4800,,0,0.11,0,3
4656,23,42000,OWN,5,1,0,0,0,0,0,0,0,1,A,6500,6.03,0,0.15,0,2
4681,22,42000,OWN,3,1,0,0,0,0,0,0,0,1,A,7000,,0,0.17,0,3
4740,22,42000,OWN,2,1,0,0,0,0,0,0,0,1,A,9000,7.66,0,0.21,0,2
4745,24,42000,OWN,7,1,0,0,0,0,0,0,0,1,A,12000,7.66,0,0.29,0,3
4770,21,42000,OWN,5,1,0,0,0,0,0,0,0,1,B,12250,8.88,0,0.29,0,4
4869,24,42000,OWN,1,1,0,0,0,0,0,0,0,1,B,7500,10.51,0,0.18,0,3
4950,25,42996,OWN,1,1,0,0,0,0,0,0,0,1,D,7200,14.11,0,0.17,0,4
4967,22,43000,OWN,2,1,0,0,0,0,0,0,0,1,B,22800,12.69,0,0.53,0,2
4983,22,43000,OWN,5,1,0,0,0,0,0,0,0,1,B,3500,11.49,0,0.08,0,3
5011,25,43000,OWN,5,1,0,0,0,0,0,0,0,1,A,8000,7.14,0,0.19,0,4
5072,23,43200,OWN,6,1,0,0,0,0,0,0,0,1,E,13000,15.95,0,0.3,0,2
5085,25,43200,OWN,9,1,0,0,0,0,0,0,0,1,B,13800,11.48,0,0.32,0,2
5090,23,43236,OWN,1,1,0,0,0,0,0,0,0,1,C,18000,12.87,0,0.42,0,2
5125,23,44000,OWN,7,1,0,0,0,0,0,0,0,1,A,6400,7.51,0,0.15,0,3
5156,24,44000,OWN,8,1,0,0,0,0,0,0,0,1,A,14500,7.29,0,0.33,0,2
5167,23,44000,OWN,7,1,0,0,0,0,0,0,0,1,C,5000,13.23,0,0.11,0,2
5168,26,44000,OWN,10,1,0,0,0,0,0,0,0,1,C,5000,,0,0.11,0,2
5228,24,44475,OWN,1,1,0,0,0,0,0,0,0,1,B,5000,10.65,0,0.11,0,3
5293,21,45000,OWN,2,1,0,0,0,0,0,0,0,1,A,6000,,0,0.13,0,2
5375,24,45000,OWN,4,1,0,0,0,0,0,0,0,1,A,11000,7.49,0,0.24,0,2
5492,25,45000,OWN,5,1,0,0,0,0,0,0,0,1,B,10400,10.25,0,0.23,0,3
5592,23,45000,OWN,0,1,0,0,0,0,0,0,0,1,B,21000,9.76,0,0.47,0,3
5664,23,45843,OWN,2,1,0,0,0,0,0,0,0,1,B,11000,11.71,0,0.24,0,3
5679,21,45996,OWN,5,1,0,0,0,0,0,0,0,1,A,10000,5.79,0,0.22,0,3
5839,25,47000,OWN,9,1,0,0,0,0,0,0,0,1,A,4000,6.62,0,0.09,0,4
5845,26,47000,OWN,8,1,0,0,0,0,0,0,0,1,A,12500,8.49,0,0.27,0,2
5911,24,47211,OWN,8,1,0,0,0,0,0,0,0,1,B,10000,11.83,0,0.21,0,3
5989,22,48000,OWN,6,1,0,0,0,0,0,0,0,1,A,12000,6.03,0,0.25,0,3
5995,22,48000,OWN,0,1,0,0,0,0,0,0,0,1,D,1500,16.29,0,0.03,0,3
6020,21,48000,OWN,5,1,0,0,0,0,0,0,0,1,B,15000,,0,0.31,0,2
6049,24,48000,OWN,5,1,0,0,0,0,0,0,0,1,A,4400,5.99,0,0.09,0,4
6064,22,48000,OWN,6,1,0,0,0,0,0,0,0,1,A,4800,8.49,0,0.1,0,4
6073,26,48000,OWN,3,1,0,0,0,0,0,0,0,1,C,3600,13.49,0,0.07,0,4
6080,23,48000,OWN,4,1,0,0,0,0,0,0,0,1,B,7000,10.74,0,0.15,0,4
6132,23,48000,OWN,5,1,0,0,0,0,0,0,0,1,B,2550,11.86,0,0.05,0,3
6163,26,48000,OWN,10,1,0,0,0,0,0,0,0,1,B,15000,11.12,0,0.31,0,3
6198,25,48000,OWN,0,1,0,0,0,0,0,0,0,1,A,7500,7.05,0,0.16,0,3
6208,23,48000,OWN,0,1,0,0,0,0,0,0,0,1,E,15750,16.35,0,0.33,0,3
6235,24,48000,OWN,5,1,0,0,0,0,0,0,0,1,A,10400,7.37,0,0.22,0,3
6328,25,49000,OWN,6,1,0,0,0,0,0,0,0,1,C,3000,,0,0.06,0,3
6451,23,50000,OWN,5,1,0,0,0,0,0,0,0,1,A,7000,8.9,0,0.14,0,4
6493,24,50000,OWN,5,1,0,0,0,0,0,0,0,1,B,5000,12.69,0,0.1,0,3
6505,26,50000,OWN,10,1,0,0,0,0,0,0,0,1,A,9825,7.9,0,0.2,0,4
6556,23,50000,OWN,0,1,0,0,0,0,0,0,0,1,B,2800,10.59,0,0.06,0,2
6576,23,50000,OWN,7,1,0,0,0,0,0,0,0,1,A,2050,7.49,0,0.04,0,2
6616,23,50000,OWN,4,1,0,0,0,0,0,0,0,1,A,4800,5.99,0,0.1,0,3
6640,22,50000,OWN,6,1,0,0,0,0,0,0,0,1,A,6400,6.92,0,0.13,0,4
6739,25,50000,OWN,9,1,0,0,0,0,0,0,0,1,C,12000,13.98,0,0.24,0,2
6761,22,50000,OWN,2,1,0,0,0,0,0,0,0,1,C,6000,14.22,0,0.12,0,2
6773,24,50000,OWN,,1,0,0,0,0,0,0,0,1,B,21000,10.62,0,0.42,0,4
6794,23,50000,OWN,3,1,0,0,0,0,0,0,0,1,A,5000,8.94,0,0.1,0,3
6864,23,50000,OWN,0,1,0,0,0,0,0,0,0,1,B,14000,10.33,0,0.28,0,2
6870,22,50000,OWN,4,1,0,0,0,0,0,0,0,1,B,16000,9.45,0,0.32,0,4
6891,25,50004,OWN,1,1,0,0,0,0,0,0,0,1,A,10000,7.29,0,0.2,0,3
6957,26,50400,OWN,0,1,0,0,0,0,0,0,0,1,B,6725,10.62,0,0.13,0,4
6962,21,50460,OWN,4,1,0,0,0,0,0,0,0,1,C,6000,13.49,0,0.12,0,3
6969,22,50500,OWN,6,1,0,0,0,0,0,0,0,1,B,6000,11.83,0,0.12,0,2
6990,22,51000,OWN,0,1,0,0,0,0,0,0,0,1,A,16000,7.9,0,0.31,0,3
7040,24,51000,OWN,6,1,0,0,0,0,0,0,0,1,B,6000,10.75,0,0.12,0,2
7120,25,51600,OWN,2,1,0,0,0,0,0,0,0,1,D,6000,,0,0.12,0,4
7123,24,51600,OWN,8,1,0,0,0,0,0,0,0,1,C,20000,12.87,0,0.39,0,4
7158,22,51996,OWN,7,1,0,0,0,0,0,0,0,1,B,6000,10.75,0,0.12,0,2
7215,26,52000,OWN,10,1,0,0,0,0,0,0,0,1,A,8000,8.49,0,0.15,0,3
7422,26,53000,OWN,3,1,0,0,0,0,0,0,0,1,B,6000,9.99,0,0.11,0,2
7465,22,53000,OWN,7,1,0,0,0,0,0,0,0,1,B,2250,10.62,0,0.04,0,3
7500,26,53100,OWN,10,1,0,0,0,0,0,0,0,1,A,13000,7.9,0,0.24,0,3
7596,22,54000,OWN,2,1,0,0,0,0,0,0,0,1,B,2000,10.99,0,0.04,0,3
7625,21,54000,OWN,5,1,0,0,0,0,0,0,0,1,B,20000,10.74,0,0.37,0,2
7658,23,54000,OWN,7,1,0,0,0,0,0,0,0,1,A,6000,7.51,0,0.11,0,3
7754,24,54870,OWN,3,1,0,0,0,0,0,0,0,1,A,1000,8.59,0,0.02,0,2
7801,24,54996,OWN,0,1,0,0,0,0,0,0,0,1,B,12000,11.26,0,0.22,0,3
7865,23,55000,OWN,5,1,0,0,0,0,0,0,0,1,C,15000,13.49,0,0.27,0,2
7868,22,55000,OWN,1,1,0,0,0,0,0,0,0,1,B,10000,10.99,0,0.18,0,3
7954,22,55000,OWN,,1,0,0,0,0,0,0,0,1,A,1275,6.91,0,0.02,0,3
7958,23,55000,OWN,7,1,0,0,0,0,0,0,0,1,B,1000,11.49,0,0.02,0,4
7995,26,55000,OWN,10,1,0,0,0,0,0,0,0,1,C,14500,12.73,0,0.26,0,2
8011,22,55000,OWN,0,1,0,0,0,0,0,0,0,1,A,1000,8.59,0,0.02,0,3
8147,24,56000,OWN,8,1,0,0,0,0,0,0,0,1,A,2000,6.99,0,0.04,0,3
8245,21,56400,OWN,5,1,0,0,0,0,0,0,0,1,A,5000,6.54,0,0.09,0,2
8270,23,56996,OWN,2,1,0,0,0,0,0,0,0,1,A,9575,9.63,0,0.17,0,4
8394,22,57600,OWN,6,1,0,0,0,0,0,0,0,1,A,6500,7.49,0,0.11,0,3
8610,23,59004,OWN,3,1,0,0,0,0,0,0,0,1,A,4000,6.99,0,0.07,0,3
8732,25,60000,OWN,0,1,0,0,0,0,0,0,0,1,B,9000,9.91,0,0.15,0,3
8736,23,60000,OWN,7,1,0,0,0,0,0,0,0,1,A,11500,,0,0.19,0,4
8752,22,60000,OWN,0,1,0,0,0,0,0,0,0,1,A,13250,7.9,0,0.22,0,3
8995,21,60000,OWN,0,1,0,0,0,0,0,0,0,1,D,16000,,0,0.27,0,2
9019,23,60000,OWN,1,1,0,0,0,0,0,0,0,1,B,2000,11.12,0,0.03,0,4
9034,26,60000,OWN,8,1,0,0,0,0,0,0,0,1,A,9800,,0,0.16,0,4
9110,22,60000,OWN,6,1,0,0,0,0,0,0,0,1,A,11500,7.88,0,0.19,0,2
9115,25,60000,OWN,5,1,0,0,0,0,0,0,0,1,C,1200,13.85,0,0.02,0,2
9160,23,60000,OWN,4,1,0,0,0,0,0,0,0,1,C,10000,13.22,0,0.17,0,4
9269,24,60400,OWN,5,1,0,0,0,0,0,0,0,1,A,5500,8,0,0.09,0,2
9385,25,61800,OWN,1,1,0,0,0,0,0,0,0,1,A,4000,7.75,0,0.06,0,4
9417,23,62000,OWN,2,1,0,0,0,0,0,0,0,1,B,5575,,0,0.09,0,3
9472,25,62000,OWN,7,1,0,0,0,0,0,0,0,1,C,3500,13.57,0,0.06,0,4
9482,22,62000,OWN,1,1,0,0,0,0,0,0,0,1,B,10000,11.58,0,0.16,0,2
9694,26,63400,OWN,0,1,0,0,0,0,0,0,0,1,B,20000,9.62,0,0.32,0,3
9711,22,63600,OWN,1,1,0,0,0,0,0,0,0,1,A,4000,6.76,0,0.06,0,2
9917,22,65000,OWN,6,1,0,0,0,0,0,0,0,1,B,7000,11.49,0,0.11,0,4
10007,24,65000,OWN,8,1,0,0,0,0,0,0,0,1,A,12000,6.17,0,0.18,0,4
10047,25,65000,OWN,3,1,0,0,0,0,0,0,0,1,A,8700,7.88,0,0.13,0,3
10100,22,65000,OWN,1,1,0,0,0,0,0,0,0,1,D,5000,15.37,0,0.08,0,4
10144,22,65004,OWN,3,1,0,0,0,0,0,0,0,1,B,4000,10.99,0,0.06,0,3
10318,24,66600,OWN,3,1,0,0,0,0,0,0,0,1,B,7200,10.65,0,0.11,0,4
10369,23,67000,OWN,1,1,0,0,0,0,0,0,0,1,A,3250,6.76,0,0.05,0,2
10493,23,68000,OWN,2,1,0,0,0,0,0,0,0,1,A,14000,,0,0.21,0,3
10619,23,69500,OWN,4,1,0,0,0,0,0,0,0,1,A,16800,7.51,0,0.24,0,3
10628,23,69600,OWN,7,1,0,0,0,0,0,0,0,1,B,1925,9.91,0,0.03,0,4
10744,22,70000,OWN,,1,0,0,0,0,0,0,0,1,A,1250,5.42,0,0.02,0,4
10856,23,70000,OWN,,1,0,0,0,0,0,0,0,1,A,11000,7.14,0,0.16,0,4
11018,25,71000,OWN,,1,0,0,0,0,0,0,0,1,A,3250,5.79,0,0.05,0,2
11071,24,72000,OWN,,1,0,0,0,0,0,0,0,1,B,16000,12.42,0,0.22,0,3
11139,22,72000,OWN,6,1,0,0,0,0,0,0,0,1,B,16000,10.37,0,0.22,0,3
11187,25,72000,OWN,9,1,0,0,0,0,0,0,0,1,A,6000,7.14,0,0.08,0,4
11271,26,72645,OWN,5,1,0,0,0,0,0,0,0,1,A,12000,,0,0.17,0,2
11366,25,74000,OWN,1,1,0,0,0,0,0,0,0,1,A,16000,8.49,0,0.22,0,3
11401,24,74360,OWN,7,1,0,0,0,0,0,0,0,1,A,25000,,0,0.34,0,4
11436,23,75000,OWN,6,1,0,0,0,0,0,0,0,1,A,24000,7.9,0,0.32,0,3
11503,26,75000,OWN,10,1,0,0,0,0,0,0,0,1,B,7000,10.59,0,0.09,0,4
11559,23,75000,OWN,5,1,0,0,0,0,0,0,0,1,A,10000,6.92,0,0.13,0,2
11683,23,75000,OWN,7,1,0,0,0,0,0,0,0,1,A,20400,7.74,0,0.27,0,4
11697,23,75000,OWN,5,1,0,0,0,0,0,0,0,1,A,7600,8.59,0,0.1,0,4
11763,24,75360,OWN,4,1,0,0,0,0,0,0,0,1,A,7000,7.49,0,0.09,0,3
11792,26,75996,OWN,7,1,0,0,0,0,0,0,0,1,B,8000,11.83,0,0.11,0,3
11871,23,77000,OWN,3,1,0,0,0,0,0,0,0,1,A,3500,5.99,0,0.05,0,2
11964,24,40000,OWN,,1,0,0,0,0,0,0,0,1,A,12000,6.03,0,0.3,0,4
12043,23,78885,OWN,2,1,0,0,0,0,0,0,0,1,B,20000,12.42,0,0.25,0,3
12057,25,79000,OWN,3,1,0,0,0,0,0,0,0,1,A,14000,6.92,0,0.18,0,2
12074,25,79000,OWN,9,1,0,0,0,0,0,0,0,1,B,14500,11.48,0,0.18,0,3
12081,24,79200,OWN,8,1,0,0,0,0,0,0,0,1,A,3800,6.62,0,0.05,0,4
12135,25,80000,OWN,9,1,0,0,0,0,0,0,0,1,C,12800,,0,0.16,0,3
12202,24,80000,OWN,8,1,0,0,0,0,0,0,0,1,A,12000,7.49,0,0.15,0,3
12210,23,80000,OWN,7,1,0,0,0,0,0,0,0,1,A,4000,5.99,0,0.05,0,4
12267,23,80000,OWN,7,1,0,0,0,0,0,0,0,1,B,25000,9.99,0,0.31,0,3
12290,23,40000,OWN,0,1,0,0,0,0,0,0,0,1,A,6400,8.32,0,0.16,0,3
12339,24,80000,OWN,0,1,0,0,0,0,0,0,0,1,A,5500,8.94,0,0.07,0,2
12347,25,39996,OWN,2,1,0,0,0,0,0,0,0,1,A,12000,8.94,0,0.3,0,3
12356,24,39996,OWN,0,1,0,0,0,0,0,0,0,1,A,3000,7.37,0,0.08,0,4
12395,23,80196,OWN,2,1,0,0,0,0,0,0,0,1,B,30000,9.91,0,0.37,0,3
12542,24,82500,OWN,8,1,0,0,0,0,0,0,0,1,A,10000,5.79,0,0.12,0,4
12555,25,82729,OWN,8,1,0,0,0,0,0,0,0,1,A,4800,6.17,0,0.06,0,3
12683,21,84400,OWN,2,1,0,0,0,0,0,0,0,1,A,12000,8.94,0,0.14,0,3
12729,24,85000,OWN,8,1,0,0,0,0,0,0,0,1,A,10000,6.62,0,0.12,0,4
12732,21,37500,OWN,5,1,0,0,0,0,0,0,0,1,B,6000,11.49,0,0.16,0,3
12766,21,37200,OWN,5,1,0,0,0,0,0,0,0,1,A,7000,8.49,0,0.19,0,4
12828,21,37000,OWN,0,1,0,0,0,0,0,0,0,1,C,9250,12.23,0,0.25,0,4
12835,24,85000,OWN,8,1,0,0,0,0,0,0,0,1,A,22000,6.54,0,0.26,0,4
12896,21,36662,OWN,4,1,0,0,0,0,0,0,0,1,B,18000,10.25,0,0.49,0,4
12975,22,36000,OWN,,1,0,0,0,0,0,0,0,1,A,6000,8.9,0,0.17,0,3
13061,23,36000,OWN,7,1,0,0,0,0,0,0,0,1,D,8000,15.65,0,0.22,0,4
13070,24,87504,OWN,9,1,0,0,0,0,0,0,0,1,B,7000,8.88,0,0.08,0,3
13179,25,36000,OWN,0,1,0,0,0,0,0,0,0,1,B,2400,12.21,0,0.07,0,2
13223,23,35482,OWN,7,1,0,0,0,0,0,0,0,1,D,7000,14.74,0,0.2,0,4
13323,22,90000,OWN,6,1,0,0,0,0,0,0,0,1,A,7000,7.14,0,0.08,0,4
13331,25,90000,OWN,,1,0,0,0,0,0,0,0,1,A,5000,6.76,0,0.06,0,4
13344,21,35000,OWN,2,1,0,0,0,0,0,0,0,1,C,7200,15.23,0,0.21,0,4
13384,26,90000,OWN,2,1,0,0,0,0,0,0,0,1,A,9500,8.07,0,0.11,0,2
13429,21,35000,OWN,2,1,0,0,0,0,0,0,0,1,D,7000,14.59,0,0.2,0,3
13438,22,35000,OWN,2,1,0,0,0,0,0,0,0,1,C,13200,13.48,0,0.38,0,3
13443,26,35000,OWN,1,1,0,0,0,0,0,0,0,1,A,4175,7.74,0,0.12,0,4
13508,24,34800,OWN,8,1,0,0,0,0,0,0,0,1,B,1700,10.38,0,0.05,0,2
13536,23,93000,OWN,7,1,0,0,0,0,0,0,0,1,C,25000,12.73,0,0.27,0,3
13538,23,93000,OWN,7,1,0,0,0,0,0,0,0,1,B,10000,9.88,0,0.11,0,3
13544,23,34188,OWN,,1,0,0,0,0,0,0,0,1,A,3200,7.14,0,0.09,0,3
13596,26,94500,OWN,10,1,0,0,0,0,0,0,0,1,A,2000,5.42,0,0.02,0,2
13663,23,33600,OWN,,1,0,0,0,0,0,0,0,1,A,4000,5.79,0,0.12,0,4
13673,24,33600,OWN,8,1,0,0,0,0,0,0,0,1,A,2500,6.39,0,0.07,0,3
13679,21,33600,OWN,5,1,0,0,0,0,0,0,0,1,B,3000,11.83,0,0.09,0,4
13712,21,33009,OWN,5,1,0,0,0,0,0,0,0,1,B,12000,11.48,0,0.36,0,4
13735,23,95327,OWN,4,1,0,0,0,0,0,0,0,1,A,4325,7.74,0,0.05,0,2
13744,24,33000,OWN,7,1,0,0,0,0,0,0,0,1,A,14000,,0,0.42,0,2
13775,25,33000,OWN,7,1,0,0,0,0,0,0,0,1,B,8000,10.38,0,0.24,0,2
13794,23,33000,OWN,5,1,0,0,0,0,0,0,0,1,B,3600,11.58,0,0.11,0,4
13808,23,32800,OWN,3,1,0,0,0,0,0,0,0,1,A,8000,7.29,0,0.24,0,3
13902,24,98000,OWN,8,1,0,0,0,0,0,0,0,1,A,12000,7.49,0,0.12,0,2
13945,23,32000,OWN,2,1,0,0,0,0,0,0,0,1,A,6500,8.59,0,0.2,0,2
14141,23,100000,OWN,0,1,0,0,0,0,0,0,0,1,C,1000,14.26,0,0.01,0,3
14167,26,30000,OWN,3,1,0,0,0,0,0,0,0,1,A,1925,6.03,0,0.06,0,3
14208,22,30000,OWN,6,1,0,0,0,0,0,0,0,1,A,6000,7.49,0,0.2,0,3
14438,26,30000,OWN,4,1,0,0,0,0,0,0,0,1,B,5000,11.58,0,0.17,0,4
14439,26,30000,OWN,5,1,0,0,0,0,0,0,0,1,A,5000,,0,0.17,0,4
14479,23,108000,OWN,2,1,0,0,0,0,0,0,0,1,A,35000,8.49,0,0.32,0,4
14557,23,28872,OWN,7,1,0,0,0,0,0,0,0,1,B,2000,10.37,0,0.07,0,3
14569,25,110000,OWN,7,1,0,0,0,0,0,0,0,1,B,8000,,0,0.07,0,3
14635,24,110000,OWN,8,1,0,0,0,0,0,0,0,1,C,16000,12.73,0,0.15,0,4
14676,21,28000,OWN,3,1,0,0,0,0,0,0,0,1,A,4000,7.88,0,0.14,0,3
14683,23,28000,OWN,0,1,0,0,0,0,0,0,0,1,B,1250,10.99,0,0.04,0,4
14751,23,114000,OWN,7,1,0,0,0,0,0,0,0,1,A,6000,8.49,0,0.05,0,4
14762,25,27336,OWN,9,1,0,0,0,0,0,0,0,1,C,5500,13.23,0,0.2,0,4
14766,24,27168,OWN,5,1,0,0,0,0,0,0,0,1,B,7500,9.99,0,0.28,0,2
14842,24,26400,OWN,8,1,0,0,0,0,0,0,0,1,B,3000,10.59,0,0.11,0,2
14848,24,26400,OWN,4,1,0,0,0,0,0,0,0,1,A,9600,7.49,0,0.36,0,2
14857,26,117000,OWN,10,1,0,0,0,0,0,0,0,1,B,7200,10.74,0,0.06,0,4
14880,21,118000,OWN,5,1,0,0,0,0,0,0,0,1,A,14000,7.88,0,0.12,0,3
14931,22,25899,OWN,7,1,0,0,0,0,0,0,0,1,B,6250,12.69,0,0.24,0,2
14962,23,120000,OWN,7,1,0,0,0,0,0,0,0,1,B,3600,10.59,0,0.03,0,4
14985,25,25000,OWN,9,1,0,0,0,0,0,0,0,1,A,6000,7.51,0,0.24,0,2
14996,22,25000,OWN,,1,0,0,0,0,0,0,0,1,A,5000,6.03,0,0.2,0,2
15051,25,25000,OWN,4,1,0,0,0,0,0,0,0,1,B,2000,10.99,0,0.08,0,3
15052,22,25000,OWN,6,1,0,0,0,0,0,0,0,1,A,13000,7.88,0,0.52,0,3
15090,21,24996,OWN,5,1,0,0,0,0,0,0,0,1,A,5000,7.51,0,0.2,0,2
15100,23,24972,OWN,,1,0,0,0,0,0,0,0,1,B,2600,11.86,0,0.1,0,4
15108,25,24864,OWN,9,1,0,0,0,0,0,0,0,1,B,9000,,0,0.36,0,3
15110,22,24744,OWN,5,1,0,0,0,0,0,0,0,1,B,5000,11.89,0,0.2,0,2
15143,22,24000,OWN,1,1,0,0,0,0,0,0,0,1,A,8000,7.51,0,0.33,0,3
15144,23,24000,OWN,5,1,0,0,0,0,0,0,0,1,A,12000,,0,0.5,0,4
15204,25,125000,OWN,4,1,0,0,0,0,0,0,0,1,A,12000,7.88,0,0.1,0,3
15210,24,24000,OWN,4,1,0,0,0,0,0,0,0,1,B,6400,8.88,0,0.27,0,4
15214,22,24000,OWN,,1,0,0,0,0,0,0,0,1,A,1500,6.91,0,0.06,0,4
15238,23,24000,OWN,,1,0,0,0,0,0,0,0,1,B,5000,10.38,0,0.21,0,4
15350,24,130000,OWN,8,1,0,0,0,0,0,0,0,1,B,22800,,0,0.18,0,3
15371,26,22440,OWN,10,1,0,0,0,0,0,0,0,1,B,4750,11.86,0,0.21,0,4
15405,24,133000,OWN,4,1,0,0,0,0,0,0,0,1,A,4000,7.4,0,0.03,0,3
15430,23,135000,OWN,7,1,0,0,0,0,0,0,0,1,A,16000,6.91,0,0.12,0,3
15473,23,21000,OWN,,1,0,0,0,0,0,0,0,1,C,3825,14.65,0,0.18,0,4
15475,23,21000,OWN,7,1,0,0,0,0,0,0,0,1,B,7500,12.69,0,0.36,0,3
15529,24,142000,OWN,0,1,0,0,0,0,0,0,0,1,A,7500,7.88,0,0.05,0,2
15536,23,144000,OWN,1,1,0,0,0,0,0,0,0,1,A,6800,7.49,0,0.05,0,2
15591,23,149385,OWN,7,1,0,0,0,0,0,0,0,1,A,7000,8.94,0,0.05,0,4
15595,25,150000,OWN,0,1,0,0,0,0,0,0,0,1,A,14400,8.9,0,0.1,0,4
15654,26,150000,OWN,10,1,0,0,0,0,0,0,0,1,B,24000,11.83,0,0.16,0,4
15655,26,150000,OWN,10,1,0,0,0,0,0,0,0,1,A,21000,,0,0.14,0,4
15670,21,150075,OWN,0,1,0,0,0,0,0,0,0,1,A,25000,7.49,0,0.17,0,2
15730,22,160000,OWN,6,1,0,0,0,0,0,0,0,1,A,7000,8.9,0,0.04,0,3
15797,25,15000,OWN,9,1,0,0,0,0,0,0,0,1,A,2000,6.91,0,0.13,0,3
15800,24,175000,OWN,3,1,0,0,0,0,0,0,0,1,B,8000,11.14,0,0.05,0,4
15857,25,200000,OWN,0,1,0,0,0,0,0,0,0,1,B,24000,12.18,0,0.12,0,4
15914,21,10560,OWN,5,1,0,0,0,0,0,0,0,1,B,1000,10.36,0,0.09,0,4
15924,21,9600,OWN,0,1,0,0,0,0,0,0,0,1,B,1200,10.99,0,0.13,0,4
15933,24,9600,OWN,2,1,0,0,0,0,0,0,0,1,A,3200,7.88,1,0.33,0,2
15967,23,21600,OWN,0,1,0,0,0,0,0,0,0,1,B,4400,12.53,0,0.2,0,3
16060,23,75000,OWN,8,1,0,0,0,0,0,0,0,1,A,8000,6.17,0,0.11,0,2
16147,23,46800,OWN,7,1,0,0,0,0,0,0,0,1,C,9000,,0,0.19,0,4
16151,23,69996,OWN,2,1,0,0,0,0,0,0,0,1,B,10000,,0,0.14,0,3
16158,25,60000,OWN,8,1,0,0,0,0,0,0,0,1,B,14000,11.12,0,0.23,0,2
16213,23,55000,OWN,6,1,0,0,0,0,0,0,0,1,C,18500,13.16,0,0.34,0,3
16247,23,21000,OWN,2,1,0,0,0,0,0,0,0,1,C,6000,15.27,0,0.29,0,2
16266,24,98000,OWN,8,1,0,0,0,0,0,0,0,1,A,12000,7.49,0,0.12,0,2
16299,23,30996,OWN,2,1,0,0,0,0,0,0,0,1,B,5000,11.86,0,0.16,0,4
16339,24,75000,OWN,8,1,0,0,0,0,0,0,0,1,B,29800,,0,0.4,0,3
16351,21,57000,OWN,5,1,0,0,0,0,0,0,0,1,B,8000,10.65,0,0.14,0,2
16440,25,47000,OWN,9,1,0,0,0,0,0,0,0,1,A,4000,6.62,0,0.09,0,2
16500,22,69996,OWN,2,1,0,0,0,0,0,0,0,1,C,8000,12.84,0,0.11,0,3
16550,24,130000,OWN,8,1,0,0,0,0,0,0,0,1,B,22800,,0,0.18,0,2
16554,21,35000,OWN,5,1,0,0,0,0,0,0,0,1,C,6500,13.43,0,0.19,0,4
16603,25,19000,OWN,3,1,0,0,0,0,0,0,0,1,A,4000,7.4,1,0.21,0,4
16622,22,24449,OWN,2,1,0,0,0,0,0,0,0,1,B,1800,11.89,0,0.07,0,4
16687,22,72000,OWN,1,1,0,0,0,0,0,0,0,1,B,15000,10.25,0,0.21,0,4
16748,23,21000,OWN,,1,0,0,0,0,0,0,0,1,C,3825,14.65,0,0.18,0,4
16775,24,40000,OWN,7,1,0,0,0,0,0,0,0,1,C,2000,12.53,0,0.05,0,4
16778,26,53000,OWN,2,1,0,0,0,0,0,0,0,1,B,2500,9.91,0,0.05,0,2
16834,24,50004,OWN,2,1,0,0,0,0,0,0,0,1,B,10000,11.12,0,0.2,0,2
16865,21,33009,OWN,5,1,0,0,0,0,0,0,0,1,B,12000,11.48,0,0.36,0,4
16886,24,101000,OWN,5,1,0,0,0,0,0,0,0,1,B,24250,12.53,0,0.24,0,3
16907,23,36000,OWN,,1,0,0,0,0,0,0,0,1,A,5500,5.42,0,0.15,0,3
16932,23,11000,OWN,0,1,0,0,0,0,0,0,0,1,A,1400,9.32,0,0.13,0,4
16937,22,30000,OWN,5,1,0,0,0,0,0,0,0,1,B,3000,10.36,0,0.1,0,2
17048,23,46776,OWN,7,1,0,0,0,0,0,0,0,1,D,15000,13.24,0,0.32,0,3
17053,22,43200,OWN,6,1,0,0,0,0,0,0,0,1,A,6000,7.68,0,0.14,0,4
17071,22,57600,OWN,6,1,0,0,0,0,0,0,0,1,A,6500,7.49,0,0.11,0,3
17075,25,49000,OWN,4,1,0,0,0,0,0,0,0,1,A,2500,6.76,0,0.05,0,3
17082,21,35000,OWN,5,1,0,0,0,0,0,0,0,1,A,4000,7.29,0,0.11,0,2
17106,22,25000,OWN,,1,0,0,0,0,0,0,0,1,A,5000,6.03,0,0.2,0,3
17208,22,12996,OWN,1,1,0,0,0,0,0,0,0,1,B,4750,,1,0.37,0,2
17213,23,51000,OWN,7,1,0,0,0,0,0,0,0,1,A,6000,5.42,0,0.12,0,2
17229,25,200000,OWN,0,1,0,0,0,0,0,0,0,1,B,24000,12.18,0,0.12,0,2
17241,24,80000,OWN,8,1,0,0,0,0,0,0,0,1,A,12000,7.49,0,0.15,0,3
17284,21,21600,OWN,,1,0,0,0,0,0,0,0,1,A,7125,6.99,0,0.33,0,3
17305,24,48000,OWN,5,1,0,0,0,0,0,0,0,1,A,4400,5.99,0,0.09,0,4
17404,22,24000,OWN,3,1,0,0,0,0,0,0,0,1,B,2500,10.59,0,0.1,0,2
17410,23,67000,OWN,1,1,0,0,0,0,0,0,0,1,A,3250,6.76,0,0.05,0,4
17414,23,29004,OWN,1,1,0,0,0,0,0,0,0,1,C,2000,13.16,0,0.07,0,3
17585,23,70000,OWN,0,1,0,0,0,0,0,0,0,1,B,3600,10.59,0,0.05,0,4
17615,25,35000,OWN,9,1,0,0,0,0,0,0,0,1,C,4000,13.11,0,0.11,0,4
17627,25,43200,OWN,9,1,0,0,0,0,0,0,0,1,B,13800,11.48,0,0.32,0,2
17637,22,50000,OWN,3,1,0,0,0,0,0,0,0,1,A,6000,8.94,0,0.12,0,4
17655,22,19008,OWN,,1,0,0,0,0,0,0,0,1,A,12000,5.42,1,0.63,0,2
17794,26,21000,OWN,4,1,0,0,0,0,0,0,0,1,C,8000,13.79,0,0.38,0,2
17933,35,250000,OWN,8,1,0,0,0,0,0,0,0,1,B,15000,9.88,0,0.06,0,5
18033,33,14400,OWN,0,1,0,0,0,0,0,0,0,1,C,2000,14.79,0,0.14,0,8
18082,30,14400,OWN,2,1,0,0,0,0,0,0,0,1,B,1000,10.62,0,0.07,0,10
18153,34,15523,OWN,1,1,0,0,0,0,0,0,0,1,A,3800,7.49,1,0.24,0,9
18155,33,15600,OWN,1,1,0,0,0,0,0,0,0,1,A,5900,,1,0.38,0,7
18173,29,16000,OWN,3,1,0,0,0,0,0,0,0,1,A,3000,7.9,1,0.19,0,8
18262,32,18000,OWN,0,1,0,0,0,0,0,0,0,1,A,4750,7.88,1,0.26,0,6
18294,29,19200,OWN,7,1,0,0,0,0,0,0,0,1,A,6000,,1,0.31,0,5
18331,35,20000,OWN,1,1,0,0,0,0,0,0,0,1,A,5500,7.66,0,0.28,0,8
18332,31,20000,OWN,3,1,0,0,0,0,0,0,0,1,A,6400,5.42,0,0.32,0,6
18337,31,20000,OWN,3,1,0,0,0,0,0,0,0,1,B,5000,11.83,0,0.25,0,7
18339,31,20000,OWN,5,1,0,0,0,0,0,0,0,1,B,5000,11.83,0,0.25,0,5
18449,30,22000,OWN,4,1,0,0,0,0,0,0,0,1,C,2000,13.57,0,0.09,0,9
18451,30,22000,OWN,4,1,0,0,0,0,0,0,0,1,B,6000,11.89,0,0.27,0,8
18546,30,24000,OWN,11,1,0,0,0,0,0,0,0,1,A,6000,,0,0.25,0,9
18567,30,24000,OWN,0,1,0,0,0,0,0,0,0,1,A,2500,7.29,0,0.1,0,6
18616,27,24000,OWN,2,1,0,0,0,0,0,0,0,1,C,6000,12.53,0,0.25,0,9
18861,35,28000,OWN,3,1,0,0,0,0,0,0,0,1,A,7600,6.62,0,0.27,0,10
18863,34,28000,OWN,1,1,0,0,0,0,0,0,0,1,B,3000,9.99,0,0.11,0,10
18869,33,28000,OWN,3,1,0,0,0,0,0,0,0,1,A,4800,7.49,0,0.17,0,10
18940,28,29112,OWN,1,1,0,0,0,0,0,0,0,1,A,7000,6.99,0,0.24,0,5
18942,27,29120,OWN,0,1,0,0,0,0,0,0,0,1,A,4000,,0,0.14,0,7
19137,27,30000,OWN,4,1,0,0,0,0,0,0,0,1,B,5000,,0,0.17,0,5
19196,29,30156,OWN,,1,0,0,0,0,0,0,0,1,A,7000,6.99,0,0.23,0,10
19270,27,31416,OWN,0,1,0,0,0,0,0,0,0,1,B,8000,11.12,0,0.25,0,5
19345,30,32004,OWN,4,1,0,0,0,0,0,0,0,1,A,5500,8,0,0.17,0,9
19460,33,33600,OWN,3,1,0,0,0,0,0,0,0,1,C,9500,12.99,0,0.28,0,8
19572,28,35000,OWN,2,1,0,0,0,0,0,0,0,1,B,15000,,0,0.43,0,7
19573,28,35000,OWN,3,1,0,0,0,0,0,0,0,1,B,10400,11.71,0,0.3,0,8
19618,33,35000,OWN,4,1,0,0,0,0,0,0,0,1,A,10000,8.49,0,0.29,0,5
19688,27,35000,OWN,4,1,0,0,0,0,0,0,0,1,C,7500,11.34,0,0.21,0,9
19767,34,36000,OWN,,1,0,0,0,0,0,0,0,1,A,1200,5.42,0,0.03,0,8
19774,35,36000,OWN,1,1,0,0,0,0,0,0,0,1,B,3925,9.99,0,0.11,0,5
19776,29,36000,OWN,2,1,0,0,0,0,0,0,0,1,B,2500,10.99,0,0.07,0,7
19856,35,36000,OWN,3,1,0,0,0,0,0,0,0,1,B,8000,12.53,0,0.22,0,10
20037,31,38000,OWN,5,1,0,0,0,0,0,0,0,1,B,14000,9.91,0,0.37,0,5
20048,32,38000,OWN,2,1,0,0,0,0,0,0,0,1,C,4000,14.65,0,0.11,0,9
20050,28,38000,OWN,13,1,0,0,0,0,0,0,0,1,A,6425,5.42,0,0.17,0,8
20054,31,38000,OWN,15,1,0,0,0,0,0,0,0,1,B,10400,11.49,0,0.27,0,10
20088,34,38000,OWN,1,1,0,0,0,0,0,0,0,1,A,10000,8.94,0,0.26,0,6
20127,33,38400,OWN,0,1,0,0,0,0,0,0,0,1,B,16450,10.65,0,0.43,0,8
20128,29,38400,OWN,4,1,0,0,0,0,0,0,0,1,B,10000,,0,0.26,0,8
20172,33,39000,OWN,0,1,0,0,0,0,0,0,0,1,B,10000,12.42,0,0.26,0,7
20360,35,40000,OWN,5,1,0,0,0,0,0,0,0,1,A,8000,7.66,0,0.2,0,6
20559,33,41196,OWN,0,1,0,0,0,0,0,0,0,1,C,3300,12.99,0,0.08,0,7
20573,27,41500,OWN,11,1,0,0,0,0,0,0,0,1,A,4500,7.49,0,0.11,0,5
20585,28,41600,OWN,0,1,0,0,0,0,0,0,0,1,B,13000,11.58,0,0.31,0,9
20621,33,42000,OWN,,1,0,0,0,0,0,0,0,1,B,5000,10.59,0,0.12,0,6
20676,34,42000,OWN,1,1,0,0,0,0,0,0,0,1,A,22750,6.91,0,0.54,0,10
20719,28,42000,OWN,1,1,0,0,0,0,0,0,0,1,C,15000,13.47,0,0.36,0,9
20750,31,42300,OWN,15,1,0,0,0,0,0,0,0,1,A,2000,6.92,0,0.05,0,9
20824,27,43200,OWN,2,1,0,0,0,0,0,0,0,1,B,5000,12.69,0,0.12,0,8
20880,34,44000,OWN,2,1,0,0,0,0,0,0,0,1,C,10000,13.43,0,0.23,0,6
20969,35,45000,OWN,6,1,0,0,0,0,0,0,0,1,D,10000,16.77,0,0.22,0,5
21012,34,45000,OWN,0,1,0,0,0,0,0,0,0,1,A,7000,5.42,0,0.16,0,5
21021,29,45000,OWN,13,1,0,0,0,0,0,0,0,1,B,15000,11.49,0,0.33,0,8
21117,29,45000,OWN,4,1,0,0,0,0,0,0,0,1,B,20000,10.62,0,0.44,0,6
21146,27,45000,OWN,4,1,0,0,0,0,0,0,0,1,C,20000,12.84,0,0.44,0,10
21245,27,46000,OWN,,1,0,0,0,0,0,0,0,1,A,8000,,0,0.17,0,9
21324,32,47000,OWN,8,1,0,0,0,0,0,0,0,1,A,6000,8.9,0,0.13,0,5
21328,34,47000,OWN,8,1,0,0,0,0,0,0,0,1,B,14000,9.99,0,0.3,0,9
21378,27,47900,OWN,1,1,0,0,0,0,0,0,0,1,C,7500,13.47,0,0.16,0,8
21384,33,48000,OWN,5,1,0,0,0,0,0,0,0,1,B,14400,12.42,0,0.3,0,10
21388,29,48000,OWN,0,1,0,0,0,0,0,0,0,1,C,6000,14.27,0,0.13,0,7
21405,27,48000,OWN,3,1,0,0,0,0,0,0,0,1,B,24000,9.91,0,0.5,0,9
21514,27,48000,OWN,2,1,0,0,0,0,0,0,0,1,C,14000,,0,0.29,0,8
21657,28,50000,OWN,12,1,0,0,0,0,0,0,0,1,A,6000,6.03,0,0.12,0,9
21658,34,50000,OWN,0,1,0,0,0,0,0,0,0,1,A,16000,7.51,0,0.32,0,7
21684,27,50000,OWN,8,1,0,0,0,0,0,0,0,1,A,12000,5.42,0,0.24,0,7
21733,30,50000,OWN,,1,0,0,0,0,0,0,0,1,A,8000,5.79,0,0.16,0,8
21979,27,51000,OWN,11,1,0,0,0,0,0,0,0,1,A,18000,7.49,0,0.35,0,8
22026,30,51750,OWN,5,1,0,0,0,0,0,0,0,1,B,12000,11.14,0,0.23,0,10
22031,35,51996,OWN,16,1,0,0,0,0,0,0,0,1,A,2000,6.17,0,0.04,0,8
22057,29,52000,OWN,0,1,0,0,0,0,0,0,0,1,B,16000,10.99,0,0.31,0,8
22083,35,52000,OWN,3,1,0,0,0,0,0,0,0,1,B,10400,9.99,0,0.2,0,7
22088,32,52000,OWN,14,1,0,0,0,0,0,0,0,1,A,15000,6.91,0,0.29,0,6
22093,29,52000,OWN,13,1,0,0,0,0,0,0,0,1,C,1000,13.23,0,0.02,0,8
22255,35,54000,OWN,,1,0,0,0,0,0,0,0,1,A,6000,6.62,0,0.11,0,9
22407,28,55000,OWN,7,1,0,0,0,0,0,0,0,1,A,20000,7.49,0,0.36,0,6
22476,29,55000,OWN,4,1,0,0,0,0,0,0,0,1,B,10000,11.36,0,0.18,0,8
22568,27,56000,OWN,7,1,0,0,0,0,0,0,0,1,C,1000,14.65,0,0.02,0,8
22580,31,56000,OWN,6,1,0,0,0,0,0,0,0,1,A,11500,,0,0.21,0,9
22711,27,57240,OWN,4,1,0,0,0,0,0,0,0,1,B,15000,11.99,0,0.26,0,6
22811,32,58000,OWN,3,1,0,0,0,0,0,0,0,1,C,8000,13.85,0,0.14,0,10
22820,31,58000,OWN,7,1,0,0,0,0,0,0,0,1,C,14000,12.87,0,0.24,0,9
22898,32,59506,OWN,13,1,0,0,0,0,0,0,0,1,D,8000,16.07,0,0.13,0,7
23040,28,60000,OWN,0,1,0,0,0,0,0,0,0,1,B,7000,11.11,0,0.12,0,5
23090,28,60000,OWN,5,1,0,0,0,0,0,0,0,1,C,10000,,0,0.17,0,7
23107,27,60000,OWN,2,1,0,0,0,0,0,0,0,1,B,10000,10.38,0,0.17,0,6
23134,33,60000,OWN,,1,0,0,0,0,0,0,0,1,C,10000,13.98,0,0.17,0,7
23164,29,60000,OWN,13,1,0,0,0,0,0,0,0,1,A,1000,6.76,0,0.02,0,8
23282,34,61000,OWN,7,1,0,0,0,0,0,0,0,1,A,5000,5.42,0,0.08,0,6
23316,28,61425,OWN,2,1,0,0,0,0,0,0,0,1,A,9000,5.99,0,0.15,0,7
23331,29,61848,OWN,13,1,0,0,0,0,0,0,0,1,B,5000,10.38,0,0.08,0,10
23554,27,64000,OWN,11,1,0,0,0,0,0,0,0,1,A,5000,5.79,0,0.08,0,5
23681,32,65000,OWN,12,1,0,0,0,0,0,0,0,1,B,10000,11.99,0,0.15,0,5
23691,28,65000,OWN,13,1,0,0,0,0,0,0,0,1,A,8000,7.66,0,0.12,0,7
23767,28,65000,OWN,1,1,0,0,0,0,0,0,0,1,B,7500,10.96,0,0.12,0,5
23830,33,66000,OWN,3,1,0,0,0,0,0,0,0,1,B,5600,10.99,0,0.08,0,9
23859,29,66500,OWN,4,1,0,0,0,0,0,0,0,1,A,12000,6.99,0,0.18,0,8
23929,34,67656,OWN,18,1,0,0,0,0,0,0,0,1,A,11000,7.88,0,0.16,0,8
23935,31,68000,OWN,1,1,0,0,0,0,0,0,0,1,A,8000,7.9,0,0.12,0,5
23977,31,68000,OWN,8,1,0,0,0,0,0,0,0,1,B,10000,,0,0.15,0,7
24067,30,69996,OWN,14,1,0,0,0,0,0,0,0,1,C,6000,14.26,0,0.09,0,8
24115,33,70000,OWN,17,1,0,0,0,0,0,0,0,1,A,24000,7.49,0,0.34,0,6
24121,32,70000,OWN,12,1,0,0,0,0,0,0,0,1,A,3000,7.49,0,0.04,0,5
24172,29,70000,OWN,13,1,0,0,0,0,0,0,0,1,A,13000,6.91,0,0.19,0,8
24192,28,70000,OWN,7,1,0,0,0,0,0,0,0,1,B,8000,11.49,0,0.11,0,9
24211,35,70000,OWN,6,1,0,0,0,0,0,0,0,1,B,17000,9.88,0,0.24,0,6
24261,28,70254,OWN,12,1,0,0,0,0,0,0,0,1,A,3500,6.62,0,0.05,0,9
24421,27,72000,OWN,10,1,0,0,0,0,0,0,0,1,A,10000,8.94,0,0.14,0,6
24545,34,74004,OWN,6,1,0,0,0,0,0,0,0,1,A,7200,6.62,0,0.1,0,7
24560,30,74400,OWN,8,1,0,0,0,0,0,0,0,1,A,7500,,0,0.1,0,7
24577,29,75000,OWN,1,1,0,0,0,0,0,0,0,1,B,18000,12.42,0,0.24,0,9
24582,35,75000,OWN,9,1,0,0,0,0,0,0,0,1,A,7600,,0,0.1,0,7
24588,29,75000,OWN,5,1,0,0,0,0,0,0,0,1,B,6000,12.69,0,0.08,0,7
24794,29,75996,OWN,3,1,0,0,0,0,0,0,0,1,B,8000,10.74,0,0.11,0,10
24834,29,76800,OWN,,1,0,0,0,0,0,0,0,1,B,2400,9.62,0,0.03,0,10
24853,27,71000,OWN,0,1,0,0,0,0,0,0,0,1,E,5000,17.39,1,0.07,0,9
24909,29,78000,OWN,13,1,0,0,0,0,0,0,0,1,A,14400,,0,0.18,0,7
24929,27,78000,OWN,4,1,0,0,0,0,0,0,0,1,B,6000,12.18,0,0.08,0,10
24954,28,78465,OWN,9,1,0,0,0,0,0,0,0,1,B,14000,11.36,0,0.18,0,10
25007,28,40000,OWN,2,1,0,0,0,0,0,0,0,1,B,5000,10,0,0.13,0,5
25133,32,80000,OWN,2,1,0,0,0,0,0,0,0,1,B,10000,11.14,0,0.13,0,9
25138,29,80000,OWN,0,1,0,0,0,0,0,0,0,1,C,24000,12.87,0,0.3,0,9
25142,27,39996,OWN,1,1,0,0,0,0,0,0,0,1,B,8000,12.53,0,0.2,0,6
25180,30,80256,OWN,11,1,0,0,0,0,0,0,0,1,A,24000,7.49,0,0.3,0,7
25341,28,84000,OWN,8,1,0,0,0,0,0,0,0,1,A,25000,7.9,0,0.3,0,7
25415,30,85000,OWN,12,1,0,0,0,0,0,0,0,1,A,7800,6.03,0,0.09,0,10
25445,30,37200,OWN,,1,0,0,0,0,0,0,0,1,A,10000,6.03,0,0.27,0,10
25486,27,85000,OWN,6,1,0,0,0,0,0,0,0,1,A,20000,7.88,0,0.24,0,6
25488,27,85000,OWN,2,1,0,0,0,0,0,0,0,1,C,10000,13.23,0,0.12,0,7
25508,27,85000,OWN,10,1,0,0,0,0,0,0,0,1,C,19000,13.92,0,0.22,0,5
25539,34,85800,OWN,11,1,0,0,0,0,0,0,0,1,A,5000,7.4,0,0.06,0,6
25560,31,86004,OWN,8,1,0,0,0,0,0,0,0,1,B,2000,10.74,0,0.02,0,6
25578,31,86500,OWN,0,1,0,0,0,0,0,0,0,1,C,25000,13.57,0,0.29,0,9
25596,31,36000,OWN,15,1,0,0,0,0,0,0,0,1,A,5000,6.99,0,0.14,0,9
25604,30,36000,OWN,5,1,0,0,0,0,0,0,0,1,A,4800,,0,0.13,0,6
25618,28,87600,OWN,12,1,0,0,0,0,0,0,0,1,C,12000,12.99,0,0.14,0,6
25661,27,89000,OWN,10,1,0,0,0,0,0,0,0,1,A,3000,6.76,0,0.03,0,6
25703,27,90000,OWN,1,1,0,0,0,0,0,0,0,1,A,7500,7.51,0,0.08,0,6
25856,28,91000,OWN,11,1,0,0,0,0,0,0,0,1,A,7000,6.99,0,0.08,0,6
25857,35,91000,OWN,6,1,0,0,0,0,0,0,0,1,B,5600,10.99,0,0.06,0,8
25881,34,35000,OWN,18,1,0,0,0,0,0,0,0,1,B,3000,10.62,0,0.09,0,8
25929,28,34800,OWN,1,1,0,0,0,0,0,0,0,1,C,10000,12.99,0,0.29,0,9
25939,29,34500,OWN,7,1,0,0,0,0,0,0,0,1,A,20000,7.29,0,0.58,0,10
25996,28,95000,OWN,3,1,0,0,0,0,0,0,0,1,B,4800,11.71,0,0.05,0,10
26093,34,96000,OWN,2,1,0,0,0,0,0,0,0,1,B,12000,11.99,0,0.13,0,6
26130,27,32496,OWN,,1,0,0,0,0,0,0,0,1,B,9200,11.86,0,0.28,0,8
26169,29,97000,OWN,3,1,0,0,0,0,0,0,0,1,B,12000,11.83,0,0.12,0,5
26176,31,32000,OWN,10,1,0,0,0,0,0,0,0,1,B,12375,9.91,0,0.39,0,7
26226,29,98736,OWN,13,1,0,0,0,0,0,0,0,1,B,9000,11.89,0,0.09,0,6
26304,27,100000,OWN,5,1,0,0,0,0,0,0,0,1,A,6000,7.66,0,0.06,0,5
26328,33,31000,OWN,0,1,0,0,0,0,0,0,0,1,A,2500,8.38,0,0.08,0,9
26372,29,100000,OWN,0,1,0,0,0,0,0,0,0,1,B,15800,11.14,0,0.16,0,6
26375,35,100000,OWN,9,1,0,0,0,0,0,0,0,1,A,10000,8.59,0,0.1,0,7
26432,29,30000,OWN,0,1,0,0,0,0,0,0,0,1,A,4000,7.49,0,0.13,0,5
26542,31,30000,OWN,6,1,0,0,0,0,0,0,0,1,B,2500,11.36,0,0.08,0,9
26554,31,30000,OWN,2,1,0,0,0,0,0,0,0,1,A,10000,7.88,0,0.33,0,5
26764,30,112000,OWN,6,1,0,0,0,0,0,0,0,1,A,12000,,0,0.11,0,10
26798,27,113400,OWN,6,1,0,0,0,0,0,0,0,1,B,2100,11.99,0,0.02,0,7
26865,27,27000,OWN,1,1,0,0,0,0,0,0,0,1,A,6000,8,0,0.22,0,6
26866,33,115000,OWN,2,1,0,0,0,0,0,0,0,1,B,14400,11.14,0,0.13,0,5
26889,35,26400,OWN,19,1,0,0,0,0,0,0,0,1,A,6600,5.99,0,0.25,0,8
26898,29,117500,OWN,1,1,0,0,0,0,0,0,0,1,A,20000,6.17,0,0.17,0,9
26902,33,26400,OWN,13,1,0,0,0,0,0,0,0,1,B,7000,11.36,0,0.27,0,9
26917,29,26000,OWN,5,1,0,0,0,0,0,0,0,1,B,4500,11.71,0,0.17,0,5
26956,28,120000,OWN,7,1,0,0,0,0,0,0,0,1,B,5000,10.65,0,0.04,0,6
26964,34,120000,OWN,4,1,0,0,0,0,0,0,0,1,B,7800,10.99,0,0.07,0,9
26989,29,120000,OWN,4,1,0,0,0,0,0,0,0,1,A,7000,8.49,0,0.06,0,7
27083,29,24996,OWN,2,1,0,0,0,0,0,0,0,1,B,8000,9.99,0,0.32,0,7
27174,28,24000,OWN,,1,0,0,0,0,0,0,0,1,A,3000,6.91,0,0.13,0,5
27176,27,24000,OWN,0,1,0,0,0,0,0,0,0,1,A,8500,5.42,0,0.35,0,6
27178,29,24000,OWN,11,1,0,0,0,0,0,0,0,1,A,10000,5.79,0,0.42,0,7
27235,32,128004,OWN,0,1,0,0,0,0,0,0,0,1,A,11000,,0,0.09,0,8
27255,29,130000,OWN,7,1,0,0,0,0,0,0,0,1,C,7000,14.65,0,0.05,0,9
27296,27,130000,OWN,12,1,0,0,0,0,0,0,0,1,B,21000,,0,0.16,0,9
27297,30,22800,OWN,,1,0,0,0,0,0,0,0,1,A,7000,7.51,0,0.31,0,8
27411,28,140000,OWN,12,1,0,0,0,0,0,0,0,1,D,18000,16.29,0,0.13,0,7
27412,29,140000,OWN,5,1,0,0,0,0,0,0,0,1,B,27000,9.91,0,0.19,0,7
27462,27,140000,OWN,12,1,0,0,0,0,0,0,0,1,B,24100,11.83,0,0.17,0,10
27516,29,20000,OWN,0,1,0,0,0,0,0,0,0,1,A,3000,8,0,0.15,0,5
27595,33,150000,OWN,14,1,0,0,0,0,0,0,0,1,B,21000,11.83,0,0.14,0,9
27626,28,18000,OWN,12,1,0,0,0,0,0,0,0,1,C,3500,14.22,1,0.19,0,5
27627,29,153000,OWN,13,1,0,0,0,0,0,0,0,1,B,3000,10.74,0,0.02,0,8
27630,35,154000,OWN,13,1,0,0,0,0,0,0,0,1,A,12000,6.92,0,0.08,0,5
27678,35,160000,OWN,10,1,0,0,0,0,0,0,0,1,B,24000,11.83,0,0.15,0,9
27771,30,200000,OWN,14,1,0,0,0,0,0,0,0,1,A,16000,,0,0.08,0,5
27779,28,201000,OWN,4,1,0,0,0,0,0,0,0,1,A,12000,,0,0.06,0,8
27879,33,10080,OWN,11,1,0,0,0,0,0,0,0,1,A,7200,6.03,1,0.71,0,8
27917,34,23000,OWN,2,1,0,0,0,0,0,0,0,1,A,2500,,0,0.11,0,9
27962,35,40000,OWN,5,1,0,0,0,0,0,0,0,1,A,8000,7.66,0,0.2,0,7
27998,32,40000,OWN,2,1,0,0,0,0,0,0,0,1,C,7000,12.68,0,0.17,0,5
28002,33,14400,OWN,0,1,0,0,0,0,0,0,0,1,C,2000,14.79,0,0.14,0,10
28026,31,24000,OWN,0,1,0,0,0,0,0,0,0,1,B,6200,11.14,0,0.26,0,10
28096,35,160000,OWN,10,1,0,0,0,0,0,0,0,1,B,24000,11.83,0,0.15,0,9
28098,30,32004,OWN,4,1,0,0,0,0,0,0,0,1,A,5500,8,0,0.17,0,8
28123,27,44630,OWN,10,1,0,0,0,0,0,0,0,1,B,10825,10.99,0,0.24,0,6
28192,28,160000,OWN,12,1,0,0,0,0,0,0,0,1,B,23000,11.83,0,0.14,0,5
28263,32,33600,OWN,0,1,0,0,0,0,0,0,0,1,D,8000,16.02,0,0.24,0,8
28269,29,50000,OWN,8,1,0,0,0,0,0,0,0,1,B,9725,12.12,0,0.19,0,7
28296,32,18000,OWN,0,1,0,0,0,0,0,0,0,1,A,4750,7.88,1,0.26,0,6
28513,28,13500,OWN,0,1,0,0,0,0,0,0,0,1,A,6700,9.63,1,0.5,0,8
28517,27,90000,OWN,1,1,0,0,0,0,0,0,0,1,A,7500,7.51,0,0.08,0,10
28546,31,60000,OWN,0,1,0,0,0,0,0,0,0,1,B,24250,12.18,0,0.4,0,5
28555,33,135000,OWN,0,1,0,0,0,0,0,0,0,1,B,17500,11.83,0,0.13,0,5
28661,31,96000,OWN,3,1,0,0,0,0,0,0,0,1,B,10000,9.99,0,0.1,0,5
28681,35,250000,OWN,8,1,0,0,0,0,0,0,0,1,B,15000,9.88,0,0.06,0,9
28717,27,51000,OWN,11,1,0,0,0,0,0,0,0,1,A,18000,7.49,0,0.35,0,6
28786,30,300000,OWN,14,1,0,0,0,0,0,0,0,1,B,35000,10.59,0,0.12,0,5
28958,29,158000,OWN,13,1,0,0,0,0,0,0,0,1,A,11000,8.49,0,0.07,0,7
29089,27,47900,OWN,1,1,0,0,0,0,0,0,0,1,C,7500,13.47,0,0.16,0,6
29140,46,336000,OWN,11,1,0,0,0,0,0,0,0,1,B,9000,11.49,0,0.03,0,13
29204,37,186000,OWN,7,1,0,0,0,0,0,0,0,1,A,3000,6.39,0,0.02,0,17
29220,37,15000,OWN,0,1,0,0,0,0,0,0,0,1,A,5000,7.74,1,0.33,0,13
29242,38,16500,OWN,1,1,0,0,0,0,0,0,0,1,C,2000,13.23,0,0.12,0,11
29300,37,20000,OWN,2,1,0,0,0,0,0,0,0,1,B,3000,12.69,0,0.15,0,17
29328,36,21600,OWN,0,1,0,0,0,0,0,0,0,1,A,2100,8.49,0,0.1,0,12
29348,36,23004,OWN,0,1,0,0,0,0,0,0,0,1,B,12000,11.48,0,0.52,0,11
29461,44,28000,OWN,0,1,0,0,0,0,0,0,0,1,A,3500,8.94,0,0.13,0,12
29499,39,29280,OWN,0,1,0,0,0,0,0,0,0,1,A,1800,7.37,0,0.06,0,11
29501,36,29500,OWN,4,1,0,0,0,0,0,0,0,1,B,1250,11.83,0,0.04,0,15
29614,36,33600,OWN,,1,0,0,0,0,0,0,0,1,E,15000,18.39,0,0.45,0,16
29705,36,36000,OWN,11,1,0,0,0,0,0,0,0,1,A,15000,7.9,0,0.42,0,12
29708,48,36000,OWN,24,1,0,0,0,0,0,0,0,1,A,8000,6.99,0,0.22,0,15
29819,37,39480,OWN,4,1,0,0,0,0,0,0,0,1,A,8000,8.49,0,0.2,0,13
29823,36,39520,OWN,14,1,0,0,0,0,0,0,0,1,A,5000,5.79,0,0.13,0,16
29849,36,40000,OWN,4,1,0,0,0,0,0,0,0,1,B,14000,10.99,0,0.35,0,16
29859,39,40000,OWN,4,1,0,0,0,0,0,0,0,1,B,1000,10.37,0,0.03,0,16
29929,42,42000,OWN,4,1,0,0,0,0,0,0,0,1,A,12000,6.03,0,0.29,0,15
29994,38,43000,OWN,5,1,0,0,0,0,0,0,0,1,A,10000,7.51,0,0.23,0,12
29997,41,43000,OWN,3,1,0,0,0,0,0,0,0,1,B,22800,12.21,0,0.53,0,11
30021,38,44000,OWN,2,1,0,0,0,0,0,0,0,1,B,7000,9.76,0,0.16,0,12
30036,37,45000,OWN,5,1,0,0,0,0,0,0,0,1,A,10800,6.03,0,0.24,0,14
30083,42,45000,OWN,0,1,0,0,0,0,0,0,0,1,A,5000,7.43,0,0.11,0,12
30135,43,47000,OWN,2,1,0,0,0,0,0,0,0,1,A,10000,7.88,0,0.21,0,16
30149,46,47844,OWN,16,1,0,0,0,0,0,0,0,1,A,27175,8.49,0,0.57,0,13
30179,38,48000,OWN,,1,0,0,0,0,0,0,0,1,A,7600,7.88,0,0.16,0,11
30193,39,48279,OWN,7,1,0,0,0,0,0,0,0,1,C,4800,13.98,0,0.1,0,13
30280,44,50000,OWN,6,1,0,0,0,0,0,0,0,1,C,8500,,0,0.17,0,15
30313,42,51000,OWN,6,1,0,0,0,0,0,0,0,1,B,18000,9.91,0,0.35,0,13
30331,50,51500,OWN,7,1,0,0,0,0,0,0,0,1,A,10875,7.49,0,0.21,0,14
30362,36,52000,OWN,8,1,0,0,0,0,0,0,0,1,A,3000,9.63,0,0.06,0,15
30364,47,52000,OWN,2,1,0,0,0,0,0,0,0,1,B,5000,10.08,0,0.1,0,12
30421,39,54996,OWN,6,1,0,0,0,0,0,0,0,1,A,5500,7.51,0,0.1,0,11
30447,37,55000,OWN,2,1,0,0,0,0,0,0,0,1,B,24375,10.37,0,0.44,0,13
30468,43,55000,OWN,17,1,0,0,0,0,0,0,0,1,B,2000,12.53,0,0.04,0,11
30480,42,55308,OWN,8,1,0,0,0,0,0,0,0,1,B,2000,11.49,0,0.04,0,15
30663,40,60000,OWN,5,1,0,0,0,0,0,0,0,1,A,12000,9.63,0,0.2,0,13
30694,38,61450,OWN,6,1,0,0,0,0,0,0,0,1,A,12500,7.49,0,0.2,0,16
30868,37,68000,OWN,20,1,0,0,0,0,0,0,0,1,A,7000,7.29,0,0.1,0,11
30891,45,69600,OWN,11,1,0,0,0,0,0,0,0,1,A,6000,7.9,0,0.09,0,13
30897,50,69996,OWN,19,1,0,0,0,0,0,0,0,1,A,8000,9.32,0,0.11,0,17
30931,39,70000,OWN,0,1,0,0,0,0,0,0,0,1,A,8000,,0,0.11,0,12
30990,36,72000,OWN,5,1,0,0,0,0,0,0,0,1,B,6000,11.36,0,0.08,0,17
31014,44,73500,OWN,2,1,0,0,0,0,0,0,0,1,B,20000,12.18,0,0.27,0,17
31033,37,74400,OWN,21,1,0,0,0,0,0,0,0,1,A,7500,7.05,0,0.1,0,11
31125,38,77250,OWN,4,1,0,0,0,0,0,0,0,1,A,3000,8.59,0,0.04,0,15
31162,41,80000,OWN,24,1,0,0,0,0,0,0,0,1,B,17000,,0,0.21,0,16
31192,37,40000,OWN,1,1,0,0,0,0,0,0,0,1,B,15000,11.48,0,0.38,0,14
31286,37,37000,OWN,5,1,0,0,0,0,0,0,0,1,B,6075,11.86,0,0.16,0,14
31300,46,85000,OWN,1,1,0,0,0,0,0,0,0,1,A,5000,7.43,0,0.06,0,13
31376,41,90000,OWN,12,1,0,0,0,0,0,0,0,1,A,8000,7.51,0,0.09,0,16
31383,36,35000,OWN,1,1,0,0,0,0,0,0,0,1,B,6000,11.49,0,0.17,0,13
31434,45,33600,OWN,14,1,0,0,0,0,0,0,0,1,A,4000,6.39,0,0.12,0,11
31488,36,99500,OWN,5,1,0,0,0,0,0,0,0,1,A,4000,7.74,0,0.04,0,16
31499,37,31200,OWN,1,1,0,0,0,0,0,0,0,1,A,6600,5.42,0,0.21,0,12
31547,36,30000,OWN,,1,0,0,0,0,0,0,0,1,B,8000,9.99,0,0.27,0,15
31563,36,105859,OWN,20,1,0,0,0,0,0,0,0,1,B,12000,11.99,0,0.11,0,15
31568,46,107000,OWN,17,1,0,0,0,0,0,0,0,1,C,4000,13.49,0,0.04,0,14
31571,44,30000,OWN,3,1,0,0,0,0,0,0,0,1,B,7500,10.39,0,0.25,0,11
31580,47,109000,OWN,15,1,0,0,0,0,0,0,0,1,A,16000,7.05,0,0.15,0,14
31597,38,28800,OWN,23,1,0,0,0,0,0,0,0,1,A,13000,8.32,0,0.45,0,12
31607,40,28000,OWN,18,1,0,0,0,0,0,0,0,1,B,1600,9.99,0,0.06,0,17
31666,37,25000,OWN,2,1,0,0,0,0,0,0,0,1,B,5000,9.91,0,0.2,0,11
31669,40,25000,OWN,2,1,0,0,0,0,0,0,0,1,A,8500,7.51,0,0.34,0,11
31777,36,140000,OWN,13,1,0,0,0,0,0,0,0,1,B,20800,11.48,0,0.15,0,11
31778,44,140000,OWN,14,1,0,0,0,0,0,0,0,1,B,21500,11.83,0,0.15,0,14
31779,38,140000,OWN,13,1,0,0,0,0,0,0,0,1,B,24000,12.18,0,0.17,0,15
31808,36,150000,OWN,8,1,0,0,0,0,0,0,0,1,A,7200,6.92,0,0.05,0,13
31815,38,18720,OWN,22,1,0,0,0,0,0,0,0,1,B,2500,11.86,0,0.13,0,15
31819,41,150000,OWN,10,1,0,0,0,0,0,0,0,1,B,24500,11.83,0,0.16,0,17
31821,38,150000,OWN,0,1,0,0,0,0,0,0,0,1,B,24000,11.83,0,0.16,0,13
31867,47,178000,OWN,31,1,0,0,0,0,0,0,0,1,B,9000,10.99,0,0.05,0,17
31930,37,6000,OWN,3,1,0,0,0,0,0,0,0,1,A,1300,6.03,1,0.22,0,11
31959,39,84000,OWN,12,1,0,0,0,0,0,0,0,1,A,9875,7.51,0,0.12,0,14
31966,38,110000,OWN,6,1,0,0,0,0,0,0,0,1,C,12000,12.99,0,0.11,0,11
31968,38,18720,OWN,22,1,0,0,0,0,0,0,0,1,B,2500,11.86,0,0.13,0,16
31995,36,26880,OWN,0,1,0,0,0,0,0,0,0,1,A,4500,7.66,0,0.17,0,14
32043,42,65000,OWN,6,1,0,0,0,0,0,0,0,1,A,22750,8.9,0,0.35,0,17
32056,37,74400,OWN,21,1,0,0,0,0,0,0,0,1,A,7500,7.05,0,0.1,0,14
32058,45,69600,OWN,11,1,0,0,0,0,0,0,0,1,A,6000,7.9,0,0.09,0,12
32118,37,186000,OWN,7,1,0,0,0,0,0,0,0,1,A,3000,6.39,0,0.02,0,13
32260,39,40000,OWN,4,1,0,0,0,0,0,0,0,1,B,1000,10.37,0,0.03,0,16
11,22,85000,RENT,6,0,0,1,0,0,0,0,0,1,B,35000,10.37,1,0.41,0,4
13,23,95000,RENT,2,0,0,1,0,0,0,0,0,1,A,35000,7.9,1,0.37,0,2
21,25,162500,RENT,2,0,0,1,0,0,0,0,0,1,A,35000,7.49,0,0.22,0,4
32,25,120000,RENT,2,0,0,1,0,0,0,0,0,1,A,32000,6.62,0,0.27,0,2
54,23,97000,RENT,7,0,0,1,0,0,0,0,0,1,B,30000,10.65,1,0.31,0,2
57,26,277104,RENT,0,0,0,1,0,0,0,0,0,1,B,20000,11.48,0,0.07,0,3
61,21,131000,RENT,0,0,0,1,0,0,0,0,0,1,A,30000,5.99,0,0.23,0,4
75,26,85000,RENT,2,0,0,1,0,0,0,0,0,1,A,28000,7.49,1,0.33,0,3
77,22,88000,RENT,6,0,0,1,0,0,0,0,0,1,B,28000,9.91,1,0.32,0,3
82,144,250000,RENT,4,0,0,1,0,0,0,0,0,1,C,4800,13.57,0,0.02,0,3
94,24,73399,RENT,0,0,0,1,0,0,0,0,0,1,D,27000,,1,0.37,0,3
98,22,60000,RENT,0,0,0,1,0,0,0,0,0,1,B,25475,10.99,1,0.42,0,3
132,23,50000,RENT,1,0,0,1,0,0,0,0,0,1,B,25000,11.83,1,0.5,0,4
133,22,50004,RENT,0,0,0,1,0,0,0,0,0,1,B,25000,10.36,1,0.5,0,2
134,22,50004,RENT,3,0,0,1,0,0,0,0,0,1,C,25000,12.23,1,0.5,0,3
147,23,47000,RENT,1,0,0,1,0,0,0,0,0,1,E,25000,17.93,1,0.53,0,2
152,26,48000,RENT,5,0,0,1,0,0,0,0,0,1,F,25000,18.43,1,0.52,0,2
193,24,67000,RENT,2,0,0,1,0,0,0,0,0,1,B,25000,10.99,1,0.37,0,3
220,23,78000,RENT,1,0,0,1,0,0,0,0,0,1,B,25000,10.62,1,0.32,0,3
221,23,78504,RENT,7,0,0,1,0,0,0,0,0,1,B,25000,10.74,1,0.32,0,3
224,25,185000,RENT,6,0,0,1,0,0,0,0,0,1,C,15000,15.27,0,0.08,0,2
245,24,82000,RENT,8,0,0,1,0,0,0,0,0,1,B,25000,10.25,0,0.3,0,2
277,23,93600,RENT,3,0,0,1,0,0,0,0,0,1,D,25000,15.21,0,0.27,0,4
289,25,88000,RENT,0,0,0,1,0,0,0,0,0,1,D,25000,14.96,1,0.28,0,4
291,26,88000,RENT,2,0,0,1,0,0,0,0,0,1,D,25000,15.65,1,0.28,0,3
292,25,100000,RENT,1,0,0,1,0,0,0,0,0,1,B,25000,9.33,0,0.25,0,4
299,25,174708,RENT,9,0,0,1,0,0,0,0,0,1,B,9000,10.59,0,0.05,0,3
314,26,170000,RENT,0,0,0,1,0,0,0,0,0,1,B,13000,12.42,0,0.08,0,3
330,23,130000,RENT,7,0,0,1,0,0,0,0,0,1,B,25000,11.49,0,0.19,0,4
363,26,161000,RENT,10,0,0,1,0,0,0,0,0,1,A,30000,7.9,0,0.19,0,4
365,25,225000,RENT,5,0,0,1,0,0,0,0,0,1,B,25000,11.86,0,0.11,0,4
385,24,89908,RENT,1,0,0,1,0,0,0,0,0,1,B,24250,12.53,0,0.27,0,3
404,23,47004,RENT,1,0,0,1,0,0,0,0,0,1,B,24000,11.58,1,0.51,0,4
422,23,66000,RENT,6,0,0,1,0,0,0,0,0,1,A,24000,,1,0.36,0,4
423,24,60000,RENT,0,0,0,1,0,0,0,0,0,1,D,24000,14.96,1,0.4,0,4
442,25,95000,RENT,9,0,0,1,0,0,0,0,0,1,A,24000,6.54,0,0.25,0,4
446,24,110000,RENT,7,0,0,1,0,0,0,0,0,1,D,24000,15.62,0,0.22,0,4
451,24,120000,RENT,1,0,0,1,0,0,0,0,0,1,B,24000,12.69,0,0.2,0,4
477,22,66960,RENT,1,0,0,1,0,0,0,0,0,1,A,23400,7.49,1,0.35,0,2
480,23,60000,RENT,2,0,0,1,0,0,0,0,0,1,B,23000,12.18,1,0.38,0,4
486,25,80000,RENT,9,0,0,1,0,0,0,0,0,1,C,23000,,0,0.29,0,2
487,24,88000,RENT,1,0,0,1,0,0,0,0,0,1,D,23000,14.54,1,0.26,0,2
509,26,77000,RENT,0,0,0,1,0,0,0,0,0,1,A,22000,6.54,0,0.29,0,3
512,26,82600,RENT,10,0,0,1,0,0,0,0,0,1,B,22000,12.69,0,0.27,0,2
523,24,54000,RENT,5,0,0,1,0,0,0,0,0,1,C,21600,13.49,1,0.4,0,2
537,25,47052,RENT,5,0,0,1,0,0,0,0,0,1,B,21250,10.99,1,0.45,0,2
538,25,51060,RENT,9,0,0,1,0,0,0,0,0,1,A,21250,6.91,1,0.42,0,2
544,21,35000,RENT,3,0,0,1,0,0,0,0,0,1,B,21000,12.53,1,0.6,0,4
573,26,50000,RENT,7,0,0,1,0,0,0,0,0,1,A,20500,7.49,1,0.41,0,3
594,22,42224,RENT,7,0,0,1,0,0,0,0,0,1,A,20000,6.99,1,0.47,0,4
606,22,48000,RENT,7,0,0,1,0,0,0,0,0,1,B,20000,10.65,1,0.42,0,3
608,22,48500,RENT,1,0,0,1,0,0,0,0,0,1,B,20000,11.36,1,0.41,0,4
619,24,51000,RENT,8,0,0,1,0,0,0,0,0,1,B,20000,10.38,1,0.39,0,3
622,24,51500,RENT,6,0,0,1,0,0,0,0,0,1,B,20000,12.21,1,0.39,0,4
623,25,51996,RENT,9,0,0,1,0,0,0,0,0,1,B,20000,10.99,1,0.38,0,3
634,23,54000,RENT,1,0,0,1,0,0,0,0,0,1,B,20000,11.83,1,0.37,0,4
640,25,55000,RENT,0,0,0,1,0,0,0,0,0,1,B,20000,9.88,1,0.36,0,4
643,25,55200,RENT,7,0,0,1,0,0,0,0,0,1,B,20000,,1,0.36,0,4
654,24,54000,RENT,2,0,0,1,0,0,0,0,0,1,D,20000,16.49,1,0.37,0,2
660,24,60000,RENT,8,0,0,1,0,0,0,0,0,1,A,20000,,1,0.33,0,4
678,24,55000,RENT,2,0,0,1,0,0,0,0,0,1,E,20000,18.64,1,0.36,0,2
685,25,62400,RENT,7,0,0,1,0,0,0,0,0,1,B,20000,11.48,1,0.32,0,2
691,23,65000,RENT,7,0,0,1,0,0,0,0,0,1,B,20000,11.49,1,0.31,0,3
717,23,66000,RENT,1,0,0,1,0,0,0,0,0,1,D,20000,14.11,1,0.3,0,3
730,22,75000,RENT,2,0,0,1,0,0,0,0,0,1,C,20000,,0,0.27,0,2
738,24,70000,RENT,8,0,0,1,0,0,0,0,0,1,E,20000,14.88,1,0.29,0,4
748,123,78000,RENT,7,0,0,1,0,0,0,0,0,1,B,20000,,0,0.26,0,4
752,23,78000,RENT,3,0,0,1,0,0,0,0,0,1,B,20000,11.58,0,0.26,0,3
758,24,80000,RENT,3,0,0,1,0,0,0,0,0,1,C,20000,13.06,0,0.25,0,4
840,23,110000,RENT,2,0,0,1,0,0,0,0,0,1,B,20000,,0,0.18,0,2
849,24,121000,RENT,8,0,0,1,0,0,0,0,0,1,A,20000,8.9,0,0.17,0,3
850,23,125000,RENT,7,0,0,1,0,0,0,0,0,1,B,20000,11.11,0,0.16,0,4
865,26,168000,RENT,1,0,0,1,0,0,0,0,0,1,B,20000,11.36,0,0.12,0,4
884,22,11760,RENT,0,0,0,1,0,0,0,0,0,1,C,1000,13.98,0,0.09,0,4
891,21,14400,RENT,1,0,0,1,0,0,0,0,0,1,D,1000,16.29,1,0.07,0,4
898,24,16800,RENT,,0,0,1,0,0,0,0,0,1,B,1000,11.49,0,0.06,0,3
902,22,39900,RENT,4,0,0,1,0,0,0,0,0,1,B,19000,12.18,1,0.48,0,3
909,22,54000,RENT,6,0,0,1,0,0,0,0,0,1,A,19000,,1,0.35,0,4
915,23,78000,RENT,2,0,0,1,0,0,0,0,0,1,A,19000,8.9,0,0.24,0,2
924,22,36500,RENT,0,0,0,1,0,0,0,0,0,1,A,18725,6.54,1,0.51,0,3
936,24,78000,RENT,1,0,0,1,0,0,0,0,0,1,F,18500,15.33,1,0.24,0,2
944,22,34000,RENT,0,0,0,1,0,0,0,0,0,1,B,18250,10.25,1,0.54,0,3
946,25,34500,RENT,1,0,0,1,0,0,0,0,0,1,E,18250,17.04,1,0.53,0,3
950,24,45600,RENT,2,0,0,1,0,0,0,0,0,1,C,18250,13.35,1,0.4,0,4
954,25,55044,RENT,4,0,0,1,0,0,0,0,0,1,E,18250,17.56,1,0.33,0,2
955,25,49200,RENT,,0,0,1,0,0,0,0,0,1,D,18250,14.83,1,0.37,0,3
957,23,50000,RENT,4,0,0,1,0,0,0,0,0,1,B,18225,10.74,1,0.36,0,2
959,24,36000,RENT,4,0,0,1,0,0,0,0,0,1,B,18200,8.88,1,0.51,0,4
965,23,33000,RENT,4,0,0,1,0,0,0,0,0,1,B,18000,9.91,1,0.55,0,4
971,25,42000,RENT,3,0,0,1,0,0,0,0,0,1,A,18000,6.17,1,0.43,0,2
977,24,44000,RENT,6,0,0,1,0,0,0,0,0,1,B,18000,12.18,1,0.41,0,2
985,24,50000,RENT,4,0,0,1,0,0,0,0,0,1,A,18000,7.9,1,0.36,0,4
989,22,50000,RENT,6,0,0,1,0,0,0,0,0,1,C,18000,13.79,1,0.36,0,2
993,25,52000,RENT,2,0,0,1,0,0,0,0,0,1,C,18000,12.98,1,0.35,0,4
995,25,52526,RENT,9,0,0,1,0,0,0,0,0,1,B,18000,12.21,1,0.34,0,2
1004,25,58000,RENT,6,0,0,1,0,0,0,0,0,1,C,18000,,1,0.31,0,4
1014,22,63000,RENT,0,0,0,1,0,0,0,0,0,1,B,18000,9.63,0,0.29,0,4
1017,25,65000,RENT,8,0,0,1,0,0,0,0,0,1,A,18000,,0,0.28,0,3
1021,26,59000,RENT,2,0,0,1,0,0,0,0,0,1,E,18000,16,1,0.31,0,4
1031,24,72000,RENT,4,0,0,1,0,0,0,0,0,1,A,18000,7.88,0,0.25,0,2
1040,21,80000,RENT,6,0,0,1,0,0,0,0,0,1,A,18000,7.9,0,0.23,0,2
1041,23,80000,RENT,5,0,0,1,0,0,0,0,0,1,A,18000,8.49,0,0.23,0,3
1050,22,82570,RENT,6,0,0,1,0,0,0,0,0,1,C,18000,15.27,0,0.22,0,2
1055,26,86000,RENT,10,0,0,1,0,0,0,0,0,1,A,18000,8.49,0,0.21,0,2
1064,26,116004,RENT,6,0,0,1,0,0,0,0,0,1,B,18000,11.83,0,0.16,0,4
1090,23,36000,RENT,2,0,0,1,0,0,0,0,0,1,C,17500,14.22,1,0.49,0,4
1101,23,53352,RENT,3,0,0,1,0,0,0,0,0,1,A,17500,6.54,1,0.33,0,2
1105,26,60000,RENT,10,0,0,1,0,0,0,0,0,1,A,17500,6.54,0,0.29,0,4
1145,25,62000,RENT,3,0,0,1,0,0,0,0,0,1,A,17000,5.99,0,0.27,0,3
1146,26,65000,RENT,0,0,0,1,0,0,0,0,0,1,C,17000,13.47,0,0.26,0,2
1160,26,175000,RENT,2,0,0,1,0,0,0,0,0,1,B,17000,9.88,0,0.1,0,3
1180,24,125000,RENT,8,0,0,1,0,0,0,0,0,1,B,16800,12.42,0,0.13,0,4
1189,23,54000,RENT,7,0,0,1,0,0,0,0,0,1,C,16750,,1,0.31,0,4
1197,23,47000,RENT,5,0,0,1,0,0,0,0,0,1,B,16500,10.62,1,0.35,0,3
1214,22,33000,RENT,1,0,0,1,0,0,0,0,0,1,B,16000,10.99,1,0.48,0,2
1221,22,36900,RENT,5,0,0,1,0,0,0,0,0,1,A,16000,7.9,1,0.43,0,2
1233,24,42494,RENT,7,0,0,1,0,0,0,0,0,1,B,16000,11.71,1,0.38,0,3
1237,25,43000,RENT,3,0,0,1,0,0,0,0,0,1,B,16000,11.49,1,0.37,0,2
1258,22,42000,RENT,0,0,0,1,0,0,0,0,0,1,D,16000,16,1,0.38,0,3
1259,25,50000,RENT,3,0,0,1,0,0,0,0,0,1,D,16000,17.58,1,0.32,0,4
1264,24,50000,RENT,8,0,0,1,0,0,0,0,0,1,B,16000,10.62,1,0.32,0,2
1284,26,54000,RENT,2,0,0,1,0,0,0,0,0,1,D,16000,14.83,1,0.3,0,2
1287,23,62000,RENT,7,0,0,1,0,0,0,0,0,1,A,16000,7.49,0,0.26,0,2
1321,26,75000,RENT,1,0,0,1,0,0,0,0,0,1,B,16000,,0,0.21,0,2
1348,22,29000,RENT,4,0,0,1,0,0,0,0,0,1,A,1000,7.29,0,0.03,0,4
1353,23,30000,RENT,,0,0,1,0,0,0,0,0,1,A,1000,7.49,0,0.03,0,3
1371,23,34800,RENT,1,0,0,1,0,0,0,0,0,1,B,1000,11.99,0,0.03,0,4
1374,25,35000,RENT,9,0,0,1,0,0,0,0,0,1,B,1000,11.99,0,0.03,0,3
1398,23,40000,RENT,3,0,0,1,0,0,0,0,0,1,B,1000,10.62,0,0.03,0,4
1401,22,40800,RENT,6,0,0,1,0,0,0,0,0,1,A,1000,6.91,0,0.02,0,2
1403,24,42000,RENT,2,0,0,1,0,0,0,0,0,1,C,1000,13.16,0,0.02,0,2
1406,21,45000,RENT,5,0,0,1,0,0,0,0,0,1,A,1000,7.49,0,0.02,0,3
1435,23,77000,RENT,3,0,0,1,0,0,0,0,0,1,B,1150,10.95,0,0.01,0,2
1436,24,9960,RENT,4,0,0,1,0,0,0,0,0,1,A,1200,7.29,0,0.12,0,4
1445,23,15600,RENT,0,0,0,1,0,0,0,0,0,1,D,1200,14.91,1,0.08,0,4
1459,22,27600,RENT,5,0,0,1,0,0,0,0,0,1,C,1200,13.06,0,0.04,0,2
1465,26,30000,RENT,2,0,0,1,0,0,0,0,0,1,B,1200,10.14,0,0.04,0,4
1473,26,34000,RENT,0,0,0,1,0,0,0,0,0,1,B,1200,9.91,0,0.04,0,3
1480,21,40000,RENT,5,0,0,1,0,0,0,0,0,1,D,1200,15.58,0,0.03,0,4
1484,25,43200,RENT,,0,0,1,0,0,0,0,0,1,B,1200,9.91,0,0.03,0,4
1502,26,50000,RENT,10,0,0,1,0,0,0,0,0,1,A,1300,6.99,0,0.03,0,3
1506,25,89000,RENT,4,0,0,1,0,0,0,0,0,1,B,1300,10.59,0,0.01,0,4
1511,25,51500,RENT,5,0,0,1,0,0,0,0,0,1,C,1325,14.79,0,0.03,0,3
1512,21,23004,RENT,5,0,0,1,0,0,0,0,0,1,B,1350,9.99,0,0.06,0,2
1515,24,10000,RENT,0,0,0,1,0,0,0,0,0,1,B,1400,10.83,0,0.14,0,4
1527,26,40044,RENT,1,0,0,1,0,0,0,0,0,1,B,1400,11.86,0,0.03,0,4
1565,25,31200,RENT,9,0,0,1,0,0,0,0,0,1,B,1500,11.12,0,0.05,0,2
1566,25,31500,RENT,2,0,0,1,0,0,0,0,0,1,B,1500,10.99,0,0.05,0,4
1572,25,33000,RENT,5,0,0,1,0,0,0,0,0,1,B,1500,11.48,0,0.05,0,4
1596,23,38000,RENT,4,0,0,1,0,0,0,0,0,1,A,1500,8.32,0,0.04,0,3
1605,23,40000,RENT,0,0,0,1,0,0,0,0,0,1,C,1500,11.78,0,0.04,0,2
1620,26,45000,RENT,3,0,0,1,0,0,0,0,0,1,B,1500,10.25,0,0.03,0,3
1648,25,63128,RENT,,0,0,1,0,0,0,0,0,1,A,1500,7.49,0,0.02,0,4
1680,26,9840,RENT,5,0,0,1,0,0,0,0,0,1,B,1750,9.99,1,0.18,0,4
1685,25,10008,RENT,,0,0,1,0,0,0,0,0,1,A,1750,7.49,1,0.17,0,3
1686,23,17000,RENT,0,0,0,1,0,0,0,0,0,1,B,1750,10.95,0,0.1,0,3
1715,22,45000,RENT,4,0,0,1,0,0,0,0,0,1,D,1800,16.49,0,0.04,0,4
1721,22,45336,RENT,6,0,0,1,0,0,0,0,0,1,D,1800,15.21,0,0.04,0,3
1724,23,50960,RENT,7,0,0,1,0,0,0,0,0,1,D,1800,16.02,0,0.04,0,2
1729,22,73000,RENT,1,0,0,1,0,0,0,0,0,1,C,1800,11.41,0,0.02,0,3
1730,26,75000,RENT,1,0,0,1,0,0,0,0,0,1,B,1800,9.25,0,0.02,0,2
1733,21,14400,RENT,2,0,0,1,0,0,0,0,0,1,D,1825,15.62,1,0.13,0,2
1756,24,14400,RENT,4,0,0,1,0,0,0,0,0,1,B,2000,10.65,0,0.14,0,4
1768,24,17616,RENT,,0,0,1,0,0,0,0,0,1,B,2000,10.37,0,0.11,0,2
1788,23,22000,RENT,1,0,0,1,0,0,0,0,0,1,C,2000,13.99,0,0.09,0,2
1789,22,22000,RENT,0,0,0,1,0,0,0,0,0,1,A,2000,7.29,0,0.09,0,3
1813,25,25000,RENT,,0,0,1,0,0,0,0,0,1,B,2000,9.91,0,0.08,0,4
1832,25,95000,RENT,4,0,0,1,0,0,0,0,0,1,B,15000,12.42,0,0.16,0,2
1851,24,100000,RENT,1,0,0,1,0,0,0,0,0,1,B,15000,11.89,0,0.15,0,2
1862,22,111000,RENT,1,0,0,1,0,0,0,0,0,1,B,15000,10.62,0,0.14,0,3
1868,25,125000,RENT,0,0,0,1,0,0,0,0,0,1,A,15000,,0,0.12,0,3
1894,26,30000,RENT,9,0,0,1,0,0,0,0,0,1,B,2000,11.49,0,0.07,0,3
1897,24,30972,RENT,1,0,0,1,0,0,0,0,0,1,D,2000,16.29,1,0.06,0,2
1901,23,32000,RENT,5,0,0,1,0,0,0,0,0,1,D,2000,16.49,0,0.06,0,3
1912,22,50400,RENT,3,0,0,1,0,0,0,0,0,1,B,2000,,0,0.04,0,4
1940,24,70000,RENT,0,0,0,1,0,0,0,0,0,1,B,2000,8.7,0,0.03,0,3
1941,22,70028,RENT,7,0,0,1,0,0,0,0,0,1,B,2000,,0,0.03,0,3
1945,23,75000,RENT,3,0,0,1,0,0,0,0,0,1,A,2000,5.79,0,0.03,0,3
1951,23,80000,RENT,1,0,0,1,0,0,0,0,0,1,B,2000,9.99,0,0.03,0,4
1952,25,80000,RENT,9,0,0,1,0,0,0,0,0,1,B,2000,11.49,0,0.03,0,3
1963,22,25000,RENT,1,0,0,1,0,0,0,0,0,1,B,2050,10.59,0,0.08,0,2
1965,23,10000,RENT,1,0,0,1,0,0,0,0,0,1,B,2100,12.21,1,0.21,0,3
1980,23,45000,RENT,0,0,0,1,0,0,0,0,0,1,B,2100,11.48,0,0.05,0,4
1983,22,60000,RENT,5,0,0,1,0,0,0,0,0,1,C,2100,13.43,0,0.04,0,2
1995,22,28800,RENT,2,0,0,1,0,0,0,0,0,1,A,14000,7.9,1,0.49,0,2
2000,22,30000,RENT,6,0,0,1,0,0,0,0,0,1,A,14000,6.99,1,0.47,0,4
2025,22,41000,RENT,5,0,0,1,0,0,0,0,0,1,A,14000,,1,0.34,0,3
2026,22,41340,RENT,6,0,0,1,0,0,0,0,0,1,D,14000,17.49,1,0.34,0,3
2029,25,15000,RENT,0,0,0,1,0,0,0,0,0,1,A,2200,7.88,0,0.15,0,2
2040,23,39270,RENT,6,0,0,1,0,0,0,0,0,1,C,2200,11.72,0,0.06,0,2
2043,22,46080,RENT,1,0,0,1,0,0,0,0,0,1,B,2200,11.99,0,0.05,0,2
2047,23,75000,RENT,0,0,0,1,0,0,0,0,0,1,A,2200,7.9,0,0.03,0,4
2051,24,29140,RENT,1,0,0,1,0,0,0,0,0,1,C,2250,12.73,0,0.08,0,4
2069,24,13288,RENT,5,0,0,1,0,0,0,0,0,1,D,2400,17.27,1,0.18,0,2
2080,21,18000,RENT,,0,0,1,0,0,0,0,0,1,C,2400,14.72,0,0.13,0,2
2089,23,22790,RENT,7,0,0,1,0,0,0,0,0,1,A,2400,8.94,0,0.11,0,4
2093,21,24000,RENT,6,0,0,1,0,0,0,0,0,1,D,2400,16.29,0,0.1,0,3
2115,25,35000,RENT,3,0,0,1,0,0,0,0,0,1,B,2400,12.53,0,0.07,0,3
2134,22,43000,RENT,5,0,0,1,0,0,0,0,0,1,B,2400,10.99,0,0.06,0,4
2154,25,60000,RENT,6,0,0,1,0,0,0,0,0,1,B,2400,11.49,0,0.04,0,3
2166,26,95000,RENT,0,0,0,1,0,0,0,0,0,1,A,2400,,0,0.03,0,3
2175,23,95000,RENT,2,0,0,1,0,0,0,0,0,1,B,13600,11.11,0,0.14,0,2
2176,24,31000,RENT,8,0,0,1,0,0,0,0,0,1,C,13500,13.43,1,0.44,0,4
2189,24,57772,RENT,6,0,0,1,0,0,0,0,0,1,C,13500,13.99,0,0.23,0,2
2197,26,185000,RENT,0,0,0,1,0,0,0,0,0,1,A,13500,5.99,0,0.07,0,3
2209,25,24000,RENT,3,0,0,1,0,0,0,0,0,1,B,13250,10.37,1,0.55,0,2
2214,23,38400,RENT,1,0,0,1,0,0,0,0,0,1,B,13250,10.99,1,0.35,0,4
2228,22,62000,RENT,5,0,0,1,0,0,0,0,0,1,A,13200,,0,0.21,0,4
2231,23,75000,RENT,3,0,0,1,0,0,0,0,0,1,A,13200,6.17,0,0.18,0,4
2236,24,71040,RENT,1,0,0,1,0,0,0,0,0,1,A,13100,7.49,0,0.18,0,2
2278,22,37200,RENT,0,0,0,1,0,0,0,0,0,1,E,13000,16,1,0.35,0,2
2298,23,22000,RENT,0,0,0,1,0,0,0,0,0,1,A,2500,7.51,0,0.11,0,2
2308,22,24960,RENT,0,0,0,1,0,0,0,0,0,1,A,2500,7.51,0,0.1,0,2
2310,25,24996,RENT,8,0,0,1,0,0,0,0,0,1,C,2500,12.98,0,0.1,0,4
2329,25,29000,RENT,2,0,0,1,0,0,0,0,0,1,C,2500,12.84,1,0.09,0,3
2333,26,31200,RENT,4,0,0,1,0,0,0,0,0,1,B,2500,10.37,0,0.08,0,3
2336,21,32000,RENT,1,0,0,1,0,0,0,0,0,1,A,2500,7.4,0,0.08,0,3
2350,26,37000,RENT,2,0,0,1,0,0,0,0,0,1,A,2500,7.14,0,0.07,0,3
2387,23,51873,RENT,2,0,0,1,0,0,0,0,0,1,A,2500,,0,0.05,0,3
2415,24,70082,RENT,5,0,0,1,0,0,0,0,0,1,C,2500,12.61,0,0.04,0,4
2417,26,82400,RENT,10,0,0,1,0,0,0,0,0,1,C,2500,13.92,0,0.03,0,3
2419,23,92500,RENT,6,0,0,1,0,0,0,0,0,1,B,2500,10.74,0,0.03,0,3
2421,23,112995,RENT,7,0,0,1,0,0,0,0,0,1,A,2500,7.37,0,0.02,0,3
2427,22,14400,RENT,5,0,0,1,0,0,0,0,0,1,A,2800,6.54,1,0.19,0,3
2456,22,90000,RENT,5,0,0,1,0,0,0,0,0,1,A,2850,5.99,0,0.03,0,3
2469,22,25000,RENT,0,0,0,1,0,0,0,0,0,1,B,2975,9.96,0,0.12,0,2
2475,21,12000,RENT,0,0,0,1,0,0,0,0,0,1,A,3000,7.88,1,0.25,0,3
2478,23,14000,RENT,4,0,0,1,0,0,0,0,0,1,A,3000,7.74,1,0.21,0,3
2483,26,14400,RENT,1,0,0,1,0,0,0,0,0,1,B,3000,,1,0.21,0,2
2485,22,15000,RENT,2,0,0,1,0,0,0,0,0,1,A,3000,7.51,1,0.2,0,4
2508,22,18000,RENT,2,0,0,1,0,0,0,0,0,1,B,3000,,1,0.17,0,2
2515,22,19000,RENT,5,0,0,1,0,0,0,0,0,1,C,3000,13.06,1,0.16,0,2
2525,24,20004,RENT,3,0,0,1,0,0,0,0,0,1,C,3000,,0,0.15,0,4
2543,23,30000,RENT,2,0,0,1,0,0,0,0,0,1,A,3000,7.49,0,0.1,0,2
2575,23,32400,RENT,6,0,0,1,0,0,0,0,0,1,B,3000,10,0,0.09,0,2
2577,26,32640,RENT,7,0,0,1,0,0,0,0,0,1,B,3000,10.75,0,0.09,0,2
2580,25,33000,RENT,3,0,0,1,0,0,0,0,0,1,A,3000,5.99,0,0.09,0,2
2583,23,34008,RENT,5,0,0,1,0,0,0,0,0,1,B,3000,10,0,0.09,0,4
2617,21,40000,RENT,0,0,0,1,0,0,0,0,0,1,A,3000,,0,0.07,0,3
2645,24,45000,RENT,4,0,0,1,0,0,0,0,0,1,A,3000,9.32,0,0.07,0,2
2658,26,47500,RENT,8,0,0,1,0,0,0,0,0,1,A,3000,6.76,0,0.06,0,2
2693,23,48645,RENT,1,0,0,1,0,0,0,0,0,1,B,12000,10.25,0,0.25,0,4
2702,26,50000,RENT,1,0,0,1,0,0,0,0,0,1,B,12000,,0,0.24,0,4
2719,23,44004,RENT,0,0,0,1,0,0,0,0,0,1,E,12000,16,1,0.27,0,2
2723,23,50500,RENT,1,0,0,1,0,0,0,0,0,1,B,12000,11.58,0,0.24,0,4
2743,24,53000,RENT,6,0,0,1,0,0,0,0,0,1,B,12000,11.11,0,0.23,0,3
2752,23,54000,RENT,8,0,0,1,0,0,0,0,0,1,B,12000,11.36,0,0.22,0,2
2759,22,54996,RENT,6,0,0,1,0,0,0,0,0,1,A,12000,8.32,0,0.22,0,4
2765,21,55000,RENT,5,0,0,1,0,0,0,0,0,1,B,12000,10.62,0,0.22,0,2
2776,21,56000,RENT,5,0,0,1,0,0,0,0,0,1,B,12000,10.75,0,0.21,0,4
2777,24,56000,RENT,8,0,0,1,0,0,0,0,0,1,B,12000,11.49,0,0.21,0,2
2796,22,58000,RENT,6,0,0,1,0,0,0,0,0,1,B,12000,11.49,0,0.21,0,4
2812,25,54000,RENT,1,0,0,1,0,0,0,0,0,1,A,3000,9.32,0,0.06,0,3
2821,23,55000,RENT,2,0,0,1,0,0,0,0,0,1,B,3000,9.88,0,0.05,0,2
2842,26,60000,RENT,5,0,0,1,0,0,0,0,0,1,C,3000,15.62,0,0.05,0,2
2871,26,65000,RENT,1,0,0,1,0,0,0,0,0,1,A,3000,5.79,0,0.05,0,2
2897,23,73000,RENT,2,0,0,1,0,0,0,0,0,1,B,3000,12.18,0,0.04,0,3
2911,23,78000,RENT,5,0,0,1,0,0,0,0,0,1,D,3000,16.89,0,0.04,0,3
2913,22,78000,RENT,4,0,0,1,0,0,0,0,0,1,E,3000,16.32,0,0.04,0,2
2919,23,85000,RENT,5,0,0,1,0,0,0,0,0,1,A,3000,7.49,0,0.04,0,3
2929,24,110000,RENT,8,0,0,1,0,0,0,0,0,1,A,3000,7.88,0,0.03,0,2
2943,25,180000,RENT,2,0,0,1,0,0,0,0,0,1,B,3000,11.12,0,0.02,0,2
2944,25,17436,RENT,,0,0,1,0,0,0,0,0,1,B,3025,11.49,1,0.17,0,2
2968,21,12000,RENT,,0,0,1,0,0,0,0,0,1,B,3200,11.49,1,0.27,0,2
2970,22,15600,RENT,5,0,0,1,0,0,0,0,0,1,E,3200,17.93,1,0.21,0,4
2979,23,20000,RENT,0,0,0,1,0,0,0,0,0,1,E,3200,16,1,0.16,0,2
2987,25,27600,RENT,2,0,0,1,0,0,0,0,0,1,B,3200,12.21,0,0.12,0,2
2997,22,31200,RENT,1,0,0,1,0,0,0,0,0,1,B,3200,11.99,0,0.1,0,2
3015,23,45240,RENT,4,0,0,1,0,0,0,0,0,1,A,3200,7.37,0,0.07,0,3
3019,22,50000,RENT,1,0,0,1,0,0,0,0,0,1,A,3200,8.49,0,0.06,0,4
3028,24,58000,RENT,2,0,0,1,0,0,0,0,0,1,C,3200,14.35,0,0.06,0,2
3054,24,16000,RENT,0,0,0,1,0,0,0,0,0,1,B,3250,12.42,1,0.2,0,4
3057,23,18000,RENT,1,0,0,1,0,0,0,0,0,1,C,3250,13.22,1,0.18,0,2
3073,22,28956,RENT,2,0,0,1,0,0,0,0,0,1,A,3300,8.49,0,0.11,0,3
3075,24,33000,RENT,2,0,0,1,0,0,0,0,0,1,C,3300,12.99,0,0.1,0,4
3080,21,90000,RENT,2,0,0,1,0,0,0,0,0,1,B,3300,11.71,0,0.04,0,4
3082,25,37000,RENT,2,0,0,1,0,0,0,0,0,1,B,3325,11.49,0,0.09,0,3
3093,23,40000,RENT,0,0,0,1,0,0,0,0,0,1,A,3400,6.92,0,0.09,0,3
3110,21,13500,RENT,0,0,0,1,0,0,0,0,0,1,B,3500,9.96,1,0.26,0,2
3122,22,20400,RENT,1,0,0,1,0,0,0,0,0,1,A,3500,6.99,0,0.17,0,2
3133,26,24000,RENT,0,0,0,1,0,0,0,0,0,1,B,3500,10.71,0,0.15,0,4
3134,22,24240,RENT,3,0,0,1,0,0,0,0,0,1,B,3500,9.99,0,0.14,0,3
3140,25,27600,RENT,,0,0,1,0,0,0,0,0,1,B,3500,10.99,0,0.13,0,4
3141,22,28800,RENT,0,0,0,1,0,0,0,0,0,1,A,3500,,0,0.12,0,2
3145,22,30000,RENT,3,0,0,1,0,0,0,0,0,1,C,3500,14.22,1,0.12,0,4
3148,26,30000,RENT,2,0,0,1,0,0,0,0,0,1,B,3500,,0,0.12,0,2
3149,21,30000,RENT,0,0,0,1,0,0,0,0,0,1,A,3500,,0,0.12,0,4
3153,26,33000,RENT,1,0,0,1,0,0,0,0,0,1,B,3500,10.25,0,0.11,0,2
3165,25,36000,RENT,3,0,0,1,0,0,0,0,0,1,A,3500,6.62,0,0.1,0,3
3169,21,38000,RENT,5,0,0,1,0,0,0,0,0,1,B,3500,10.59,0,0.09,0,3
3173,22,39336,RENT,6,0,0,1,0,0,0,0,0,1,A,3500,5.42,0,0.09,0,2
3175,23,40000,RENT,2,0,0,1,0,0,0,0,0,1,B,3500,11.99,0,0.09,0,4
3177,24,40000,RENT,0,0,0,1,0,0,0,0,0,1,B,3500,,0,0.09,0,2
3182,25,42000,RENT,0,0,0,1,0,0,0,0,0,1,A,3500,5.42,0,0.08,0,4
3207,23,48562,RENT,4,0,0,1,0,0,0,0,0,1,A,3500,8,0,0.07,0,2
3208,22,50000,RENT,2,0,0,1,0,0,0,0,0,1,B,3500,,0,0.07,0,3
3210,22,50250,RENT,6,0,0,1,0,0,0,0,0,1,A,3500,7.14,0,0.07,0,4
3227,22,60000,RENT,5,0,0,1,0,0,0,0,0,1,A,3500,5.42,0,0.06,0,2
3252,23,78000,RENT,1,0,0,1,0,0,0,0,0,1,B,3500,9.96,0,0.04,0,4
3291,24,30000,RENT,1,0,0,1,0,0,0,0,0,1,A,3600,8.49,0,0.12,0,3
3295,23,30000,RENT,0,0,0,1,0,0,0,0,0,1,A,3600,6.17,0,0.12,0,2
3298,22,30000,RENT,0,0,0,1,0,0,0,0,0,1,B,3600,12.21,0,0.12,0,3
3301,22,31000,RENT,4,0,0,1,0,0,0,0,0,1,B,3600,12.69,0,0.12,0,3
3347,23,37440,RENT,0,0,0,1,0,0,0,0,0,1,B,11000,,0,0.29,0,2
3357,24,41280,RENT,3,0,0,1,0,0,0,0,0,1,D,11000,15.28,0,0.27,0,3
3380,24,47160,RENT,5,0,0,1,0,0,0,0,0,1,B,11000,11.14,0,0.23,0,4
3385,24,49278,RENT,4,0,0,1,0,0,0,0,0,1,C,11000,13.22,0,0.22,0,2
3414,22,71200,RENT,2,0,0,1,0,0,0,0,0,1,B,11000,12.42,0,0.15,0,2
3423,23,116000,RENT,7,0,0,1,0,0,0,0,0,1,A,11000,8.94,0,0.09,0,2
3430,24,47230,RENT,8,0,0,1,0,0,0,0,0,1,A,10950,6.91,0,0.23,0,2
3437,22,36480,RENT,2,0,0,1,0,0,0,0,0,1,B,10800,8.88,0,0.3,0,4
3441,24,43680,RENT,1,0,0,1,0,0,0,0,0,1,A,10800,5.42,0,0.25,0,2
3443,24,45996,RENT,2,0,0,1,0,0,0,0,0,1,C,10800,13.16,0,0.23,0,4
3451,25,50000,RENT,2,0,0,1,0,0,0,0,0,1,B,10800,10.75,0,0.22,0,3
3456,25,55000,RENT,2,0,0,1,0,0,0,0,0,1,C,10800,13.57,0,0.2,0,2
3461,25,68000,RENT,9,0,0,1,0,0,0,0,0,1,B,10800,10.74,0,0.16,0,2
3476,21,30067,RENT,5,0,0,1,0,0,0,0,0,1,C,10750,12.68,1,0.36,0,3
3495,26,30000,RENT,0,0,0,1,0,0,0,0,0,1,B,10625,11.71,1,0.35,0,3
3508,25,30000,RENT,3,0,0,1,0,0,0,0,0,1,D,10500,16.29,1,0.35,0,2
3519,24,44640,RENT,0,0,0,1,0,0,0,0,0,1,B,10500,10.36,0,0.24,0,2
3524,24,85000,RENT,1,0,0,1,0,0,0,0,0,1,A,10500,6.92,0,0.12,0,3
3545,22,83252,RENT,4,0,0,1,0,0,0,0,0,1,B,10400,12.21,0,0.12,0,3
3560,22,44094,RENT,1,0,0,1,0,0,0,0,0,1,A,3600,7.37,0,0.08,0,3
3561,23,45000,RENT,2,0,0,1,0,0,0,0,0,1,A,3600,6.03,0,0.08,0,3
3568,23,48000,RENT,8,0,0,1,0,0,0,0,0,1,D,3600,16.02,0,0.07,0,2
3583,23,60000,RENT,4,0,0,1,0,0,0,0,0,1,A,3600,7.9,0,0.06,0,2
3594,25,67000,RENT,2,0,0,1,0,0,0,0,0,1,B,3600,9.99,0,0.05,0,4
3597,26,72000,RENT,2,0,0,1,0,0,0,0,0,1,B,3600,10.74,0,0.05,0,4
3625,23,120000,RENT,3,0,0,1,0,0,0,0,0,1,A,3725,8.49,0,0.03,0,2
3650,22,28500,RENT,3,0,0,1,0,0,0,0,0,1,C,3825,15.96,1,0.13,0,3
3652,24,40000,RENT,1,0,0,1,0,0,0,0,0,1,B,3825,10,0,0.1,0,4
3662,25,44500,RENT,0,0,0,1,0,0,0,0,0,1,B,3900,10.99,0,0.09,0,2
3665,22,12000,RENT,1,0,0,1,0,0,0,0,0,1,B,4000,9.76,1,0.33,0,3
3675,26,14000,RENT,2,0,0,1,0,0,0,0,0,1,B,4000,,1,0.29,0,3
3679,23,14400,RENT,0,0,0,1,0,0,0,0,0,1,B,4000,10.74,1,0.28,0,3
3682,22,14400,RENT,0,0,0,1,0,0,0,0,0,1,D,4000,14.61,1,0.28,0,2
3708,22,19200,RENT,0,0,0,1,0,0,0,0,0,1,B,4000,10.25,1,0.21,0,3
3712,25,20000,RENT,2,0,0,1,0,0,0,0,0,1,A,4000,7.29,0,0.2,0,3
3731,24,24000,RENT,2,0,0,1,0,0,0,0,0,1,A,4000,8.59,0,0.17,0,3
3732,24,24000,RENT,0,0,0,1,0,0,0,0,0,1,B,4000,12.21,0,0.17,0,2
3736,25,24000,RENT,2,0,0,1,0,0,0,0,0,1,A,4000,7.75,0,0.17,0,3
3739,22,25000,RENT,2,0,0,1,0,0,0,0,0,1,B,4000,12.69,0,0.16,0,3
3740,23,25000,RENT,,0,0,1,0,0,0,0,0,1,B,4000,11.71,0,0.16,0,4
3768,25,28000,RENT,6,0,0,1,0,0,0,0,0,1,A,4000,6.39,0,0.14,0,3
3777,24,29000,RENT,0,0,0,1,0,0,0,0,0,1,B,4000,9.45,0,0.14,0,3
3782,23,29700,RENT,2,0,0,1,0,0,0,0,0,1,B,4000,10.74,0,0.13,0,4
3784,24,30000,RENT,2,0,0,1,0,0,0,0,0,1,A,4000,5.99,0,0.13,0,2
3785,24,30000,RENT,1,0,0,1,0,0,0,0,0,1,A,4000,7.49,0,0.13,0,4
3799,26,30000,RENT,4,0,0,1,0,0,0,0,0,1,B,4000,10.75,0,0.13,0,3
3800,22,30000,RENT,0,0,0,1,0,0,0,0,0,1,D,4000,15.21,1,0.13,0,2
3809,25,30900,RENT,1,0,0,1,0,0,0,0,0,1,D,4000,12.61,1,0.13,0,3
3820,22,32000,RENT,0,0,0,1,0,0,0,0,0,1,A,4000,5.42,0,0.13,0,4
3866,22,36000,RENT,6,0,0,1,0,0,0,0,0,1,B,4000,,0,0.11,0,4
3873,23,36300,RENT,0,0,0,1,0,0,0,0,0,1,A,4000,7.68,0,0.11,0,2
3914,23,42000,RENT,0,0,0,1,0,0,0,0,0,1,B,4000,10.59,0,0.1,0,2
3923,22,42000,RENT,4,0,0,1,0,0,0,0,0,1,D,4000,14.09,0,0.1,0,4
3926,23,42000,RENT,2,0,0,1,0,0,0,0,0,1,A,4000,5.79,0,0.1,0,4
3929,22,42000,RENT,0,0,0,1,0,0,0,0,0,1,C,4000,13.22,0,0.1,0,3
3933,24,43000,RENT,8,0,0,1,0,0,0,0,0,1,B,4000,12.69,0,0.09,0,2
3949,26,48000,RENT,3,0,0,1,0,0,0,0,0,1,A,4000,5.79,0,0.08,0,2
3950,25,48000,RENT,0,0,0,1,0,0,0,0,0,1,A,4000,7.29,0,0.08,0,4
3972,24,50000,RENT,1,0,0,1,0,0,0,0,0,1,A,4000,7.88,0,0.08,0,3
3974,23,50000,RENT,4,0,0,1,0,0,0,0,0,1,D,4000,14.96,0,0.08,0,3
4011,22,57000,RENT,6,0,0,1,0,0,0,0,0,1,B,4000,,0,0.07,0,2
4012,23,57500,RENT,1,0,0,1,0,0,0,0,0,1,B,4000,8.88,0,0.07,0,2
4017,23,58000,RENT,1,0,0,1,0,0,0,0,0,1,B,4000,10.74,0,0.07,0,2
4045,25,65499,RENT,9,0,0,1,0,0,0,0,0,1,C,4000,12.23,0,0.06,0,4
4051,25,68000,RENT,0,0,0,1,0,0,0,0,0,1,A,4000,6.76,0,0.06,0,2
4088,26,98000,RENT,3,0,0,1,0,0,0,0,0,1,A,4000,9.32,0,0.04,0,2
4144,23,38000,RENT,5,0,0,1,0,0,0,0,0,1,B,4400,11.71,0,0.12,0,2
4161,23,15600,RENT,1,0,0,1,0,0,0,0,0,1,A,4500,5.99,1,0.29,0,4
4167,23,18000,RENT,,0,0,1,0,0,0,0,0,1,A,4500,7.49,1,0.25,0,4
4193,26,24000,RENT,5,0,0,1,0,0,0,0,0,1,A,4500,5.79,0,0.19,0,3
4199,25,30996,RENT,9,0,0,1,0,0,0,0,0,1,A,4500,6.92,0,0.15,0,3
4215,24,36000,RENT,5,0,0,1,0,0,0,0,0,1,A,4500,7.14,0,0.13,0,4
4225,24,39000,RENT,2,0,0,1,0,0,0,0,0,1,B,4500,10.99,0,0.12,0,4
4235,21,36000,RENT,1,0,0,1,0,0,0,0,0,1,D,4500,17.27,1,0.13,0,2
4245,23,45000,RENT,0,0,0,1,0,0,0,0,0,1,B,4500,9.25,0,0.1,0,4
4263,23,55000,RENT,4,0,0,1,0,0,0,0,0,1,A,4500,8.49,0,0.08,0,3
4272,23,62000,RENT,7,0,0,1,0,0,0,0,0,1,B,4500,12.42,0,0.07,0,2
4278,25,80000,RENT,8,0,0,1,0,0,0,0,0,1,C,4500,13.06,0,0.06,0,2
4281,24,86854,RENT,8,0,0,1,0,0,0,0,0,1,A,4500,,0,0.05,0,4
4298,23,40000,RENT,1,0,0,1,0,0,0,0,0,1,B,4600,10.59,0,0.12,0,3
4318,21,31970,RENT,2,0,0,1,0,0,0,0,0,1,A,4650,9.32,0,0.15,0,2
4320,24,31776,RENT,6,0,0,1,0,0,0,0,0,1,A,4700,8.94,0,0.15,0,3
4352,21,15000,RENT,6,0,0,1,0,0,0,0,0,1,A,4800,8.49,1,0.32,0,3
4364,26,21000,RENT,0,0,0,1,0,0,0,0,0,1,A,4800,7.75,0,0.23,0,4
4390,24,30000,RENT,8,0,0,1,0,0,0,0,0,1,B,4800,11.49,0,0.16,0,2
4397,22,31200,RENT,,0,0,1,0,0,0,0,0,1,B,4800,10.37,0,0.15,0,4
4404,23,32640,RENT,5,0,0,1,0,0,0,0,0,1,B,4800,11.99,0,0.15,0,2
4418,25,35000,RENT,9,0,0,1,0,0,0,0,0,1,B,4800,11.14,0,0.14,0,2
4451,21,45000,RENT,3,0,0,1,0,0,0,0,0,1,A,4800,7.51,0,0.11,0,4
4455,26,45243,RENT,3,0,0,1,0,0,0,0,0,1,B,4800,9.25,0,0.11,0,2
4463,23,48000,RENT,6,0,0,1,0,0,0,0,0,1,A,4800,7.9,0,0.1,0,3
4465,26,42000,RENT,2,0,0,1,0,0,0,0,0,1,C,4800,14.27,1,0.11,0,2
4482,25,50000,RENT,5,0,0,1,0,0,0,0,0,1,B,4800,10.99,0,0.1,0,4
4489,26,50000,RENT,0,0,0,1,0,0,0,0,0,1,B,4800,,0,0.1,0,3
4490,24,50000,RENT,2,0,0,1,0,0,0,0,0,1,C,4800,13.22,0,0.1,0,4
4529,23,86000,RENT,0,0,0,1,0,0,0,0,0,1,B,4800,9.62,0,0.06,0,3
4536,24,103641,RENT,8,0,0,1,0,0,0,0,0,1,B,4800,10.74,0,0.05,0,2
4574,25,100000,RENT,3,0,0,1,0,0,0,0,0,1,A,10000,6.62,0,0.1,0,4
4582,25,107000,RENT,0,0,0,1,0,0,0,0,0,1,A,10000,8.38,0,0.09,0,3
4622,26,125000,RENT,6,0,0,1,0,0,0,0,0,1,A,10000,7.49,0,0.08,0,2
4642,22,160000,RENT,0,0,0,1,0,0,0,0,0,1,A,10000,8.94,0,0.06,0,3
4647,24,238000,RENT,2,0,0,1,0,0,0,0,0,1,D,10000,13.67,1,0.04,0,2
4653,22,60000,RENT,6,0,0,1,0,0,0,0,0,1,B,9975,11.48,0,0.17,0,4
4655,23,65000,RENT,0,0,0,1,0,0,0,0,0,1,A,9975,7.51,0,0.15,0,2
4657,22,72000,RENT,0,0,0,1,0,0,0,0,0,1,B,9975,10.99,0,0.14,0,3
4664,22,30000,RENT,4,0,0,1,0,0,0,0,0,1,A,9875,7.29,1,0.33,0,3
4666,26,28000,RENT,5,0,0,1,0,0,0,0,0,1,A,9800,7.29,1,0.35,0,4
4713,23,27972,RENT,6,0,0,1,0,0,0,0,0,1,A,5000,8.94,0,0.18,0,3
4714,22,27996,RENT,1,0,0,1,0,0,0,0,0,1,E,5000,17.51,1,0.18,0,4
4726,23,28800,RENT,2,0,0,1,0,0,0,0,0,1,C,5000,13.11,0,0.17,0,3
4748,21,30000,RENT,0,0,0,1,0,0,0,0,0,1,A,5000,8.59,0,0.17,0,2
4751,21,30000,RENT,3,0,0,1,0,0,0,0,0,1,C,5000,13.92,0,0.17,0,4
4760,22,30900,RENT,3,0,0,1,0,0,0,0,0,1,B,5000,10,0,0.16,0,2
4773,26,32000,RENT,3,0,0,1,0,0,0,0,0,1,A,5000,6.03,0,0.16,0,2
4803,25,33996,RENT,0,0,0,1,0,0,0,0,0,1,A,5000,9.38,0,0.15,0,3
4805,25,34000,RENT,6,0,0,1,0,0,0,0,0,1,A,5000,,0,0.15,0,2
4806,23,34000,RENT,4,0,0,1,0,0,0,0,0,1,A,5000,7.88,0,0.15,0,4
4809,25,34400,RENT,9,0,0,1,0,0,0,0,0,1,C,5000,13.49,0,0.15,0,4
4810,22,34500,RENT,1,0,0,1,0,0,0,0,0,1,C,5000,,0,0.14,0,4
4842,26,35880,RENT,2,0,0,1,0,0,0,0,0,1,A,5000,7.68,0,0.14,0,4
4848,26,36000,RENT,4,0,0,1,0,0,0,0,0,1,B,5000,10.37,0,0.14,0,4
4863,26,36225,RENT,2,0,0,1,0,0,0,0,0,1,C,5000,12.84,0,0.14,0,4
4867,22,36996,RENT,3,0,0,1,0,0,0,0,0,1,B,5000,9.99,0,0.14,0,3
4887,23,32000,RENT,2,0,0,1,0,0,0,0,0,1,E,5000,13.93,1,0.16,0,4
4888,23,38004,RENT,5,0,0,1,0,0,0,0,0,1,A,5000,6.91,0,0.13,0,2
4892,26,32352,RENT,0,0,0,1,0,0,0,0,0,1,D,5000,14.84,1,0.15,0,4
4916,24,33996,RENT,2,0,0,1,0,0,0,0,0,1,D,5000,12.92,1,0.15,0,4
4923,21,40000,RENT,4,0,0,1,0,0,0,0,0,1,A,5000,5.79,0,0.13,0,2
4927,21,40000,RENT,3,0,0,1,0,0,0,0,0,1,B,5000,9.25,0,0.13,0,4
4953,22,41000,RENT,6,0,0,1,0,0,0,0,0,1,A,5000,,0,0.12,0,2
4959,24,42000,RENT,7,0,0,1,0,0,0,0,0,1,B,5000,10.99,0,0.12,0,4
4976,23,36000,RENT,0,0,0,1,0,0,0,0,0,1,C,5000,13.22,1,0.14,0,4
5006,22,45000,RENT,3,0,0,1,0,0,0,0,0,1,B,5000,12.42,0,0.11,0,2
5030,23,45600,RENT,4,0,0,1,0,0,0,0,0,1,C,5000,14.22,0,0.11,0,4
5031,23,45984,RENT,7,0,0,1,0,0,0,0,0,1,A,5000,7.14,0,0.11,0,4
5038,22,46500,RENT,4,0,0,1,0,0,0,0,0,1,B,5000,10.37,0,0.11,0,4
5044,23,47000,RENT,0,0,0,1,0,0,0,0,0,1,A,5000,8.9,0,0.11,0,2
5057,22,48000,RENT,7,0,0,1,0,0,0,0,0,1,A,5000,6.99,0,0.1,0,2
5071,22,48000,RENT,6,0,0,1,0,0,0,0,0,1,B,5000,,0,0.1,0,2
5080,23,48000,RENT,7,0,0,1,0,0,0,0,0,1,B,5000,8.7,0,0.1,0,3
5092,22,49000,RENT,6,0,0,1,0,0,0,0,0,1,B,5000,11.86,0,0.1,0,2
5113,26,57240,RENT,3,0,0,1,0,0,0,0,0,1,A,9000,7.51,0,0.16,0,3
5126,26,60000,RENT,0,0,0,1,0,0,0,0,0,1,B,9000,10.59,0,0.15,0,3
5133,23,60000,RENT,2,0,0,1,0,0,0,0,0,1,A,9000,,0,0.15,0,4
5142,24,60000,RENT,1,0,0,1,0,0,0,0,0,1,B,9000,11.58,0,0.15,0,3
5146,22,62400,RENT,6,0,0,1,0,0,0,0,0,1,A,9000,8.49,0,0.14,0,3
5171,23,72000,RENT,2,0,0,1,0,0,0,0,0,1,C,9000,13.47,0,0.13,0,3
5181,24,77496,RENT,2,0,0,1,0,0,0,0,0,1,C,9000,12.84,0,0.12,0,4
5183,26,80000,RENT,3,0,0,1,0,0,0,0,0,1,A,9000,8.9,0,0.11,0,2
5229,26,52800,RENT,4,0,0,1,0,0,0,0,0,1,B,8975,10.99,0,0.17,0,2
5252,22,23800,RENT,2,0,0,1,0,0,0,0,0,1,A,8800,9.32,1,0.37,0,4
5262,25,75000,RENT,7,0,0,1,0,0,0,0,0,1,D,8800,14.59,0,0.12,0,3
5275,24,50000,RENT,7,0,0,1,0,0,0,0,0,1,B,5000,11.36,0,0.1,0,4
5284,24,50004,RENT,9,0,0,1,0,0,0,0,0,1,C,5000,,0,0.1,0,4
5288,23,50400,RENT,3,0,0,1,0,0,0,0,0,1,B,5000,10.38,0,0.1,0,2
5290,22,50433,RENT,6,0,0,1,0,0,0,0,0,1,B,5000,10.71,0,0.1,0,4
5304,25,24000,RENT,2,0,0,1,0,0,0,0,0,1,B,8500,9.88,1,0.35,0,4
5305,26,24996,RENT,3,0,0,1,0,0,0,0,0,1,A,8500,6.91,1,0.34,0,4
5306,24,25000,RENT,0,0,0,1,0,0,0,0,0,1,B,8500,11.71,1,0.34,0,3
5339,25,38400,RENT,9,0,0,1,0,0,0,0,0,1,B,8500,10.99,0,0.22,0,2
5342,23,34000,RENT,5,0,0,1,0,0,0,0,0,1,C,8500,13.92,1,0.25,0,3
5355,21,43000,RENT,5,0,0,1,0,0,0,0,0,1,D,8500,15.58,0,0.2,0,2
5357,22,44000,RENT,4,0,0,1,0,0,0,0,0,1,A,8500,5.42,0,0.19,0,4
5368,21,50000,RENT,5,0,0,1,0,0,0,0,0,1,B,8500,10.65,0,0.17,0,2
5380,21,60996,RENT,2,0,0,1,0,0,0,0,0,1,B,8500,,0,0.14,0,2
5384,25,63996,RENT,2,0,0,1,0,0,0,0,0,1,B,8500,11.89,0,0.13,0,4
5390,22,74000,RENT,6,0,0,1,0,0,0,0,0,1,B,8500,11.71,0,0.11,0,4
5403,22,52000,RENT,1,0,0,1,0,0,0,0,0,1,A,5000,6.99,0,0.1,0,4
5431,24,55000,RENT,4,0,0,1,0,0,0,0,0,1,A,5000,8,0,0.09,0,3
5432,21,55272,RENT,5,0,0,1,0,0,0,0,0,1,A,5000,5.42,0,0.09,0,3
5458,22,58380,RENT,2,0,0,1,0,0,0,0,0,1,C,5000,12.29,0,0.09,0,3
5466,22,59317,RENT,5,0,0,1,0,0,0,0,0,1,B,5000,11.48,0,0.08,0,4
5480,26,60000,RENT,10,0,0,1,0,0,0,0,0,1,B,5000,10.99,0,0.08,0,2
5483,23,60000,RENT,2,0,0,1,0,0,0,0,0,1,A,5000,6.91,0,0.08,0,4
5500,22,61000,RENT,2,0,0,1,0,0,0,0,0,1,A,5000,7.66,0,0.08,0,3
5503,22,62400,RENT,2,0,0,1,0,0,0,0,0,1,B,5000,12.69,0,0.08,0,3
5504,25,62400,RENT,5,0,0,1,0,0,0,0,0,1,A,5000,7.51,0,0.08,0,2
5513,24,64151,RENT,0,0,0,1,0,0,0,0,0,1,B,5000,11.86,0,0.08,0,2
5527,23,65000,RENT,2,0,0,1,0,0,0,0,0,1,A,5000,5.42,0,0.08,0,2
5544,23,66000,RENT,7,0,0,1,0,0,0,0,0,1,B,5000,10.39,0,0.08,0,3
5558,24,68648,RENT,1,0,0,1,0,0,0,0,0,1,B,5000,10.99,0,0.07,0,2
5566,22,70500,RENT,1,0,0,1,0,0,0,0,0,1,B,5000,11.14,0,0.07,0,4
5571,26,72000,RENT,0,0,0,1,0,0,0,0,0,1,A,5000,7.49,0,0.07,0,4
5582,26,74500,RENT,8,0,0,1,0,0,0,0,0,1,B,5000,11.36,0,0.07,0,2
5583,23,75000,RENT,4,0,0,1,0,0,0,0,0,1,B,5000,,0,0.07,0,3
5588,22,75000,RENT,5,0,0,1,0,0,0,0,0,1,B,5000,11.49,0,0.07,0,3
5589,22,75000,RENT,2,0,0,1,0,0,0,0,0,1,B,5000,10.99,0,0.07,0,2
5607,23,80000,RENT,5,0,0,1,0,0,0,0,0,1,B,5000,12.42,0,0.06,0,4
5629,23,85272,RENT,7,0,0,1,0,0,0,0,0,1,B,5000,11.11,0,0.06,0,4
5632,23,88000,RENT,1,0,0,1,0,0,0,0,0,1,B,5000,10.99,0,0.06,0,4
5641,24,90000,RENT,5,0,0,1,0,0,0,0,0,1,B,5000,9.99,0,0.06,0,3
5653,26,97500,RENT,10,0,0,1,0,0,0,0,0,1,E,5000,18.39,0,0.05,0,4
5669,26,103992,RENT,10,0,0,1,0,0,0,0,0,1,A,5000,7.88,0,0.05,0,3
5683,25,110000,RENT,2,0,0,1,0,0,0,0,0,1,B,5000,9.99,0,0.05,0,4
5694,22,114000,RENT,2,0,0,1,0,0,0,0,0,1,D,5000,15.31,1,0.04,0,3
5696,24,137481,RENT,8,0,0,1,0,0,0,0,0,1,B,5000,10.99,0,0.04,0,3
5699,23,150000,RENT,3,0,0,1,0,0,0,0,0,1,B,5000,10.65,0,0.03,0,2
5700,24,150000,RENT,8,0,0,1,0,0,0,0,0,1,B,5000,,0,0.03,0,4
5763,26,36000,RENT,,0,0,1,0,0,0,0,0,1,A,5400,8.9,0,0.15,0,2
5766,23,55000,RENT,3,0,0,1,0,0,0,0,0,1,B,5400,11.99,0,0.1,0,2
5772,23,63000,RENT,3,0,0,1,0,0,0,0,0,1,D,5400,14.54,0,0.09,0,2
5813,23,24000,RENT,1,0,0,1,0,0,0,0,0,1,B,5500,10.99,0,0.23,0,4
5844,26,34000,RENT,1,0,0,1,0,0,0,0,0,1,C,5500,13.11,0,0.16,0,3
5849,21,36500,RENT,2,0,0,1,0,0,0,0,0,1,A,5500,7.51,0,0.15,0,2
5855,25,40000,RENT,6,0,0,1,0,0,0,0,0,1,B,5500,,0,0.14,0,3
5863,24,37004,RENT,2,0,0,1,0,0,0,0,0,1,D,5500,15.05,1,0.15,0,4
5879,23,54000,RENT,3,0,0,1,0,0,0,0,0,1,A,5500,8.94,0,0.1,0,3
5893,23,62000,RENT,7,0,0,1,0,0,0,0,0,1,D,5500,17.49,0,0.09,0,3
5900,24,73700,RENT,0,0,0,1,0,0,0,0,0,1,C,5500,14.65,0,0.07,0,3
5906,23,24000,RENT,7,0,0,1,0,0,0,0,0,1,C,5550,12.53,0,0.23,0,4
5908,22,47004,RENT,2,0,0,1,0,0,0,0,0,1,A,5550,7.49,0,0.12,0,4
5926,21,25000,RENT,5,0,0,1,0,0,0,0,0,1,A,5600,7.29,0,0.22,0,2
5934,23,30000,RENT,3,0,0,1,0,0,0,0,0,1,B,5600,,0,0.19,0,4
5950,24,38000,RENT,6,0,0,1,0,0,0,0,0,1,A,5600,,0,0.15,0,3
5963,26,43860,RENT,6,0,0,1,0,0,0,0,0,1,B,5600,9.63,0,0.13,0,2
5979,24,54000,RENT,3,0,0,1,0,0,0,0,0,1,B,5600,10.59,0,0.1,0,4
5981,22,54000,RENT,4,0,0,1,0,0,0,0,0,1,B,5600,9.63,0,0.1,0,2
5993,23,62000,RENT,,0,0,1,0,0,0,0,0,1,B,5600,9.99,0,0.09,0,4
6003,24,69000,RENT,1,0,0,1,0,0,0,0,0,1,B,5600,9.99,0,0.08,0,3
6011,23,72000,RENT,7,0,0,1,0,0,0,0,0,1,B,5600,11.12,0,0.08,0,2
6026,22,51000,RENT,6,0,0,1,0,0,0,0,0,1,B,5650,9.91,0,0.11,0,4
6031,23,66500,RENT,0,0,0,1,0,0,0,0,0,1,A,5675,,0,0.09,0,2
6041,24,34000,RENT,1,0,0,1,0,0,0,0,0,1,B,5750,10.75,0,0.17,0,3
6045,25,70000,RENT,1,0,0,1,0,0,0,0,0,1,A,5750,8,0,0.08,0,4
6053,24,120000,RENT,0,0,0,1,0,0,0,0,0,1,A,5775,6.17,0,0.05,0,2
6061,23,27252,RENT,3,0,0,1,0,0,0,0,0,1,C,5800,13.06,0,0.21,0,4
6065,22,41300,RENT,1,0,0,1,0,0,0,0,0,1,A,5800,7.43,0,0.14,0,3
6082,24,60000,RENT,4,0,0,1,0,0,0,0,0,1,A,5850,7.49,0,0.1,0,3
6085,26,40000,RENT,4,0,0,1,0,0,0,0,0,1,B,5875,12.69,0,0.15,0,2
6095,23,29376,RENT,3,0,0,1,0,0,0,0,0,1,A,5950,7.66,0,0.2,0,2
6106,21,16000,RENT,5,0,0,1,0,0,0,0,0,1,B,6000,9.63,1,0.38,0,3
6109,26,17376,RENT,1,0,0,1,0,0,0,0,0,1,B,6000,10.99,1,0.35,0,3
6111,22,18000,RENT,2,0,0,1,0,0,0,0,0,1,A,6000,6.62,1,0.33,0,2
6127,24,20000,RENT,8,0,0,1,0,0,0,0,0,1,A,6000,7.14,0,0.3,0,2
6130,26,20400,RENT,0,0,0,1,0,0,0,0,0,1,B,6000,9.99,0,0.29,0,2
6135,24,21640,RENT,,0,0,1,0,0,0,0,0,1,A,6000,6.62,0,0.28,0,4
6149,25,23198,RENT,2,0,0,1,0,0,0,0,0,1,A,6000,8,0,0.26,0,4
6172,23,25000,RENT,7,0,0,1,0,0,0,0,0,1,A,6000,7.51,0,0.24,0,2
6188,21,25200,RENT,5,0,0,1,0,0,0,0,0,1,A,6000,8.94,0,0.24,0,3
6196,22,26400,RENT,0,0,0,1,0,0,0,0,0,1,A,6000,8.59,0,0.23,0,3
6201,25,27000,RENT,9,0,0,1,0,0,0,0,0,1,B,6000,11.86,0,0.22,0,3
6205,26,27031,RENT,2,0,0,1,0,0,0,0,0,1,B,6000,9.99,0,0.22,0,4
6219,23,28284,RENT,8,0,0,1,0,0,0,0,0,1,A,6000,7.66,0,0.21,0,4
6228,23,29000,RENT,1,0,0,1,0,0,0,0,0,1,A,6000,5.99,0,0.21,0,3
6230,22,29000,RENT,5,0,0,1,0,0,0,0,0,1,B,6000,10.25,0,0.21,0,2
6231,22,29000,RENT,4,0,0,1,0,0,0,0,0,1,B,6000,11.46,0,0.21,0,3
6245,24,30000,RENT,0,0,0,1,0,0,0,0,0,1,B,6000,12.42,0,0.2,0,2
6294,26,33000,RENT,1,0,0,1,0,0,0,0,0,1,D,6000,14.84,1,0.18,0,2
6318,24,35004,RENT,2,0,0,1,0,0,0,0,0,1,B,6000,10.59,0,0.17,0,3
6319,24,29004,RENT,0,0,0,1,0,0,0,0,0,1,D,6000,15.62,1,0.21,0,3
6420,25,39996,RENT,9,0,0,1,0,0,0,0,0,1,B,6000,9.7,0,0.15,0,4
6435,22,40000,RENT,0,0,0,1,0,0,0,0,0,1,A,6000,7.66,0,0.15,0,2
6440,22,40000,RENT,5,0,0,1,0,0,0,0,0,1,A,6000,7.51,0,0.15,0,4
6448,22,40000,RENT,0,0,0,1,0,0,0,0,0,1,A,6000,8.32,0,0.15,0,3
6465,23,42000,RENT,5,0,0,1,0,0,0,0,0,1,B,6000,9.99,0,0.14,0,4
6474,26,42000,RENT,0,0,0,1,0,0,0,0,0,1,B,6000,11.12,0,0.14,0,4
6498,26,45000,RENT,1,0,0,1,0,0,0,0,0,1,B,6000,11.71,0,0.13,0,2
6514,23,45000,RENT,2,0,0,1,0,0,0,0,0,1,B,6000,11.86,0,0.13,0,3
6515,23,45000,RENT,7,0,0,1,0,0,0,0,0,1,B,6000,11.49,0,0.13,0,2
6541,24,47000,RENT,7,0,0,1,0,0,0,0,0,1,A,6000,8.9,0,0.13,0,3
6543,25,47000,RENT,6,0,0,1,0,0,0,0,0,1,B,6000,11.71,0,0.13,0,2
6560,22,48000,RENT,6,0,0,1,0,0,0,0,0,1,A,6000,7.49,0,0.13,0,4
6565,21,48000,RENT,5,0,0,1,0,0,0,0,0,1,C,6000,13.48,0,0.13,0,4
6600,23,50000,RENT,4,0,0,1,0,0,0,0,0,1,C,6000,13.49,0,0.12,0,3
6622,22,50508,RENT,5,0,0,1,0,0,0,0,0,1,A,6000,5.42,0,0.12,0,3
6655,23,54516,RENT,,0,0,1,0,0,0,0,0,1,B,6000,9.91,0,0.11,0,3
6660,22,54996,RENT,4,0,0,1,0,0,0,0,0,1,B,6000,10.75,0,0.11,0,3
6673,21,49000,RENT,4,0,0,1,0,0,0,0,0,1,D,6000,15.99,1,0.12,0,4
6694,24,57000,RENT,0,0,0,1,0,0,0,0,0,1,A,6000,7.9,0,0.11,0,3
6741,25,62000,RENT,2,0,0,1,0,0,0,0,0,1,A,6000,,0,0.1,0,3
6747,24,70000,RENT,8,0,0,1,0,0,0,0,0,1,A,7125,6.92,0,0.1,0,2
6774,23,21600,RENT,5,0,0,1,0,0,0,0,0,1,A,7000,6.62,1,0.32,0,2
6780,25,22880,RENT,2,0,0,1,0,0,0,0,0,1,C,7000,,1,0.31,0,3
6790,22,24000,RENT,6,0,0,1,0,0,0,0,0,1,B,7000,12.42,0,0.29,0,2
6805,25,57500,RENT,4,0,0,1,0,0,0,0,0,1,C,6000,11.28,1,0.1,0,2
6810,25,59000,RENT,9,0,0,1,0,0,0,0,0,1,C,6000,15.23,1,0.1,0,3
6831,25,68496,RENT,1,0,0,1,0,0,0,0,0,1,A,6000,8,0,0.09,0,3
6832,22,69000,RENT,2,0,0,1,0,0,0,0,0,1,A,6000,7.49,0,0.09,0,4
6869,25,72000,RENT,1,0,0,1,0,0,0,0,0,1,B,6000,11.86,0,0.08,0,3
6883,23,75000,RENT,1,0,0,1,0,0,0,0,0,1,B,6000,12.42,0,0.08,0,3
6887,23,75000,RENT,1,0,0,1,0,0,0,0,0,1,A,6000,6.99,0,0.08,0,4
6904,25,80000,RENT,5,0,0,1,0,0,0,0,0,1,A,6000,8,0,0.07,0,4
6918,23,84000,RENT,5,0,0,1,0,0,0,0,0,1,A,6000,6.99,0,0.07,0,3
6920,25,84000,RENT,2,0,0,1,0,0,0,0,0,1,A,6000,8.94,0,0.07,0,2
6949,23,92000,RENT,4,0,0,1,0,0,0,0,0,1,B,6000,12.42,0,0.07,0,3
6967,26,92000,RENT,0,0,0,1,0,0,0,0,0,1,D,6000,15.58,1,0.07,0,3
6968,22,105000,RENT,4,0,0,1,0,0,0,0,0,1,B,6000,9.99,0,0.06,0,2
6979,26,120000,RENT,10,0,0,1,0,0,0,0,0,1,B,6000,9.88,0,0.05,0,2
6987,22,60000,RENT,0,0,0,1,0,0,0,0,0,1,A,6025,,0,0.1,0,3
7025,24,65000,RENT,0,0,0,1,0,0,0,0,0,1,A,6200,8.9,0,0.1,0,2
7035,23,14898,RENT,,0,0,1,0,0,0,0,0,1,C,6250,15.27,1,0.42,0,2
7036,22,16000,RENT,,0,0,1,0,0,0,0,0,1,B,6250,9.91,1,0.39,0,2
7054,22,55000,RENT,3,0,0,1,0,0,0,0,0,1,A,7000,6.91,0,0.13,0,4
7062,24,56000,RENT,7,0,0,1,0,0,0,0,0,1,A,7000,8.59,0,0.13,0,3
7079,25,60000,RENT,3,0,0,1,0,0,0,0,0,1,D,7000,15.62,0,0.12,0,4
7092,24,60000,RENT,0,0,0,1,0,0,0,0,0,1,A,7000,7.88,0,0.12,0,3
7095,24,60140,RENT,2,0,0,1,0,0,0,0,0,1,A,7000,8.59,0,0.12,0,3
7111,26,63000,RENT,4,0,0,1,0,0,0,0,0,1,D,7000,14.84,0,0.11,0,2
7133,23,65000,RENT,0,0,0,1,0,0,0,0,0,1,B,7000,10.71,0,0.11,0,2
7134,21,65000,RENT,0,0,0,1,0,0,0,0,0,1,A,7000,,0,0.11,0,4
7140,24,66000,RENT,2,0,0,1,0,0,0,0,0,1,B,7000,11.49,0,0.11,0,3
7151,23,68700,RENT,2,0,0,1,0,0,0,0,0,1,C,7000,12.53,0,0.1,0,4
7163,23,66348,RENT,0,0,0,1,0,0,0,0,0,1,E,7000,17.04,1,0.11,0,4
7177,24,78300,RENT,2,0,0,1,0,0,0,0,0,1,A,7000,6.03,0,0.09,0,3
7183,23,80000,RENT,1,0,0,1,0,0,0,0,0,1,A,7000,7.14,0,0.09,0,2
7184,26,80400,RENT,6,0,0,1,0,0,0,0,0,1,B,7000,10.65,0,0.09,0,2
7217,24,12624,RENT,,0,0,1,0,0,0,0,0,1,C,6300,13.85,1,0.5,0,3
7264,25,84000,RENT,5,0,0,1,0,0,0,0,0,1,A,6300,7.88,0,0.07,0,3
7288,21,24000,RENT,1,0,0,1,0,0,0,0,0,1,B,6500,12.53,0,0.27,0,2
7299,24,30000,RENT,0,0,0,1,0,0,0,0,0,1,B,6500,10.99,0,0.22,0,3
7323,26,40100,RENT,3,0,0,1,0,0,0,0,0,1,D,6500,,0,0.16,0,4
7324,21,40116,RENT,2,0,0,1,0,0,0,0,0,1,A,6500,5.79,0,0.16,0,3
7328,20,42000,RENT,4,0,0,1,0,0,0,0,0,1,B,6500,11.71,0,0.15,0,2
7337,23,44724,RENT,7,0,0,1,0,0,0,0,0,1,B,6500,10.96,0,0.15,0,3
7338,21,45000,RENT,3,0,0,1,0,0,0,0,0,1,B,6500,10.74,0,0.14,0,2
7359,23,70000,RENT,6,0,0,1,0,0,0,0,0,1,C,6500,13.23,0,0.09,0,3
7369,23,80000,RENT,6,0,0,1,0,0,0,0,0,1,A,6500,7.51,0,0.08,0,3
7370,23,84000,RENT,4,0,0,1,0,0,0,0,0,1,D,6500,,0,0.08,0,3
7385,22,47000,RENT,0,0,0,1,0,0,0,0,0,1,B,6550,10.65,0,0.14,0,2
7423,25,97000,RENT,0,0,0,1,0,0,0,0,0,1,A,6600,,0,0.07,0,2
7424,25,101877,RENT,9,0,0,1,0,0,0,0,0,1,B,6600,10.99,0,0.06,0,2
7438,25,34000,RENT,0,0,0,1,0,0,0,0,0,1,A,6650,8.9,0,0.2,0,3
7439,24,56000,RENT,2,0,0,1,0,0,0,0,0,1,B,6650,12.69,0,0.12,0,2
7447,22,27600,RENT,0,0,0,1,0,0,0,0,0,1,D,6700,15.31,1,0.24,0,3
7461,25,75000,RENT,9,0,0,1,0,0,0,0,0,1,A,6775,7.9,0,0.09,0,4
7469,22,29120,RENT,1,0,0,1,0,0,0,0,0,1,B,6800,10.59,0,0.23,0,2
7476,22,31500,RENT,1,0,0,1,0,0,0,0,0,1,D,6800,14.11,1,0.22,0,2
7496,23,55000,RENT,1,0,0,1,0,0,0,0,0,1,B,6800,11.49,0,0.12,0,2
7498,24,60000,RENT,0,0,0,1,0,0,0,0,0,1,A,6800,7.51,0,0.11,0,2
7525,24,28000,RENT,3,0,0,1,0,0,0,0,0,1,E,6400,14.75,0,0.23,0,2
7539,26,31200,RENT,1,0,0,1,0,0,0,0,0,1,A,6400,7.51,0,0.21,0,3
7550,26,31836,RENT,1,0,0,1,0,0,0,0,0,1,C,6400,14.35,0,0.2,0,4
7570,25,38000,RENT,3,0,0,1,0,0,0,0,0,1,A,6400,7.88,0,0.17,0,3
7591,23,50000,RENT,3,0,0,1,0,0,0,0,0,1,A,6400,6.91,0,0.13,0,2
7608,24,65000,RENT,1,0,0,1,0,0,0,0,0,1,B,6400,9.99,0,0.1,0,4
7620,24,75000,RENT,4,0,0,1,0,0,0,0,0,1,B,6400,10.36,0,0.09,0,4
7630,25,110500,RENT,9,0,0,1,0,0,0,0,0,1,D,6400,13.67,0,0.06,0,3
7645,26,37000,RENT,0,0,0,1,0,0,0,0,0,1,A,6825,7.49,0,0.18,0,2
7647,25,42000,RENT,6,0,0,1,0,0,0,0,0,1,B,6850,,0,0.16,0,4
7657,25,58000,RENT,5,0,0,1,0,0,0,0,0,1,A,6900,7.66,0,0.12,0,4
7666,22,78000,RENT,0,0,0,1,0,0,0,0,0,1,B,6925,9.62,0,0.09,0,4
7702,23,30000,RENT,0,0,0,1,0,0,0,0,0,1,B,7000,12.69,0,0.23,0,2
7723,21,32000,RENT,3,0,0,1,0,0,0,0,0,1,B,7000,11.49,0,0.22,0,2
7732,22,32769,RENT,3,0,0,1,0,0,0,0,0,1,A,7000,7.29,0,0.21,0,3
7737,23,33000,RENT,2,0,0,1,0,0,0,0,0,1,A,7000,7.9,0,0.21,0,2
7745,26,33996,RENT,10,0,0,1,0,0,0,0,0,1,A,7000,8,0,0.21,0,2
7758,26,35000,RENT,5,0,0,1,0,0,0,0,0,1,B,7000,10.99,0,0.2,0,4
7772,23,36000,RENT,5,0,0,1,0,0,0,0,0,1,B,7000,10.65,0,0.19,0,2
7778,26,36000,RENT,1,0,0,1,0,0,0,0,0,1,A,7000,8.94,0,0.19,0,3
7786,25,37200,RENT,6,0,0,1,0,0,0,0,0,1,A,7000,7.14,0,0.19,0,4
7809,24,40000,RENT,3,0,0,1,0,0,0,0,0,1,A,7000,7.88,0,0.17,0,4
7877,23,39000,RENT,1,0,0,1,0,0,0,0,0,1,D,7000,16.77,1,0.18,0,3
7878,26,45000,RENT,1,0,0,1,0,0,0,0,0,1,A,7000,7.51,0,0.16,0,3
7888,24,45000,RENT,5,0,0,1,0,0,0,0,0,1,A,7000,5.42,0,0.16,0,4
7900,24,47000,RENT,8,0,0,1,0,0,0,0,0,1,A,7000,6.62,0,0.15,0,3
7922,23,50000,RENT,8,0,0,1,0,0,0,0,0,1,A,7000,,0,0.14,0,2
7925,22,50000,RENT,2,0,0,1,0,0,0,0,0,1,A,7000,7.66,0,0.14,0,3
7933,26,50000,RENT,2,0,0,1,0,0,0,0,0,1,A,7000,9.63,0,0.14,0,2
7942,22,51000,RENT,6,0,0,1,0,0,0,0,0,1,B,7000,12.18,0,0.14,0,2
7987,26,21600,RENT,9,0,0,1,0,0,0,0,0,1,B,7200,10.38,1,0.33,0,3
7988,25,22000,RENT,3,0,0,1,0,0,0,0,0,1,A,7200,5.79,1,0.33,0,2
8001,22,30000,RENT,5,0,0,1,0,0,0,0,0,1,B,7200,11.71,0,0.24,0,3
8012,22,34000,RENT,5,0,0,1,0,0,0,0,0,1,A,7200,7.9,0,0.21,0,4
8043,23,42996,RENT,7,0,0,1,0,0,0,0,0,1,A,7200,8,0,0.17,0,2
8064,24,50000,RENT,0,0,0,1,0,0,0,0,0,1,B,7200,11.71,0,0.14,0,2
8087,24,60000,RENT,2,0,0,1,0,0,0,0,0,1,A,7200,8.49,0,0.12,0,2
8089,26,60000,RENT,0,0,0,1,0,0,0,0,0,1,B,7200,11.14,0,0.12,0,2
8110,22,75000,RENT,2,0,0,1,0,0,0,0,0,1,C,7200,13.61,0,0.1,0,4
8118,21,84000,RENT,5,0,0,1,0,0,0,0,0,1,A,7200,8.49,0,0.09,0,2
8146,24,80000,RENT,6,0,0,1,0,0,0,0,0,1,A,7250,5.42,0,0.09,0,2
8159,22,45999,RENT,1,0,0,1,0,0,0,0,0,1,A,7300,7.88,0,0.16,0,2
8170,23,42000,RENT,1,0,0,1,0,0,0,0,0,1,B,7325,12.69,0,0.17,0,3
8171,24,12480,RENT,1,0,0,1,0,0,0,0,0,1,A,7350,6.92,1,0.59,0,2
8189,24,20796,RENT,2,0,0,1,0,0,0,0,0,1,A,7500,7.88,1,0.36,0,3
8206,23,26400,RENT,8,0,0,1,0,0,0,0,0,1,C,7500,12.73,0,0.28,0,4
8209,21,30000,RENT,5,0,0,1,0,0,0,0,0,1,B,7500,9.99,0,0.25,0,4
8239,26,36000,RENT,10,0,0,1,0,0,0,0,0,1,B,7500,10.59,0,0.21,0,3
8251,22,32400,RENT,6,0,0,1,0,0,0,0,0,1,C,7500,14.27,1,0.23,0,2
8255,23,40000,RENT,7,0,0,1,0,0,0,0,0,1,B,7500,12.69,0,0.19,0,2
8271,22,40906,RENT,4,0,0,1,0,0,0,0,0,1,B,7500,9.63,0,0.18,0,2
8314,22,43000,RENT,1,0,0,1,0,0,0,0,0,1,D,7500,14.96,1,0.17,0,3
8321,23,44000,RENT,0,0,0,1,0,0,0,0,0,1,E,7500,16,1,0.17,0,4
8336,23,52000,RENT,7,0,0,1,0,0,0,0,0,1,B,7500,10.38,0,0.14,0,2
8372,22,60000,RENT,1,0,0,1,0,0,0,0,0,1,B,7500,,0,0.13,0,4
8374,23,60000,RENT,8,0,0,1,0,0,0,0,0,1,A,7500,9.07,0,0.13,0,2
8388,22,67500,RENT,1,0,0,1,0,0,0,0,0,1,B,7500,9.76,0,0.11,0,2
8401,24,69996,RENT,5,0,0,1,0,0,0,0,0,1,A,7500,7.49,0,0.11,0,2
8432,24,79500,RENT,2,0,0,1,0,0,0,0,0,1,D,7500,16.89,1,0.09,0,4
8448,24,20400,RENT,3,0,0,1,0,0,0,0,0,1,C,7550,14.79,1,0.37,0,4
8452,22,70000,RENT,4,0,0,1,0,0,0,0,0,1,A,7550,7.51,0,0.11,0,2
8463,26,67000,RENT,2,0,0,1,0,0,0,0,0,1,B,7600,10,0,0.11,0,4
8465,25,61680,RENT,1,0,0,1,0,0,0,0,0,1,C,7600,13.23,1,0.12,0,4
8471,23,57000,RENT,5,0,0,1,0,0,0,0,0,1,B,7650,11.71,0,0.13,0,4
8498,24,33000,RENT,2,0,0,1,0,0,0,0,0,1,F,7750,,1,0.23,0,2
8515,26,36000,RENT,3,0,0,1,0,0,0,0,0,1,C,7800,14.27,0,0.22,0,2
8518,26,38000,RENT,6,0,0,1,0,0,0,0,0,1,B,7800,12.53,0,0.21,0,4
8524,25,43000,RENT,2,0,0,1,0,0,0,0,0,1,A,7800,7.14,0,0.18,0,3
8532,24,49000,RENT,2,0,0,1,0,0,0,0,0,1,D,7800,15.62,1,0.16,0,2
8533,25,59000,RENT,2,0,0,1,0,0,0,0,0,1,B,7800,12.21,0,0.13,0,2
8534,22,60000,RENT,6,0,0,1,0,0,0,0,0,1,D,7800,15.21,0,0.13,0,4
8538,26,78000,RENT,6,0,0,1,0,0,0,0,0,1,D,7800,16.77,0,0.1,0,3
8539,23,80000,RENT,2,0,0,1,0,0,0,0,0,1,B,7800,9.99,0,0.1,0,2
8548,22,28000,RENT,7,0,0,1,0,0,0,0,0,1,B,7900,9.99,0,0.28,0,2
8554,21,50700,RENT,5,0,0,1,0,0,0,0,0,1,B,7950,10.99,0,0.16,0,3
8604,22,25000,RENT,4,0,0,1,0,0,0,0,0,1,B,8000,10.74,1,0.32,0,4
8615,24,27000,RENT,3,0,0,1,0,0,0,0,0,1,A,8000,8.9,0,0.3,0,4
8616,26,27000,RENT,0,0,0,1,0,0,0,0,0,1,B,8000,11.11,0,0.3,0,4
8655,22,30000,RENT,,0,0,1,0,0,0,0,0,1,E,8000,,1,0.27,0,3
8667,22,30000,RENT,3,0,0,1,0,0,0,0,0,1,B,8000,12.53,0,0.27,0,2
8683,23,31200,RENT,6,0,0,1,0,0,0,0,0,1,B,8000,11.49,0,0.26,0,4
8715,23,29000,RENT,0,0,0,1,0,0,0,0,0,1,F,8000,18.3,1,0.28,0,2
8718,22,35000,RENT,1,0,0,1,0,0,0,0,0,1,C,8000,12.41,0,0.23,0,3
8724,23,35004,RENT,7,0,0,1,0,0,0,0,0,1,A,8000,,0,0.23,0,3
8734,23,36000,RENT,5,0,0,1,0,0,0,0,0,1,B,8000,,0,0.22,0,2
8744,24,36000,RENT,8,0,0,1,0,0,0,0,0,1,B,8000,11.48,0,0.22,0,4
8757,23,37500,RENT,2,0,0,1,0,0,0,0,0,1,C,8000,14.26,0,0.21,0,4
8798,22,40000,RENT,1,0,0,1,0,0,0,0,0,1,A,8000,7.9,0,0.2,0,4
8811,24,40000,RENT,0,0,0,1,0,0,0,0,0,1,B,8000,10.25,0,0.2,0,4
8816,24,40560,RENT,5,0,0,1,0,0,0,0,0,1,A,8000,7.66,0,0.2,0,2
8819,25,41000,RENT,3,0,0,1,0,0,0,0,0,1,B,8000,10.99,0,0.2,0,4
8838,25,42000,RENT,1,0,0,1,0,0,0,0,0,1,A,8000,5.99,0,0.19,0,2
8846,24,42000,RENT,0,0,0,1,0,0,0,0,0,1,B,8000,9.25,0,0.19,0,3
8852,23,42000,RENT,1,0,0,1,0,0,0,0,0,1,C,8000,12.84,0,0.19,0,4
8865,25,43200,RENT,10,0,0,1,0,0,0,0,0,1,B,8000,,0,0.19,0,3
8867,23,43800,RENT,8,0,0,1,0,0,0,0,0,1,E,8000,17.93,0,0.18,0,3
8915,23,48000,RENT,5,0,0,1,0,0,0,0,0,1,B,8000,,0,0.17,0,2
8921,25,48000,RENT,2,0,0,1,0,0,0,0,0,1,B,8000,10.59,0,0.17,0,4
8937,21,44000,RENT,5,0,0,1,0,0,0,0,0,1,D,8000,16.29,1,0.18,0,3
8945,25,50000,RENT,6,0,0,1,0,0,0,0,0,1,A,8000,7.9,0,0.16,0,4
8963,23,50000,RENT,0,0,0,1,0,0,0,0,0,1,C,8000,,0,0.16,0,4
9028,23,55000,RENT,7,0,0,1,0,0,0,0,0,1,C,8000,13.11,0,0.15,0,3
9035,25,56000,RENT,9,0,0,1,0,0,0,0,0,1,A,8000,5.99,0,0.14,0,2
9055,22,52000,RENT,0,0,0,1,0,0,0,0,0,1,D,8000,15.58,1,0.15,0,3
9058,24,58033,RENT,4,0,0,1,0,0,0,0,0,1,B,8000,10.62,0,0.14,0,2
9066,25,60000,RENT,1,0,0,1,0,0,0,0,0,1,A,8000,5.42,0,0.13,0,2
9082,23,60000,RENT,0,0,0,1,0,0,0,0,0,1,B,8000,11.14,0,0.13,0,3
9087,23,60000,RENT,1,0,0,1,0,0,0,0,0,1,B,8000,12.21,0,0.13,0,4
9090,23,60400,RENT,2,0,0,1,0,0,0,0,0,1,B,8000,9.25,0,0.13,0,4
9099,25,61440,RENT,9,0,0,1,0,0,0,0,0,1,B,8000,10.36,0,0.13,0,4
9101,25,61995,RENT,2,0,0,1,0,0,0,0,0,1,B,8000,9.99,0,0.13,0,4
9123,25,32000,RENT,4,0,0,1,0,0,0,0,0,1,A,5100,8.38,0,0.16,0,3
9146,24,10800,RENT,8,0,0,1,0,0,0,0,0,1,A,5000,7.88,1,0.46,0,2
9148,21,12000,RENT,5,0,0,1,0,0,0,0,0,1,B,5000,11.49,1,0.42,0,2
9149,26,12000,RENT,,0,0,1,0,0,0,0,0,1,A,5000,6.92,1,0.42,0,4
9150,21,12360,RENT,,0,0,1,0,0,0,0,0,1,B,5000,10.75,1,0.4,0,4
9154,21,14400,RENT,3,0,0,1,0,0,0,0,0,1,C,5000,13.72,1,0.35,0,4
9155,23,14400,RENT,2,0,0,1,0,0,0,0,0,1,A,5000,6.91,1,0.35,0,3
9189,21,19140,RENT,,0,0,1,0,0,0,0,0,1,A,5000,8.49,1,0.26,0,4
9191,25,19200,RENT,3,0,0,1,0,0,0,0,0,1,B,5000,10.99,1,0.26,0,3
9214,21,21000,RENT,2,0,0,1,0,0,0,0,0,1,A,5000,6.91,0,0.24,0,4
9237,26,23484,RENT,,0,0,1,0,0,0,0,0,1,A,5000,7.49,0,0.21,0,2
9240,26,24000,RENT,0,0,0,1,0,0,0,0,0,1,A,5000,8.9,0,0.21,0,2
9259,23,24000,RENT,1,0,0,1,0,0,0,0,0,1,B,5000,11.48,0,0.21,0,4
9272,24,25000,RENT,5,0,0,1,0,0,0,0,0,1,A,5000,,0,0.2,0,4
9277,24,25000,RENT,3,0,0,1,0,0,0,0,0,1,A,5000,7.14,0,0.2,0,2
9295,21,27000,RENT,5,0,0,1,0,0,0,0,0,1,A,5000,5.42,0,0.19,0,3
9304,22,27000,RENT,1,0,0,1,0,0,0,0,0,1,B,5000,10.08,0,0.19,0,2
9332,24,62000,RENT,3,0,0,1,0,0,0,0,0,1,B,8000,11.14,0,0.13,0,4
9336,26,63000,RENT,2,0,0,1,0,0,0,0,0,1,B,8000,12.53,0,0.13,0,2
9337,25,63900,RENT,1,0,0,1,0,0,0,0,0,1,A,8000,6.03,0,0.13,0,2
9340,23,64000,RENT,5,0,0,1,0,0,0,0,0,1,B,8000,10,0,0.13,0,2
9345,22,65000,RENT,0,0,0,1,0,0,0,0,0,1,B,8000,10.59,0,0.12,0,2
9374,26,67000,RENT,9,0,0,1,0,0,0,0,0,1,A,8000,7.14,0,0.12,0,2
9376,23,67200,RENT,,0,0,1,0,0,0,0,0,1,C,8000,,0,0.12,0,3
9453,26,82000,RENT,5,0,0,1,0,0,0,0,0,1,B,8000,10.99,0,0.1,0,3
9502,25,84000,RENT,1,0,0,1,0,0,0,0,0,1,E,8000,16.45,1,0.1,0,2
9508,21,99996,RENT,5,0,0,1,0,0,0,0,0,1,A,8000,7.14,0,0.08,0,4
9524,25,115000,RENT,2,0,0,1,0,0,0,0,0,1,B,8000,11.71,0,0.07,0,4
9526,24,116664,RENT,8,0,0,1,0,0,0,0,0,1,D,8000,16.49,0,0.07,0,3
9543,25,135000,RENT,9,0,0,1,0,0,0,0,0,1,B,8000,,0,0.06,0,3
9571,25,34000,RENT,4,0,0,1,0,0,0,0,0,1,B,8200,12.21,0,0.24,0,4
9573,26,40000,RENT,0,0,0,1,0,0,0,0,0,1,A,8200,6.62,0,0.2,0,4
9605,24,31200,RENT,2,0,0,1,0,0,0,0,0,1,C,8400,13.23,0,0.27,0,3
9641,26,47000,RENT,2,0,0,1,0,0,0,0,0,1,B,8400,11.83,0,0.18,0,4
9661,22,55000,RENT,2,0,0,1,0,0,0,0,0,1,A,8400,7.88,0,0.15,0,2
9670,23,60000,RENT,0,0,0,1,0,0,0,0,0,1,A,8400,7.49,0,0.14,0,3
9672,25,60000,RENT,1,0,0,1,0,0,0,0,0,1,A,8400,7.29,0,0.14,0,2
9687,26,65004,RENT,3,0,0,1,0,0,0,0,0,1,A,8400,7.51,0,0.13,0,3
9690,24,68000,RENT,2,0,0,1,0,0,0,0,0,1,A,8400,7.88,0,0.12,0,3
9704,26,140000,RENT,5,0,0,1,0,0,0,0,0,1,B,8400,12.53,0,0.06,0,2
9708,25,18000,RENT,3,0,0,1,0,0,0,0,0,1,C,8500,10.28,1,0.47,0,2
9728,22,40000,RENT,0,0,0,1,0,0,0,0,0,1,A,8600,7.66,0,0.21,0,2
9763,22,21600,RENT,1,0,0,1,0,0,0,0,0,1,B,9000,9.83,1,0.42,0,4
9769,22,25600,RENT,5,0,0,1,0,0,0,0,0,1,A,9000,8.9,1,0.35,0,4
9835,21,36120,RENT,5,0,0,1,0,0,0,0,0,1,B,9000,10.39,0,0.25,0,2
9837,24,37000,RENT,5,0,0,1,0,0,0,0,0,1,A,9000,7.14,0,0.24,0,2
9851,24,40000,RENT,1,0,0,1,0,0,0,0,0,1,B,9000,11.99,0,0.23,0,4
9854,23,40000,RENT,4,0,0,1,0,0,0,0,0,1,A,9000,7.49,0,0.23,0,3
9869,23,42000,RENT,7,0,0,1,0,0,0,0,0,1,A,9000,8.49,0,0.21,0,4
9902,25,39512,RENT,3,0,0,1,0,0,0,0,0,1,C,9000,15.23,1,0.23,0,4
9944,23,52000,RENT,0,0,0,1,0,0,0,0,0,1,B,9000,12.69,0,0.17,0,2
9955,24,52800,RENT,2,0,0,1,0,0,0,0,0,1,A,9000,7.9,0,0.17,0,2
9973,26,55000,RENT,0,0,0,1,0,0,0,0,0,1,A,9000,,0,0.16,0,2
9980,23,43200,RENT,2,0,0,1,0,0,0,0,0,1,D,9100,13.24,1,0.21,0,2
10010,23,24000,RENT,0,0,0,1,0,0,0,0,0,1,A,9250,6.54,1,0.39,0,3
10013,25,25000,RENT,8,0,0,1,0,0,0,0,0,1,B,9250,10.75,1,0.37,0,3
10074,25,19200,RENT,1,0,0,1,0,0,0,0,0,1,A,9500,7.88,1,0.49,0,4
10077,21,20000,RENT,2,0,0,1,0,0,0,0,0,1,A,9500,8.9,1,0.47,0,4
10084,24,30000,RENT,1,0,0,1,0,0,0,0,0,1,C,9500,13.92,1,0.32,0,2
10089,23,34000,RENT,1,0,0,1,0,0,0,0,0,1,C,9500,,1,0.28,0,3
10110,24,55000,RENT,5,0,0,1,0,0,0,0,0,1,A,9500,9.63,0,0.17,0,4
10119,25,61000,RENT,4,0,0,1,0,0,0,0,0,1,A,9500,7.51,0,0.16,0,2
10146,23,33280,RENT,2,0,0,1,0,0,0,0,0,1,C,9600,,0,0.29,0,4
10155,25,35000,RENT,5,0,0,1,0,0,0,0,0,1,B,9600,9.91,0,0.27,0,2
10158,23,35400,RENT,4,0,0,1,0,0,0,0,0,1,B,9600,11.89,0,0.27,0,2
10169,24,40000,RENT,2,0,0,1,0,0,0,0,0,1,C,9600,14.65,0,0.24,0,4
10170,26,40000,RENT,3,0,0,1,0,0,0,0,0,1,C,9600,14.27,0,0.24,0,4
10212,26,53000,RENT,7,0,0,1,0,0,0,0,0,1,B,9600,11.71,0,0.18,0,2
10214,22,53000,RENT,2,0,0,1,0,0,0,0,0,1,A,9600,7.66,0,0.18,0,4
10225,23,55000,RENT,7,0,0,1,0,0,0,0,0,1,A,9600,7.49,0,0.17,0,2
10226,26,55000,RENT,4,0,0,1,0,0,0,0,0,1,A,9600,7.66,0,0.17,0,2
10333,22,20000,RENT,,0,0,1,0,0,0,0,0,1,A,10000,6.62,1,0.5,0,2
10350,26,22000,RENT,10,0,0,1,0,0,0,0,0,1,B,10000,9.63,1,0.45,0,4
10359,24,23700,RENT,8,0,0,1,0,0,0,0,0,1,A,10000,9.32,1,0.42,0,4
10373,24,24000,RENT,3,0,0,1,0,0,0,0,0,1,B,10000,8.7,1,0.42,0,2
10387,24,25000,RENT,4,0,0,1,0,0,0,0,0,1,B,10000,11.36,1,0.4,0,2
10388,23,25000,RENT,3,0,0,1,0,0,0,0,0,1,B,10000,11.83,1,0.4,0,3
10410,22,26400,RENT,0,0,0,1,0,0,0,0,0,1,C,10000,13.49,1,0.38,0,3
10430,25,29000,RENT,5,0,0,1,0,0,0,0,0,1,A,10000,7.49,1,0.34,0,2
10433,24,29000,RENT,1,0,0,1,0,0,0,0,0,1,B,10000,10.74,1,0.34,0,2
10446,21,30000,RENT,5,0,0,1,0,0,0,0,0,1,B,10000,11.99,1,0.33,0,4
10479,22,30000,RENT,7,0,0,1,0,0,0,0,0,1,B,10000,11.14,1,0.33,0,2
10503,24,31000,RENT,2,0,0,1,0,0,0,0,0,1,C,10000,14.65,1,0.32,0,2
10526,22,32000,RENT,4,0,0,1,0,0,0,0,0,1,D,10000,16.07,1,0.31,0,2
10527,22,32000,RENT,2,0,0,1,0,0,0,0,0,1,C,10000,13.22,1,0.31,0,3
10536,22,32647,RENT,7,0,0,1,0,0,0,0,0,1,B,10000,11.48,1,0.31,0,3
10539,25,33000,RENT,3,0,0,1,0,0,0,0,0,1,A,10000,7.51,0,0.3,0,4
10552,25,33500,RENT,2,0,0,1,0,0,0,0,0,1,B,10000,10.25,0,0.3,0,3
10575,23,35000,RENT,2,0,0,1,0,0,0,0,0,1,A,10000,7.29,0,0.29,0,4
10576,21,35000,RENT,6,0,0,1,0,0,0,0,0,1,A,10000,7.66,0,0.29,0,3
10588,22,35000,RENT,2,0,0,1,0,0,0,0,0,1,B,10000,,0,0.29,0,2
10594,21,35364,RENT,3,0,0,1,0,0,0,0,0,1,B,10000,,0,0.28,0,4
10603,26,36000,RENT,7,0,0,1,0,0,0,0,0,1,B,10000,,0,0.28,0,3
10639,22,36000,RENT,2,0,0,1,0,0,0,0,0,1,B,10000,11.14,0,0.28,0,3
10651,22,30400,RENT,2,0,0,1,0,0,0,0,0,1,D,10000,12.8,1,0.33,0,2
10680,23,38000,RENT,7,0,0,1,0,0,0,0,0,1,A,10000,7.51,0,0.26,0,4
10682,26,38000,RENT,10,0,0,1,0,0,0,0,0,1,B,10000,,0,0.26,0,3
10688,22,38004,RENT,6,0,0,1,0,0,0,0,0,1,B,10000,10.74,0,0.26,0,3
10722,25,39996,RENT,2,0,0,1,0,0,0,0,0,1,B,10000,10.99,0,0.25,0,4
10742,23,40000,RENT,0,0,0,1,0,0,0,0,0,1,A,10000,7.9,0,0.25,0,3
10747,26,40000,RENT,10,0,0,1,0,0,0,0,0,1,D,10000,16.89,0,0.25,0,3
10770,21,40000,RENT,5,0,0,1,0,0,0,0,0,1,A,10000,7.51,0,0.25,0,4
10773,25,40000,RENT,6,0,0,1,0,0,0,0,0,1,C,10000,13.48,0,0.25,0,3
10774,24,40000,RENT,3,0,0,1,0,0,0,0,0,1,A,10000,,0,0.25,0,2
10800,23,42000,RENT,4,0,0,1,0,0,0,0,0,1,C,10000,,0,0.24,0,2
10802,22,36000,RENT,0,0,0,1,0,0,0,0,0,1,C,10000,15.27,1,0.28,0,2
10822,25,42000,RENT,1,0,0,1,0,0,0,0,0,1,B,10000,10.99,0,0.24,0,2
10858,21,45000,RENT,5,0,0,1,0,0,0,0,0,1,A,10000,6.62,0,0.22,0,4
10922,23,48000,RENT,1,0,0,1,0,0,0,0,0,1,A,4325,5.42,0,0.09,0,4
10927,23,108000,RENT,4,0,0,1,0,0,0,0,0,1,B,4300,11.83,0,0.04,0,4
10929,22,27500,RENT,1,0,0,1,0,0,0,0,0,1,B,4250,10.99,0,0.15,0,2
10940,22,45500,RENT,0,0,0,1,0,0,0,0,0,1,A,10000,5.99,0,0.22,0,4
10945,22,45600,RENT,5,0,0,1,0,0,0,0,0,1,D,10000,14.61,0,0.22,0,4
10953,22,46200,RENT,0,0,0,1,0,0,0,0,0,1,A,10000,7.29,0,0.22,0,3
10978,24,38400,RENT,8,0,0,1,0,0,0,0,0,1,A,4200,6.76,0,0.11,0,4
11017,25,63000,RENT,6,0,0,1,0,0,0,0,0,1,C,4200,14.22,0,0.07,0,4
11031,23,100000,RENT,4,0,0,1,0,0,0,0,0,1,B,4150,10.65,0,0.04,0,2
11049,25,82000,RENT,2,0,0,1,0,0,0,0,0,1,B,4050,9.99,0,0.05,0,2
11050,23,25000,RENT,1,0,0,1,0,0,0,0,0,1,B,4025,9.91,0,0.16,0,4
11062,26,46999,RENT,2,0,0,1,0,0,0,0,0,1,B,10000,10.99,0,0.21,0,3
11068,22,48000,RENT,2,0,0,1,0,0,0,0,0,1,C,10000,13.49,0,0.21,0,4
11070,25,42000,RENT,3,0,0,1,0,0,0,0,0,1,C,10000,13.8,1,0.24,0,3
11080,23,48000,RENT,0,0,0,1,0,0,0,0,0,1,B,10000,9.25,0,0.21,0,3
11115,24,49200,RENT,8,0,0,1,0,0,0,0,0,1,C,10000,13.49,0,0.2,0,3
11176,22,44000,RENT,2,0,0,1,0,0,0,0,0,1,D,10000,15.58,1,0.23,0,3
11213,22,45000,RENT,1,0,0,1,0,0,0,0,0,1,E,10000,,1,0.22,0,2
11228,22,52000,RENT,6,0,0,1,0,0,0,0,0,1,B,10000,11.71,0,0.19,0,3
11233,25,52000,RENT,1,0,0,1,0,0,0,0,0,1,A,10000,5.79,0,0.19,0,3
11236,23,52000,RENT,7,0,0,1,0,0,0,0,0,1,A,10000,6.54,0,0.19,0,2
11261,22,54000,RENT,6,0,0,1,0,0,0,0,0,1,A,10000,6.62,0,0.19,0,4
11282,22,55000,RENT,6,0,0,1,0,0,0,0,0,1,C,10000,15.27,0,0.18,0,3
11328,26,57000,RENT,2,0,0,1,0,0,0,0,0,1,A,10000,7.9,0,0.18,0,4
11355,25,59000,RENT,0,0,0,1,0,0,0,0,0,1,C,10000,14.17,0,0.17,0,3
11371,25,60000,RENT,9,0,0,1,0,0,0,0,0,1,B,10000,9.91,0,0.17,0,3
11398,22,54000,RENT,0,0,0,1,0,0,0,0,0,1,E,10000,15.95,1,0.19,0,4
11411,23,60000,RENT,7,0,0,1,0,0,0,0,0,1,B,10000,9.88,0,0.17,0,4
11429,24,60000,RENT,6,0,0,1,0,0,0,0,0,1,A,10000,9.32,0,0.17,0,2
11551,22,65496,RENT,6,0,0,1,0,0,0,0,0,1,B,10000,11.11,0,0.15,0,4
11571,24,68000,RENT,0,0,0,1,0,0,0,0,0,1,A,10000,6.99,0,0.15,0,3
11599,26,64000,RENT,0,0,0,1,0,0,0,0,0,1,E,10000,16.4,1,0.16,0,3
11613,24,70000,RENT,8,0,0,1,0,0,0,0,0,1,E,10000,16.45,0,0.14,0,2
11641,25,72000,RENT,2,0,0,1,0,0,0,0,0,1,B,10000,10.37,0,0.14,0,3
11652,26,72500,RENT,1,0,0,1,0,0,0,0,0,1,B,10000,9.96,0,0.14,0,3
11656,25,73000,RENT,1,0,0,1,0,0,0,0,0,1,A,10000,7.88,0,0.14,0,4
11666,24,75000,RENT,4,0,0,1,0,0,0,0,0,1,A,10000,6.62,0,0.13,0,4
11693,22,75000,RENT,6,0,0,1,0,0,0,0,0,1,A,10000,5.79,0,0.13,0,3
11696,22,75000,RENT,0,0,0,1,0,0,0,0,0,1,A,10000,6.54,0,0.13,0,4
11716,22,78000,RENT,3,0,0,1,0,0,0,0,0,1,B,10000,12.42,0,0.13,0,2
11717,21,78000,RENT,4,0,0,1,0,0,0,0,0,1,A,10000,5.99,0,0.13,0,2
11742,25,80000,RENT,3,0,0,1,0,0,0,0,0,1,B,10000,11.12,0,0.13,0,3
11750,24,80000,RENT,5,0,0,1,0,0,0,0,0,1,B,10000,11.14,0,0.13,0,4
11784,23,84000,RENT,1,0,0,1,0,0,0,0,0,1,A,10000,7.49,0,0.12,0,4
11824,26,88000,RENT,10,0,0,1,0,0,0,0,0,1,B,10000,12.69,0,0.11,0,2
11847,23,90000,RENT,4,0,0,1,0,0,0,0,0,1,A,10000,7.51,0,0.11,0,2
11860,23,92000,RENT,7,0,0,1,0,0,0,0,0,1,B,10000,11.71,0,0.11,0,4
11947,22,32244,RENT,2,0,0,1,0,0,0,0,0,1,B,11100,12.21,1,0.34,0,3
11969,25,30840,RENT,2,0,0,1,0,0,0,0,0,1,D,11200,17.27,1,0.36,0,4
11970,22,40000,RENT,2,0,0,1,0,0,0,0,0,1,A,11200,7.88,0,0.28,0,2
11973,21,42000,RENT,5,0,0,1,0,0,0,0,0,1,D,11200,16.77,0,0.27,0,4
12010,22,69700,RENT,4,0,0,1,0,0,0,0,0,1,B,11200,,0,0.16,0,2
12011,24,71000,RENT,8,0,0,1,0,0,0,0,0,1,B,11200,11.36,0,0.16,0,3
12016,26,78402,RENT,3,0,0,1,0,0,0,0,0,1,B,11200,11.71,0,0.14,0,3
12054,25,30000,RENT,10,0,0,1,0,0,0,0,0,1,A,11400,7.51,1,0.38,0,4
12070,23,107806,RENT,3,0,0,1,0,0,0,0,0,1,B,11425,10.37,0,0.11,0,3
12112,25,45996,RENT,3,0,0,1,0,0,0,0,0,1,C,11500,12.53,0,0.25,0,4
12121,24,63000,RENT,3,0,0,1,0,0,0,0,0,1,C,11500,14.79,0,0.18,0,2
12122,24,68298,RENT,3,0,0,1,0,0,0,0,0,1,A,11500,,0,0.17,0,2
12123,23,70000,RENT,2,0,0,1,0,0,0,0,0,1,B,11500,11.86,0,0.16,0,3
12131,24,125000,RENT,4,0,0,1,0,0,0,0,0,1,B,11500,10.38,0,0.09,0,2
12153,22,35000,RENT,4,0,0,1,0,0,0,0,0,1,B,11800,10.95,1,0.34,0,2
12155,24,40000,RENT,3,0,0,1,0,0,0,0,0,1,A,11800,6.92,0,0.29,0,4
12159,22,94000,RENT,5,0,0,1,0,0,0,0,0,1,C,11800,13.99,0,0.13,0,4
12169,25,20000,RENT,1,0,0,1,0,0,0,0,0,1,A,12000,8.07,1,0.6,0,4
12183,24,26000,RENT,5,0,0,1,0,0,0,0,0,1,C,12000,14.26,1,0.46,0,3
12193,24,29435,RENT,8,0,0,1,0,0,0,0,0,1,A,12000,7.66,1,0.41,0,3
12198,21,30000,RENT,5,0,0,1,0,0,0,0,0,1,A,12000,5.79,1,0.4,0,3
12206,22,30000,RENT,2,0,0,1,0,0,0,0,0,1,D,12000,14.46,1,0.4,0,2
12212,25,30000,RENT,0,0,0,1,0,0,0,0,0,1,B,12000,11.48,1,0.4,0,4
12277,24,35000,RENT,1,0,0,1,0,0,0,0,0,1,A,12000,6.54,1,0.34,0,2
12283,24,35400,RENT,8,0,0,1,0,0,0,0,0,1,A,12000,7.29,1,0.34,0,4
12294,22,36000,RENT,6,0,0,1,0,0,0,0,0,1,B,12000,11.49,1,0.33,0,2
12328,24,38000,RENT,0,0,0,1,0,0,0,0,0,1,B,12000,11.89,1,0.32,0,3
12355,24,39600,RENT,,0,0,1,0,0,0,0,0,1,A,12000,8.9,0,0.3,0,4
12359,25,39779,RENT,8,0,0,1,0,0,0,0,0,1,A,12000,5.79,0,0.3,0,2
12362,21,39900,RENT,0,0,0,1,0,0,0,0,0,1,A,12000,7.9,0,0.3,0,3
12372,26,39996,RENT,0,0,0,1,0,0,0,0,0,1,B,12000,,0,0.3,0,4
12387,22,40000,RENT,4,0,0,1,0,0,0,0,0,1,B,12000,,0,0.3,0,3
12410,26,42000,RENT,3,0,0,1,0,0,0,0,0,1,A,12000,8.49,0,0.29,0,3
12415,24,42000,RENT,0,0,0,1,0,0,0,0,0,1,A,12000,7.66,0,0.29,0,4
12433,24,43200,RENT,5,0,0,1,0,0,0,0,0,1,B,12000,10.36,0,0.28,0,4
12466,24,45000,RENT,1,0,0,1,0,0,0,0,0,1,B,12000,10.99,0,0.27,0,3
12553,25,60000,RENT,3,0,0,1,0,0,0,0,0,1,A,12000,5.42,0,0.2,0,3
12556,25,60000,RENT,0,0,0,1,0,0,0,0,0,1,B,12000,11.86,0,0.2,0,4
12586,24,61000,RENT,3,0,0,1,0,0,0,0,0,1,B,12000,,0,0.2,0,3
12626,24,27000,RENT,0,0,0,1,0,0,0,0,0,1,B,3000,11.14,0,0.11,0,2
12643,25,28800,RENT,2,0,0,1,0,0,0,0,0,1,B,3000,11.12,0,0.1,0,3
12654,26,62000,RENT,10,0,0,1,0,0,0,0,0,1,B,12000,12.69,0,0.19,0,3
12671,23,62400,RENT,0,0,0,1,0,0,0,0,0,1,A,12000,6.91,0,0.19,0,3
12675,26,62500,RENT,7,0,0,1,0,0,0,0,0,1,C,12000,12.23,0,0.19,0,4
12677,24,63000,RENT,8,0,0,1,0,0,0,0,0,1,B,12000,10.65,0,0.19,0,3
12684,21,63996,RENT,6,0,0,1,0,0,0,0,0,1,C,12000,13.79,0,0.19,0,4
12715,23,66000,RENT,2,0,0,1,0,0,0,0,0,1,A,12000,,0,0.18,0,4
12719,26,68400,RENT,10,0,0,1,0,0,0,0,0,1,A,12000,7.29,0,0.18,0,4
12722,25,62500,RENT,2,0,0,1,0,0,0,0,0,1,D,12000,16.77,1,0.19,0,2
12734,25,70000,RENT,9,0,0,1,0,0,0,0,0,1,A,12000,8.9,0,0.17,0,2
12735,23,70000,RENT,3,0,0,1,0,0,0,0,0,1,A,12000,7.9,0,0.17,0,2
12750,25,70000,RENT,6,0,0,1,0,0,0,0,0,1,B,12000,12.18,0,0.17,0,3
12758,24,70000,RENT,1,0,0,1,0,0,0,0,0,1,B,12000,11.58,0,0.17,0,3
12762,24,71151,RENT,6,0,0,1,0,0,0,0,0,1,A,12000,6.62,0,0.17,0,4
12780,23,72000,RENT,7,0,0,1,0,0,0,0,0,1,B,12000,9.99,0,0.17,0,3
12789,23,72324,RENT,7,0,0,1,0,0,0,0,0,1,B,12000,10.99,0,0.17,0,3
12797,25,74000,RENT,2,0,0,1,0,0,0,0,0,1,A,12000,7.88,0,0.16,0,3
12806,25,41000,RENT,3,0,0,1,0,0,0,0,0,1,B,3000,,0,0.07,0,3
12883,24,75000,RENT,0,0,0,1,0,0,0,0,0,1,A,12000,6.62,0,0.16,0,2
12888,22,75000,RENT,6,0,0,1,0,0,0,0,0,1,B,12000,10.74,0,0.16,0,3
12889,26,75000,RENT,4,0,0,1,0,0,0,0,0,1,B,12000,10.37,0,0.16,0,4
12890,23,69000,RENT,5,0,0,1,0,0,0,0,0,1,C,12000,12.68,1,0.17,0,3
12892,22,75000,RENT,6,0,0,1,0,0,0,0,0,1,A,12000,,0,0.16,0,3
12919,23,73500,RENT,1,0,0,1,0,0,0,0,0,1,C,12000,12.99,1,0.16,0,2
12920,24,80000,RENT,5,0,0,1,0,0,0,0,0,1,B,12000,9.91,0,0.15,0,2
12937,23,80000,RENT,3,0,0,1,0,0,0,0,0,1,B,12000,10.59,0,0.15,0,4
12946,26,80000,RENT,10,0,0,1,0,0,0,0,0,1,B,12000,11.83,0,0.15,0,3
12953,24,80004,RENT,1,0,0,1,0,0,0,0,0,1,A,12000,7.29,0,0.15,0,3
12962,21,82000,RENT,4,0,0,1,0,0,0,0,0,1,D,12000,15.21,0,0.15,0,4
12970,23,83000,RENT,0,0,0,1,0,0,0,0,0,1,A,12000,7.51,0,0.14,0,3
13012,25,73000,RENT,2,0,0,1,0,0,0,0,0,1,E,12000,,1,0.16,0,2
13022,21,85000,RENT,1,0,0,1,0,0,0,0,0,1,C,12000,11.97,0,0.14,0,2
13029,24,87000,RENT,0,0,0,1,0,0,0,0,0,1,B,12000,8.88,0,0.14,0,3
13064,22,90000,RENT,7,0,0,1,0,0,0,0,0,1,A,12000,5.79,0,0.13,0,2
13065,22,90000,RENT,6,0,0,1,0,0,0,0,0,1,B,12000,,0,0.13,0,4
13108,26,95000,RENT,0,0,0,1,0,0,0,0,0,1,A,12000,8.49,0,0.13,0,4
13116,25,96000,RENT,3,0,0,1,0,0,0,0,0,1,B,12000,11.99,0,0.13,0,3
13129,25,100000,RENT,3,0,0,1,0,0,0,0,0,1,B,12000,9.91,0,0.12,0,3
13158,26,110000,RENT,4,0,0,1,0,0,0,0,0,1,B,12000,,0,0.11,0,2
13166,26,115000,RENT,3,0,0,1,0,0,0,0,0,1,B,12000,10.99,0,0.1,0,3
13170,25,120000,RENT,1,0,0,1,0,0,0,0,0,1,A,12000,,0,0.1,0,4
13188,23,127500,RENT,8,0,0,1,0,0,0,0,0,1,B,12000,10.37,0,0.09,0,4
13237,23,25960,RENT,1,0,0,1,0,0,0,0,0,1,B,12250,10.37,1,0.47,0,4
13250,21,29000,RENT,2,0,0,1,0,0,0,0,0,1,C,12250,13.61,1,0.42,0,4
13265,24,61400,RENT,1,0,0,1,0,0,0,0,0,1,C,12250,12.23,0,0.2,0,4
13272,23,55000,RENT,0,0,0,1,0,0,0,0,0,1,C,12300,,0,0.22,0,4
13292,25,36000,RENT,0,0,0,1,0,0,0,0,0,1,C,12500,11.72,1,0.35,0,4
13304,22,35000,RENT,5,0,0,1,0,0,0,0,0,1,B,2800,10.37,0,0.08,0,4
13305,21,37423,RENT,5,0,0,1,0,0,0,0,0,1,A,2800,7.88,0,0.07,0,4
13311,24,40800,RENT,0,0,0,1,0,0,0,0,0,1,A,2800,6.99,0,0.07,0,4
13337,26,52582,RENT,3,0,0,1,0,0,0,0,0,1,C,2800,13.47,0,0.05,0,4
13365,21,15600,RENT,5,0,0,1,0,0,0,0,0,1,F,2700,20.62,1,0.17,0,3
13381,24,32000,RENT,1,0,0,1,0,0,0,0,0,1,A,2700,,0,0.08,0,3
13447,21,12960,RENT,2,0,0,1,0,0,0,0,0,1,B,2525,,1,0.19,0,2
13462,22,13200,RENT,0,0,0,1,0,0,0,0,0,1,B,2500,9.91,1,0.19,0,4
13499,21,49000,RENT,5,0,0,1,0,0,0,0,0,1,A,12500,7.49,0,0.26,0,4
13529,24,54000,RENT,2,0,0,1,0,0,0,0,0,1,E,12500,14.5,1,0.23,0,4
13541,25,80400,RENT,2,0,0,1,0,0,0,0,0,1,A,12500,9.38,0,0.16,0,2
13572,23,70000,RENT,0,0,0,1,0,0,0,0,0,1,A,12700,,0,0.18,0,2
13582,21,40000,RENT,,0,0,1,0,0,0,0,0,1,B,12800,12.69,1,0.32,0,2
13588,22,42200,RENT,6,0,0,1,0,0,0,0,0,1,D,12800,15.21,1,0.3,0,2
13601,26,60000,RENT,7,0,0,1,0,0,0,0,0,1,C,12800,12.84,0,0.21,0,2
13611,21,71232,RENT,5,0,0,1,0,0,0,0,0,1,D,12800,14.96,0,0.18,0,4
13647,22,52128,RENT,6,0,0,1,0,0,0,0,0,1,A,13000,8.94,0,0.25,0,2
13667,22,60000,RENT,6,0,0,1,0,0,0,0,0,1,B,13000,9.99,0,0.22,0,4
13684,24,65004,RENT,0,0,0,1,0,0,0,0,0,1,B,13000,,0,0.2,0,2
13819,24,105000,RENT,2,0,0,1,0,0,0,0,0,1,A,13800,7.66,0,0.13,0,2
13828,26,117500,RENT,0,0,0,1,0,0,0,0,0,1,A,13800,7.49,0,0.12,0,3
13832,25,76400,RENT,3,0,0,1,0,0,0,0,0,1,B,13900,10.62,0,0.18,0,4
13835,26,42000,RENT,3,0,0,1,0,0,0,0,0,1,A,14000,6.92,1,0.33,0,2
13897,23,52800,RENT,4,0,0,1,0,0,0,0,0,1,C,14000,14.27,0,0.27,0,3
13933,23,55000,RENT,3,0,0,1,0,0,0,0,0,1,C,14000,11.66,0,0.25,0,3
13941,22,55992,RENT,6,0,0,1,0,0,0,0,0,1,B,14000,12.21,0,0.25,0,3
13954,26,57600,RENT,10,0,0,1,0,0,0,0,0,1,B,14000,10.37,0,0.24,0,2
13964,22,60000,RENT,7,0,0,1,0,0,0,0,0,1,A,14000,7.88,0,0.23,0,2
13988,24,62004,RENT,6,0,0,1,0,0,0,0,0,1,A,14000,8.59,0,0.23,0,4
14026,23,72150,RENT,3,0,0,1,0,0,0,0,0,1,B,14000,10.75,0,0.19,0,3
14095,24,95000,RENT,5,0,0,1,0,0,0,0,0,1,B,14000,,0,0.15,0,2
14099,26,100000,RENT,6,0,0,1,0,0,0,0,0,1,C,14000,13.85,0,0.14,0,4
14146,23,24000,RENT,1,0,0,1,0,0,0,0,0,1,B,14075,,1,0.59,0,3
14150,21,27996,RENT,2,0,0,1,0,0,0,0,0,1,B,14075,,1,0.5,0,2
14284,21,80400,RENT,5,0,0,1,0,0,0,0,0,1,A,14400,,0,0.18,0,4
14289,23,82000,RENT,3,0,0,1,0,0,0,0,0,1,A,14400,7.66,0,0.18,0,2
14319,26,30000,RENT,,0,0,1,0,0,0,0,0,1,A,14500,7.66,1,0.48,0,2
14324,25,30000,RENT,0,0,0,1,0,0,0,0,0,1,D,14500,14.42,1,0.48,0,4
14340,26,37000,RENT,5,0,0,1,0,0,0,0,0,1,D,14500,15.33,1,0.39,0,4
14364,24,45600,RENT,0,0,0,1,0,0,0,0,0,1,C,14500,,1,0.32,0,3
14370,26,59000,RENT,3,0,0,1,0,0,0,0,0,1,C,14500,11.97,1,0.25,0,2
14396,24,60000,RENT,1,0,0,1,0,0,0,0,0,1,B,14525,10.99,0,0.24,0,4
14448,21,32000,RENT,5,0,0,1,0,0,0,0,0,1,C,15000,11.09,1,0.47,0,3
14470,24,34860,RENT,0,0,0,1,0,0,0,0,0,1,B,2000,,0,0.06,0,2
14473,25,35000,RENT,5,0,0,1,0,0,0,0,0,1,B,2000,9.91,0,0.06,0,4
14511,21,38400,RENT,5,0,0,1,0,0,0,0,0,1,B,2000,,0,0.05,0,2
14512,23,38400,RENT,1,0,0,1,0,0,0,0,0,1,A,2000,7.66,0,0.05,0,3
14570,24,37200,RENT,3,0,0,1,0,0,0,0,0,1,D,2000,,1,0.05,0,2
14575,25,44000,RENT,2,0,0,1,0,0,0,0,0,1,A,2000,7.66,0,0.05,0,3
14591,24,45000,RENT,0,0,0,1,0,0,0,0,0,1,A,2000,7.51,0,0.04,0,4
14596,23,45000,RENT,7,0,0,1,0,0,0,0,0,1,A,2000,7.05,0,0.04,0,3
14602,26,45600,RENT,5,0,0,1,0,0,0,0,0,1,A,2000,,0,0.04,0,3
14630,22,48255,RENT,3,0,0,1,0,0,0,0,0,1,A,2000,6.76,0,0.04,0,2
14645,25,35000,RENT,1,0,0,1,0,0,0,0,0,1,A,15000,7.49,1,0.43,0,3
14653,25,36000,RENT,4,0,0,1,0,0,0,0,0,1,B,15000,9.63,1,0.42,0,3
14658,23,36000,RENT,3,0,0,1,0,0,0,0,0,1,D,15000,14.59,1,0.42,0,4
14662,22,36000,RENT,3,0,0,1,0,0,0,0,0,1,C,15000,13.85,1,0.42,0,3
14668,22,36021,RENT,0,0,0,1,0,0,0,0,0,1,B,15000,,1,0.42,0,3
14705,23,40000,RENT,6,0,0,1,0,0,0,0,0,1,B,15000,11.71,1,0.38,0,4
14718,23,40000,RENT,0,0,0,1,0,0,0,0,0,1,A,15000,8.94,1,0.38,0,4
14738,23,42000,RENT,7,0,0,1,0,0,0,0,0,1,C,15000,13.49,1,0.36,0,3
14748,23,42000,RENT,7,0,0,1,0,0,0,0,0,1,B,15000,11.83,1,0.36,0,4
14752,24,42000,RENT,0,0,0,1,0,0,0,0,0,1,B,15000,11.58,1,0.36,0,4
14770,24,42900,RENT,5,0,0,1,0,0,0,0,0,1,A,15000,,1,0.35,0,2
14831,24,47000,RENT,8,0,0,1,0,0,0,0,0,1,E,15000,18.64,1,0.32,0,4
14835,23,47000,RENT,3,0,0,1,0,0,0,0,0,1,B,15000,11.48,1,0.32,0,4
14952,23,50000,RENT,1,0,0,1,0,0,0,0,0,1,C,15000,13.61,0,0.3,0,3
14959,24,50000,RENT,2,0,0,1,0,0,0,0,0,1,B,15000,11.36,0,0.3,0,2
14978,25,50500,RENT,4,0,0,1,0,0,0,0,0,1,B,15000,11.14,0,0.3,0,4
15002,23,52000,RENT,7,0,0,1,0,0,0,0,0,1,C,15000,14.26,0,0.29,0,3
15064,23,45000,RENT,6,0,0,1,0,0,0,0,0,1,B,1600,10.08,0,0.04,0,4
15072,21,51000,RENT,5,0,0,1,0,0,0,0,0,1,D,1600,15.62,1,0.03,0,4
15075,21,54000,RENT,0,0,0,1,0,0,0,0,0,1,D,1600,14.96,1,0.03,0,4
15098,22,12000,RENT,1,0,0,1,0,0,0,0,0,1,A,1500,6.99,0,0.13,0,2
15172,23,24000,RENT,4,0,0,1,0,0,0,0,0,1,B,1500,11.49,0,0.06,0,2
15191,26,53307,RENT,5,0,0,1,0,0,0,0,0,1,B,15000,10.39,0,0.28,0,4
15211,22,55000,RENT,1,0,0,1,0,0,0,0,0,1,C,15000,12.84,0,0.27,0,3
15293,24,60000,RENT,4,0,0,1,0,0,0,0,0,1,A,15000,6.17,0,0.25,0,3
15311,23,60000,RENT,4,0,0,1,0,0,0,0,0,1,B,15000,11.83,0,0.25,0,3
15343,21,62004,RENT,0,0,0,1,0,0,0,0,0,1,A,15000,7.29,0,0.24,0,4
15392,23,65000,RENT,7,0,0,1,0,0,0,0,0,1,B,15000,11.12,0,0.23,0,3
15399,23,65000,RENT,3,0,0,1,0,0,0,0,0,1,A,15000,8.94,0,0.23,0,3
15411,25,59004,RENT,1,0,0,1,0,0,0,0,0,1,D,15000,15.58,1,0.25,0,2
15412,22,65004,RENT,4,0,0,1,0,0,0,0,0,1,E,15000,16.95,0,0.23,0,3
15440,24,69400,RENT,8,0,0,1,0,0,0,0,0,1,D,15000,13.24,0,0.22,0,4
15467,21,70500,RENT,5,0,0,1,0,0,0,0,0,1,A,15000,8,0,0.21,0,3
15490,22,72000,RENT,6,0,0,1,0,0,0,0,0,1,E,15000,17.19,0,0.21,0,2
15541,23,76000,RENT,3,0,0,1,0,0,0,0,0,1,B,15000,10.74,0,0.2,0,4
15551,26,77368,RENT,1,0,0,1,0,0,0,0,0,1,B,15000,10,0,0.19,0,3
15557,23,80000,RENT,5,0,0,1,0,0,0,0,0,1,B,15000,12.69,0,0.19,0,4
15559,21,80000,RENT,3,0,0,1,0,0,0,0,0,1,A,15000,,0,0.19,0,2
15565,26,80000,RENT,11,0,0,1,0,0,0,0,0,1,A,15000,8.49,0,0.19,0,2
15581,23,74000,RENT,1,0,0,1,0,0,0,0,0,1,D,15000,15.65,1,0.2,0,2
15606,25,85000,RENT,2,0,0,1,0,0,0,0,0,1,A,15000,7.9,0,0.18,0,4
15615,21,85000,RENT,2,0,0,1,0,0,0,0,0,1,B,15000,10.95,0,0.18,0,3
15693,25,39000,RENT,9,0,0,1,0,0,0,0,0,1,D,15200,16,1,0.39,0,3
15698,22,28080,RENT,5,0,0,1,0,0,0,0,0,1,E,15250,16.7,1,0.54,0,4
15717,22,54288,RENT,3,0,0,1,0,0,0,0,0,1,B,15350,12.18,0,0.28,0,3
15723,24,36000,RENT,8,0,0,1,0,0,0,0,0,1,E,15450,13.43,1,0.43,0,2
15780,23,85000,RENT,4,0,0,1,0,0,0,0,0,1,A,16000,6.03,0,0.19,0,3
15781,24,85000,RENT,1,0,0,1,0,0,0,0,0,1,B,16000,11.99,0,0.19,0,3
15815,26,97188,RENT,7,0,0,1,0,0,0,0,0,1,D,16000,12.8,0,0.16,0,3
15850,24,113000,RENT,3,0,0,1,0,0,0,0,0,1,B,16000,11.99,0,0.14,0,2
15859,24,120000,RENT,8,0,0,1,0,0,0,0,0,1,B,16000,12.18,0,0.13,0,4
15864,24,135000,RENT,8,0,0,1,0,0,0,0,0,1,B,16000,10.62,0,0.12,0,2
15883,22,75000,RENT,1,0,0,1,0,0,0,0,0,1,A,19200,,0,0.26,0,2
15884,25,77000,RENT,9,0,0,1,0,0,0,0,0,1,B,19200,,0,0.25,0,3
15907,21,55438,RENT,4,0,0,1,0,0,0,0,0,1,C,19400,13.49,1,0.35,0,2
15922,23,30000,RENT,6,0,0,1,0,0,0,0,0,1,B,19750,11.14,1,0.66,0,4
15930,22,9600,RENT,0,0,0,1,0,0,0,0,0,1,A,1500,7.29,1,0.16,0,2
15934,23,9600,RENT,0,0,0,1,0,0,0,0,0,1,A,4000,7.14,1,0.42,0,4
15951,22,8000,RENT,0,0,0,1,0,0,0,0,0,1,A,5400,7.75,1,0.68,0,4
15955,21,7200,RENT,0,0,0,1,0,0,0,0,0,1,C,2500,13.11,1,0.35,0,3
15960,25,5000,RENT,0,0,0,1,0,0,0,0,0,1,B,1000,9.64,1,0.2,0,4
15976,23,42000,RENT,5,0,0,1,0,0,0,0,0,1,B,6000,9.99,0,0.14,0,4
15987,23,75000,RENT,7,0,0,1,0,0,0,0,0,1,C,18000,12.73,0,0.24,0,2
16000,26,95000,RENT,0,0,0,1,0,0,0,0,0,1,B,12000,10.65,0,0.13,0,3
16002,22,64000,RENT,7,0,0,1,0,0,0,0,0,1,D,13000,14.11,0,0.2,0,3
16012,22,190000,RENT,3,0,0,1,0,0,0,0,0,1,A,12600,6.92,0,0.07,0,3
16027,25,35000,RENT,3,0,0,1,0,0,0,0,0,1,B,2400,12.53,0,0.07,0,2
16031,25,25920,RENT,0,0,0,1,0,0,0,0,0,1,B,2300,11.11,0,0.09,0,2
16044,22,44000,RENT,1,0,0,1,0,0,0,0,0,1,E,16000,16.35,1,0.36,0,4
16056,22,44400,RENT,3,0,0,1,0,0,0,0,0,1,C,12800,12.73,0,0.29,0,4
16063,22,26004,RENT,5,0,0,1,0,0,0,0,0,1,B,4800,10.99,0,0.18,0,3
16079,21,57000,RENT,3,0,0,1,0,0,0,0,0,1,A,3000,5.42,0,0.05,0,2
16097,24,65000,RENT,0,0,0,1,0,0,0,0,0,1,B,7000,11.83,0,0.11,0,3
16101,24,36000,RENT,5,0,0,1,0,0,0,0,0,1,D,6000,14.96,0,0.17,0,3
16114,22,54000,RENT,4,0,0,1,0,0,0,0,0,1,B,5600,9.63,0,0.1,0,3
16123,22,55000,RENT,6,0,0,1,0,0,0,0,0,1,C,6000,14.27,0,0.11,0,3
16132,22,29100,RENT,2,0,0,1,0,0,0,0,0,1,D,6250,16.07,1,0.21,0,4
16154,26,38400,RENT,7,0,0,1,0,0,0,0,0,1,C,3200,13.49,0,0.08,0,2
16167,23,21000,RENT,2,0,0,1,0,0,0,0,0,1,C,3000,12.68,0,0.14,0,3
16184,25,42000,RENT,2,0,0,1,0,0,0,0,0,1,D,10000,14.91,1,0.24,0,2
16196,25,26729,RENT,5,0,0,1,0,0,0,0,0,1,B,7300,11.14,0,0.27,0,4
16202,21,30000,RENT,2,0,0,1,0,0,0,0,0,1,B,7000,10.99,0,0.23,0,3
16205,24,48996,RENT,5,0,0,1,0,0,0,0,0,1,C,5000,13.79,0,0.1,0,4
16223,25,43200,RENT,3,0,0,1,0,0,0,0,0,1,C,3000,13.8,0,0.07,0,2
16315,23,80500,RENT,5,0,0,1,0,0,0,0,0,1,B,7200,9.25,0,0.09,0,3
16323,23,50000,RENT,4,0,0,1,0,0,0,0,0,1,B,18225,10.74,1,0.36,0,3
16328,21,65000,RENT,0,0,0,1,0,0,0,0,0,1,B,12000,11.71,0,0.18,0,3
16334,25,23198,RENT,2,0,0,1,0,0,0,0,0,1,A,6000,8,0,0.26,0,2
16335,22,48000,RENT,3,0,0,1,0,0,0,0,0,1,A,4000,,0,0.08,0,3
16358,26,81000,RENT,10,0,0,1,0,0,0,0,0,1,E,21000,16.95,1,0.26,0,2
16363,24,62400,RENT,8,0,0,1,0,0,0,0,0,1,B,20000,11.12,1,0.32,0,2
16404,22,54000,RENT,6,0,0,1,0,0,0,0,0,1,A,12000,8.49,0,0.22,0,4
16427,26,32000,RENT,1,0,0,1,0,0,0,0,0,1,C,7500,13.79,0,0.23,0,3
16430,23,28000,RENT,0,0,0,1,0,0,0,0,0,1,C,5000,11.78,0,0.18,0,3
16432,24,33996,RENT,1,0,0,1,0,0,0,0,0,1,C,7000,13.16,1,0.21,0,4
16436,22,48500,RENT,1,0,0,1,0,0,0,0,0,1,B,20000,11.36,1,0.41,0,2
16451,24,30000,RENT,2,0,0,1,0,0,0,0,0,1,A,3000,7.49,0,0.1,0,3
16455,23,75000,RENT,4,0,0,1,0,0,0,0,0,1,A,5000,7.49,0,0.07,0,4
16459,21,60000,RENT,2,0,0,1,0,0,0,0,0,1,A,5000,8.49,0,0.08,0,2
16474,24,40000,RENT,1,0,0,1,0,0,0,0,0,1,B,3825,10,0,0.1,0,3
16489,24,38400,RENT,4,0,0,1,0,0,0,0,0,1,A,4000,7.29,0,0.1,0,3
16495,26,60000,RENT,0,0,0,1,0,0,0,0,0,1,A,24000,7.9,1,0.4,0,2
16497,25,47000,RENT,1,0,0,1,0,0,0,0,0,1,A,8500,8.9,0,0.18,0,4
16502,24,37000,RENT,3,0,0,1,0,0,0,0,0,1,B,5500,9.2,0,0.15,0,3
16504,25,123144,RENT,2,0,0,1,0,0,0,0,0,1,B,12000,10.75,0,0.1,0,2
16510,23,70000,RENT,8,0,0,1,0,0,0,0,0,1,A,6725,6.62,0,0.1,0,2
16515,22,45000,RENT,0,0,0,1,0,0,0,0,0,1,B,9000,11.48,0,0.2,0,4
16522,22,34000,RENT,1,0,0,1,0,0,0,0,0,1,C,6500,13.22,1,0.19,0,4
16529,26,86000,RENT,4,0,0,1,0,0,0,0,0,1,C,10000,13.49,0,0.12,0,4
16548,25,21000,RENT,0,0,0,1,0,0,0,0,0,1,B,5175,12.53,0,0.25,0,4
16552,23,45000,RENT,2,0,0,1,0,0,0,0,0,1,B,14500,10.36,1,0.32,0,4
16557,24,50000,RENT,0,0,0,1,0,0,0,0,0,1,B,7200,11.71,0,0.14,0,2
16560,26,77368,RENT,1,0,0,1,0,0,0,0,0,1,B,15000,10,0,0.19,0,3
16565,25,35364,RENT,0,0,0,1,0,0,0,0,0,1,A,10000,9.32,0,0.28,0,4
16572,23,24000,RENT,1,0,0,1,0,0,0,0,0,1,B,14075,,1,0.59,0,4
16573,24,200000,RENT,8,0,0,1,0,0,0,0,0,1,B,12000,12.69,0,0.06,0,2
16578,23,140000,RENT,7,0,0,1,0,0,0,0,0,1,A,9000,7.14,0,0.06,0,2
16580,23,60000,RENT,8,0,0,1,0,0,0,0,0,1,B,3600,9.99,0,0.06,0,3
16586,21,15000,RENT,4,0,0,1,0,0,0,0,0,1,D,2200,,0,0.15,0,4
16596,24,75000,RENT,2,0,0,1,0,0,0,0,0,1,B,2000,9.99,0,0.03,0,4
16624,22,69528,RENT,6,0,0,1,0,0,0,0,0,1,C,6000,12.99,0,0.09,0,3
16625,22,36000,RENT,1,0,0,1,0,0,0,0,0,1,A,6000,7.51,0,0.17,0,4
16630,21,24000,RENT,5,0,0,1,0,0,0,0,0,1,B,2000,11.14,0,0.08,0,4
16636,22,50000,RENT,1,0,0,1,0,0,0,0,0,1,A,7500,8.32,0,0.15,0,2
16639,23,44400,RENT,0,0,0,1,0,0,0,0,0,1,B,1500,11.63,0,0.03,0,4
16642,23,70560,RENT,1,0,0,1,0,0,0,0,0,1,A,9600,7.9,0,0.14,0,4
16655,24,96000,RENT,6,0,0,1,0,0,0,0,0,1,B,7000,9.91,0,0.07,0,3
16657,24,100000,RENT,6,0,0,1,0,0,0,0,0,1,A,11000,5.42,0,0.11,0,2
16658,23,40000,RENT,1,0,0,1,0,0,0,0,0,1,B,15000,11.71,1,0.38,0,3
16679,24,75000,RENT,4,0,0,1,0,0,0,0,0,1,A,10000,6.62,0,0.13,0,2
16703,23,24000,RENT,1,0,0,1,0,0,0,0,0,1,B,5500,10.99,0,0.23,0,4
16718,22,43000,RENT,5,0,0,1,0,0,0,0,0,1,B,2400,10.99,0,0.06,0,3
16720,26,60000,RENT,0,0,0,1,0,0,0,0,0,1,A,5000,7.14,0,0.08,0,2
16721,25,30000,RENT,9,0,0,1,0,0,0,0,0,1,D,9000,17.58,0,0.3,0,2
16725,24,46500,RENT,2,0,0,1,0,0,0,0,0,1,C,8000,15.23,1,0.17,0,2
16731,24,47000,RENT,8,0,0,1,0,0,0,0,0,1,A,7000,6.62,0,0.15,0,4
16752,25,28128,RENT,2,0,0,1,0,0,0,0,0,1,D,7500,15.33,1,0.27,0,3
16760,26,53000,RENT,4,0,0,1,0,0,0,0,0,1,B,6800,9.91,0,0.13,0,3
16777,25,40000,RENT,1,0,0,1,0,0,0,0,0,1,B,6500,11.89,0,0.16,0,3
16803,23,35976,RENT,3,0,0,1,0,0,0,0,0,1,B,15000,10.25,1,0.42,0,3
16812,23,54000,RENT,1,0,0,1,0,0,0,0,0,1,B,20000,11.83,1,0.37,0,2
16818,23,59000,RENT,8,0,0,1,0,0,0,0,0,1,B,17000,10.25,0,0.29,0,4
16821,22,39996,RENT,3,0,0,1,0,0,0,0,0,1,A,11000,5.79,0,0.28,0,2
16831,24,24000,RENT,0,0,0,1,0,0,0,0,0,1,D,7000,15.62,1,0.29,0,4
16839,26,83004,RENT,7,0,0,1,0,0,0,0,0,1,A,5450,7.9,0,0.07,0,3
16858,25,42000,RENT,4,0,0,1,0,0,0,0,0,1,A,1925,6.17,0,0.05,0,2
16871,25,74004,RENT,2,0,0,1,0,0,0,0,0,1,E,20000,15.95,1,0.27,0,3
16876,24,95000,RENT,5,0,0,1,0,0,0,0,0,1,B,14000,,0,0.15,0,4
16877,23,70000,RENT,1,0,0,1,0,0,0,0,0,1,A,3500,5.42,0,0.05,0,2
16879,22,30000,RENT,2,0,0,1,0,0,0,0,0,1,B,3600,10.99,0,0.12,0,4
16881,21,12000,RENT,3,0,0,1,0,0,0,0,0,1,B,1600,10.59,0,0.13,0,2
16882,25,52000,RENT,9,0,0,1,0,0,0,0,0,1,C,16000,13.98,1,0.31,0,4
16887,22,63000,RENT,2,0,0,1,0,0,0,0,0,1,A,5000,7.74,0,0.08,0,4
16964,26,54000,RENT,6,0,0,1,0,0,0,0,0,1,A,10000,7.9,0,0.19,0,3
16968,23,55000,RENT,5,0,0,1,0,0,0,0,0,1,B,20000,12.53,1,0.36,0,3
17039,24,54100,RENT,5,0,0,1,0,0,0,0,0,1,A,4500,7.14,0,0.08,0,2
17042,22,48000,RENT,6,0,0,1,0,0,0,0,0,1,B,15000,9.63,1,0.31,0,4
17056,26,42000,RENT,6,0,0,1,0,0,0,0,0,1,A,5000,7.29,0,0.12,0,2
17072,23,45000,RENT,2,0,0,1,0,0,0,0,0,1,A,6575,8,0,0.15,0,3
17076,22,57500,RENT,1,0,0,1,0,0,0,0,0,1,B,9100,11.49,0,0.16,0,3
17135,24,75000,RENT,4,0,0,1,0,0,0,0,0,1,B,20000,8.88,0,0.27,0,2
17141,24,29120,RENT,0,0,0,1,0,0,0,0,0,1,B,5000,10.99,0,0.17,0,4
17156,23,78000,RENT,5,0,0,1,0,0,0,0,0,1,B,17000,10.99,0,0.22,0,2
17191,24,22680,RENT,9,0,0,1,0,0,0,0,0,1,B,7000,10.62,1,0.31,0,2
17209,25,125000,RENT,9,0,0,1,0,0,0,0,0,1,D,6500,14.61,0,0.05,0,3
17210,26,76250,RENT,6,0,0,1,0,0,0,0,0,1,B,10000,10.71,0,0.13,0,3
17214,25,40000,RENT,0,0,0,1,0,0,0,0,0,1,B,5925,11.11,0,0.15,0,3
17226,21,41000,RENT,5,0,0,1,0,0,0,0,0,1,A,7000,5.79,0,0.17,0,2
17236,22,100000,RENT,3,0,0,1,0,0,0,0,0,1,B,10000,10.65,0,0.1,0,2
17251,23,32640,RENT,5,0,0,1,0,0,0,0,0,1,B,4800,11.99,0,0.15,0,3
17256,23,36000,RENT,5,0,0,1,0,0,0,0,0,1,B,8000,,0,0.22,0,2
17291,23,30000,RENT,6,0,0,1,0,0,0,0,0,1,B,19750,11.14,1,0.66,0,4
17301,22,52000,RENT,6,0,0,1,0,0,0,0,0,1,B,10000,11.71,0,0.19,0,2
17346,23,42000,RENT,0,0,0,1,0,0,0,0,0,1,C,5000,,1,0.12,0,3
17364,23,55000,RENT,0,0,0,1,0,0,0,0,0,1,C,12300,,0,0.22,0,2
17381,23,15600,RENT,1,0,0,1,0,0,0,0,0,1,A,4500,5.99,1,0.29,0,3
17394,23,52800,RENT,4,0,0,1,0,0,0,0,0,1,C,14000,14.27,0,0.27,0,4
17459,22,50000,RENT,3,0,0,1,0,0,0,0,0,1,C,13000,12.23,0,0.26,0,3
17471,21,42000,RENT,5,0,0,1,0,0,0,0,0,1,D,1000,15.58,1,0.02,0,4
17473,25,120000,RENT,9,0,0,1,0,0,0,0,0,1,C,4800,14.22,0,0.04,0,4
17487,22,20000,RENT,2,0,0,1,0,0,0,0,0,1,B,5000,11.86,0,0.25,0,2
17505,23,54000,RENT,7,0,0,1,0,0,0,0,0,1,B,15550,11.71,0,0.29,0,4
17518,22,74000,RENT,4,0,0,1,0,0,0,0,0,1,A,5050,5.42,0,0.07,0,4
17536,23,40000,RENT,7,0,0,1,0,0,0,0,0,1,B,10000,10.36,0,0.25,0,3
17537,25,63128,RENT,,0,0,1,0,0,0,0,0,1,A,1500,7.49,0,0.02,0,2
17569,25,42000,RENT,2,0,0,1,0,0,0,0,0,1,B,2000,9.25,0,0.05,0,3
17575,21,30000,RENT,1,0,0,1,0,0,0,0,0,1,C,6000,13.16,1,0.2,0,4
17598,22,67500,RENT,1,0,0,1,0,0,0,0,0,1,B,7500,9.76,0,0.11,0,3
17603,24,34900,RENT,3,0,0,1,0,0,0,0,0,1,B,5000,11.49,0,0.14,0,3
17604,21,18000,RENT,1,0,0,1,0,0,0,0,0,1,A,3200,8.49,1,0.18,0,2
17608,23,33000,RENT,5,0,0,1,0,0,0,0,0,1,D,4800,14.54,0,0.15,0,4
17624,23,60000,RENT,2,0,0,1,0,0,0,0,0,1,A,9000,6.17,0,0.15,0,2
17640,25,80000,RENT,0,0,0,1,0,0,0,0,0,1,B,16000,9.88,0,0.2,0,2
17646,24,70000,RENT,4,0,0,1,0,0,0,0,0,1,C,14400,12.68,0,0.21,0,4
17653,21,35000,RENT,6,0,0,1,0,0,0,0,0,1,A,10000,7.66,0,0.29,0,3
17671,25,80004,RENT,9,0,0,1,0,0,0,0,0,1,C,20000,14.26,0,0.25,0,2
17686,23,75000,RENT,0,0,0,1,0,0,0,0,0,1,B,10000,11.49,0,0.13,0,4
17695,23,27996,RENT,3,0,0,1,0,0,0,0,0,1,C,5500,12.53,0,0.2,0,2
17708,24,23000,RENT,4,0,0,1,0,0,0,0,0,1,A,5500,6.54,0,0.24,0,3
17720,25,35000,RENT,4,0,0,1,0,0,0,0,0,1,A,4000,7.51,0,0.11,0,4
17730,22,60000,RENT,0,0,0,1,0,0,0,0,0,1,A,5500,7.88,0,0.09,0,3
17752,23,75000,RENT,0,0,0,1,0,0,0,0,0,1,B,6000,11.48,0,0.08,0,2
17776,23,68000,RENT,1,0,0,1,0,0,0,0,0,1,E,14400,17.99,1,0.21,0,2
17786,22,41000,RENT,6,0,0,1,0,0,0,0,0,1,A,5000,,0,0.12,0,2
17796,24,45996,RENT,2,0,0,1,0,0,0,0,0,1,C,10800,13.16,0,0.23,0,4
17797,21,20400,RENT,2,0,0,1,0,0,0,0,0,1,B,4500,10.99,0,0.22,0,3
17798,23,34800,RENT,6,0,0,1,0,0,0,0,0,1,A,6600,7.49,0,0.19,0,2
17813,25,45000,RENT,4,0,0,1,0,0,0,0,0,1,B,8000,10.38,0,0.18,0,2
17818,26,34000,RENT,5,0,0,1,0,0,0,0,0,1,A,7500,7.9,0,0.22,0,4
17819,22,32500,RENT,0,0,0,1,0,0,0,0,0,1,B,12000,11.49,1,0.37,0,3
17829,24,48200,RENT,3,0,0,1,0,0,0,0,0,1,B,5000,10.38,0,0.1,0,3
17851,34,120000,RENT,17,0,0,1,0,0,0,0,0,1,B,35000,10.59,0,0.29,0,6
17910,31,128000,RENT,2,0,0,1,0,0,0,0,0,1,D,30000,16.29,1,0.23,0,10
17919,27,81300,RENT,3,0,0,1,0,0,0,0,0,1,B,29000,12.69,1,0.36,0,6
17937,35,115000,RENT,1,0,0,1,0,0,0,0,0,1,B,28000,9.91,0,0.24,0,6
17976,32,53196,RENT,9,0,0,1,0,0,0,0,0,1,B,25000,11.86,1,0.47,0,9
17989,31,204000,RENT,0,0,0,1,0,0,0,0,0,1,A,12000,9.63,0,0.06,0,9
18006,27,60000,RENT,11,0,0,1,0,0,0,0,0,1,B,25000,,1,0.42,0,8
18077,32,80000,RENT,2,0,0,1,0,0,0,0,0,1,B,25000,,1,0.31,0,8
18093,31,85000,RENT,5,0,0,1,0,0,0,0,0,1,B,25000,10.75,0,0.29,0,7
18100,28,180000,RENT,4,0,0,1,0,0,0,0,0,1,C,9000,13.8,0,0.05,0,10
18116,29,92200,RENT,7,0,0,1,0,0,0,0,0,1,D,25000,14.96,0,0.27,0,5
18119,29,163000,RENT,,0,0,1,0,0,0,0,0,1,D,4000,16.29,1,0.02,0,6
18132,30,102000,RENT,2,0,0,1,0,0,0,0,0,1,B,25000,9.62,0,0.25,0,8
18134,27,103250,RENT,1,0,0,1,0,0,0,0,0,1,C,25000,12.73,0,0.24,0,10
18136,28,175000,RENT,4,0,0,1,0,0,0,0,0,1,B,24500,,0,0.14,0,8
18179,31,138000,RENT,0,0,0,1,0,0,0,0,0,1,D,25000,13.24,1,0.18,0,7
18190,32,162000,RENT,5,0,0,1,0,0,0,0,0,1,A,20000,6.99,0,0.12,0,9
18192,29,160800,RENT,3,0,0,1,0,0,0,0,0,1,B,4800,10.99,0,0.03,0,5
18216,30,160000,RENT,0,0,0,1,0,0,0,0,0,1,B,8400,11.89,0,0.05,0,6
18219,30,105000,RENT,4,0,0,1,0,0,0,0,0,1,D,24250,15.65,0,0.23,0,10
18226,30,144600,RENT,14,0,0,1,0,0,0,0,0,1,B,24250,,0,0.17,0,6
18243,27,72000,RENT,3,0,0,1,0,0,0,0,0,1,D,24000,14.96,1,0.33,0,10
18256,35,105000,RENT,6,0,0,1,0,0,0,0,0,1,B,24000,9.25,0,0.23,0,7
18260,31,125004,RENT,13,0,0,1,0,0,0,0,0,1,B,24000,9.25,0,0.19,0,8
18265,28,75000,RENT,5,0,0,1,0,0,0,0,0,1,D,23850,16.29,1,0.32,0,10
18271,29,90000,RENT,0,0,0,1,0,0,0,0,0,1,B,23475,11.58,0,0.26,0,6
18276,27,52000,RENT,0,0,0,1,0,0,0,0,0,1,C,22950,13.49,1,0.44,0,9
18279,34,69600,RENT,10,0,0,1,0,0,0,0,0,1,A,22650,,1,0.33,0,6
18288,28,80000,RENT,0,0,0,1,0,0,0,0,0,1,B,22000,9.76,0,0.28,0,9
18291,27,190000,RENT,5,0,0,1,0,0,0,0,0,1,A,22000,6.91,0,0.12,0,10
18315,30,150000,RENT,2,0,0,1,0,0,0,0,0,1,B,21000,12.62,0,0.14,0,9
18327,31,42000,RENT,1,0,0,1,0,0,0,0,0,1,C,20000,13.57,1,0.48,0,6
18329,30,45000,RENT,3,0,0,1,0,0,0,0,0,1,B,20000,11.86,1,0.44,0,7
18334,30,50000,RENT,4,0,0,1,0,0,0,0,0,1,C,20000,13.49,1,0.4,0,10
18344,32,54000,RENT,8,0,0,1,0,0,0,0,0,1,B,20000,11.11,1,0.37,0,7
18348,32,55000,RENT,2,0,0,1,0,0,0,0,0,1,B,20000,11.83,1,0.36,0,7
18360,27,60000,RENT,0,0,0,1,0,0,0,0,0,1,B,20000,12.21,1,0.33,0,5
18361,27,60000,RENT,11,0,0,1,0,0,0,0,0,1,B,20000,10.51,1,0.33,0,7
18371,31,65000,RENT,9,0,0,1,0,0,0,0,0,1,B,20000,10.65,1,0.31,0,8
18372,27,65000,RENT,11,0,0,1,0,0,0,0,0,1,B,20000,,1,0.31,0,5
18382,34,67500,RENT,2,0,0,1,0,0,0,0,0,1,B,20000,,0,0.3,0,5
18390,27,72000,RENT,6,0,0,1,0,0,0,0,0,1,A,20000,8.9,0,0.28,0,5
18393,34,72000,RENT,2,0,0,1,0,0,0,0,0,1,B,20000,11.89,0,0.28,0,10
18404,29,75000,RENT,1,0,0,1,0,0,0,0,0,1,A,20000,6.54,0,0.27,0,9
18411,30,77000,RENT,7,0,0,1,0,0,0,0,0,1,B,20000,12.42,0,0.26,0,8
18443,33,96000,RENT,14,0,0,1,0,0,0,0,0,1,A,20000,7.88,0,0.21,0,10
18466,27,105000,RENT,4,0,0,1,0,0,0,0,0,1,B,20000,10.62,0,0.19,0,9
18471,29,99855,RENT,2,0,0,1,0,0,0,0,0,1,E,20000,17.06,1,0.2,0,8
18474,31,103000,RENT,2,0,0,1,0,0,0,0,0,1,F,20000,18.17,1,0.19,0,5
18477,34,120000,RENT,7,0,0,1,0,0,0,0,0,1,C,20000,13.8,0,0.17,0,7
18486,27,132000,RENT,6,0,0,1,0,0,0,0,0,1,C,20000,12.73,0,0.15,0,8
18513,27,17000,RENT,1,0,0,1,0,0,0,0,0,1,A,1000,7.29,0,0.06,0,5
18531,32,60000,RENT,5,0,0,1,0,0,0,0,0,1,B,18800,9.99,1,0.31,0,7
18536,28,50400,RENT,8,0,0,1,0,0,0,0,0,1,D,18500,16.02,1,0.37,0,6
18541,31,112000,RENT,1,0,0,1,0,0,0,0,0,1,A,18500,7.51,0,0.17,0,7
18571,30,64000,RENT,1,0,0,1,0,0,0,0,0,1,A,18000,8.38,0,0.28,0,7
18588,27,80000,RENT,1,0,0,1,0,0,0,0,0,1,B,18000,10.39,0,0.23,0,8
18600,27,100000,RENT,0,0,0,1,0,0,0,0,0,1,A,18000,7.88,0,0.18,0,5
18605,27,110000,RENT,5,0,0,1,0,0,0,0,0,1,B,18000,9.91,0,0.16,0,5
18620,27,37793,RENT,11,0,0,1,0,0,0,0,0,1,B,17625,12.69,1,0.47,0,7
18624,29,153000,RENT,1,0,0,1,0,0,0,0,0,1,B,17600,8.7,0,0.12,0,8
18628,27,48500,RENT,1,0,0,1,0,0,0,0,0,1,B,17500,12.42,1,0.36,0,9
18633,33,92500,RENT,4,0,0,1,0,0,0,0,0,1,D,17500,15.28,0,0.19,0,6
18680,30,96600,RENT,3,0,0,1,0,0,0,0,0,1,B,16750,10.62,0,0.17,0,5
18710,35,45000,RENT,2,0,0,1,0,0,0,0,0,1,B,16000,10,1,0.36,0,10
18715,27,48000,RENT,2,0,0,1,0,0,0,0,0,1,C,16000,14.22,1,0.33,0,5
18725,32,51648,RENT,7,0,0,1,0,0,0,0,0,1,E,16000,14.18,1,0.31,0,8
18727,27,55000,RENT,0,0,0,1,0,0,0,0,0,1,B,16000,11.12,0,0.29,0,9
18742,28,66500,RENT,4,0,0,1,0,0,0,0,0,1,B,16000,12.18,0,0.24,0,6
18780,28,44000,RENT,9,0,0,1,0,0,0,0,0,1,C,1000,14.17,1,0.02,0,9
18786,33,65000,RENT,4,0,0,1,0,0,0,0,0,1,A,1000,,0,0.02,0,9
18792,35,76000,RENT,2,0,0,1,0,0,0,0,0,1,C,1000,13.49,0,0.01,0,8
18820,31,26000,RENT,15,0,0,1,0,0,0,0,0,1,B,1250,11.49,0,0.05,0,10
18825,27,51000,RENT,3,0,0,1,0,0,0,0,0,1,A,1300,7.68,0,0.03,0,7
18828,29,14400,RENT,2,0,0,1,0,0,0,0,0,1,B,1400,11.49,0,0.1,0,6
18834,29,28800,RENT,1,0,0,1,0,0,0,0,0,1,A,1400,7.9,0,0.05,0,5
18844,31,36000,RENT,12,0,0,1,0,0,0,0,0,1,B,1450,,0,0.04,0,7
18879,33,48000,RENT,2,0,0,1,0,0,0,0,0,1,B,1500,11.89,0,0.03,0,6
18880,34,50000,RENT,5,0,0,1,0,0,0,0,0,1,C,1500,13.92,0,0.03,0,5
18906,32,21360,RENT,1,0,0,1,0,0,0,0,0,1,C,1800,12.99,0,0.08,0,8
18909,27,25200,RENT,2,0,0,1,0,0,0,0,0,1,A,1800,6.76,0,0.07,0,10
18920,30,42000,RENT,0,0,0,1,0,0,0,0,0,1,B,1850,11.99,0,0.04,0,5
18958,30,92700,RENT,1,0,0,1,0,0,0,0,0,1,B,15000,11.99,0,0.16,0,5
18963,33,84000,RENT,2,0,0,1,0,0,0,0,0,1,E,15000,16.7,1,0.18,0,9
18966,27,100000,RENT,0,0,0,1,0,0,0,0,0,1,B,15000,11.58,0,0.15,0,10
18987,32,120000,RENT,5,0,0,1,0,0,0,0,0,1,E,15000,15.68,0,0.13,0,7
19021,30,33000,RENT,2,0,0,1,0,0,0,0,0,1,B,2000,,0,0.06,0,8
19073,28,35000,RENT,6,0,0,1,0,0,0,0,0,1,C,2125,15.27,0,0.06,0,6
19078,30,33200,RENT,4,0,0,1,0,0,0,0,0,1,A,14000,7.29,1,0.42,0,10
19087,29,40404,RENT,4,0,0,1,0,0,0,0,0,1,A,14000,8.49,1,0.35,0,10
19109,30,42000,RENT,0,0,0,1,0,0,0,0,0,1,B,2250,8.88,0,0.05,0,8
19117,35,71004,RENT,0,0,0,1,0,0,0,0,0,1,B,2375,9.25,0,0.03,0,9
19127,30,21360,RENT,1,0,0,1,0,0,0,0,0,1,B,2400,10.25,0,0.11,0,9
19134,33,30000,RENT,2,0,0,1,0,0,0,0,0,1,B,2400,9.91,0,0.08,0,5
19141,33,34000,RENT,5,0,0,1,0,0,0,0,0,1,B,2400,11.99,0,0.07,0,9
19143,27,35000,RENT,2,0,0,1,0,0,0,0,0,1,B,2400,,0,0.07,0,9
19161,27,42000,RENT,3,0,0,1,0,0,0,0,0,1,A,2400,6.54,0,0.06,0,10
19169,34,50000,RENT,0,0,0,1,0,0,0,0,0,1,A,2400,,0,0.05,0,9
19174,27,60000,RENT,3,0,0,1,0,0,0,0,0,1,A,2400,7.49,0,0.04,0,6
19182,30,82500,RENT,5,0,0,1,0,0,0,0,0,1,A,2400,8.9,0,0.03,0,5
19199,35,74984,RENT,2,0,0,1,0,0,0,0,0,1,A,13500,7.29,0,0.18,0,9
19207,33,25200,RENT,1,0,0,1,0,0,0,0,0,1,A,13250,7.66,1,0.53,0,6
19212,30,45000,RENT,2,0,0,1,0,0,0,0,0,1,A,13250,7.9,0,0.29,0,10
19246,27,40000,RENT,1,0,0,1,0,0,0,0,0,1,C,13000,13.48,1,0.33,0,7
19287,30,40000,RENT,8,0,0,1,0,0,0,0,0,1,A,2500,5.79,0,0.06,0,10
19295,31,39000,RENT,0,0,0,1,0,0,0,0,0,1,D,2500,14.09,1,0.06,0,5
19317,27,69000,RENT,11,0,0,1,0,0,0,0,0,1,A,2500,7.14,0,0.04,0,8
19318,30,70000,RENT,4,0,0,1,0,0,0,0,0,1,B,2500,10.36,0,0.04,0,7
19319,27,72000,RENT,11,0,0,1,0,0,0,0,0,1,C,2500,14.35,0,0.03,0,6
19328,27,84000,RENT,0,0,0,1,0,0,0,0,0,1,D,2500,14.59,1,0.03,0,9
19343,28,115000,RENT,0,0,0,1,0,0,0,0,0,1,A,2850,6.54,0,0.02,0,9
19378,34,22668,RENT,,0,0,1,0,0,0,0,0,1,B,3000,,0,0.13,0,5
19390,34,30857,RENT,6,0,0,1,0,0,0,0,0,1,C,3000,13.06,1,0.1,0,9
19395,34,31704,RENT,2,0,0,1,0,0,0,0,0,1,B,3000,11.49,0,0.09,0,8
19401,29,33600,RENT,2,0,0,1,0,0,0,0,0,1,D,3000,15.99,1,0.09,0,8
19422,32,38052,RENT,16,0,0,1,0,0,0,0,0,1,B,3000,11.49,0,0.08,0,6
19425,27,38500,RENT,1,0,0,1,0,0,0,0,0,1,B,3000,11.48,0,0.08,0,10
19432,33,40000,RENT,6,0,0,1,0,0,0,0,0,1,A,3000,5.42,0,0.07,0,10
19463,29,48000,RENT,11,0,0,1,0,0,0,0,0,1,A,3000,5.42,0,0.06,0,5
19464,34,48000,RENT,4,0,0,1,0,0,0,0,0,1,B,3000,11.83,0,0.06,0,10
19482,31,48605,RENT,0,0,0,1,0,0,0,0,0,1,B,12000,,0,0.25,0,10
19483,28,48715,RENT,2,0,0,1,0,0,0,0,0,1,C,12000,12.87,0,0.25,0,10
19484,27,48996,RENT,3,0,0,1,0,0,0,0,0,1,B,12000,12.53,0,0.24,0,6
19486,32,49268,RENT,11,0,0,1,0,0,0,0,0,1,A,12000,5.79,0,0.24,0,6
19491,33,50000,RENT,0,0,0,1,0,0,0,0,0,1,C,12000,13.49,0,0.24,0,7
19492,27,50000,RENT,5,0,0,1,0,0,0,0,0,1,B,12000,10.37,0,0.24,0,9
19495,29,50000,RENT,13,0,0,1,0,0,0,0,0,1,A,12000,8.94,0,0.24,0,5
19498,27,50600,RENT,9,0,0,1,0,0,0,0,0,1,B,12000,9.91,0,0.24,0,7
19504,27,51600,RENT,4,0,0,1,0,0,0,0,0,1,A,12000,6.99,0,0.23,0,9
19527,33,55000,RENT,3,0,0,1,0,0,0,0,0,1,C,12000,12.99,0,0.22,0,7
19555,35,54996,RENT,1,0,0,1,0,0,0,0,0,1,B,3000,12.21,0,0.05,0,5
19559,27,55000,RENT,11,0,0,1,0,0,0,0,0,1,A,3000,7.68,0,0.05,0,7
19568,27,60000,RENT,9,0,0,1,0,0,0,0,0,1,B,3000,11.71,0,0.05,0,6
19570,27,60000,RENT,11,0,0,1,0,0,0,0,0,1,C,3000,13.49,0,0.05,0,8
19575,29,60500,RENT,13,0,0,1,0,0,0,0,0,1,C,3000,13.61,0,0.05,0,9
19586,31,64800,RENT,3,0,0,1,0,0,0,0,0,1,C,3000,13.98,0,0.05,0,8
19588,31,67000,RENT,2,0,0,1,0,0,0,0,0,1,A,3000,7.51,0,0.04,0,10
19591,30,68000,RENT,1,0,0,1,0,0,0,0,0,1,A,3000,5.42,0,0.04,0,9
19604,33,75500,RENT,5,0,0,1,0,0,0,0,0,1,B,3000,12.42,0,0.04,0,5
19609,30,78000,RENT,14,0,0,1,0,0,0,0,0,1,C,3000,11.97,0,0.04,0,6
19625,33,108000,RENT,11,0,0,1,0,0,0,0,0,1,B,3000,11.36,0,0.03,0,5
19628,29,121000,RENT,3,0,0,1,0,0,0,0,0,1,B,3000,10.25,0,0.02,0,9
19633,28,80000,RENT,7,0,0,1,0,0,0,0,0,1,B,3025,9.99,0,0.04,0,8
19637,32,36000,RENT,2,0,0,1,0,0,0,0,0,1,A,3050,6.99,0,0.08,0,5
19652,29,35000,RENT,0,0,0,1,0,0,0,0,0,1,A,3200,7.49,0,0.09,0,6
19675,27,54000,RENT,5,0,0,1,0,0,0,0,0,1,B,3200,9.88,0,0.06,0,7
19680,29,57504,RENT,2,0,0,1,0,0,0,0,0,1,A,3200,7.68,0,0.06,0,9
19692,27,12240,RENT,0,0,0,1,0,0,0,0,0,1,B,3250,10.36,1,0.27,0,9
19694,27,20000,RENT,4,0,0,1,0,0,0,0,0,1,C,3250,,1,0.16,0,5
19698,31,26400,RENT,2,0,0,1,0,0,0,0,0,1,C,3250,13.48,0,0.12,0,8
19708,34,30000,RENT,4,0,0,1,0,0,0,0,0,1,B,3350,10.99,0,0.11,0,10
19726,35,19200,RENT,0,0,0,1,0,0,0,0,0,1,A,3500,9.32,1,0.18,0,6
19734,35,24000,RENT,3,0,0,1,0,0,0,0,0,1,C,3500,12.99,0,0.15,0,6
19748,31,31500,RENT,2,0,0,1,0,0,0,0,0,1,B,3500,11.49,0,0.11,0,6
19749,29,34000,RENT,0,0,0,1,0,0,0,0,0,1,B,3500,12.69,0,0.1,0,8
19753,27,35000,RENT,1,0,0,1,0,0,0,0,0,1,A,3500,8.59,0,0.1,0,6
19787,27,63945,RENT,6,0,0,1,0,0,0,0,0,1,A,3500,7.9,0,0.05,0,5
19791,27,65000,RENT,9,0,0,1,0,0,0,0,0,1,A,3500,7.37,0,0.05,0,9
19802,29,38400,RENT,4,0,0,1,0,0,0,0,0,1,B,3550,11.49,0,0.09,0,7
19834,28,38700,RENT,8,0,0,1,0,0,0,0,0,1,B,3600,11.12,0,0.09,0,7
19845,29,37500,RENT,0,0,0,1,0,0,0,0,0,1,A,11000,8.49,0,0.29,0,5
19846,30,38126,RENT,1,0,0,1,0,0,0,0,0,1,A,11000,7.51,0,0.29,0,8
19855,29,44000,RENT,8,0,0,1,0,0,0,0,0,1,A,11000,7.29,0,0.25,0,6
19868,33,51000,RENT,0,0,0,1,0,0,0,0,0,1,A,11000,9.63,0,0.22,0,7
19883,28,68000,RENT,4,0,0,1,0,0,0,0,0,1,B,11000,11.49,0,0.16,0,5
19885,28,69996,RENT,1,0,0,1,0,0,0,0,0,1,C,11000,13.79,0,0.16,0,8
19890,35,82863,RENT,14,0,0,1,0,0,0,0,0,1,A,11000,,0,0.13,0,6
19899,30,138000,RENT,0,0,0,1,0,0,0,0,0,1,A,11000,7.49,0,0.08,0,10
19906,30,40000,RENT,4,0,0,1,0,0,0,0,0,1,C,10800,13.57,1,0.27,0,7
19969,31,351699,RENT,7,0,0,1,0,0,0,0,0,1,D,10500,15.7,0,0.03,0,6
19972,27,30456,RENT,0,0,0,1,0,0,0,0,0,1,A,10400,6.91,1,0.34,0,6
19985,29,32400,RENT,5,0,0,1,0,0,0,0,0,1,A,10275,6.62,1,0.32,0,8
19992,27,45000,RENT,6,0,0,1,0,0,0,0,0,1,B,3600,12.42,0,0.08,0,8
20017,28,82300,RENT,3,0,0,1,0,0,0,0,0,1,A,3600,9.63,0,0.04,0,8
20027,31,160000,RENT,8,0,0,1,0,0,0,0,0,1,C,3600,15.23,0,0.02,0,7
20032,35,19200,RENT,2,0,0,1,0,0,0,0,0,1,A,3675,8.49,1,0.19,0,7
20059,28,20292,RENT,3,0,0,1,0,0,0,0,0,1,B,3900,12.53,0,0.19,0,9
20062,28,30000,RENT,4,0,0,1,0,0,0,0,0,1,B,3900,11.99,0,0.13,0,8
20072,31,15000,RENT,2,0,0,1,0,0,0,0,0,1,B,4000,11.49,1,0.27,0,6
20079,27,17000,RENT,2,0,0,1,0,0,0,0,0,1,D,4000,14.42,1,0.24,0,8
20083,28,18000,RENT,,0,0,1,0,0,0,0,0,1,B,4000,11.12,1,0.22,0,8
20115,29,24960,RENT,13,0,0,1,0,0,0,0,0,1,A,4000,5.42,0,0.16,0,6
20131,29,28800,RENT,1,0,0,1,0,0,0,0,0,1,C,4000,13.92,1,0.14,0,10
20158,32,34000,RENT,4,0,0,1,0,0,0,0,0,1,A,4000,7.74,0,0.12,0,10
20159,30,34000,RENT,0,0,0,1,0,0,0,0,0,1,B,4000,10.95,0,0.12,0,10
20161,33,34400,RENT,6,0,0,1,0,0,0,0,0,1,B,4000,10.25,0,0.12,0,9
20163,31,35000,RENT,1,0,0,1,0,0,0,0,0,1,B,4000,10.65,0,0.11,0,5
20198,33,40000,RENT,4,0,0,1,0,0,0,0,0,1,B,4000,,0,0.1,0,7
20203,31,40860,RENT,0,0,0,1,0,0,0,0,0,1,A,4000,,0,0.1,0,7
20204,31,41000,RENT,7,0,0,1,0,0,0,0,0,1,B,4000,10.99,0,0.1,0,8
20215,32,45576,RENT,1,0,0,1,0,0,0,0,0,1,B,4000,10.99,0,0.09,0,9
20218,29,46000,RENT,6,0,0,1,0,0,0,0,0,1,B,4000,9.99,0,0.09,0,9
20240,31,50000,RENT,0,0,0,1,0,0,0,0,0,1,A,4000,6.62,0,0.08,0,8
20263,28,56800,RENT,2,0,0,1,0,0,0,0,0,1,A,4000,7.88,0,0.07,0,9
20269,29,60000,RENT,0,0,0,1,0,0,0,0,0,1,A,4000,7.88,0,0.07,0,5
20273,35,63000,RENT,3,0,0,1,0,0,0,0,0,1,B,4000,11.14,0,0.06,0,8
20279,29,65000,RENT,3,0,0,1,0,0,0,0,0,1,A,4000,7.74,0,0.06,0,6
20304,28,90000,RENT,0,0,0,1,0,0,0,0,0,1,C,4000,13.49,0,0.04,0,8
20308,30,96000,RENT,1,0,0,1,0,0,0,0,0,1,B,4000,10.75,0,0.04,0,5
20319,28,135000,RENT,5,0,0,1,0,0,0,0,0,1,B,4000,12.42,0,0.03,0,5
20333,35,130000,RENT,6,0,0,1,0,0,0,0,0,1,B,4375,,0,0.03,0,7
20337,31,30000,RENT,10,0,0,1,0,0,0,0,0,1,D,4400,15.62,0,0.15,0,8
20348,29,13200,RENT,3,0,0,1,0,0,0,0,0,1,D,4475,16.89,1,0.34,0,9
20373,27,35000,RENT,1,0,0,1,0,0,0,0,0,1,A,4500,7.66,0,0.13,0,7
20376,27,36000,RENT,11,0,0,1,0,0,0,0,0,1,A,4500,7.49,0,0.13,0,5
20377,28,37000,RENT,2,0,0,1,0,0,0,0,0,1,B,4500,11.11,0,0.12,0,6
20382,28,39600,RENT,6,0,0,1,0,0,0,0,0,1,B,4500,10.25,0,0.11,0,10
20409,27,60000,RENT,5,0,0,1,0,0,0,0,0,1,C,4500,14.22,0,0.07,0,8
20411,29,70000,RENT,4,0,0,1,0,0,0,0,0,1,A,4500,6.62,0,0.06,0,9
20417,31,17000,RENT,3,0,0,1,0,0,0,0,0,1,B,4575,11.48,1,0.27,0,7
20421,28,48000,RENT,2,0,0,1,0,0,0,0,0,1,B,4600,11.86,0,0.1,0,8
20422,30,50000,RENT,6,0,0,1,0,0,0,0,0,1,B,4600,11.49,0,0.09,0,7
20428,32,50000,RENT,0,0,0,1,0,0,0,0,0,1,B,4675,10,0,0.09,0,7
20446,35,14400,RENT,2,0,0,1,0,0,0,0,0,1,B,4800,10.62,1,0.33,0,7
20450,28,19200,RENT,4,0,0,1,0,0,0,0,0,1,C,4800,,1,0.25,0,6
20466,33,27996,RENT,0,0,0,1,0,0,0,0,0,1,A,4800,9.63,0,0.17,0,8
20478,28,34000,RENT,1,0,0,1,0,0,0,0,0,1,B,4800,11.49,0,0.14,0,7
20495,27,44000,RENT,6,0,0,1,0,0,0,0,0,1,A,4800,7.51,0,0.11,0,10
20519,30,54000,RENT,2,0,0,1,0,0,0,0,0,1,C,4800,13.23,0,0.09,0,8
20541,34,77000,RENT,0,0,0,1,0,0,0,0,0,1,A,4800,7.14,0,0.06,0,7
20563,31,100000,RENT,2,0,0,1,0,0,0,0,0,1,A,10000,8.49,0,0.1,0,5
20565,31,100000,RENT,5,0,0,1,0,0,0,0,0,1,A,10000,,0,0.1,0,8
20568,29,100000,RENT,4,0,0,1,0,0,0,0,0,1,A,10000,9.63,0,0.1,0,9
20582,33,110000,RENT,0,0,0,1,0,0,0,0,0,1,A,10000,9.32,0,0.09,0,6
20596,27,125000,RENT,5,0,0,1,0,0,0,0,0,1,B,10000,10.62,0,0.08,0,6
20603,31,120600,RENT,5,0,0,1,0,0,0,0,0,1,C,10000,13.49,1,0.08,0,5
20623,28,39000,RENT,3,0,0,1,0,0,0,0,0,1,B,9900,10.95,0,0.25,0,6
20636,28,21600,RENT,4,0,0,1,0,0,0,0,0,1,D,9750,,1,0.45,0,10
20638,27,43000,RENT,8,0,0,1,0,0,0,0,0,1,B,4900,9.91,0,0.11,0,5
20645,29,27919,RENT,,0,0,1,0,0,0,0,0,1,B,5000,,0,0.18,0,10
20649,28,28800,RENT,2,0,0,1,0,0,0,0,0,1,B,5000,10.65,0,0.17,0,9
20651,31,28800,RENT,1,0,0,1,0,0,0,0,0,1,B,5000,9.25,0,0.17,0,7
20657,34,29152,RENT,,0,0,1,0,0,0,0,0,1,B,5000,10.36,0,0.17,0,7
20669,29,30000,RENT,3,0,0,1,0,0,0,0,0,1,A,5000,9.32,0,0.17,0,5
20672,32,30960,RENT,5,0,0,1,0,0,0,0,0,1,B,5000,11.49,0,0.16,0,10
20673,30,31000,RENT,1,0,0,1,0,0,0,0,0,1,B,5000,9.91,0,0.16,0,10
20674,35,31000,RENT,0,0,0,1,0,0,0,0,0,1,C,5000,14.35,0,0.16,0,7
20694,28,33600,RENT,12,0,0,1,0,0,0,0,0,1,A,5000,5.42,0,0.15,0,8
20704,31,35000,RENT,3,0,0,1,0,0,0,0,0,1,B,5000,10.65,0,0.14,0,5
20721,30,36000,RENT,2,0,0,1,0,0,0,0,0,1,B,5000,10.75,0,0.14,0,5
20722,32,36000,RENT,2,0,0,1,0,0,0,0,0,1,B,5000,11.83,0,0.14,0,10
20729,32,37000,RENT,0,0,0,1,0,0,0,0,0,1,B,5000,11.49,0,0.14,0,7
20732,32,37300,RENT,2,0,0,1,0,0,0,0,0,1,B,5000,12.53,0,0.13,0,9
20736,32,37992,RENT,3,0,0,1,0,0,0,0,0,1,E,5000,16.35,0,0.13,0,5
20754,28,39000,RENT,3,0,0,1,0,0,0,0,0,1,B,5000,10.25,0,0.13,0,10
20764,34,40000,RENT,2,0,0,1,0,0,0,0,0,1,B,5000,12.53,0,0.13,0,10
20766,31,40000,RENT,0,0,0,1,0,0,0,0,0,1,B,5000,9.45,0,0.13,0,10
20770,35,40800,RENT,5,0,0,1,0,0,0,0,0,1,A,5000,6.54,0,0.12,0,5
20779,34,42000,RENT,17,0,0,1,0,0,0,0,0,1,B,5000,,0,0.12,0,5
20790,27,42072,RENT,3,0,0,1,0,0,0,0,0,1,B,5000,11.49,0,0.12,0,10
20797,30,43000,RENT,0,0,0,1,0,0,0,0,0,1,B,5000,9.62,0,0.12,0,9
20809,31,45000,RENT,2,0,0,1,0,0,0,0,0,1,C,5000,13.35,0,0.11,0,8
20850,34,55000,RENT,7,0,0,1,0,0,0,0,0,1,A,9000,7.74,0,0.16,0,6
20854,27,57057,RENT,3,0,0,1,0,0,0,0,0,1,C,9000,13.11,0,0.16,0,5
20877,29,62532,RENT,6,0,0,1,0,0,0,0,0,1,C,9000,13.49,0,0.14,0,6
20889,31,70000,RENT,0,0,0,1,0,0,0,0,0,1,B,9000,10,0,0.13,0,5
20893,27,70176,RENT,3,0,0,1,0,0,0,0,0,1,A,9000,7.88,0,0.13,0,8
20915,33,88000,RENT,3,0,0,1,0,0,0,0,0,1,D,9000,14.54,0,0.1,0,9
20937,31,116400,RENT,3,0,0,1,0,0,0,0,0,1,B,8900,10,0,0.08,0,5
20942,28,24000,RENT,8,0,0,1,0,0,0,0,0,1,B,8875,10.65,1,0.37,0,9
20963,28,93200,RENT,1,0,0,1,0,0,0,0,0,1,A,8800,7.88,0,0.09,0,7
20997,27,23000,RENT,0,0,0,1,0,0,0,0,0,1,A,8500,,1,0.37,0,7
21034,34,50004,RENT,5,0,0,1,0,0,0,0,0,1,B,8500,9.45,0,0.17,0,6
21048,29,28000,RENT,9,0,0,1,0,0,0,0,0,1,B,8400,11.48,0,0.3,0,6
21058,28,53500,RENT,4,0,0,1,0,0,0,0,0,1,B,5000,12.18,0,0.09,0,5
21091,33,58000,RENT,0,0,0,1,0,0,0,0,0,1,A,5000,7.51,0,0.09,0,7
21110,30,54000,RENT,2,0,0,1,0,0,0,0,0,1,E,5000,15.13,1,0.09,0,9
21111,32,60040,RENT,1,0,0,1,0,0,0,0,0,1,B,5000,8.88,0,0.08,0,10
21112,30,60400,RENT,2,0,0,1,0,0,0,0,0,1,B,5000,12.69,0,0.08,0,8
21114,28,61000,RENT,3,0,0,1,0,0,0,0,0,1,B,5000,10.37,0,0.08,0,7
21138,27,66240,RENT,7,0,0,1,0,0,0,0,0,1,A,5000,5.79,0,0.08,0,6
21141,32,68000,RENT,16,0,0,1,0,0,0,0,0,1,D,5000,15.7,0,0.07,0,7
21149,35,70000,RENT,9,0,0,1,0,0,0,0,0,1,A,5000,7.74,0,0.07,0,6
21169,34,80000,RENT,4,0,0,1,0,0,0,0,0,1,A,5000,,0,0.06,0,9
21177,33,82000,RENT,9,0,0,1,0,0,0,0,0,1,A,5000,7.51,0,0.06,0,8
21189,34,85000,RENT,7,0,0,1,0,0,0,0,0,1,B,5000,11.83,0,0.06,0,5
21191,30,85000,RENT,5,0,0,1,0,0,0,0,0,1,D,5000,15.05,0,0.06,0,9
21207,30,92001,RENT,3,0,0,1,0,0,0,0,0,1,A,5000,,0,0.05,0,6
21210,28,96000,RENT,5,0,0,1,0,0,0,0,0,1,B,5000,11.12,0,0.05,0,7
21224,27,103000,RENT,2,0,0,1,0,0,0,0,0,1,A,5000,9.32,0,0.05,0,7
21230,27,140000,RENT,0,0,0,1,0,0,0,0,0,1,B,5000,9.99,0,0.04,0,8
21238,35,200000,RENT,7,0,0,1,0,0,0,0,0,1,B,5000,,0,0.03,0,10
21258,32,36000,RENT,4,0,0,1,0,0,0,0,0,1,A,5300,8.9,0,0.15,0,6
21263,34,25000,RENT,0,0,0,1,0,0,0,0,0,1,B,5325,10.99,0,0.21,0,7
21274,29,40000,RENT,4,0,0,1,0,0,0,0,0,1,A,5400,7.9,0,0.14,0,7
21295,27,15085,RENT,2,0,0,1,0,0,0,0,0,1,A,5500,5.99,1,0.36,0,8
21312,32,25000,RENT,12,0,0,1,0,0,0,0,0,1,B,5500,11.11,0,0.22,0,10
21330,30,40000,RENT,14,0,0,1,0,0,0,0,0,1,A,5500,6.62,0,0.14,0,8
21373,35,36000,RENT,1,0,0,1,0,0,0,0,0,1,C,5600,13.06,0,0.16,0,7
21420,28,75000,RENT,0,0,0,1,0,0,0,0,0,1,A,5625,6.91,0,0.07,0,5
21434,31,26988,RENT,,0,0,1,0,0,0,0,0,1,A,5800,6.62,0,0.21,0,9
21469,34,18000,RENT,0,0,0,1,0,0,0,0,0,1,B,6000,,1,0.33,0,7
21496,31,24000,RENT,3,0,0,1,0,0,0,0,0,1,A,6000,8.49,0,0.25,0,9
21509,27,26004,RENT,7,0,0,1,0,0,0,0,0,1,A,6000,7.14,0,0.23,0,5
21518,27,28000,RENT,3,0,0,1,0,0,0,0,0,1,C,6000,13.92,0,0.21,0,6
21522,29,29496,RENT,5,0,0,1,0,0,0,0,0,1,A,6000,5.79,0,0.2,0,8
21559,28,32004,RENT,5,0,0,1,0,0,0,0,0,1,C,6000,13.99,0,0.19,0,9
21562,29,33000,RENT,4,0,0,1,0,0,0,0,0,1,B,6000,9.99,0,0.18,0,6
21567,30,33600,RENT,5,0,0,1,0,0,0,0,0,1,A,6000,6.91,0,0.18,0,7
21582,32,35000,RENT,2,0,0,1,0,0,0,0,0,1,B,6000,,0,0.17,0,9
21595,33,30000,RENT,2,0,0,1,0,0,0,0,0,1,E,6000,19.42,1,0.2,0,10
21617,30,38004,RENT,4,0,0,1,0,0,0,0,0,1,B,6000,,0,0.16,0,10
21647,33,35600,RENT,1,0,0,1,0,0,0,0,0,1,C,6000,13.49,1,0.17,0,5
21650,34,42000,RENT,5,0,0,1,0,0,0,0,0,1,C,6000,14.22,0,0.14,0,10
21651,34,36000,RENT,0,0,0,1,0,0,0,0,0,1,D,6000,,1,0.17,0,10
21662,28,43150,RENT,3,0,0,1,0,0,0,0,0,1,B,6000,9.99,0,0.14,0,9
21678,27,39000,RENT,1,0,0,1,0,0,0,0,0,1,D,6000,14.61,1,0.15,0,7
21685,31,47000,RENT,4,0,0,1,0,0,0,0,0,1,A,6000,6.99,0,0.13,0,7
21700,29,42996,RENT,5,0,0,1,0,0,0,0,0,1,C,6000,15.96,1,0.14,0,5
21705,33,49000,RENT,2,0,0,1,0,0,0,0,0,1,B,6000,10.99,0,0.12,0,6
21721,29,50000,RENT,0,0,0,1,0,0,0,0,0,1,B,6000,8.88,0,0.12,0,7
21725,27,50000,RENT,3,0,0,1,0,0,0,0,0,1,B,6000,11.36,0,0.12,0,9
21747,28,54000,RENT,9,0,0,1,0,0,0,0,0,1,A,6000,5.42,0,0.11,0,5
21764,31,57006,RENT,7,0,0,1,0,0,0,0,0,1,A,6000,7.29,0,0.11,0,10
21791,34,60000,RENT,3,0,0,1,0,0,0,0,0,1,A,6000,8,0,0.1,0,9
21797,30,61400,RENT,4,0,0,1,0,0,0,0,0,1,C,6000,15.96,0,0.1,0,9
21802,32,22800,RENT,1,0,0,1,0,0,0,0,0,1,D,7125,15.28,1,0.31,0,5
21821,29,18000,RENT,5,0,0,1,0,0,0,0,0,1,B,7000,10.99,1,0.39,0,5
21834,28,25000,RENT,0,0,0,1,0,0,0,0,0,1,A,7000,6.92,0,0.28,0,6
21843,31,65000,RENT,9,0,0,1,0,0,0,0,0,1,A,6000,6.99,0,0.09,0,10
21847,29,65000,RENT,2,0,0,1,0,0,0,0,0,1,B,6000,11.14,0,0.09,0,10
21873,32,72000,RENT,5,0,0,1,0,0,0,0,0,1,A,6000,8.49,0,0.08,0,10
21874,29,72000,RENT,1,0,0,1,0,0,0,0,0,1,B,6000,9.63,0,0.08,0,5
21889,28,75000,RENT,0,0,0,1,0,0,0,0,0,1,A,6000,7.49,0,0.08,0,6
21894,31,75000,RENT,2,0,0,1,0,0,0,0,0,1,A,6000,7.68,0,0.08,0,10
21902,32,80000,RENT,3,0,0,1,0,0,0,0,0,1,B,6000,12.69,0,0.07,0,7
21910,27,81000,RENT,4,0,0,1,0,0,0,0,0,1,B,6000,11.86,0,0.07,0,10
21911,27,81000,RENT,0,0,0,1,0,0,0,0,0,1,A,6000,7.14,0,0.07,0,9
21927,27,89700,RENT,1,0,0,1,0,0,0,0,0,1,B,6000,11.99,0,0.07,0,7
21928,27,90000,RENT,1,0,0,1,0,0,0,0,0,1,B,6000,11.71,0,0.07,0,8
21938,29,95000,RENT,0,0,0,1,0,0,0,0,0,1,B,6000,11.49,0,0.06,0,7
21952,27,115000,RENT,3,0,0,1,0,0,0,0,0,1,A,6000,7.4,0,0.05,0,5
21965,29,70000,RENT,2,0,0,1,0,0,0,0,0,1,A,6125,7.49,0,0.09,0,8
21967,35,29400,RENT,0,0,0,1,0,0,0,0,0,1,B,6150,12.21,0,0.21,0,5
21986,28,81000,RENT,13,0,0,1,0,0,0,0,0,1,A,6225,7.9,0,0.08,0,7
22000,27,58000,RENT,11,0,0,1,0,0,0,0,0,1,A,7000,,0,0.12,0,9
22004,27,60000,RENT,8,0,0,1,0,0,0,0,0,1,A,7000,6.99,0,0.12,0,10
22007,27,60000,RENT,3,0,0,1,0,0,0,0,0,1,F,7000,19.47,0,0.12,0,7
22010,33,62000,RENT,17,0,0,1,0,0,0,0,0,1,A,7000,6.99,0,0.11,0,9
22025,27,65000,RENT,5,0,0,1,0,0,0,0,0,1,C,7000,13.57,0,0.11,0,7
22038,31,73000,RENT,2,0,0,1,0,0,0,0,0,1,A,7000,7.9,0,0.1,0,7
22063,29,92000,RENT,5,0,0,1,0,0,0,0,0,1,A,7000,9.32,0,0.08,0,10
22070,29,99000,RENT,1,0,0,1,0,0,0,0,0,1,B,7000,11.11,0,0.07,0,10
22079,31,123000,RENT,2,0,0,1,0,0,0,0,0,1,A,7000,8.49,0,0.06,0,10
22089,29,54380,RENT,4,0,0,1,0,0,0,0,0,1,B,6300,10.75,0,0.12,0,10
22096,32,38000,RENT,3,0,0,1,0,0,0,0,0,1,A,6350,5.79,0,0.17,0,6
22104,27,21840,RENT,0,0,0,1,0,0,0,0,0,1,E,6500,16.35,1,0.3,0,7
22108,29,26400,RENT,2,0,0,1,0,0,0,0,0,1,B,6500,10.38,0,0.25,0,10
22120,28,39520,RENT,0,0,0,1,0,0,0,0,0,1,B,6500,11.89,0,0.16,0,6
22121,27,39996,RENT,4,0,0,1,0,0,0,0,0,1,A,6500,9.63,0,0.16,0,7
22126,33,41000,RENT,2,0,0,1,0,0,0,0,0,1,A,6500,7.51,0,0.16,0,7
22146,33,67000,RENT,1,0,0,1,0,0,0,0,0,1,A,6500,7.74,0,0.1,0,5
22149,27,69476,RENT,3,0,0,1,0,0,0,0,0,1,A,6500,6.17,0,0.09,0,7
22162,29,29500,RENT,3,0,0,1,0,0,0,0,0,1,A,6550,7.9,0,0.22,0,10
22174,27,40200,RENT,2,0,0,1,0,0,0,0,0,1,B,6600,11.14,0,0.16,0,7
22175,27,50100,RENT,11,0,0,1,0,0,0,0,0,1,A,6600,8,0,0.13,0,7
22190,32,28600,RENT,3,0,0,1,0,0,0,0,0,1,B,6700,10.37,0,0.23,0,9
22223,29,18000,RENT,,0,0,1,0,0,0,0,0,1,B,6400,10.37,1,0.36,0,5
22260,30,50000,RENT,2,0,0,1,0,0,0,0,0,1,B,6400,11.71,0,0.13,0,6
22272,27,58500,RENT,11,0,0,1,0,0,0,0,0,1,B,6400,12.53,0,0.11,0,5
22277,33,66000,RENT,2,0,0,1,0,0,0,0,0,1,D,6400,14.96,1,0.1,0,7
22279,29,75000,RENT,5,0,0,1,0,0,0,0,0,1,A,6400,7.49,0,0.09,0,8
22285,28,87000,RENT,7,0,0,1,0,0,0,0,0,1,B,6400,10.39,0,0.07,0,6
22315,29,27000,RENT,4,0,0,1,0,0,0,0,0,1,C,7000,13.72,0,0.26,0,7
22335,29,30000,RENT,4,0,0,1,0,0,0,0,0,1,B,7000,12.18,0,0.23,0,9
22343,31,33000,RENT,2,0,0,1,0,0,0,0,0,1,A,7000,8.9,0,0.21,0,10
22361,32,37440,RENT,8,0,0,1,0,0,0,0,0,1,B,7000,9.91,0,0.19,0,8
22363,27,38000,RENT,12,0,0,1,0,0,0,0,0,1,A,7000,7.66,0,0.18,0,6
22375,29,40000,RENT,14,0,0,1,0,0,0,0,0,1,A,7000,7.14,0,0.17,0,5
22391,28,42000,RENT,0,0,0,1,0,0,0,0,0,1,B,7000,11.11,0,0.17,0,6
22409,27,44400,RENT,7,0,0,1,0,0,0,0,0,1,B,7000,10,0,0.16,0,6
22418,33,45000,RENT,0,0,0,1,0,0,0,0,0,1,B,7000,10.38,0,0.16,0,8
22442,28,50000,RENT,0,0,0,1,0,0,0,0,0,1,A,7000,6.92,0,0.14,0,9
22474,27,18200,RENT,8,0,0,1,0,0,0,0,0,1,A,7200,7.49,1,0.4,0,9
22498,34,35000,RENT,2,0,0,1,0,0,0,0,0,1,B,7200,12.42,0,0.21,0,9
22503,27,40000,RENT,1,0,0,1,0,0,0,0,0,1,C,7200,13.22,0,0.18,0,6
22509,31,41196,RENT,1,0,0,1,0,0,0,0,0,1,A,7200,7.9,0,0.17,0,7
22513,29,43108,RENT,7,0,0,1,0,0,0,0,0,1,A,7200,6.03,0,0.17,0,7
22519,35,50000,RENT,6,0,0,1,0,0,0,0,0,1,B,7200,11.99,0,0.14,0,9
22559,27,85000,RENT,0,0,0,1,0,0,0,0,0,1,A,7200,7.68,0,0.08,0,10
22564,28,90000,RENT,0,0,0,1,0,0,0,0,0,1,A,7200,5.42,0,0.08,0,5
22565,33,94000,RENT,4,0,0,1,0,0,0,0,0,1,A,7200,,0,0.08,0,6
22567,28,112123,RENT,2,0,0,1,0,0,0,0,0,1,A,7200,8.59,0,0.06,0,9
22642,30,40000,RENT,3,0,0,1,0,0,0,0,0,1,B,7500,12.69,0,0.19,0,5
22656,30,34000,RENT,1,0,0,1,0,0,0,0,0,1,C,7500,,1,0.22,0,6
22664,33,38604,RENT,0,0,0,1,0,0,0,0,0,1,D,7500,,1,0.19,0,5
22680,28,48500,RENT,3,0,0,1,0,0,0,0,0,1,D,7500,12.86,0,0.15,0,7
22696,31,54200,RENT,4,0,0,1,0,0,0,0,0,1,C,7500,12.61,0,0.14,0,10
22704,31,56400,RENT,1,0,0,1,0,0,0,0,0,1,B,7500,11.48,0,0.13,0,10
22705,30,57000,RENT,4,0,0,1,0,0,0,0,0,1,C,7500,14.27,0,0.13,0,5
22744,31,85000,RENT,3,0,0,1,0,0,0,0,0,1,B,7500,10.08,0,0.09,0,5
22780,35,33000,RENT,2,0,0,1,0,0,0,0,0,1,C,7600,15.27,0,0.23,0,6
22805,29,24000,RENT,,0,0,1,0,0,0,0,0,1,C,7750,13.85,1,0.32,0,8
22829,34,54000,RENT,2,0,0,1,0,0,0,0,0,1,D,7800,14.84,1,0.14,0,6
22846,31,13000,RENT,0,0,0,1,0,0,0,0,0,1,C,8000,12.84,1,0.62,0,10
22877,33,24000,RENT,1,0,0,1,0,0,0,0,0,1,B,8000,11.12,1,0.33,0,9
22887,28,26000,RENT,7,0,0,1,0,0,0,0,0,1,B,8000,11.36,1,0.31,0,5
22913,32,30000,RENT,0,0,0,1,0,0,0,0,0,1,A,8000,7.74,0,0.27,0,9
22946,31,35142,RENT,,0,0,1,0,0,0,0,0,1,B,8000,11.11,0,0.23,0,6
22955,29,36000,RENT,0,0,0,1,0,0,0,0,0,1,A,8000,,0,0.22,0,7
22994,27,40000,RENT,11,0,0,1,0,0,0,0,0,1,B,8000,11.99,0,0.2,0,7
22997,27,40000,RENT,0,0,0,1,0,0,0,0,0,1,B,8000,10.25,0,0.2,0,10
23007,31,42000,RENT,3,0,0,1,0,0,0,0,0,1,B,8000,12.42,0,0.19,0,7
23021,30,43000,RENT,4,0,0,1,0,0,0,0,0,1,D,8000,16.49,0,0.19,0,5
23030,33,44000,RENT,5,0,0,1,0,0,0,0,0,1,D,8000,17.49,0,0.18,0,8
23071,29,50000,RENT,9,0,0,1,0,0,0,0,0,1,B,8000,11.71,0,0.16,0,9
23086,27,50000,RENT,5,0,0,1,0,0,0,0,0,1,A,8000,7.14,0,0.16,0,6
23096,28,52000,RENT,1,0,0,1,0,0,0,0,0,1,C,8000,,0,0.15,0,8
23100,31,52000,RENT,0,0,0,1,0,0,0,0,0,1,A,8000,7.51,0,0.15,0,5
23111,27,54590,RENT,9,0,0,1,0,0,0,0,0,1,B,8000,11.49,0,0.15,0,6
23140,27,58000,RENT,1,0,0,1,0,0,0,0,0,1,B,8000,11.36,0,0.14,0,7
23151,29,60000,RENT,4,0,0,1,0,0,0,0,0,1,B,8000,11.14,0,0.13,0,5
23205,34,19200,RENT,18,0,0,1,0,0,0,0,0,1,A,5000,6.99,1,0.26,0,7
23223,30,21600,RENT,4,0,0,1,0,0,0,0,0,1,B,5000,11.71,0,0.23,0,7
23234,33,23400,RENT,13,0,0,1,0,0,0,0,0,1,B,5000,12.69,0,0.21,0,10
23251,27,24000,RENT,2,0,0,1,0,0,0,0,0,1,C,5000,14.72,0,0.21,0,10
23258,35,24996,RENT,0,0,0,1,0,0,0,0,0,1,A,5000,8.49,0,0.2,0,6
23269,32,25591,RENT,4,0,0,1,0,0,0,0,0,1,B,5000,10.65,0,0.2,0,9
23295,33,62000,RENT,4,0,0,1,0,0,0,0,0,1,B,8000,11.48,0,0.13,0,7
23297,28,63000,RENT,10,0,0,1,0,0,0,0,0,1,D,8000,16.29,0,0.13,0,7
23302,27,64800,RENT,3,0,0,1,0,0,0,0,0,1,C,8000,13.49,0,0.12,0,10
23355,30,73008,RENT,5,0,0,1,0,0,0,0,0,1,B,8000,9.99,0,0.11,0,7
23365,31,78000,RENT,2,0,0,1,0,0,0,0,0,1,A,8000,7.9,0,0.1,0,7
23367,27,78500,RENT,6,0,0,1,0,0,0,0,0,1,A,8000,8.59,0,0.1,0,5
23417,34,130000,RENT,2,0,0,1,0,0,0,0,0,1,B,8000,10.99,0,0.06,0,10
23419,30,132640,RENT,6,0,0,1,0,0,0,0,0,1,C,8000,13.57,0,0.06,0,5
23451,31,26900,RENT,1,0,0,1,0,0,0,0,0,1,A,8325,7.51,1,0.31,0,7
23463,35,33144,RENT,3,0,0,1,0,0,0,0,0,1,D,8400,14.91,0,0.25,0,8
23481,35,49872,RENT,2,0,0,1,0,0,0,0,0,1,A,8400,7.29,0,0.17,0,9
23491,29,52000,RENT,3,0,0,1,0,0,0,0,0,1,A,8400,5.79,0,0.16,0,6
23494,27,52800,RENT,2,0,0,1,0,0,0,0,0,1,B,8400,11.86,0,0.16,0,10
23528,27,35000,RENT,11,0,0,1,0,0,0,0,0,1,C,8575,15.27,0,0.24,0,6
23534,30,43200,RENT,6,0,0,1,0,0,0,0,0,1,B,8600,11.36,0,0.2,0,5
23539,28,28320,RENT,4,0,0,1,0,0,0,0,0,1,D,8700,14.61,1,0.31,0,10
23561,32,24000,RENT,0,0,0,1,0,0,0,0,0,1,D,9000,15.62,1,0.38,0,7
23632,33,42597,RENT,5,0,0,1,0,0,0,0,0,1,B,9000,10.37,0,0.21,0,5
23649,30,46000,RENT,5,0,0,1,0,0,0,0,0,1,A,9000,7.29,0,0.2,0,5
23670,35,52000,RENT,2,0,0,1,0,0,0,0,0,1,B,9000,,0,0.17,0,9
23699,27,60000,RENT,2,0,0,1,0,0,0,0,0,1,B,9200,12.42,0,0.15,0,7
23716,33,29736,RENT,,0,0,1,0,0,0,0,0,1,B,9250,9.99,1,0.31,0,10
23720,29,40000,RENT,0,0,0,1,0,0,0,0,0,1,C,9250,14.65,0,0.23,0,7
23723,30,67000,RENT,2,0,0,1,0,0,0,0,0,1,A,9250,,0,0.14,0,7
23759,29,40000,RENT,7,0,0,1,0,0,0,0,0,1,A,9500,,0,0.24,0,7
23782,28,30000,RENT,0,0,0,1,0,0,0,0,0,1,A,9600,,1,0.32,0,7
23801,30,41000,RENT,7,0,0,1,0,0,0,0,0,1,A,9600,,0,0.23,0,9
23817,29,53000,RENT,7,0,0,1,0,0,0,0,0,1,C,9600,12.73,0,0.18,0,5
23819,29,58327,RENT,4,0,0,1,0,0,0,0,0,1,B,9600,11.48,0,0.16,0,5
23821,27,60000,RENT,7,0,0,1,0,0,0,0,0,1,B,9600,10.65,0,0.16,0,7
23866,27,56400,RENT,1,0,0,1,0,0,0,0,0,1,B,9700,8.88,0,0.17,0,10
23882,34,86000,RENT,4,0,0,1,0,0,0,0,0,1,A,9950,7.88,0,0.12,0,7
23918,34,26000,RENT,2,0,0,1,0,0,0,0,0,1,B,10000,12.42,1,0.38,0,7
23945,28,30000,RENT,0,0,0,1,0,0,0,0,0,1,D,10000,14.54,1,0.33,0,7
23949,28,30000,RENT,7,0,0,1,0,0,0,0,0,1,B,10000,10.38,1,0.33,0,5
23952,30,30000,RENT,2,0,0,1,0,0,0,0,0,1,C,10000,,1,0.33,0,7
24011,27,35000,RENT,11,0,0,1,0,0,0,0,0,1,A,10000,8.49,0,0.29,0,6
24019,27,35000,RENT,5,0,0,1,0,0,0,0,0,1,C,10000,13.48,0,0.29,0,10
24041,32,36000,RENT,,0,0,1,0,0,0,0,0,1,B,10000,11.99,0,0.28,0,9
24062,30,37000,RENT,2,0,0,1,0,0,0,0,0,1,A,10000,7.88,0,0.27,0,6
24072,27,38000,RENT,0,0,0,1,0,0,0,0,0,1,B,10000,9.76,0,0.26,0,5
24083,32,38400,RENT,1,0,0,1,0,0,0,0,0,1,B,10000,10.39,0,0.26,0,10
24097,27,40000,RENT,4,0,0,1,0,0,0,0,0,1,D,10000,,0,0.25,0,7
24111,27,34000,RENT,3,0,0,1,0,0,0,0,0,1,C,10000,13.49,1,0.29,0,10
24137,31,40000,RENT,2,0,0,1,0,0,0,0,0,1,C,10000,11.41,0,0.25,0,5
24152,30,42000,RENT,4,0,0,1,0,0,0,0,0,1,A,10000,,0,0.24,0,9
24179,29,45000,RENT,4,0,0,1,0,0,0,0,0,1,B,10000,12.42,0,0.22,0,7
24183,34,45000,RENT,,0,0,1,0,0,0,0,0,1,B,10000,11.71,0,0.22,0,10
24196,35,45000,RENT,2,0,0,1,0,0,0,0,0,1,B,10000,10.36,0,0.22,0,5
24213,30,45000,RENT,4,0,0,1,0,0,0,0,0,1,D,10000,13.36,0,0.22,0,9
24222,28,35000,RENT,5,0,0,1,0,0,0,0,0,1,F,4250,16.96,0,0.12,0,6
24239,27,46000,RENT,1,0,0,1,0,0,0,0,0,1,A,10000,9.32,0,0.22,0,7
24242,34,30000,RENT,5,0,0,1,0,0,0,0,0,1,A,4200,5.79,0,0.14,0,5
24244,27,30000,RENT,2,0,0,1,0,0,0,0,0,1,B,4200,12.53,0,0.14,0,10
24258,28,40000,RENT,2,0,0,1,0,0,0,0,0,1,A,4200,7.51,0,0.1,0,5
24294,32,65000,RENT,2,0,0,1,0,0,0,0,0,1,C,4200,14.79,0,0.06,0,10
24420,27,51000,RENT,0,0,0,1,0,0,0,0,0,1,A,10000,7.88,0,0.2,0,5
24435,28,52000,RENT,12,0,0,1,0,0,0,0,0,1,A,10000,6.92,0,0.19,0,8
24440,31,52000,RENT,4,0,0,1,0,0,0,0,0,1,B,10000,11.83,0,0.19,0,7
24451,33,54000,RENT,13,0,0,1,0,0,0,0,0,1,A,10000,8.9,0,0.19,0,5
24461,29,54996,RENT,1,0,0,1,0,0,0,0,0,1,B,10000,9.99,0,0.18,0,10
24498,27,56253,RENT,11,0,0,1,0,0,0,0,0,1,B,10000,11.36,0,0.18,0,8
24538,30,60000,RENT,,0,0,1,0,0,0,0,0,1,A,10000,6.03,0,0.17,0,7
24563,32,60000,RENT,4,0,0,1,0,0,0,0,0,1,A,10000,7.51,0,0.17,0,9
24576,27,60132,RENT,11,0,0,1,0,0,0,0,0,1,B,10000,10.62,0,0.17,0,6
24578,33,60626,RENT,3,0,0,1,0,0,0,0,0,1,B,10000,10.74,0,0.16,0,6
24580,29,61000,RENT,12,0,0,1,0,0,0,0,0,1,D,10000,16.07,0,0.16,0,9
24584,34,44000,RENT,2,0,0,1,0,0,0,0,0,1,B,4000,10.36,0,0.09,0,9
24608,31,62004,RENT,1,0,0,1,0,0,0,0,0,1,C,10000,12.84,0,0.16,0,5
24644,27,66000,RENT,6,0,0,1,0,0,0,0,0,1,A,10000,7.9,0,0.15,0,7
24646,29,66000,RENT,4,0,0,1,0,0,0,0,0,1,A,10000,7.9,0,0.15,0,6
24647,28,66000,RENT,9,0,0,1,0,0,0,0,0,1,A,10000,7.9,0,0.15,0,9
24649,33,66500,RENT,13,0,0,1,0,0,0,0,0,1,B,10000,10.95,0,0.15,0,6
24666,29,68500,RENT,4,0,0,1,0,0,0,0,0,1,B,10000,12.53,0,0.15,0,7
24667,30,68580,RENT,3,0,0,1,0,0,0,0,0,1,A,10000,7.88,0,0.15,0,10
24718,28,75000,RENT,6,0,0,1,0,0,0,0,0,1,A,10000,7.9,0,0.13,0,5
24761,31,80000,RENT,3,0,0,1,0,0,0,0,0,1,A,10000,7.66,0,0.13,0,7
24775,30,81004,RENT,3,0,0,1,0,0,0,0,0,1,A,10000,6.91,0,0.12,0,9
24811,27,88000,RENT,4,0,0,1,0,0,0,0,0,1,A,10000,7.51,0,0.11,0,7
24812,31,89000,RENT,1,0,0,1,0,0,0,0,0,1,B,10000,10.99,0,0.11,0,9
24856,27,146000,RENT,3,0,0,1,0,0,0,0,0,1,C,10175,12.99,1,0.07,0,6
24900,34,33500,RENT,0,0,0,1,0,0,0,0,0,1,B,11200,12.21,1,0.33,0,9
24964,31,35000,RENT,1,0,0,1,0,0,0,0,0,1,A,11400,6.91,1,0.33,0,8
24988,27,30000,RENT,2,0,0,1,0,0,0,0,0,1,B,11500,10.36,1,0.38,0,6
24990,27,30000,RENT,6,0,0,1,0,0,0,0,0,1,B,11500,10.36,1,0.38,0,7
24992,30,32000,RENT,15,0,0,1,0,0,0,0,0,1,C,11500,15.23,1,0.36,0,6
25014,32,74500,RENT,1,0,0,1,0,0,0,0,0,1,A,11500,7.05,0,0.15,0,8
25016,35,110000,RENT,2,0,0,1,0,0,0,0,0,1,B,11500,11.49,0,0.1,0,10
25038,30,22452,RENT,2,0,0,1,0,0,0,0,0,1,A,12000,7.29,1,0.53,0,5
25053,27,26237,RENT,0,0,0,1,0,0,0,0,0,1,C,12000,13.22,1,0.46,0,5
25054,32,26400,RENT,12,0,0,1,0,0,0,0,0,1,A,12000,6.17,1,0.45,0,9
25113,29,36000,RENT,6,0,0,1,0,0,0,0,0,1,A,12000,7.49,1,0.33,0,7
25115,28,36000,RENT,2,0,0,1,0,0,0,0,0,1,A,12000,5.42,1,0.33,0,10
25167,28,40000,RENT,12,0,0,1,0,0,0,0,0,1,B,12000,11.11,0,0.3,0,5
25193,28,42000,RENT,0,0,0,1,0,0,0,0,0,1,B,12000,11.11,0,0.29,0,9
25204,30,42600,RENT,13,0,0,1,0,0,0,0,0,1,B,12000,11.71,0,0.28,0,8
25213,27,43200,RENT,0,0,0,1,0,0,0,0,0,1,A,12000,8.94,0,0.28,0,5
25225,34,45000,RENT,17,0,0,1,0,0,0,0,0,1,A,12000,6.03,0,0.27,0,9
25260,29,47256,RENT,5,0,0,1,0,0,0,0,0,1,A,12000,7.29,0,0.25,0,8
25266,27,48000,RENT,5,0,0,1,0,0,0,0,0,1,B,12000,11.71,0,0.25,0,6
25272,28,60000,RENT,2,0,0,1,0,0,0,0,0,1,B,12000,9.91,0,0.2,0,10
25287,34,60000,RENT,3,0,0,1,0,0,0,0,0,1,A,12000,6.92,0,0.2,0,9
25314,27,61000,RENT,1,0,0,1,0,0,0,0,0,1,B,12000,12.21,0,0.2,0,5
25324,28,24000,RENT,4,0,0,1,0,0,0,0,0,1,A,3000,9.32,0,0.13,0,6
25331,35,25000,RENT,0,0,0,1,0,0,0,0,0,1,D,3000,15.33,1,0.12,0,8
25332,34,25000,RENT,3,0,0,1,0,0,0,0,0,1,A,3000,7.4,0,0.12,0,8
25337,34,25200,RENT,,0,0,1,0,0,0,0,0,1,A,3000,7.66,0,0.12,0,8
25340,28,25596,RENT,12,0,0,1,0,0,0,0,0,1,B,3000,,0,0.12,0,9
25353,28,27600,RENT,3,0,0,1,0,0,0,0,0,1,C,3000,13.57,0,0.11,0,10
25354,28,28000,RENT,3,0,0,1,0,0,0,0,0,1,A,3000,6.91,0,0.11,0,10
25363,34,28880,RENT,2,0,0,1,0,0,0,0,0,1,C,3000,11.78,0,0.1,0,9
25366,30,29102,RENT,2,0,0,1,0,0,0,0,0,1,A,3000,7.9,0,0.1,0,9
25371,28,62000,RENT,0,0,0,1,0,0,0,0,0,1,B,12000,10.65,0,0.19,0,8
25379,34,62000,RENT,5,0,0,1,0,0,0,0,0,1,B,12000,10.99,0,0.19,0,6
25390,32,63000,RENT,4,0,0,1,0,0,0,0,0,1,A,12000,6.62,0,0.19,0,10
25401,31,64450,RENT,3,0,0,1,0,0,0,0,0,1,C,12000,12.73,0,0.19,0,8
25405,33,65000,RENT,17,0,0,1,0,0,0,0,0,1,C,12000,,0,0.18,0,8
25425,27,69805,RENT,3,0,0,1,0,0,0,0,0,1,B,12000,10.25,0,0.17,0,9
25436,27,70000,RENT,6,0,0,1,0,0,0,0,0,1,B,12000,10.99,0,0.17,0,8
25455,32,72000,RENT,5,0,0,1,0,0,0,0,0,1,B,12000,10.62,0,0.17,0,5
25469,27,74000,RENT,2,0,0,1,0,0,0,0,0,1,B,12000,12.18,0,0.16,0,6
25474,28,41000,RENT,0,0,0,1,0,0,0,0,0,1,B,3000,11.11,0,0.07,0,6
25492,27,42000,RENT,1,0,0,1,0,0,0,0,0,1,B,3000,11.83,0,0.07,0,5
25507,27,75000,RENT,3,0,0,1,0,0,0,0,0,1,B,12000,11.49,0,0.16,0,5
25509,34,75000,RENT,2,0,0,1,0,0,0,0,0,1,A,12000,7.29,0,0.16,0,8
25511,28,69000,RENT,1,0,0,1,0,0,0,0,0,1,D,12000,14.46,1,0.17,0,9
25525,28,78000,RENT,5,0,0,1,0,0,0,0,0,1,B,12000,10.62,0,0.15,0,10
25528,30,80000,RENT,7,0,0,1,0,0,0,0,0,1,A,12000,8.9,0,0.15,0,10
25614,29,90000,RENT,4,0,0,1,0,0,0,0,0,1,B,12000,10.74,0,0.13,0,10
25694,31,130000,RENT,6,0,0,1,0,0,0,0,0,1,D,12000,16.49,0,0.09,0,10
25713,34,187000,RENT,3,0,0,1,0,0,0,0,0,1,A,12000,7.9,0,0.06,0,10
25729,28,28800,RENT,1,0,0,1,0,0,0,0,0,1,B,12250,10.59,1,0.43,0,9
25776,31,36000,RENT,2,0,0,1,0,0,0,0,0,1,D,2800,16,1,0.08,0,9
25841,29,40800,RENT,,0,0,1,0,0,0,0,0,1,B,2700,11.71,0,0.07,0,7
25863,28,48000,RENT,1,0,0,1,0,0,0,0,0,1,B,2650,11.26,0,0.06,0,6
25879,32,32000,RENT,1,0,0,1,0,0,0,0,0,1,E,2600,,1,0.08,0,6
25882,35,40792,RENT,2,0,0,1,0,0,0,0,0,1,B,2600,12.53,0,0.06,0,9
25888,27,25200,RENT,0,0,0,1,0,0,0,0,0,1,C,2550,14.27,0,0.1,0,5
25892,34,27000,RENT,3,0,0,1,0,0,0,0,0,1,B,2525,12.21,0,0.09,0,7
25954,27,101877,RENT,9,0,0,1,0,0,0,0,0,1,B,12500,11.99,0,0.12,0,7
25984,30,65000,RENT,11,0,0,1,0,0,0,0,0,1,D,12800,15.2,0,0.2,0,8
25987,34,69000,RENT,0,0,0,1,0,0,0,0,0,1,D,12800,15.7,1,0.19,0,5
26007,31,50400,RENT,9,0,0,1,0,0,0,0,0,1,B,13000,,0,0.26,0,9
26009,31,46000,RENT,1,0,0,1,0,0,0,0,0,1,D,13000,14.59,1,0.28,0,9
26012,34,52809,RENT,18,0,0,1,0,0,0,0,0,1,B,13000,10.62,0,0.25,0,9
26024,27,58000,RENT,3,0,0,1,0,0,0,0,0,1,B,13000,11.58,0,0.22,0,7
26063,29,76000,RENT,2,0,0,1,0,0,0,0,0,1,B,13000,10.25,0,0.17,0,8
26131,30,23000,RENT,5,0,0,1,0,0,0,0,0,1,A,14000,7.88,1,0.61,0,6
26145,28,44049,RENT,3,0,0,1,0,0,0,0,0,1,B,14000,,1,0.32,0,8
26174,28,50000,RENT,2,0,0,1,0,0,0,0,0,1,A,14000,6.54,0,0.28,0,6
26178,27,50000,RENT,0,0,0,1,0,0,0,0,0,1,A,14000,6.54,0,0.28,0,8
26254,28,62400,RENT,2,0,0,1,0,0,0,0,0,1,B,14000,10.99,0,0.22,0,10
26293,27,75000,RENT,2,0,0,1,0,0,0,0,0,1,A,14000,9.63,0,0.19,0,7
26310,28,80000,RENT,8,0,0,1,0,0,0,0,0,1,D,14000,14.91,0,0.17,0,5
26327,30,85332,RENT,3,0,0,1,0,0,0,0,0,1,C,14000,14.22,0,0.16,0,7
26335,35,93000,RENT,12,0,0,1,0,0,0,0,0,1,C,14000,13.16,0,0.15,0,6
26359,30,110400,RENT,1,0,0,1,0,0,0,0,0,1,D,14000,16.89,1,0.13,0,6
26410,30,31800,RENT,2,0,0,1,0,0,0,0,0,1,B,14400,10.75,1,0.45,0,7
26421,31,38000,RENT,15,0,0,1,0,0,0,0,0,1,A,14400,8.94,1,0.38,0,7
26444,33,58000,RENT,0,0,0,1,0,0,0,0,0,1,B,14400,9.91,0,0.25,0,5
26484,27,85000,RENT,4,0,0,1,0,0,0,0,0,1,A,14400,8.49,0,0.17,0,10
26520,30,40581,RENT,14,0,0,1,0,0,0,0,0,1,C,14500,13.23,1,0.36,0,10
26601,29,33600,RENT,7,0,0,1,0,0,0,0,0,1,B,2000,11.71,0,0.06,0,9
26657,27,40800,RENT,3,0,0,1,0,0,0,0,0,1,A,2000,7.49,0,0.05,0,9
26714,27,50000,RENT,0,0,0,1,0,0,0,0,0,1,B,2000,10.99,0,0.04,0,5
26715,30,50000,RENT,2,0,0,1,0,0,0,0,0,1,C,2000,14.79,0,0.04,0,10
26724,31,34000,RENT,9,0,0,1,0,0,0,0,0,1,B,15000,9.88,1,0.44,0,6
26727,29,35000,RENT,1,0,0,1,0,0,0,0,0,1,A,15000,7.9,1,0.43,0,10
26752,32,37000,RENT,0,0,0,1,0,0,0,0,0,1,B,15000,10.62,1,0.41,0,8
26818,29,42500,RENT,9,0,0,1,0,0,0,0,0,1,A,15000,7.88,1,0.35,0,7
26822,30,43000,RENT,3,0,0,1,0,0,0,0,0,1,A,15000,,1,0.35,0,8
26831,28,44104,RENT,4,0,0,1,0,0,0,0,0,1,B,15000,,1,0.34,0,10
26941,30,48564,RENT,3,0,0,1,0,0,0,0,0,1,B,15000,10.75,1,0.31,0,9
26946,27,50000,RENT,3,0,0,1,0,0,0,0,0,1,D,15000,16.77,0,0.3,0,5
26982,27,50000,RENT,1,0,0,1,0,0,0,0,0,1,C,15000,13.16,0,0.3,0,9
27009,27,51395,RENT,11,0,0,1,0,0,0,0,0,1,B,15000,10.99,0,0.29,0,6
27050,31,40000,RENT,9,0,0,1,0,0,0,0,0,1,A,1600,,0,0.04,0,8
27063,27,51000,RENT,9,0,0,1,0,0,0,0,0,1,B,1600,10.59,0,0.03,0,6
27130,27,20004,RENT,0,0,0,1,0,0,0,0,0,1,B,1500,12.69,0,0.07,0,9
27161,32,54996,RENT,4,0,0,1,0,0,0,0,0,1,A,15000,6.54,0,0.27,0,5
27168,27,55000,RENT,4,0,0,1,0,0,0,0,0,1,B,15000,12.42,0,0.27,0,10
27256,31,60000,RENT,6,0,0,1,0,0,0,0,0,1,B,15000,11.12,0,0.25,0,5
27287,27,61584,RENT,3,0,0,1,0,0,0,0,0,1,D,15000,15.21,0,0.24,0,6
27289,29,61656,RENT,4,0,0,1,0,0,0,0,0,1,A,15000,6.91,0,0.24,0,10
27300,28,57000,RENT,2,0,0,1,0,0,0,0,0,1,D,15000,14.11,1,0.26,0,10
27331,29,65000,RENT,5,0,0,1,0,0,0,0,0,1,B,15000,11.83,0,0.23,0,9
27445,32,74000,RENT,15,0,0,1,0,0,0,0,0,1,F,15000,17.15,0,0.2,0,6
27485,27,75000,RENT,7,0,0,1,0,0,0,0,0,1,B,15000,11.14,0,0.2,0,6
27538,33,82000,RENT,5,0,0,1,0,0,0,0,0,1,C,15000,14.35,0,0.18,0,7
27564,32,86400,RENT,2,0,0,1,0,0,0,0,0,1,A,15000,6.03,0,0.17,0,7
27572,35,87000,RENT,6,0,0,1,0,0,0,0,0,1,B,15000,,0,0.17,0,7
27591,34,90000,RENT,15,0,0,1,0,0,0,0,0,1,B,15000,11.12,0,0.17,0,5
27722,28,90000,RENT,7,0,0,1,0,0,0,0,0,1,C,16000,12.68,0,0.18,0,10
27745,27,100000,RENT,12,0,0,1,0,0,0,0,0,1,B,16000,11.11,0,0.16,0,5
27750,34,101000,RENT,0,0,0,1,0,0,0,0,0,1,A,16000,6.17,0,0.16,0,9
27776,34,130000,RENT,18,0,0,1,0,0,0,0,0,1,A,16000,6.03,0,0.12,0,6
27890,29,8500,RENT,7,0,0,1,0,0,0,0,0,1,A,4500,8.63,1,0.53,0,10
27895,29,7200,RENT,,0,0,1,0,0,0,0,0,1,B,2200,9.91,1,0.31,0,9
27927,27,58000,RENT,11,0,0,1,0,0,0,0,0,1,A,7000,,0,0.12,0,9
27930,31,60682,RENT,3,0,0,1,0,0,0,0,0,1,A,8650,8.49,0,0.14,0,8
27955,29,77800,RENT,2,0,0,1,0,0,0,0,0,1,B,9000,12.42,0,0.12,0,6
27968,29,34000,RENT,13,0,0,1,0,0,0,0,0,1,C,2000,14.72,0,0.06,0,5
28000,33,74400,RENT,15,0,0,1,0,0,0,0,0,1,C,3600,15.27,0,0.05,0,9
28024,29,42996,RENT,5,0,0,1,0,0,0,0,0,1,C,6000,15.96,1,0.14,0,9
28042,35,85000,RENT,1,0,0,1,0,0,0,0,0,1,A,3600,7.51,0,0.04,0,7
28047,31,64900,RENT,2,0,0,1,0,0,0,0,0,1,A,10000,7.66,0,0.15,0,9
28075,32,49000,RENT,16,0,0,1,0,0,0,0,0,1,B,6300,9.91,0,0.13,0,6
28080,27,84000,RENT,8,0,0,1,0,0,0,0,0,1,C,7200,,0,0.09,0,10
28105,29,61000,RENT,2,0,0,1,0,0,0,0,0,1,D,15000,14.96,1,0.25,0,10
28106,27,190000,RENT,5,0,0,1,0,0,0,0,0,1,A,22000,6.91,0,0.12,0,8
28111,29,18000,RENT,2,0,0,1,0,0,0,0,0,1,B,3000,12.69,1,0.17,0,5
28122,27,48000,RENT,4,0,0,1,0,0,0,0,0,1,A,2800,7.49,0,0.06,0,10
28124,30,71000,RENT,8,0,0,1,0,0,0,0,0,1,B,8000,11.12,0,0.11,0,8
28139,33,42996,RENT,2,0,0,1,0,0,0,0,0,1,A,8200,7.88,0,0.19,0,9
28145,27,100000,RENT,11,0,0,1,0,0,0,0,0,1,B,5000,12.42,0,0.05,0,8
28195,31,100000,RENT,6,0,0,1,0,0,0,0,0,1,B,20000,12.42,0,0.2,0,9
28208,30,150000,RENT,2,0,0,1,0,0,0,0,0,1,B,21000,12.62,0,0.14,0,9
28228,27,20400,RENT,3,0,0,1,0,0,0,0,0,1,A,5500,6.91,0,0.27,0,8
28248,32,20000,RENT,3,0,0,1,0,0,0,0,0,1,B,4750,10.37,0,0.24,0,7
28268,32,19000,RENT,1,0,0,1,0,0,0,0,0,1,A,8325,6.62,1,0.44,0,10
28273,31,56400,RENT,1,0,0,1,0,0,0,0,0,1,B,7500,11.48,0,0.13,0,6
28281,34,35000,RENT,2,0,0,1,0,0,0,0,0,1,B,15000,10.99,1,0.43,0,5
28293,28,82000,RENT,12,0,0,1,0,0,0,0,0,1,G,16750,20.11,1,0.2,0,6
28346,29,36000,RENT,1,0,0,1,0,0,0,0,0,1,B,12000,12.21,1,0.33,0,10
28357,32,19200,RENT,0,0,0,1,0,0,0,0,0,1,B,5000,9.99,1,0.26,0,6
28363,31,80000,RENT,6,0,0,1,0,0,0,0,0,1,A,10000,,0,0.13,0,9
28368,29,52000,RENT,9,0,0,1,0,0,0,0,0,1,A,10000,8,0,0.19,0,6
28396,27,45150,RENT,1,0,0,1,0,0,0,0,0,1,C,18000,13.16,1,0.4,0,7
28397,27,35000,RENT,1,0,0,1,0,0,0,0,0,1,B,8000,12.21,0,0.23,0,8
28435,35,37000,RENT,2,0,0,1,0,0,0,0,0,1,B,2000,11.26,0,0.05,0,8
28437,32,26400,RENT,0,0,0,1,0,0,0,0,0,1,A,8000,7.51,0,0.3,0,6
28487,30,148000,RENT,8,0,0,1,0,0,0,0,0,1,D,10000,13.55,0,0.07,0,9
28511,29,97000,RENT,4,0,0,1,0,0,0,0,0,1,B,25000,10.37,0,0.26,0,10
28514,28,50176,RENT,3,0,0,1,0,0,0,0,0,1,B,5000,10.59,0,0.1,0,7
28531,28,73200,RENT,2,0,0,1,0,0,0,0,0,1,A,12000,8.9,0,0.16,0,5
28533,27,90000,RENT,4,0,0,1,0,0,0,0,0,1,A,10000,7.49,0,0.11,0,9
28539,27,70000,RENT,11,0,0,1,0,0,0,0,0,1,B,10000,10.65,0,0.14,0,5
28543,28,82300,RENT,3,0,0,1,0,0,0,0,0,1,A,3600,9.63,0,0.04,0,6
28616,28,28320,RENT,4,0,0,1,0,0,0,0,0,1,D,8700,14.61,1,0.31,0,8
28618,28,25000,RENT,1,0,0,1,0,0,0,0,0,1,A,5000,7.51,0,0.2,0,9
28621,31,85000,RENT,5,0,0,1,0,0,0,0,0,1,C,16000,11.34,0,0.19,0,6
28627,27,51298,RENT,11,0,0,1,0,0,0,0,0,1,B,1000,10.37,0,0.02,0,9
28636,31,50000,RENT,1,0,0,1,0,0,0,0,0,1,B,10000,10.71,0,0.2,0,6
28663,28,75000,RENT,5,0,0,1,0,0,0,0,0,1,A,5000,7.88,0,0.07,0,6
28665,28,30000,RENT,7,0,0,1,0,0,0,0,0,1,B,10000,10.38,1,0.33,0,5
28669,31,47500,RENT,2,0,0,1,0,0,0,0,0,1,C,10000,15.96,0,0.21,0,6
28673,35,90000,RENT,0,0,0,1,0,0,0,0,0,1,B,12000,10.99,0,0.13,0,9
28674,32,200000,RENT,14,0,0,1,0,0,0,0,0,1,B,25000,10.62,0,0.13,0,9
28698,29,33000,RENT,6,0,0,1,0,0,0,0,0,1,A,5000,8.9,0,0.15,0,8
28699,27,42000,RENT,6,0,0,1,0,0,0,0,0,1,C,3000,,0,0.07,0,8
28710,27,88000,RENT,11,0,0,1,0,0,0,0,0,1,A,9000,6.91,0,0.1,0,8
28722,35,30000,RENT,0,0,0,1,0,0,0,0,0,1,B,3000,10.65,0,0.1,0,8
28735,30,135000,RENT,4,0,0,1,0,0,0,0,0,1,D,25000,15.21,0,0.19,0,9
28742,27,60000,RENT,1,0,0,1,0,0,0,0,0,1,C,10000,13.22,0,0.17,0,7
28748,27,24000,RENT,0,0,0,1,0,0,0,0,0,1,B,2800,10.95,0,0.12,0,10
28754,27,49000,RENT,11,0,0,1,0,0,0,0,0,1,B,4000,10.59,0,0.08,0,5
28760,27,20000,RENT,0,0,0,1,0,0,0,0,0,1,B,8000,11.89,1,0.4,0,6
28763,29,48000,RENT,13,0,0,1,0,0,0,0,0,1,A,10000,7.51,0,0.21,0,10
28767,27,98004,RENT,8,0,0,1,0,0,0,0,0,1,A,10000,6.54,0,0.1,0,7
28789,32,48000,RENT,15,0,0,1,0,0,0,0,0,1,A,3600,6.92,0,0.07,0,6
28794,35,24960,RENT,6,0,0,1,0,0,0,0,0,1,A,1400,8.49,0,0.06,0,7
28872,28,48000,RENT,4,0,0,1,0,0,0,0,0,1,D,2000,14.96,0,0.04,0,5
28880,28,82500,RENT,4,0,0,1,0,0,0,0,0,1,E,11000,16.35,0,0.13,0,8
28881,29,48000,RENT,4,0,0,1,0,0,0,0,0,1,B,10000,10.62,0,0.21,0,10
28887,30,46044,RENT,4,0,0,1,0,0,0,0,0,1,B,5000,,0,0.11,0,7
28904,28,105000,RENT,0,0,0,1,0,0,0,0,0,1,E,20000,,1,0.19,0,7
28914,28,84800,RENT,4,0,0,1,0,0,0,0,0,1,B,9000,,0,0.11,0,7
28934,28,20000,RENT,2,0,0,1,0,0,0,0,0,1,C,4000,13.11,1,0.2,0,5
28964,29,18000,RENT,3,0,0,1,0,0,0,0,0,1,B,1700,11.12,0,0.09,0,8
28980,35,38000,RENT,3,0,0,1,0,0,0,0,0,1,B,8000,,0,0.21,0,9
28981,29,69996,RENT,0,0,0,1,0,0,0,0,0,1,B,2400,11.11,0,0.03,0,6
28987,33,66000,RENT,2,0,0,1,0,0,0,0,0,1,D,6400,14.96,1,0.1,0,6
28999,33,68508,RENT,17,0,0,1,0,0,0,0,0,1,A,7000,8,0,0.1,0,10
29017,33,58800,RENT,10,0,0,1,0,0,0,0,0,1,B,3000,11.49,0,0.05,0,5
29041,35,120000,RENT,4,0,0,1,0,0,0,0,0,1,B,12000,10.99,0,0.1,0,5
29047,27,60132,RENT,11,0,0,1,0,0,0,0,0,1,B,10000,10.62,0,0.17,0,10
29082,32,21120,RENT,0,0,0,1,0,0,0,0,0,1,A,10000,,1,0.47,0,10
29095,30,40000,RENT,8,0,0,1,0,0,0,0,0,1,A,2500,5.79,0,0.06,0,8
29099,31,101000,RENT,2,0,0,1,0,0,0,0,0,1,C,7500,13.22,0,0.07,0,9
29124,36,69000,RENT,20,0,0,1,0,0,0,0,0,1,C,35000,,1,0.51,0,15
29203,36,174462,RENT,9,0,0,1,0,0,0,0,0,1,E,20000,17.04,1,0.11,0,16
29233,37,114000,RENT,10,0,0,1,0,0,0,0,0,1,F,25000,,0,0.22,0,13
29265,39,67000,RENT,0,0,0,1,0,0,0,0,0,1,D,24000,15.31,1,0.36,0,11
29268,43,97500,RENT,6,0,0,1,0,0,0,0,0,1,B,24000,10.99,0,0.25,0,11
29285,40,167000,RENT,2,0,0,1,0,0,0,0,0,1,B,22000,10.99,0,0.13,0,13
29287,37,40000,RENT,1,0,0,1,0,0,0,0,0,1,C,21250,12.99,1,0.53,0,16
29291,36,80000,RENT,20,0,0,1,0,0,0,0,0,1,B,21000,11.36,0,0.26,0,12
29292,37,92000,RENT,0,0,0,1,0,0,0,0,0,1,B,21000,11.63,0,0.23,0,15
29297,36,69996,RENT,6,0,0,1,0,0,0,0,0,1,B,20400,10.37,0,0.29,0,14
29301,48,39915,RENT,15,0,0,1,0,0,0,0,0,1,A,20000,7.49,1,0.5,0,12
29315,39,65000,RENT,12,0,0,1,0,0,0,0,0,1,B,20000,10.74,1,0.31,0,17
29363,37,43200,RENT,5,0,0,1,0,0,0,0,0,1,B,18000,8.88,1,0.42,0,16
29372,38,77000,RENT,9,0,0,1,0,0,0,0,0,1,B,18000,10.65,0,0.23,0,11
29396,36,72000,RENT,5,0,0,1,0,0,0,0,0,1,C,16500,13.61,0,0.23,0,11
29408,38,60000,RENT,0,0,0,1,0,0,0,0,0,1,C,16000,13.22,0,0.27,0,14
29411,39,67000,RENT,6,0,0,1,0,0,0,0,0,1,B,16000,10.99,0,0.24,0,16
29421,46,35000,RENT,1,0,0,1,0,0,0,0,0,1,A,1000,7.9,0,0.03,0,12
29439,37,85000,RENT,21,0,0,1,0,0,0,0,0,1,A,1200,8.9,0,0.01,0,13
29443,38,37500,RENT,0,0,0,1,0,0,0,0,0,1,A,1375,6.91,0,0.04,0,11
29459,43,51600,RENT,,0,0,1,0,0,0,0,0,1,B,1500,11.86,0,0.03,0,11
29463,41,55000,RENT,3,0,0,1,0,0,0,0,0,1,A,1500,5.99,0,0.03,0,15
29475,40,19200,RENT,2,0,0,1,0,0,0,0,0,1,B,1800,11.99,0,0.09,0,13
29481,37,50400,RENT,9,0,0,1,0,0,0,0,0,1,A,1800,8.9,0,0.04,0,11
29488,39,12000,RENT,,0,0,1,0,0,0,0,0,1,B,2000,10.65,1,0.17,0,11
29493,45,19200,RENT,0,0,0,1,0,0,0,0,0,1,A,2000,8.49,0,0.1,0,12
29504,39,28500,RENT,1,0,0,1,0,0,0,0,0,1,B,2000,,0,0.07,0,14
29515,37,528000,RENT,4,0,0,1,0,0,0,0,0,1,D,15000,,0,0.03,0,12
29520,48,32500,RENT,0,0,0,1,0,0,0,0,0,1,D,2000,17.27,1,0.06,0,16
29521,38,33000,RENT,2,0,0,1,0,0,0,0,0,1,D,2000,16.89,1,0.06,0,14
29552,37,45000,RENT,2,0,0,1,0,0,0,0,0,1,B,2400,9.91,0,0.05,0,16
29560,39,201000,RENT,6,0,0,1,0,0,0,0,0,1,B,13500,11.49,0,0.07,0,14
29562,39,62692,RENT,9,0,0,1,0,0,0,0,0,1,B,13200,9.88,0,0.21,0,11
29569,45,22178,RENT,3,0,0,1,0,0,0,0,0,1,A,2500,5.99,0,0.11,0,11
29583,47,72000,RENT,5,0,0,1,0,0,0,0,0,1,D,2500,15.05,0,0.03,0,11
29588,36,10800,RENT,0,0,0,1,0,0,0,0,0,1,E,3000,16.77,1,0.28,0,11
29590,37,14400,RENT,4,0,0,1,0,0,0,0,0,1,C,3000,13.61,1,0.21,0,17
29592,37,17520,RENT,1,0,0,1,0,0,0,0,0,1,A,3000,,1,0.17,0,16
29609,37,40000,RENT,1,0,0,1,0,0,0,0,0,1,B,3000,11.71,0,0.07,0,15
29612,43,46000,RENT,5,0,0,1,0,0,0,0,0,1,B,3000,11.71,0,0.07,0,17
29613,38,47000,RENT,2,0,0,1,0,0,0,0,0,1,A,3000,,0,0.06,0,11
29620,36,50000,RENT,3,0,0,1,0,0,0,0,0,1,B,3000,11.26,0,0.06,0,11
29621,37,50000,RENT,1,0,0,1,0,0,0,0,0,1,B,3000,11.58,0,0.06,0,14
29623,36,48686,RENT,21,0,0,1,0,0,0,0,0,1,D,12000,13.99,0,0.25,0,11
29628,40,51500,RENT,1,0,0,1,0,0,0,0,0,1,B,12000,12.53,0,0.23,0,15
29633,45,55000,RENT,17,0,0,1,0,0,0,0,0,1,B,12000,9.91,0,0.22,0,12
29656,50,65000,RENT,0,0,0,1,0,0,0,0,0,1,B,3000,10.99,0,0.05,0,14
29678,41,42000,RENT,1,0,0,1,0,0,0,0,0,1,B,3200,12.18,0,0.08,0,16
29709,37,44000,RENT,12,0,0,1,0,0,0,0,0,1,C,3500,13.61,0,0.08,0,15
29717,37,35496,RENT,5,0,0,1,0,0,0,0,0,1,B,3600,10.37,0,0.1,0,12
29721,40,38000,RENT,16,0,0,1,0,0,0,0,0,1,B,11000,10.37,0,0.29,0,11
29731,43,70000,RENT,23,0,0,1,0,0,0,0,0,1,A,11000,7.29,0,0.16,0,16
29735,37,47908,RENT,3,0,0,1,0,0,0,0,0,1,A,10950,5.99,0,0.23,0,13
29738,39,38400,RENT,5,0,0,1,0,0,0,0,0,1,B,10850,10.99,0,0.28,0,14
29742,47,56004,RENT,2,0,0,1,0,0,0,0,0,1,B,10800,10.36,0,0.19,0,11
29751,40,30000,RENT,2,0,0,1,0,0,0,0,0,1,B,10625,,1,0.35,0,17
29755,38,51504,RENT,3,0,0,1,0,0,0,0,0,1,C,10500,12.53,0,0.2,0,17
29771,46,140000,RENT,12,0,0,1,0,0,0,0,0,1,B,3725,,0,0.03,0,17
29779,37,78000,RENT,0,0,0,1,0,0,0,0,0,1,A,3900,,0,0.05,0,16
29782,45,19200,RENT,1,0,0,1,0,0,0,0,0,1,B,4000,10,1,0.21,0,15
29784,37,20800,RENT,3,0,0,1,0,0,0,0,0,1,F,4000,19.41,0,0.19,0,16
29804,36,34000,RENT,20,0,0,1,0,0,0,0,0,1,D,4000,14.59,1,0.12,0,11
29807,36,30000,RENT,0,0,0,1,0,0,0,0,0,1,E,4000,17.99,1,0.13,0,15
29808,44,36000,RENT,6,0,0,1,0,0,0,0,0,1,D,4000,15.2,0,0.11,0,12
29818,41,42000,RENT,0,0,0,1,0,0,0,0,0,1,C,4000,13.43,0,0.1,0,14
29827,38,50000,RENT,5,0,0,1,0,0,0,0,0,1,A,4000,7.88,0,0.08,0,12
29851,36,20004,RENT,1,0,0,1,0,0,0,0,0,1,B,4375,10.74,0,0.22,0,17
29869,39,52000,RENT,2,0,0,1,0,0,0,0,0,1,B,4500,11.99,0,0.09,0,11
29885,37,30960,RENT,5,0,0,1,0,0,0,0,0,1,B,4800,11.49,0,0.16,0,16
29887,38,33600,RENT,0,0,0,1,0,0,0,0,0,1,A,4800,8.49,0,0.14,0,11
29892,36,40000,RENT,0,0,0,1,0,0,0,0,0,1,B,4800,,0,0.12,0,15
29900,37,55000,RENT,0,0,0,1,0,0,0,0,0,1,A,4800,8.9,0,0.09,0,13
29917,38,112000,RENT,2,0,0,1,0,0,0,0,0,1,B,10000,11.26,0,0.09,0,15
29925,41,121200,RENT,1,0,0,1,0,0,0,0,0,1,A,10000,6.03,0,0.08,0,13
29927,37,135000,RENT,1,0,0,1,0,0,0,0,0,1,A,10000,7.74,0,0.07,0,13
29950,44,30000,RENT,6,0,0,1,0,0,0,0,0,1,C,5000,13.98,0,0.17,0,11
29956,39,32000,RENT,0,0,0,1,0,0,0,0,0,1,A,5000,9.32,0,0.16,0,12
29957,36,32004,RENT,3,0,0,1,0,0,0,0,0,1,B,5000,10.62,0,0.16,0,15
29960,50,34000,RENT,2,0,0,1,0,0,0,0,0,1,A,5000,5.79,0,0.15,0,12
29972,50,36000,RENT,0,0,0,1,0,0,0,0,0,1,B,5000,10.37,0,0.14,0,16
29976,41,39000,RENT,0,0,0,1,0,0,0,0,0,1,B,5000,,0,0.13,0,15
29983,37,40000,RENT,8,0,0,1,0,0,0,0,0,1,B,5000,12.18,0,0.13,0,12
29987,41,42000,RENT,2,0,0,1,0,0,0,0,0,1,A,5000,7.49,0,0.12,0,15
30003,44,48000,RENT,0,0,0,1,0,0,0,0,0,1,C,5000,13.43,0,0.1,0,14
30049,39,30000,RENT,7,0,0,1,0,0,0,0,0,1,A,8450,5.99,0,0.28,0,16
30061,36,58000,RENT,18,0,0,1,0,0,0,0,0,1,A,5000,6.62,0,0.09,0,16
30068,37,60000,RENT,17,0,0,1,0,0,0,0,0,1,A,5000,6.17,0,0.08,0,13
30075,44,65000,RENT,2,0,0,1,0,0,0,0,0,1,A,5000,8,0,0.08,0,15
30081,43,71015,RENT,8,0,0,1,0,0,0,0,0,1,B,5000,11.14,0,0.07,0,14
30082,50,75000,RENT,4,0,0,1,0,0,0,0,0,1,C,5000,13.23,0,0.07,0,15
30098,43,98760,RENT,8,0,0,1,0,0,0,0,0,1,D,5000,14.84,0,0.05,0,14
30106,38,26000,RENT,0,0,0,1,0,0,0,0,0,1,C,5200,13.43,0,0.2,0,15
30111,41,23400,RENT,2,0,0,1,0,0,0,0,0,1,B,5375,,0,0.23,0,16
30143,38,170000,RENT,0,0,0,1,0,0,0,0,0,1,A,5500,,0,0.03,0,13
30158,41,137004,RENT,0,0,0,1,0,0,0,0,0,1,A,5600,8.59,0,0.04,0,11
30174,38,18720,RENT,0,0,0,1,0,0,0,0,0,1,D,6000,15.99,1,0.32,0,12
30184,37,27052,RENT,2,0,0,1,0,0,0,0,0,1,B,6000,10.37,0,0.22,0,12
30237,40,48000,RENT,1,0,0,1,0,0,0,0,0,1,B,6000,10.08,0,0.13,0,13
30257,40,55182,RENT,0,0,0,1,0,0,0,0,0,1,A,6000,6.99,0,0.11,0,13
30261,42,57996,RENT,26,0,0,1,0,0,0,0,0,1,A,6000,8.59,0,0.1,0,12
30269,36,31000,RENT,3,0,0,1,0,0,0,0,0,1,A,7100,8.9,0,0.23,0,12
30278,48,66000,RENT,6,0,0,1,0,0,0,0,0,1,B,6000,11.89,0,0.09,0,11
30279,42,66500,RENT,8,0,0,1,0,0,0,0,0,1,B,6000,10.25,0,0.09,0,15
30286,36,70000,RENT,4,0,0,1,0,0,0,0,0,1,A,6000,7.29,0,0.09,0,15
30294,37,74568,RENT,0,0,0,1,0,0,0,0,0,1,C,6000,14.26,0,0.08,0,17
30311,42,160000,RENT,6,0,0,1,0,0,0,0,0,1,B,6000,10.65,0,0.04,0,17
30334,38,65000,RENT,2,0,0,1,0,0,0,0,0,1,A,7000,7.88,0,0.11,0,11
30359,47,31400,RENT,1,0,0,1,0,0,0,0,0,1,A,6500,9.32,0,0.21,0,16
30378,37,26240,RENT,0,0,0,1,0,0,0,0,0,1,B,6600,11.49,0,0.25,0,15
30389,42,21120,RENT,12,0,0,1,0,0,0,0,0,1,B,6400,11.14,0,0.3,0,14
30394,43,32000,RENT,0,0,0,1,0,0,0,0,0,1,A,6400,7.49,0,0.2,0,16
30401,39,76644,RENT,2,0,0,1,0,0,0,0,0,1,A,6400,,0,0.08,0,15
30410,40,25000,RENT,0,0,0,1,0,0,0,0,0,1,C,7000,,0,0.28,0,15
30433,36,42000,RENT,2,0,0,1,0,0,0,0,0,1,A,7000,6.62,0,0.17,0,16
30437,41,43000,RENT,0,0,0,1,0,0,0,0,0,1,A,7000,7.43,0,0.16,0,13
30457,36,55000,RENT,5,0,0,1,0,0,0,0,0,1,A,7000,6.92,0,0.13,0,16
30459,37,60000,RENT,4,0,0,1,0,0,0,0,0,1,A,7175,7.9,0,0.12,0,14
30475,36,50000,RENT,6,0,0,1,0,0,0,0,0,1,C,7200,13.98,0,0.14,0,15
30487,36,95000,RENT,3,0,0,1,0,0,0,0,0,1,A,7375,8.94,0,0.08,0,15
30511,36,55000,RENT,8,0,0,1,0,0,0,0,0,1,A,7500,8.9,0,0.14,0,13
30526,50,68608,RENT,21,0,0,1,0,0,0,0,0,1,B,7500,10.33,0,0.11,0,15
30545,37,52700,RENT,1,0,0,1,0,0,0,0,0,1,C,7700,,0,0.15,0,13
30556,42,18000,RENT,3,0,0,1,0,0,0,0,0,1,A,8000,6.91,1,0.44,0,17
30559,39,24000,RENT,,0,0,1,0,0,0,0,0,1,C,8000,13.8,1,0.33,0,12
30571,42,30000,RENT,5,0,0,1,0,0,0,0,0,1,D,8000,14.96,0,0.27,0,15
30572,41,31000,RENT,3,0,0,1,0,0,0,0,0,1,B,8000,10.38,0,0.26,0,17
30667,37,24000,RENT,2,0,0,1,0,0,0,0,0,1,C,5000,14.65,0,0.21,0,14
30673,36,24960,RENT,3,0,0,1,0,0,0,0,0,1,A,5000,6.62,0,0.2,0,15
30680,37,27036,RENT,2,0,0,1,0,0,0,0,0,1,B,5000,11.49,0,0.18,0,11
30704,39,75000,RENT,0,0,0,1,0,0,0,0,0,1,A,8000,6.54,0,0.11,0,15
30718,39,116000,RENT,1,0,0,1,0,0,0,0,0,1,C,8000,15.27,1,0.07,0,11
30735,37,42000,RENT,2,0,0,1,0,0,0,0,0,1,C,8400,13.49,0,0.2,0,15
30802,41,33000,RENT,6,0,0,1,0,0,0,0,0,1,A,9400,8.9,0,0.28,0,16
30824,42,42000,RENT,11,0,0,1,0,0,0,0,0,1,C,9600,13.23,0,0.23,0,15
30842,44,24300,RENT,0,0,0,1,0,0,0,0,0,1,D,9750,16.77,1,0.4,0,15
30879,42,32000,RENT,5,0,0,1,0,0,0,0,0,1,B,10000,10.38,1,0.31,0,15
30882,37,33000,RENT,0,0,0,1,0,0,0,0,0,1,A,10000,5.99,0,0.3,0,11
30884,36,35000,RENT,1,0,0,1,0,0,0,0,0,1,B,10000,,0,0.29,0,15
30899,50,39204,RENT,4,0,0,1,0,0,0,0,0,1,A,10000,5.99,0,0.26,0,12
30971,39,48000,RENT,0,0,0,1,0,0,0,0,0,1,C,10000,13.22,0,0.21,0,16
31008,39,55000,RENT,3,0,0,1,0,0,0,0,0,1,B,10000,10.99,0,0.18,0,13
31013,41,56448,RENT,5,0,0,1,0,0,0,0,0,1,B,10000,9.99,0,0.18,0,17
31022,50,60000,RENT,13,0,0,1,0,0,0,0,0,1,C,10000,13.49,0,0.17,0,12
31043,42,62000,RENT,26,0,0,1,0,0,0,0,0,1,A,10000,8.49,0,0.16,0,14
31066,49,69000,RENT,11,0,0,1,0,0,0,0,0,1,C,10000,13.48,0,0.14,0,16
31073,41,70800,RENT,25,0,0,1,0,0,0,0,0,1,B,10000,11.36,0,0.14,0,12
31107,37,90000,RENT,21,0,0,1,0,0,0,0,0,1,A,10000,8.94,0,0.11,0,12
31117,41,95000,RENT,3,0,0,1,0,0,0,0,0,1,D,10000,16.49,0,0.11,0,16
31150,45,33600,RENT,8,0,0,1,0,0,0,0,0,1,D,11300,12.17,1,0.34,0,11
31179,37,30000,RENT,8,0,0,1,0,0,0,0,0,1,B,12000,12.42,1,0.4,0,15
31187,37,32000,RENT,0,0,0,1,0,0,0,0,0,1,A,12000,7.49,1,0.38,0,15
31205,37,38200,RENT,0,0,0,1,0,0,0,0,0,1,A,12000,8.94,1,0.31,0,14
31212,39,39996,RENT,1,0,0,1,0,0,0,0,0,1,B,12000,10.74,0,0.3,0,16
31216,38,40000,RENT,19,0,0,1,0,0,0,0,0,1,B,12000,10.59,0,0.3,0,11
31256,40,27599,RENT,6,0,0,1,0,0,0,0,0,1,B,3000,10.25,0,0.11,0,17
31282,36,72800,RENT,1,0,0,1,0,0,0,0,0,1,A,12000,7.66,0,0.16,0,12
31289,37,42000,RENT,3,0,0,1,0,0,0,0,0,1,A,3000,7.51,0,0.07,0,13
31306,48,83000,RENT,2,0,0,1,0,0,0,0,0,1,B,12000,10.99,0,0.14,0,17
31322,49,88000,RENT,11,0,0,1,0,0,0,0,0,1,A,12000,6.62,0,0.14,0,17
31367,36,36000,RENT,20,0,0,1,0,0,0,0,0,1,C,12375,14.27,1,0.34,0,16
31375,42,40000,RENT,10,0,0,1,0,0,0,0,0,1,C,2800,,0,0.07,0,12
31474,37,52000,RENT,0,0,0,1,0,0,0,0,0,1,C,14000,13.16,0,0.27,0,11
31498,38,59000,RENT,5,0,0,1,0,0,0,0,0,1,C,14000,13.8,1,0.24,0,14
31511,37,101644,RENT,13,0,0,1,0,0,0,0,0,1,B,14000,,0,0.14,0,13
31545,38,85000,RENT,1,0,0,1,0,0,0,0,0,1,B,14400,11.99,0,0.17,0,14
31583,36,39996,RENT,0,0,0,1,0,0,0,0,0,1,B,2000,11.49,0,0.05,0,11
31590,36,42000,RENT,2,0,0,1,0,0,0,0,0,1,B,2000,11.14,0,0.05,0,11
31732,46,60000,RENT,9,0,0,1,0,0,0,0,0,1,D,15000,16.32,0,0.25,0,13
31733,36,60000,RENT,2,0,0,1,0,0,0,0,0,1,B,15000,,0,0.25,0,16
31836,40,36100,RENT,9,0,0,1,0,0,0,0,0,1,B,15250,12.53,1,0.42,0,16
31851,44,45000,RENT,0,0,0,1,0,0,0,0,0,1,B,15775,10.99,1,0.35,0,12
31861,41,88712,RENT,2,0,0,1,0,0,0,0,0,1,B,16000,10.95,0,0.18,0,15
31918,38,37440,RENT,14,0,0,1,0,0,0,0,0,1,C,19750,13.92,1,0.53,0,16
31929,37,7200,RENT,0,0,0,1,0,0,0,0,0,1,B,1000,11.14,0,0.14,0,13
31969,37,60000,RENT,21,0,0,1,0,0,0,0,0,1,B,16000,,0,0.27,0,15
31981,36,50000,RENT,6,0,0,1,0,0,0,0,0,1,C,7200,13.98,0,0.14,0,17
31989,37,108000,RENT,0,0,0,1,0,0,0,0,0,1,E,20000,16.32,1,0.19,0,13
32030,40,30000,RENT,2,0,0,1,0,0,0,0,0,1,B,10625,,1,0.35,0,13
32054,39,201000,RENT,6,0,0,1,0,0,0,0,0,1,B,13500,11.49,0,0.07,0,16
32067,36,29000,RENT,9,0,0,1,0,0,0,0,0,1,B,1200,12.42,0,0.04,0,11
32071,37,780000,RENT,9,0,0,1,0,0,0,0,0,1,B,7500,12.18,0,0.01,0,13
32096,41,100000,RENT,3,0,0,1,0,0,0,0,0,1,B,12000,10.74,0,0.12,0,12
32105,40,68000,RENT,12,0,0,1,0,0,0,0,0,1,A,7000,7.51,0,0.1,0,16
32108,37,12360,RENT,3,0,0,1,0,0,0,0,0,1,B,4000,9.99,1,0.32,0,13
32112,37,50000,RENT,0,0,0,1,0,0,0,0,0,1,B,5000,11.89,0,0.1,0,12
32117,39,24000,RENT,0,0,0,1,0,0,0,0,0,1,D,3000,14.12,1,0.13,0,12
32123,37,40000,RENT,0,0,0,1,0,0,0,0,0,1,B,12000,9.91,0,0.3,0,15
32128,37,130000,RENT,2,0,0,1,0,0,0,0,0,1,B,13000,9.88,0,0.1,0,14
32133,37,58000,RENT,9,0,0,1,0,0,0,0,0,1,B,18200,10.99,1,0.31,0,17
32152,37,20004,RENT,0,0,0,1,0,0,0,0,0,1,B,5000,,0,0.25,0,14
32155,36,16800,RENT,2,0,0,1,0,0,0,0,0,1,C,1200,13.06,0,0.07,0,14
32161,41,56004,RENT,4,0,0,1,0,0,0,0,0,1,B,12800,11.48,0,0.23,0,12
32190,36,31000,RENT,2,0,0,1,0,0,0,0,0,1,A,2500,8.9,0,0.08,0,15
32265,43,51600,RENT,,0,0,1,0,0,0,0,0,1,B,1500,11.86,0,0.03,0,12
32305,53,304800,RENT,6,0,0,1,0,0,0,0,0,1,B,5000,8.88,0,0.02,0,29
32317,54,77000,RENT,24,0,0,1,0,0,0,0,0,1,C,24000,13.49,1,0.31,0,21
32331,51,80000,RENT,3,0,0,1,0,0,0,0,0,1,F,18000,18.78,0,0.23,0,19
32332,52,84000,RENT,3,0,0,1,0,0,0,0,0,1,A,18000,8.49,0,0.21,0,24
32352,58,39996,RENT,2,0,0,1,0,0,0,0,0,1,B,2500,10.37,0,0.06,0,27
32355,57,45600,RENT,21,0,0,1,0,0,0,0,0,1,B,3000,9.91,0,0.07,0,20
32380,54,107000,RENT,27,0,0,1,0,0,0,0,0,1,B,10000,9.91,0,0.09,0,20
32400,55,54000,RENT,20,0,0,1,0,0,0,0,0,1,A,5800,6.76,0,0.11,0,24
32408,53,110000,RENT,3,0,0,1,0,0,0,0,0,1,A,6000,7.9,0,0.05,0,23
32409,56,19200,RENT,0,0,0,1,0,0,0,0,0,1,B,6025,11.71,1,0.31,0,19
32412,52,71520,RENT,0,0,0,1,0,0,0,0,0,1,E,7000,16.82,1,0.1,0,28
32419,57,70000,RENT,0,0,0,1,0,0,0,0,0,1,B,6600,10.99,0,0.09,0,21
32421,57,77385,RENT,4,0,0,1,0,0,0,0,0,1,A,6625,7.66,0,0.09,0,29
32434,51,28000,RENT,3,0,0,1,0,0,0,0,0,1,B,8000,11.86,0,0.29,0,26
32447,51,62046,RENT,8,0,0,1,0,0,0,0,0,1,A,8000,,0,0.13,0,30
32448,57,64000,RENT,20,0,0,1,0,0,0,0,0,1,A,8000,8.9,0,0.13,0,19
32456,51,52250,RENT,4,0,0,1,0,0,0,0,0,1,C,9200,13.61,0,0.18,0,24
32464,53,43200,RENT,0,0,0,1,0,0,0,0,0,1,B,10000,9.88,0,0.23,0,30
32503,62,16800,RENT,0,0,0,1,0,0,0,0,0,1,A,2500,6.91,0,0.15,0,24
32567,52,30000,RENT,6,0,0,1,0,0,0,0,0,1,C,5000,12.73,0,0.17,0,18
32572,60,45600,RENT,1,0,0,1,0,0,0,0,0,1,B,20000,10,1,0.44,0,26
27,21,11000,MORTGAGE,3,0,1,0,0,0,0,0,0,1,E,4575,17.74,1,0.42,1,3
332,26,170000,MORTGAGE,0,0,1,0,0,0,0,0,0,1,C,12000,13.57,0,0.07,1,2
394,21,160000,MORTGAGE,3,0,1,0,0,0,0,0,0,1,D,15250,15.31,0,0.1,1,4
395,25,160000,MORTGAGE,3,0,1,0,0,0,0,0,0,1,C,20000,13.47,0,0.13,1,2
481,24,18000,MORTGAGE,3,0,1,0,0,0,0,0,0,1,C,1200,11.34,0,0.07,1,4
1034,25,24000,MORTGAGE,0,0,1,0,0,0,0,0,0,1,D,1200,15.21,0,0.05,1,4
1220,21,25000,MORTGAGE,4,0,1,0,0,0,0,0,0,1,C,2800,,0,0.11,1,3
1349,22,26000,MORTGAGE,6,0,1,0,0,0,0,0,0,1,C,17000,12.84,1,0.65,1,4
1354,23,26000,MORTGAGE,2,0,1,0,0,0,0,0,0,1,E,7000,14.93,0,0.27,1,4
2131,26,30000,MORTGAGE,0,0,1,0,0,0,0,0,0,1,C,4000,13.16,0,0.13,1,4
2405,26,32000,MORTGAGE,7,0,1,0,0,0,0,0,0,1,C,4800,12.61,0,0.15,1,3
2700,24,33996,MORTGAGE,8,0,1,0,0,0,0,0,0,1,D,4000,14.91,0,0.12,1,2
2898,22,35000,MORTGAGE,,0,1,0,0,0,0,0,0,1,F,5000,21.36,0,0.14,1,2
3281,23,36000,MORTGAGE,7,0,1,0,0,0,0,0,0,1,C,4800,13.06,0,0.13,1,2
3466,22,36933,MORTGAGE,2,0,1,0,0,0,0,0,0,1,C,10000,12.22,0,0.27,1,4
3489,22,37000,MORTGAGE,1,0,1,0,0,0,0,0,0,1,C,2000,14.27,0,0.05,1,2
3707,22,38000,MORTGAGE,4,0,1,0,0,0,0,0,0,1,D,4000,14.42,0,0.11,1,2
3851,22,32644,MORTGAGE,6,0,1,0,0,0,0,0,0,1,E,13750,16.45,1,0.42,1,4
3909,23,39000,MORTGAGE,0,0,1,0,0,0,0,0,0,1,C,3000,12.53,0,0.08,1,4
4143,22,34000,MORTGAGE,6,0,1,0,0,0,0,0,0,1,D,15000,15.99,1,0.44,1,2
4265,24,40000,MORTGAGE,2,0,1,0,0,0,0,0,0,1,C,15250,13.98,0,0.38,1,2
4361,26,40000,MORTGAGE,6,0,1,0,0,0,0,0,0,1,C,10750,12.84,0,0.27,1,4
4527,23,41000,MORTGAGE,7,0,1,0,0,0,0,0,0,1,D,10000,14.96,0,0.24,1,2
4944,23,42996,MORTGAGE,2,0,1,0,0,0,0,0,0,1,D,8500,,0,0.2,1,4
5174,25,44000,MORTGAGE,1,0,1,0,0,0,0,0,0,1,C,10000,12.87,0,0.23,1,2
5265,25,45000,MORTGAGE,4,0,1,0,0,0,0,0,0,1,C,10400,14.27,0,0.23,1,2
5334,25,45000,MORTGAGE,4,0,1,0,0,0,0,0,0,1,D,2000,15.62,0,0.04,1,3
5570,22,39000,MORTGAGE,1,0,1,0,0,0,0,0,0,1,F,5000,18.21,1,0.13,1,4
5630,23,45600,MORTGAGE,3,0,1,0,0,0,0,0,0,1,C,12000,14.65,0,0.26,1,2
5634,23,45600,MORTGAGE,7,0,1,0,0,0,0,0,0,1,C,10000,16.11,0,0.22,1,4
5754,21,46002,MORTGAGE,4,0,1,0,0,0,0,0,0,1,D,4000,,0,0.09,1,3
5811,24,46800,MORTGAGE,8,0,1,0,0,0,0,0,0,1,C,6000,14.22,0,0.13,1,4
6009,26,48000,MORTGAGE,10,0,1,0,0,0,0,0,0,1,C,13800,13.49,0,0.29,1,2
6361,24,49000,MORTGAGE,2,0,1,0,0,0,0,0,0,1,E,20000,15.57,0,0.41,1,4
6362,24,49000,MORTGAGE,2,0,1,0,0,0,0,0,0,1,D,7000,13.17,0,0.14,1,4
6406,22,49600,MORTGAGE,4,0,1,0,0,0,0,0,0,1,D,10000,14.96,0,0.2,1,3
6567,22,44000,MORTGAGE,6,0,1,0,0,0,0,0,0,1,D,6400,15.99,1,0.15,1,2
6781,23,50000,MORTGAGE,3,0,1,0,0,0,0,0,0,1,C,7000,13.48,0,0.14,1,2
6801,22,50000,MORTGAGE,6,0,1,0,0,0,0,0,0,1,C,10500,14.26,0,0.21,1,2
6897,22,50004,MORTGAGE,6,0,1,0,0,0,0,0,0,1,D,7200,,0,0.14,1,2
6903,22,44004,MORTGAGE,3,0,1,0,0,0,0,0,0,1,D,9000,14.11,1,0.2,1,3
6993,24,45000,MORTGAGE,0,0,1,0,0,0,0,0,0,1,C,10625,14.27,1,0.24,1,2
7042,22,51000,MORTGAGE,3,0,1,0,0,0,0,0,0,1,C,13000,13.48,0,0.25,1,3
7118,22,51600,MORTGAGE,2,0,1,0,0,0,0,0,0,1,C,7000,12.98,0,0.14,1,2
7223,22,52000,MORTGAGE,6,0,1,0,0,0,0,0,0,1,C,2650,12.99,0,0.05,1,3
7336,23,52250,MORTGAGE,2,0,1,0,0,0,0,0,0,1,C,4750,13.35,0,0.09,1,4
7341,23,52360,MORTGAGE,,0,1,0,0,0,0,0,0,1,D,15000,16.49,0,0.29,1,2
7425,25,53000,MORTGAGE,9,0,1,0,0,0,0,0,0,1,C,12375,13.49,0,0.23,1,3
7427,22,53000,MORTGAGE,6,0,1,0,0,0,0,0,0,1,C,7350,14.79,0,0.14,1,4
7440,21,53000,MORTGAGE,5,0,1,0,0,0,0,0,0,1,C,18000,13.8,0,0.34,1,3
7445,22,53000,MORTGAGE,4,0,1,0,0,0,0,0,0,1,D,6600,14.46,0,0.12,1,4
7582,22,48000,MORTGAGE,3,0,1,0,0,0,0,0,0,1,D,6500,15.99,1,0.14,1,2
7787,21,48996,MORTGAGE,5,0,1,0,0,0,0,0,0,1,D,15000,15.58,1,0.31,1,3
7866,23,49000,MORTGAGE,4,0,1,0,0,0,0,0,0,1,E,11400,17.99,1,0.23,1,4
7980,23,55000,MORTGAGE,7,0,1,0,0,0,0,0,0,1,C,7000,13.23,0,0.13,1,2
8066,22,49000,MORTGAGE,2,0,1,0,0,0,0,0,0,1,C,5000,11.28,1,0.1,1,4
8070,25,55000,MORTGAGE,9,0,1,0,0,0,0,0,0,1,C,3600,11.34,0,0.07,1,4
8108,26,49493,MORTGAGE,6,0,1,0,0,0,0,0,0,1,C,15250,13.11,1,0.31,1,3
8289,21,57000,MORTGAGE,5,0,1,0,0,0,0,0,0,1,C,14400,,0,0.25,1,2
8487,23,58000,MORTGAGE,8,0,1,0,0,0,0,0,0,1,C,8000,13.61,0,0.14,1,3
8502,22,52000,MORTGAGE,6,0,1,0,0,0,0,0,0,1,D,6000,,1,0.12,1,3
8638,23,59800,MORTGAGE,7,0,1,0,0,0,0,0,0,1,C,15000,15.96,0,0.25,1,3
9025,22,60000,MORTGAGE,7,0,1,0,0,0,0,0,0,1,C,7000,13.61,0,0.12,1,3
9129,22,60000,MORTGAGE,6,0,1,0,0,0,0,0,0,1,D,24250,15.31,0,0.4,1,2
9206,24,54000,MORTGAGE,8,0,1,0,0,0,0,0,0,1,D,1500,14.42,1,0.03,1,2
9437,26,62000,MORTGAGE,10,0,1,0,0,0,0,0,0,1,C,10000,13.43,0,0.16,1,2
9438,23,56000,MORTGAGE,7,0,1,0,0,0,0,0,0,1,D,8000,14.54,1,0.14,1,2
9447,23,62000,MORTGAGE,0,0,1,0,0,0,0,0,0,1,D,18000,14.46,0,0.29,1,3
9475,23,62000,MORTGAGE,2,0,1,0,0,0,0,0,0,1,C,5000,13.57,0,0.08,1,3
9550,22,62400,MORTGAGE,2,0,1,0,0,0,0,0,0,1,C,12600,13.85,0,0.2,1,2
9597,22,56920,MORTGAGE,6,0,1,0,0,0,0,0,0,1,D,10000,14.59,1,0.18,1,2
9611,25,63000,MORTGAGE,6,0,1,0,0,0,0,0,0,1,F,11000,,0,0.17,1,3
9640,21,63000,MORTGAGE,5,0,1,0,0,0,0,0,0,1,E,4800,,0,0.08,1,4
9758,22,64000,MORTGAGE,6,0,1,0,0,0,0,0,0,1,C,15000,13.23,0,0.23,1,3
9791,22,64312,MORTGAGE,4,0,1,0,0,0,0,0,0,1,D,5000,14.91,0,0.08,1,4
9865,24,65000,MORTGAGE,8,0,1,0,0,0,0,0,0,1,D,7200,17.58,0,0.11,1,4
9878,26,65000,MORTGAGE,2,0,1,0,0,0,0,0,0,1,D,8000,17.27,0,0.12,1,3
10072,24,65000,MORTGAGE,7,0,1,0,0,0,0,0,0,1,D,14000,15.31,0,0.22,1,4
10180,23,65400,MORTGAGE,4,0,1,0,0,0,0,0,0,1,D,20000,15.05,0,0.31,1,4
10314,24,66500,MORTGAGE,7,0,1,0,0,0,0,0,0,1,C,1400,12.53,0,0.02,1,4
10464,25,68000,MORTGAGE,2,0,1,0,0,0,0,0,0,1,C,6500,12.99,0,0.1,1,3
10600,26,69000,MORTGAGE,7,0,1,0,0,0,0,0,0,1,C,18000,14.22,0,0.26,1,4
10620,22,69500,MORTGAGE,6,0,1,0,0,0,0,0,0,1,C,6000,13.48,0,0.09,1,2
10832,22,70000,MORTGAGE,5,0,1,0,0,0,0,0,0,1,C,8000,13.35,0,0.11,1,2
11008,25,71000,MORTGAGE,,0,1,0,0,0,0,0,0,1,C,4800,13.49,0,0.07,1,3
11010,22,71000,MORTGAGE,6,0,1,0,0,0,0,0,0,1,C,1500,15.23,0,0.02,1,2
11140,24,72000,MORTGAGE,4,0,1,0,0,0,0,0,0,1,C,2100,,0,0.03,1,2
11186,22,72000,MORTGAGE,5,0,1,0,0,0,0,0,0,1,D,12000,14.84,0,0.17,1,4
11290,22,73000,MORTGAGE,7,0,1,0,0,0,0,0,0,1,D,12000,16.89,0,0.16,1,2
11332,21,67400,MORTGAGE,2,0,1,0,0,0,0,0,0,1,E,20000,17.74,1,0.3,1,2
11370,26,74000,MORTGAGE,4,0,1,0,0,0,0,0,0,1,C,3500,,0,0.05,1,4
11501,22,75000,MORTGAGE,3,0,1,0,0,0,0,0,0,1,D,28000,15.62,0,0.37,1,4
11534,26,75000,MORTGAGE,3,0,1,0,0,0,0,0,0,1,C,3500,12.99,0,0.05,1,3
11579,23,75000,MORTGAGE,3,0,1,0,0,0,0,0,0,1,C,10200,12.68,0,0.14,1,2
11601,25,75000,MORTGAGE,4,0,1,0,0,0,0,0,0,1,D,20000,14.09,0,0.27,1,4
11734,25,75000,MORTGAGE,9,0,1,0,0,0,0,0,0,1,C,5000,13.79,0,0.07,1,4
11747,25,75000,MORTGAGE,9,0,1,0,0,0,0,0,0,1,D,7500,12.61,0,0.1,1,4
11851,25,76700,MORTGAGE,1,0,1,0,0,0,0,0,0,1,E,14800,19.42,0,0.19,1,4
11980,23,72000,MORTGAGE,6,0,1,0,0,0,0,0,0,1,C,12000,13.61,1,0.17,1,2
11984,23,78000,MORTGAGE,0,0,1,0,0,0,0,0,0,1,D,25000,15.58,0,0.32,1,3
12023,22,78400,MORTGAGE,2,0,1,0,0,0,0,0,0,1,D,5000,17.49,0,0.06,1,3
12030,25,72500,MORTGAGE,3,0,1,0,0,0,0,0,0,1,D,16000,15.28,1,0.22,1,4
12058,22,79000,MORTGAGE,3,0,1,0,0,0,0,0,0,1,C,35000,13.8,0,0.44,1,2
12072,22,79000,MORTGAGE,6,0,1,0,0,0,0,0,0,1,C,11000,13.11,0,0.14,1,4
12107,25,80000,MORTGAGE,9,0,1,0,0,0,0,0,0,1,E,4000,19.03,0,0.05,1,3
12182,25,80000,MORTGAGE,9,0,1,0,0,0,0,0,0,1,D,14000,15.62,0,0.17,1,4
12197,24,80000,MORTGAGE,8,0,1,0,0,0,0,0,0,1,D,5000,15.62,0,0.06,1,2
12207,24,80000,MORTGAGE,8,0,1,0,0,0,0,0,0,1,C,12000,13.99,0,0.15,1,3
12228,22,74000,MORTGAGE,0,0,1,0,0,0,0,0,0,1,G,19000,20.48,1,0.26,1,2
12268,25,80000,MORTGAGE,4,0,1,0,0,0,0,0,0,1,C,15000,12.61,0,0.19,1,4
12274,23,74000,MORTGAGE,3,0,1,0,0,0,0,0,0,1,C,10000,,1,0.14,1,3
12371,22,74000,MORTGAGE,1,0,1,0,0,0,0,0,0,1,E,25000,14.38,1,0.34,1,3
12402,25,80400,MORTGAGE,10,0,1,0,0,0,0,0,0,1,D,25000,17.49,0,0.31,1,4
12408,26,80500,MORTGAGE,3,0,1,0,0,0,0,0,0,1,D,24000,17.58,0,0.3,1,3
12428,22,75000,MORTGAGE,6,0,1,0,0,0,0,0,0,1,D,25000,15.57,1,0.33,1,4
12523,26,82000,MORTGAGE,1,0,1,0,0,0,0,0,0,1,C,5000,13.47,0,0.06,1,2
12572,23,83000,MORTGAGE,0,0,1,0,0,0,0,0,0,1,D,20000,14.54,0,0.24,1,4
12583,21,83000,MORTGAGE,5,0,1,0,0,0,0,0,0,1,C,7000,12.73,0,0.08,1,2
12591,23,83004,MORTGAGE,7,0,1,0,0,0,0,0,0,1,C,3500,12.61,0,0.04,1,2
12763,24,85000,MORTGAGE,8,0,1,0,0,0,0,0,0,1,C,10000,12.99,0,0.12,1,4
12773,23,85000,MORTGAGE,1,0,1,0,0,0,0,0,0,1,C,21400,13.49,0,0.25,1,4
12779,22,85000,MORTGAGE,6,0,1,0,0,0,0,0,0,1,C,10000,13.99,0,0.12,1,4
13059,26,87300,MORTGAGE,0,0,1,0,0,0,0,0,0,1,C,6000,10.28,0,0.07,1,4
13073,24,87600,MORTGAGE,8,0,1,0,0,0,0,0,0,1,C,10000,13.49,0,0.11,1,3
13093,24,76000,MORTGAGE,3,0,1,0,0,0,0,0,0,1,C,12000,,1,0.16,1,4
13122,22,88200,MORTGAGE,1,0,1,0,0,0,0,0,0,1,D,19000,14.61,0,0.22,1,3
13271,25,90000,MORTGAGE,2,0,1,0,0,0,0,0,0,1,D,10000,15.28,0,0.11,1,2
13300,25,90000,MORTGAGE,5,0,1,0,0,0,0,0,0,1,C,10000,12.61,0,0.11,1,3
13372,25,78000,MORTGAGE,7,0,1,0,0,0,0,0,0,1,C,9000,11.78,1,0.12,1,2
13408,23,91000,MORTGAGE,5,0,1,0,0,0,0,0,0,1,D,10000,16.32,0,0.11,1,3
13434,24,79200,MORTGAGE,8,0,1,0,0,0,0,0,0,1,C,6500,11.78,1,0.08,1,3
13471,23,92000,MORTGAGE,7,0,1,0,0,0,0,0,0,1,E,10000,16.7,0,0.11,1,2
13503,25,92700,MORTGAGE,5,0,1,0,0,0,0,0,0,1,C,1500,14.65,0,0.02,1,2
13513,25,93000,MORTGAGE,9,0,1,0,0,0,0,0,0,1,D,12000,16.77,0,0.13,1,4
13546,24,93000,MORTGAGE,3,0,1,0,0,0,0,0,0,1,C,18000,11.78,0,0.19,1,3
13558,26,93500,MORTGAGE,9,0,1,0,0,0,0,0,0,1,D,6250,14.83,0,0.07,1,3
13626,26,95000,MORTGAGE,10,0,1,0,0,0,0,0,0,1,C,15000,15.96,0,0.16,1,2
13879,23,97000,MORTGAGE,7,0,1,0,0,0,0,0,0,1,C,1800,,0,0.02,1,2
13965,26,99085,MORTGAGE,10,0,1,0,0,0,0,0,0,1,D,8000,14.91,0,0.08,1,4
13967,24,87220,MORTGAGE,7,0,1,0,0,0,0,0,0,1,C,8000,,1,0.09,1,3
14027,23,88000,MORTGAGE,,0,1,0,0,0,0,0,0,1,C,1000,13.49,1,0.01,1,4
14040,25,100000,MORTGAGE,2,0,1,0,0,0,0,0,0,1,C,16000,14.79,0,0.16,1,2
14071,24,100000,MORTGAGE,8,0,1,0,0,0,0,0,0,1,F,30000,18.62,0,0.3,1,2
14078,23,100000,MORTGAGE,4,0,1,0,0,0,0,0,0,1,E,25000,17.14,0,0.25,1,2
14127,24,100000,MORTGAGE,6,0,1,0,0,0,0,0,0,1,D,25000,15.33,0,0.25,1,2
14204,24,89000,MORTGAGE,1,0,1,0,0,0,0,0,0,1,D,25000,15.65,1,0.28,1,4
14255,24,90000,MORTGAGE,5,0,1,0,0,0,0,0,0,1,C,19200,12.84,1,0.21,1,4
14261,26,102456,MORTGAGE,10,0,1,0,0,0,0,0,0,1,D,25000,,0,0.24,1,2
14265,24,102996,MORTGAGE,1,0,1,0,0,0,0,0,0,1,C,5000,14.22,0,0.05,1,4
14267,24,103000,MORTGAGE,8,0,1,0,0,0,0,0,0,1,C,21000,13.49,0,0.2,1,2
14270,22,103000,MORTGAGE,7,0,1,0,0,0,0,0,0,1,D,15000,15.99,0,0.15,1,2
14353,25,105000,MORTGAGE,9,0,1,0,0,0,0,0,0,1,C,4800,15.23,0,0.05,1,2
14388,25,105000,MORTGAGE,3,0,1,0,0,0,0,0,0,1,C,12000,12.84,0,0.11,1,2
14422,25,94000,MORTGAGE,1,0,1,0,0,0,0,0,0,1,E,25000,,1,0.27,1,2
14616,26,110000,MORTGAGE,10,0,1,0,0,0,0,0,0,1,C,8000,14.35,0,0.07,1,2
14721,22,112774,MORTGAGE,6,0,1,0,0,0,0,0,0,1,C,6400,13.06,0,0.06,1,4
14818,25,115000,MORTGAGE,4,0,1,0,0,0,0,0,0,1,C,25000,12.53,0,0.22,1,4
14862,23,117000,MORTGAGE,8,0,1,0,0,0,0,0,0,1,E,14000,15.68,0,0.12,1,4
14868,24,117996,MORTGAGE,6,0,1,0,0,0,0,0,0,1,E,18000,17.04,0,0.15,1,3
15207,26,125000,MORTGAGE,10,0,1,0,0,0,0,0,0,1,C,15000,13.85,0,0.12,1,3
15276,26,116000,MORTGAGE,5,0,1,0,0,0,0,0,0,1,C,5000,,1,0.04,1,3
15278,23,128000,MORTGAGE,7,0,1,0,0,0,0,0,0,1,C,3000,14.72,0,0.02,1,4
15302,26,130000,MORTGAGE,7,0,1,0,0,0,0,0,0,1,D,6500,15.99,0,0.05,1,3
15354,25,130000,MORTGAGE,2,0,1,0,0,0,0,0,0,1,D,19400,16,0,0.15,1,4
15381,24,132000,MORTGAGE,8,0,1,0,0,0,0,0,0,1,D,14000,17.49,0,0.11,1,2
15418,20,135000,MORTGAGE,1,0,1,0,0,0,0,0,0,1,C,15000,15.96,0,0.11,1,2
15441,25,135000,MORTGAGE,0,0,1,0,0,0,0,0,0,1,D,16000,,0,0.12,1,3
15572,25,133900,MORTGAGE,9,0,1,0,0,0,0,0,0,1,D,7500,13.49,1,0.06,1,2
15659,24,150000,MORTGAGE,8,0,1,0,0,0,0,0,0,1,C,15000,13.16,0,0.1,1,3
15706,26,156000,MORTGAGE,6,0,1,0,0,0,0,0,0,1,C,9600,14.27,0,0.06,1,2
15725,25,158000,MORTGAGE,10,0,1,0,0,0,0,0,0,1,C,20000,14.26,0,0.13,1,2
15739,23,160000,MORTGAGE,1,0,1,0,0,0,0,0,0,1,C,35000,15.23,0,0.22,1,2
15853,25,200000,MORTGAGE,3,0,1,0,0,0,0,0,0,1,E,35000,17.14,0,0.17,1,3
16194,22,75000,MORTGAGE,6,0,1,0,0,0,0,0,0,1,D,25000,14.96,0,0.33,1,3
16286,22,120000,MORTGAGE,3,0,1,0,0,0,0,0,0,1,C,5000,14.79,0,0.04,1,3
16354,25,60000,MORTGAGE,5,0,1,0,0,0,0,0,0,1,D,3000,14.59,0,0.05,1,4
16487,22,165000,MORTGAGE,5,0,1,0,0,0,0,0,0,1,D,24000,15.62,0,0.15,1,2
16506,25,115000,MORTGAGE,9,0,1,0,0,0,0,0,0,1,C,19000,13.49,0,0.17,1,4
16539,23,42000,MORTGAGE,7,0,1,0,0,0,0,0,0,1,C,12000,15.23,0,0.29,1,3
16547,23,120000,MORTGAGE,7,0,1,0,0,0,0,0,0,1,C,6000,13.06,0,0.05,1,3
16686,25,105000,MORTGAGE,6,0,1,0,0,0,0,0,0,1,D,6500,13.87,0,0.06,1,3
16793,22,50000,MORTGAGE,6,0,1,0,0,0,0,0,0,1,C,10000,,0,0.2,1,3
16859,23,58000,MORTGAGE,8,0,1,0,0,0,0,0,0,1,C,8000,13.61,0,0.14,1,4
17002,22,33000,MORTGAGE,4,0,1,0,0,0,0,0,0,1,C,12500,14.26,0,0.38,1,4
17030,22,68000,MORTGAGE,6,0,1,0,0,0,0,0,0,1,D,20000,16.77,0,0.29,1,3
17235,22,42000,MORTGAGE,6,0,1,0,0,0,0,0,0,1,C,14750,12.99,0,0.35,1,3
17329,22,52500,MORTGAGE,6,0,1,0,0,0,0,0,0,1,C,8000,15.23,0,0.15,1,4
17698,22,95000,MORTGAGE,1,0,1,0,0,0,0,0,0,1,C,7200,12.23,0,0.08,1,4
17870,33,350000,MORTGAGE,0,0,1,0,0,0,0,0,0,1,C,10000,14.65,0,0.03,1,10
17944,30,240000,MORTGAGE,8,0,1,0,0,0,0,0,0,1,D,28000,16.49,0,0.12,1,7
17974,28,216000,MORTGAGE,12,0,1,0,0,0,0,0,0,1,D,15000,16.02,0,0.07,1,8
18043,29,192000,MORTGAGE,6,0,1,0,0,0,0,0,0,1,C,15000,14.27,0,0.08,1,6
18088,31,180000,MORTGAGE,5,0,1,0,0,0,0,0,0,1,C,9000,14.27,0,0.05,1,6
18097,30,180000,MORTGAGE,11,0,1,0,0,0,0,0,0,1,D,28000,14.91,0,0.16,1,5
18614,27,24000,MORTGAGE,1,0,1,0,0,0,0,0,0,1,C,11000,,0,0.46,1,6
18910,32,28800,MORTGAGE,7,0,1,0,0,0,0,0,0,1,C,7500,13.43,0,0.26,1,7
19532,27,34000,MORTGAGE,12,0,1,0,0,0,0,0,0,1,C,10625,13.47,0,0.31,1,10
19543,27,34400,MORTGAGE,,0,1,0,0,0,0,0,0,1,C,7500,,0,0.22,1,9
19711,32,35100,MORTGAGE,3,0,1,0,0,0,0,0,0,1,D,10000,15.95,0,0.28,1,5
19892,27,36120,MORTGAGE,2,0,1,0,0,0,0,0,0,1,D,2000,15.58,0,0.06,1,5
20448,30,34000,MORTGAGE,14,0,1,0,0,0,0,0,0,1,D,6000,14.96,1,0.18,1,6
20493,28,40500,MORTGAGE,0,0,1,0,0,0,0,0,0,1,C,12000,12.23,0,0.3,1,5
20724,27,42000,MORTGAGE,2,0,1,0,0,0,0,0,0,1,C,20000,12.84,0,0.48,1,7
20931,30,44449,MORTGAGE,2,0,1,0,0,0,0,0,0,1,C,21250,13.48,0,0.48,1,6
20951,28,44928,MORTGAGE,5,0,1,0,0,0,0,0,0,1,C,1000,13.06,0,0.02,1,8
21129,30,45000,MORTGAGE,11,0,1,0,0,0,0,0,0,1,C,10000,13.57,0,0.22,1,6
21211,27,39600,MORTGAGE,4,0,1,0,0,0,0,0,0,1,G,2500,20.86,1,0.06,1,8
21228,35,45996,MORTGAGE,0,0,1,0,0,0,0,0,0,1,D,15000,14.42,0,0.33,1,7
21408,34,48000,MORTGAGE,9,0,1,0,0,0,0,0,0,1,C,5600,15.96,0,0.12,1,7
21459,29,48000,MORTGAGE,1,0,1,0,0,0,0,0,0,1,C,7000,12.68,0,0.15,1,6
21528,29,48000,MORTGAGE,2,0,1,0,0,0,0,0,0,1,C,5000,11.97,0,0.1,1,5
21649,34,50000,MORTGAGE,6,0,1,0,0,0,0,0,0,1,C,16000,13.49,0,0.32,1,5
21930,27,44400,MORTGAGE,10,0,1,0,0,0,0,0,0,1,C,4000,13.99,1,0.09,1,7
22206,31,53000,MORTGAGE,7,0,1,0,0,0,0,0,0,1,C,4550,11.03,0,0.09,1,6
22225,35,53500,MORTGAGE,1,0,1,0,0,0,0,0,0,1,C,20000,12.53,0,0.37,1,7
22410,28,49000,MORTGAGE,11,0,1,0,0,0,0,0,0,1,C,8025,,1,0.16,1,7
22458,27,55000,MORTGAGE,2,0,1,0,0,0,0,0,0,1,D,7000,,0,0.13,1,7
22520,27,55000,MORTGAGE,8,0,1,0,0,0,0,0,0,1,C,7500,12.22,0,0.14,1,6
22596,29,56000,MORTGAGE,0,0,1,0,0,0,0,0,0,1,C,6000,13.23,0,0.11,1,7
22607,28,56000,MORTGAGE,9,0,1,0,0,0,0,0,0,1,D,4800,14.61,0,0.09,1,6
22648,29,56700,MORTGAGE,9,0,1,0,0,0,0,0,0,1,C,10000,,0,0.18,1,5
22886,27,59068,MORTGAGE,11,0,1,0,0,0,0,0,0,1,C,13500,13.22,0,0.23,1,9
23160,33,60000,MORTGAGE,1,0,1,0,0,0,0,0,0,1,D,17000,16.07,0,0.28,1,5
23294,29,55000,MORTGAGE,0,0,1,0,0,0,0,0,0,1,C,5000,12.73,1,0.09,1,7
23311,29,61240,MORTGAGE,4,0,1,0,0,0,0,0,0,1,D,7000,,0,0.11,1,7
23512,30,63500,MORTGAGE,9,0,1,0,0,0,0,0,0,1,D,12000,15.33,0,0.19,1,9
23559,28,64000,MORTGAGE,3,0,1,0,0,0,0,0,0,1,C,5000,13.23,0,0.08,1,7
23607,30,65000,MORTGAGE,3,0,1,0,0,0,0,0,0,1,D,20000,16.77,0,0.31,1,6
23630,29,59000,MORTGAGE,5,0,1,0,0,0,0,0,0,1,D,8000,16.77,1,0.14,1,8
23809,27,59619,MORTGAGE,11,0,1,0,0,0,0,0,0,1,D,7750,14.84,1,0.13,1,9
23815,29,60000,MORTGAGE,11,0,1,0,0,0,0,0,0,1,C,6000,15.27,1,0.1,1,10
23849,31,66000,MORTGAGE,9,0,1,0,0,0,0,0,0,1,E,22000,16.63,0,0.33,1,5
24006,27,68808,MORTGAGE,2,0,1,0,0,0,0,0,0,1,C,20000,,0,0.29,1,6
24243,33,70000,MORTGAGE,3,0,1,0,0,0,0,0,0,1,C,20000,12.84,0,0.29,1,7
24268,28,64500,MORTGAGE,1,0,1,0,0,0,0,0,0,1,C,4000,13.79,1,0.06,1,8
24425,31,72000,MORTGAGE,15,0,1,0,0,0,0,0,0,1,D,12300,14.96,0,0.17,1,5
24433,27,72000,MORTGAGE,8,0,1,0,0,0,0,0,0,1,C,15250,13.16,0,0.21,1,5
24484,31,73000,MORTGAGE,3,0,1,0,0,0,0,0,0,1,C,12000,,0,0.16,1,8
24537,30,74000,MORTGAGE,14,0,1,0,0,0,0,0,0,1,C,14000,13.92,0,0.19,1,10
24711,32,75000,MORTGAGE,10,0,1,0,0,0,0,0,0,1,E,20000,16.45,0,0.27,1,8
24741,31,75000,MORTGAGE,3,0,1,0,0,0,0,0,0,1,F,8000,18.21,0,0.11,1,7
24885,30,78000,MORTGAGE,1,0,1,0,0,0,0,0,0,1,C,26000,15.96,0,0.33,1,5
24947,29,78300,MORTGAGE,1,0,1,0,0,0,0,0,0,1,F,10000,18.09,0,0.13,1,9
24976,28,79000,MORTGAGE,4,0,1,0,0,0,0,0,0,1,D,2000,16,0,0.03,1,10
25005,29,79894,MORTGAGE,7,0,1,0,0,0,0,0,0,1,D,20000,14.96,0,0.25,1,10
25020,34,74000,MORTGAGE,13,0,1,0,0,0,0,0,0,1,C,10000,15.96,1,0.14,1,10
25075,30,80000,MORTGAGE,2,0,1,0,0,0,0,0,0,1,C,6000,14.17,0,0.07,1,6
25258,28,82000,MORTGAGE,0,0,1,0,0,0,0,0,0,1,C,15000,12.98,0,0.18,1,8
25304,27,83000,MORTGAGE,11,0,1,0,0,0,0,0,0,1,C,2500,13.99,0,0.03,1,8
25460,32,85000,MORTGAGE,3,0,1,0,0,0,0,0,0,1,E,8000,18.79,0,0.09,1,5
25465,31,85000,MORTGAGE,9,0,1,0,0,0,0,0,0,1,D,16000,,0,0.19,1,10
25549,33,86000,MORTGAGE,5,0,1,0,0,0,0,0,0,1,D,15000,16.49,0,0.17,1,9
25591,33,87000,MORTGAGE,17,0,1,0,0,0,0,0,0,1,E,9000,17.93,0,0.1,1,7
25679,30,89900,MORTGAGE,5,0,1,0,0,0,0,0,0,1,C,20000,,0,0.22,1,9
25728,30,90000,MORTGAGE,4,0,1,0,0,0,0,0,0,1,C,8000,,0,0.09,1,9
25741,28,78000,MORTGAGE,4,0,1,0,0,0,0,0,0,1,D,10000,15.99,1,0.13,1,7
25769,30,90000,MORTGAGE,14,0,1,0,0,0,0,0,0,1,D,9000,15.58,0,0.1,1,6
25780,28,90000,MORTGAGE,5,0,1,0,0,0,0,0,0,1,D,13600,16.32,0,0.15,1,7
25811,27,90000,MORTGAGE,5,0,1,0,0,0,0,0,0,1,D,20500,14.96,0,0.23,1,8
25843,32,90301,MORTGAGE,2,0,1,0,0,0,0,0,0,1,C,15000,13.47,0,0.17,1,6
25884,30,91644,MORTGAGE,14,0,1,0,0,0,0,0,0,1,C,5000,11.03,0,0.05,1,7
26127,31,96000,MORTGAGE,4,0,1,0,0,0,0,0,0,1,C,12000,12.73,0,0.13,1,5
26164,29,97000,MORTGAGE,2,0,1,0,0,0,0,0,0,1,C,10000,12.23,0,0.1,1,5
26167,30,97000,MORTGAGE,5,0,1,0,0,0,0,0,0,1,D,25000,16.32,0,0.26,1,5
26221,28,98400,MORTGAGE,12,0,1,0,0,0,0,0,0,1,D,20000,14.84,0,0.2,1,9
26286,28,100000,MORTGAGE,0,0,1,0,0,0,0,0,0,1,C,18000,13.99,0,0.18,1,6
26291,30,100000,MORTGAGE,11,0,1,0,0,0,0,0,0,1,D,16000,16.49,0,0.16,1,9
26350,29,100000,MORTGAGE,9,0,1,0,0,0,0,0,0,1,C,25000,13.23,0,0.25,1,8
26366,31,100000,MORTGAGE,0,0,1,0,0,0,0,0,0,1,C,20000,13.48,0,0.2,1,6
26374,29,100000,MORTGAGE,4,0,1,0,0,0,0,0,0,1,C,20000,13.57,0,0.2,1,9
26388,27,100000,MORTGAGE,0,0,1,0,0,0,0,0,0,1,C,16000,,0,0.16,1,6
26445,33,102000,MORTGAGE,17,0,1,0,0,0,0,0,0,1,E,35000,,0,0.34,1,8
26505,32,104000,MORTGAGE,12,0,1,0,0,0,0,0,0,1,E,17000,14.82,0,0.16,1,7
26539,30,105000,MORTGAGE,0,0,1,0,0,0,0,0,0,1,C,6000,14.72,0,0.06,1,10
26561,31,93900,MORTGAGE,13,0,1,0,0,0,0,0,0,1,F,24000,16.08,1,0.26,1,6
26600,30,107004,MORTGAGE,3,0,1,0,0,0,0,0,0,1,C,12000,13.79,0,0.11,1,10
26614,27,96000,MORTGAGE,3,0,1,0,0,0,0,0,0,1,C,3000,14.17,1,0.03,1,9
26625,32,108000,MORTGAGE,11,0,1,0,0,0,0,0,0,1,C,20000,12.53,0,0.19,1,10
26634,29,108996,MORTGAGE,12,0,1,0,0,0,0,0,0,1,E,22000,,0,0.2,1,5
26642,34,109200,MORTGAGE,18,0,1,0,0,0,0,0,0,1,C,6000,12.23,0,0.05,1,9
26728,31,110000,MORTGAGE,5,0,1,0,0,0,0,0,0,1,D,5000,14.96,0,0.05,1,9
26734,28,110000,MORTGAGE,0,0,1,0,0,0,0,0,0,1,E,15000,16.32,0,0.14,1,5
26849,29,115000,MORTGAGE,10,0,1,0,0,0,0,0,0,1,C,5600,13.43,0,0.05,1,8
26863,28,115000,MORTGAGE,12,0,1,0,0,0,0,0,0,1,C,16000,13.85,0,0.14,1,8
26909,29,118374,MORTGAGE,13,0,1,0,0,0,0,0,0,1,C,3500,13.49,0,0.03,1,6
27098,28,122000,MORTGAGE,11,0,1,0,0,0,0,0,0,1,D,15000,16.77,0,0.12,1,5
27108,27,123000,MORTGAGE,0,0,1,0,0,0,0,0,0,1,C,13225,16.11,0,0.11,1,7
27109,32,123000,MORTGAGE,16,0,1,0,0,0,0,0,0,1,E,15200,15.95,0,0.12,1,9
27113,31,123000,MORTGAGE,15,0,1,0,0,0,0,0,0,1,C,19000,13.47,0,0.15,1,9
27131,28,124800,MORTGAGE,1,0,1,0,0,0,0,0,0,1,C,15000,12.53,0,0.12,1,5
27221,30,126132,MORTGAGE,1,0,1,0,0,0,0,0,0,1,D,14400,14.54,0,0.11,1,7
27321,28,131040,MORTGAGE,0,0,1,0,0,0,0,0,0,1,C,10000,13.35,0,0.08,1,10
27332,31,121000,MORTGAGE,2,0,1,0,0,0,0,0,0,1,D,12000,16.29,1,0.1,1,6
27447,34,140000,MORTGAGE,17,0,1,0,0,0,0,0,0,1,D,12000,15.21,0,0.09,1,10
27476,27,129996,MORTGAGE,2,0,1,0,0,0,0,0,0,1,D,12800,14.84,1,0.1,1,7
27513,29,145000,MORTGAGE,0,0,1,0,0,0,0,0,0,1,D,14000,16.77,0,0.1,1,5
27536,33,148000,MORTGAGE,17,0,1,0,0,0,0,0,0,1,C,8000,13.98,0,0.05,1,5
27554,32,150000,MORTGAGE,17,0,1,0,0,0,0,0,0,1,C,12000,12.99,0,0.08,1,9
27601,34,150000,MORTGAGE,14,0,1,0,0,0,0,0,0,1,E,25000,16.7,0,0.17,1,6
27611,28,150000,MORTGAGE,0,0,1,0,0,0,0,0,0,1,E,25000,15.25,0,0.17,1,8
27625,33,153000,MORTGAGE,11,0,1,0,0,0,0,0,0,1,C,10000,14.79,0,0.07,1,5
27715,29,173088,MORTGAGE,13,0,1,0,0,0,0,0,0,1,C,8000,13.79,0,0.05,1,10
27728,30,175000,MORTGAGE,15,0,1,0,0,0,0,0,0,1,D,25000,,0,0.14,1,10
27734,28,176608,MORTGAGE,1,0,1,0,0,0,0,0,0,1,C,21125,13.16,0,0.12,1,5
27754,27,189000,MORTGAGE,2,0,1,0,0,0,0,0,0,1,D,5125,14.84,0,0.03,1,6
27844,34,275004,MORTGAGE,2,0,1,0,0,0,0,0,0,1,D,25000,16.32,0,0.09,1,9
27852,28,288000,MORTGAGE,12,0,1,0,0,0,0,0,0,1,G,18000,22.48,1,0.06,1,9
27911,31,50402,MORTGAGE,4,0,1,0,0,0,0,0,0,1,C,3000,13.22,0,0.06,1,10
27990,32,54000,MORTGAGE,9,0,1,0,0,0,0,0,0,1,C,13000,12.53,0,0.24,1,10
28168,31,37000,MORTGAGE,12,0,1,0,0,0,0,0,0,1,C,22000,12.73,0,0.59,1,6
28247,33,44400,MORTGAGE,3,0,1,0,0,0,0,0,0,1,C,2000,14.22,1,0.05,1,9
28322,33,87000,MORTGAGE,17,0,1,0,0,0,0,0,0,1,E,9000,17.93,0,0.1,1,7
28612,34,90000,MORTGAGE,19,0,1,0,0,0,0,0,0,1,C,5000,13.61,0,0.06,1,8
28707,35,31000,MORTGAGE,9,0,1,0,0,0,0,0,0,1,C,15000,13.16,0,0.48,1,9
28718,29,54000,MORTGAGE,8,0,1,0,0,0,0,0,0,1,D,14800,15.31,1,0.27,1,5
28805,32,75000,MORTGAGE,2,0,1,0,0,0,0,0,0,1,D,2000,15.65,0,0.03,1,10
28905,29,48000,MORTGAGE,3,0,1,0,0,0,0,0,0,1,C,17375,14.27,0,0.36,1,10
29019,31,60000,MORTGAGE,5,0,1,0,0,0,0,0,0,1,F,19400,18.53,0,0.32,1,10
29115,31,83000,MORTGAGE,9,0,1,0,0,0,0,0,0,1,F,18000,19.74,1,0.22,1,8
29132,43,500000,MORTGAGE,5,0,1,0,0,0,0,0,0,1,C,25000,12.61,0,0.05,1,14
29198,46,192000,MORTGAGE,1,0,1,0,0,0,0,0,0,1,C,25000,14.79,0,0.13,1,14
29456,36,28000,MORTGAGE,1,0,1,0,0,0,0,0,0,1,D,3075,15.62,1,0.11,1,12
29567,38,31200,MORTGAGE,6,0,1,0,0,0,0,0,0,1,C,5850,13.49,0,0.19,1,11
29789,36,38208,MORTGAGE,2,0,1,0,0,0,0,0,0,1,D,1500,,0,0.04,1,15
29975,45,42320,MORTGAGE,6,0,1,0,0,0,0,0,0,1,C,7475,13.49,0,0.18,1,15
29984,40,42996,MORTGAGE,5,0,1,0,0,0,0,0,0,1,C,8400,13.49,0,0.2,1,12
30206,44,49200,MORTGAGE,2,0,1,0,0,0,0,0,0,1,D,3600,16.29,0,0.07,1,14
30258,44,44000,MORTGAGE,2,0,1,0,0,0,0,0,0,1,C,5000,12.23,1,0.11,1,12
30379,41,53000,MORTGAGE,20,0,1,0,0,0,0,0,0,1,C,11000,,0,0.21,1,14
30391,38,53712,MORTGAGE,7,0,1,0,0,0,0,0,0,1,C,4000,13.43,0,0.07,1,12
30569,36,59800,MORTGAGE,20,0,1,0,0,0,0,0,0,1,D,18200,18.25,0,0.3,1,15
30678,39,61000,MORTGAGE,3,0,1,0,0,0,0,0,0,1,D,14000,16.29,0,0.23,1,17
30722,36,62400,MORTGAGE,13,0,1,0,0,0,0,0,0,1,C,14100,12.98,0,0.23,1,14
30724,37,62400,MORTGAGE,5,0,1,0,0,0,0,0,0,1,D,10000,14.61,0,0.16,1,17
30800,36,65000,MORTGAGE,3,0,1,0,0,0,0,0,0,1,C,4000,13.48,0,0.06,1,12
31001,44,72061,MORTGAGE,8,0,1,0,0,0,0,0,0,1,C,4200,14.17,0,0.06,1,14
31021,46,74000,MORTGAGE,18,0,1,0,0,0,0,0,0,1,C,20000,12.68,0,0.27,1,16
31204,44,80000,MORTGAGE,28,0,1,0,0,0,0,0,0,1,D,25000,15.33,0,0.31,1,17
31255,37,84000,MORTGAGE,21,0,1,0,0,0,0,0,0,1,C,24000,,0,0.29,1,17
31335,37,88000,MORTGAGE,2,0,1,0,0,0,0,0,0,1,C,1000,13.48,0,0.01,1,11
31372,43,90000,MORTGAGE,0,0,1,0,0,0,0,0,0,1,D,15000,14.46,0,0.17,1,11
31489,44,99996,MORTGAGE,4,0,1,0,0,0,0,0,0,1,C,14400,12.23,0,0.14,1,16
31523,37,100000,MORTGAGE,0,0,1,0,0,0,0,0,0,1,C,9600,13.22,0,0.1,1,17
31626,39,115000,MORTGAGE,6,0,1,0,0,0,0,0,0,1,D,25000,15.58,0,0.22,1,17
31685,42,108000,MORTGAGE,14,0,1,0,0,0,0,0,0,1,D,14400,13.67,1,0.13,1,16
31768,41,140000,MORTGAGE,3,0,1,0,0,0,0,0,0,1,C,25000,13.8,0,0.18,1,12
31853,39,164000,MORTGAGE,18,0,1,0,0,0,0,0,0,1,C,35000,13.99,0,0.21,1,14
31901,40,300000,MORTGAGE,3,0,1,0,0,0,0,0,0,1,C,16000,14.17,0,0.05,1,14
31945,36,43680,MORTGAGE,0,0,1,0,0,0,0,0,0,1,C,15000,13.11,0,0.34,1,17
31980,36,45600,MORTGAGE,6,0,1,0,0,0,0,0,0,1,C,10000,13.49,0,0.22,1,15
32120,36,80000,MORTGAGE,9,0,1,0,0,0,0,0,0,1,C,6000,,0,0.07,1,14
32164,47,50000,MORTGAGE,3,0,1,0,0,0,0,0,0,1,C,4000,,0,0.08,1,17
32183,36,98240,MORTGAGE,4,0,1,0,0,0,0,0,0,1,E,20000,16.35,0,0.2,1,12
32191,36,60000,MORTGAGE,2,0,1,0,0,0,0,0,0,1,C,8000,13.92,0,0.13,1,14
32238,36,138000,MORTGAGE,0,0,1,0,0,0,0,0,0,1,C,10000,13.98,0,0.07,1,15
60,24,12000,OWN,2,1,0,0,0,0,0,0,0,1,E,1750,,0,0.15,1,3
357,24,16020,OWN,3,1,0,0,0,0,0,0,0,1,E,3625,17.14,1,0.23,1,2
693,25,20868,OWN,0,1,0,0,0,0,0,0,0,1,C,5375,13.49,0,0.26,1,2
824,25,22000,OWN,0,1,0,0,0,0,0,0,0,1,E,7500,,0,0.34,1,3
2055,22,30000,OWN,,1,0,0,0,0,0,0,0,1,C,7000,13.98,0,0.23,1,2
2632,23,33300,OWN,2,1,0,0,0,0,0,0,0,1,C,9000,13.57,0,0.27,1,4
2634,24,33321,OWN,4,1,0,0,0,0,0,0,0,1,C,12250,13.11,0,0.37,1,4
2705,22,33996,OWN,0,1,0,0,0,0,0,0,0,1,D,10000,14.96,0,0.29,1,3
2768,24,34000,OWN,8,1,0,0,0,0,0,0,0,1,C,10000,,0,0.29,1,3
3371,23,36000,OWN,2,1,0,0,0,0,0,0,0,1,C,5000,12.87,0,0.14,1,3
3788,25,38400,OWN,4,1,0,0,0,0,0,0,0,1,C,12500,13.06,0,0.33,1,2
3961,23,39689,OWN,1,1,0,0,0,0,0,0,0,1,C,13000,13.57,0,0.33,1,2
4016,26,39996,OWN,10,1,0,0,0,0,0,0,0,1,C,7000,13.57,0,0.18,1,3
4314,22,40000,OWN,0,1,0,0,0,0,0,0,0,1,C,6400,14.22,0,0.16,1,2
4468,22,40800,OWN,6,1,0,0,0,0,0,0,0,1,C,10000,12.61,0,0.25,1,2
5132,24,44000,OWN,9,1,0,0,0,0,0,0,0,1,C,6000,15.96,0,0.14,1,4
5208,23,44340,OWN,0,1,0,0,0,0,0,0,0,1,C,3000,12.98,0,0.07,1,3
5538,23,45000,OWN,0,1,0,0,0,0,0,0,0,1,C,8000,12.84,0,0.18,1,2
5752,21,46000,OWN,5,1,0,0,0,0,0,0,0,1,D,10000,14.74,0,0.22,1,3
5802,23,46800,OWN,7,1,0,0,0,0,0,0,0,1,C,9000,,0,0.19,1,4
5967,24,48000,OWN,8,1,0,0,0,0,0,0,0,1,C,2200,15.27,0,0.05,1,4
6900,22,50004,OWN,0,1,0,0,0,0,0,0,0,1,C,5000,14.26,0,0.1,1,4
7058,24,51000,OWN,9,1,0,0,0,0,0,0,0,1,D,10000,15.31,0,0.2,1,2
7150,22,51996,OWN,6,1,0,0,0,0,0,0,0,1,C,8400,12.98,0,0.16,1,4
7889,24,55000,OWN,4,1,0,0,0,0,0,0,0,1,D,9000,16.49,0,0.16,1,2
8353,26,57068,OWN,2,1,0,0,0,0,0,0,0,1,C,1600,15.23,0,0.03,1,4
8760,22,60000,OWN,7,1,0,0,0,0,0,0,0,1,D,15000,16.49,0,0.25,1,2
8813,24,60000,OWN,1,1,0,0,0,0,0,0,0,1,D,15000,16.89,0,0.25,1,2
9586,22,62589,OWN,,1,0,0,0,0,0,0,0,1,C,7000,13.35,0,0.11,1,2
9829,26,64999,OWN,5,1,0,0,0,0,0,0,0,1,C,10000,13.98,0,0.15,1,3
10009,25,65000,OWN,1,1,0,0,0,0,0,0,0,1,C,12000,12.61,0,0.18,1,4
10164,23,65004,OWN,5,1,0,0,0,0,0,0,0,1,C,7000,12.87,0,0.11,1,2
10231,22,66000,OWN,1,1,0,0,0,0,0,0,0,1,C,15000,14.79,0,0.23,1,3
10329,22,66996,OWN,3,1,0,0,0,0,0,0,0,1,C,7000,14.72,0,0.1,1,3
10378,24,67000,OWN,3,1,0,0,0,0,0,0,0,1,C,13000,,0,0.19,1,3
10710,24,64000,OWN,7,1,0,0,0,0,0,0,0,1,E,6100,18.64,1,0.1,1,4
10885,24,70000,OWN,4,1,0,0,0,0,0,0,0,1,D,8000,15.95,0,0.11,1,2
11134,25,72000,OWN,3,1,0,0,0,0,0,0,0,1,E,16000,17.14,0,0.22,1,3
11674,23,75000,OWN,5,1,0,0,0,0,0,0,0,1,D,12500,15.33,0,0.17,1,3
11982,26,78000,OWN,2,1,0,0,0,0,0,0,0,1,C,2400,14.72,0,0.03,1,3
12430,25,81000,OWN,9,1,0,0,0,0,0,0,0,1,D,12000,,0,0.15,1,2
12571,23,38376,OWN,,1,0,0,0,0,0,0,0,1,C,8400,13.8,0,0.22,1,2
12607,22,38004,OWN,0,1,0,0,0,0,0,0,0,1,D,3000,12.92,0,0.08,1,3
12611,22,83600,OWN,6,1,0,0,0,0,0,0,0,1,C,7500,13.11,0,0.09,1,4
13048,24,36000,OWN,0,1,0,0,0,0,0,0,0,1,C,4000,13.06,0,0.11,1,3
13785,24,33000,OWN,9,1,0,0,0,0,0,0,0,1,C,8000,14.26,0,0.24,1,3
13807,21,32868,OWN,2,1,0,0,0,0,0,0,0,1,C,2500,13.61,0,0.08,1,3
13811,22,32760,OWN,2,1,0,0,0,0,0,0,0,1,C,7000,11.78,0,0.21,1,4
13823,23,32500,OWN,2,1,0,0,0,0,0,0,0,1,C,5000,13.99,0,0.15,1,3
14347,23,105000,OWN,0,1,0,0,0,0,0,0,0,1,C,5000,,0,0.05,1,3
14357,26,105000,OWN,10,1,0,0,0,0,0,0,0,1,D,10000,15.65,0,0.1,1,4
14467,22,108000,OWN,2,1,0,0,0,0,0,0,0,1,C,8000,15.27,0,0.07,1,2
14482,25,30000,OWN,1,1,0,0,0,0,0,0,0,1,C,5000,,0,0.17,1,3
14608,25,28800,OWN,3,1,0,0,0,0,0,0,0,1,C,6000,,0,0.21,1,3
14808,25,115000,OWN,5,1,0,0,0,0,0,0,0,1,F,8000,19.13,0,0.07,1,2
15114,22,24605,OWN,3,1,0,0,0,0,0,0,0,1,C,10000,,0,0.41,1,2
15154,23,24000,OWN,2,1,0,0,0,0,0,0,0,1,C,6000,15.23,0,0.25,1,2
15349,23,130000,OWN,7,1,0,0,0,0,0,0,0,1,D,22600,14.96,0,0.17,1,2
15356,23,130000,OWN,7,1,0,0,0,0,0,0,0,1,C,15000,13.22,0,0.12,1,3
15571,24,19764,OWN,0,1,0,0,0,0,0,0,0,1,C,4800,13.61,1,0.24,1,3
16065,21,38400,OWN,0,1,0,0,0,0,0,0,0,1,C,12200,,0,0.32,1,4
16769,24,33321,OWN,4,1,0,0,0,0,0,0,0,1,C,12250,13.11,0,0.37,1,4
17318,23,48000,OWN,8,1,0,0,0,0,0,0,0,1,C,6000,12.87,0,0.13,1,3
17885,32,307000,OWN,10,1,0,0,0,0,0,0,0,1,C,11000,14.26,0,0.04,1,10
18677,31,25000,OWN,5,1,0,0,0,0,0,0,0,1,C,4500,,0,0.18,1,8
18686,32,25000,OWN,2,1,0,0,0,0,0,0,0,1,D,5000,16.32,0,0.2,1,9
18757,32,26000,OWN,4,1,0,0,0,0,0,0,0,1,C,13750,13.11,0,0.53,1,10
18929,28,29000,OWN,1,1,0,0,0,0,0,0,0,1,C,6250,12.87,0,0.22,1,9
19061,33,30000,OWN,1,1,0,0,0,0,0,0,0,1,C,5000,12.68,0,0.17,1,10
19339,32,32000,OWN,2,1,0,0,0,0,0,0,0,1,C,4000,10.78,0,0.13,1,5
19530,29,34000,OWN,2,1,0,0,0,0,0,0,0,1,E,14400,16,0,0.42,1,7
19585,28,35000,OWN,6,1,0,0,0,0,0,0,0,1,C,5000,14.27,0,0.14,1,10
20162,29,38600,OWN,9,1,0,0,0,0,0,0,0,1,C,1600,12.84,0,0.04,1,7
21188,27,45500,OWN,11,1,0,0,0,0,0,0,0,1,C,14000,13.92,0,0.31,1,6
21805,30,50000,OWN,4,1,0,0,0,0,0,0,0,1,C,3000,14.22,0,0.06,1,10
21870,33,50000,OWN,1,1,0,0,0,0,0,0,0,1,D,12000,13.99,0,0.24,1,7
22731,27,57600,OWN,,1,0,0,0,0,0,0,0,1,C,3000,12.99,0,0.05,1,10
22911,28,60000,OWN,12,1,0,0,0,0,0,0,0,1,C,15000,15.96,0,0.25,1,9
23103,27,60000,OWN,11,1,0,0,0,0,0,0,0,1,C,4000,13.98,0,0.07,1,7
23126,30,60000,OWN,7,1,0,0,0,0,0,0,0,1,D,6000,14.84,0,0.1,1,6
23443,31,62500,OWN,0,1,0,0,0,0,0,0,0,1,C,3000,13.92,0,0.05,1,5
23808,30,65600,OWN,5,1,0,0,0,0,0,0,0,1,C,4000,12.68,0,0.06,1,7
24034,34,63000,OWN,5,1,0,0,0,0,0,0,0,1,G,20500,20.9,1,0.33,1,8
24086,28,70000,OWN,6,1,0,0,0,0,0,0,0,1,D,14000,16.29,0,0.2,1,8
24544,28,74000,OWN,12,1,0,0,0,0,0,0,0,1,D,5450,12.67,0,0.07,1,6
24579,30,75000,OWN,14,1,0,0,0,0,0,0,0,1,C,10000,14.27,0,0.13,1,6
24998,32,40000,OWN,2,1,0,0,0,0,0,0,0,1,C,7000,12.68,0,0.17,1,10
25207,27,81000,OWN,4,1,0,0,0,0,0,0,0,1,C,9000,13.43,0,0.11,1,9
25356,28,84000,OWN,12,1,0,0,0,0,0,0,0,1,D,25000,15.62,0,0.3,1,5
25489,27,37000,OWN,1,1,0,0,0,0,0,0,0,1,D,16750,15.33,0,0.45,1,10
25890,29,35000,OWN,0,1,0,0,0,0,0,0,0,1,C,10000,12.87,0,0.29,1,8
25976,30,94104,OWN,15,1,0,0,0,0,0,0,0,1,C,14400,14.27,0,0.15,1,7
26261,28,100000,OWN,13,1,0,0,0,0,0,0,0,1,C,2000,14.27,0,0.02,1,5
26344,28,100000,OWN,5,1,0,0,0,0,0,0,0,1,C,11000,13.61,0,0.11,1,8
26699,27,110000,OWN,0,1,0,0,0,0,0,0,0,1,D,25000,16.32,0,0.23,1,7
26722,30,110000,OWN,14,1,0,0,0,0,0,0,0,1,C,12000,13.57,0,0.11,1,7
26811,32,27500,OWN,1,1,0,0,0,0,0,0,0,1,D,5000,14.59,0,0.18,1,10
26877,28,116000,OWN,7,1,0,0,0,0,0,0,0,1,C,12000,13.49,0,0.1,1,6
26991,30,120000,OWN,14,1,0,0,0,0,0,0,0,1,C,10000,13.06,0,0.08,1,8
27650,28,157000,OWN,12,1,0,0,0,0,0,0,0,1,C,12000,13.92,0,0.08,1,9
28240,31,17676,OWN,1,1,0,0,0,0,0,0,0,1,D,2500,14.74,0,0.14,1,7
28312,34,24000,OWN,4,1,0,0,0,0,0,0,0,1,C,2400,13.98,0,0.1,1,6
29034,29,25000,OWN,5,1,0,0,0,0,0,0,0,1,C,10000,13.49,0,0.4,1,6
29049,35,80000,OWN,5,1,0,0,0,0,0,0,0,1,D,15000,15.99,0,0.19,1,5
29371,36,24000,OWN,5,1,0,0,0,0,0,0,0,1,C,4000,14.72,0,0.17,1,15
29392,37,25000,OWN,8,1,0,0,0,0,0,0,0,1,C,10625,13.06,0,0.42,1,12
29896,37,40800,OWN,0,1,0,0,0,0,0,0,0,1,C,4000,13.49,0,0.1,1,14
30604,39,60000,OWN,7,1,0,0,0,0,0,0,0,1,D,6800,17.49,0,0.11,1,14
30646,38,60000,OWN,2,1,0,0,0,0,0,0,0,1,D,6000,14.96,0,0.1,1,14
30730,38,62691,OWN,17,1,0,0,0,0,0,0,0,1,C,6000,13.49,0,0.1,1,13
31291,41,37000,OWN,0,1,0,0,0,0,0,0,0,1,C,10000,13.79,0,0.27,1,13
31680,38,120000,OWN,11,1,0,0,0,0,0,0,0,1,D,23600,14.96,0,0.2,1,13
31850,36,160000,OWN,20,1,0,0,0,0,0,0,0,1,D,24000,14.96,0,0.15,1,14
32104,36,42000,OWN,2,1,0,0,0,0,0,0,0,1,C,2000,15.62,0,0.05,1,14
32186,36,24000,OWN,5,1,0,0,0,0,0,0,0,1,C,4000,14.72,0,0.17,1,12
32197,38,17280,OWN,0,1,0,0,0,0,0,0,0,1,D,1000,16.29,0,0.06,1,13
32212,38,95000,OWN,6,1,0,0,0,0,0,0,0,1,E,14000,17.74,0,0.15,1,17
32250,36,160000,OWN,20,1,0,0,0,0,0,0,0,1,D,24000,14.96,0,0.15,1,15
32548,53,4888,OWN,0,1,0,0,0,0,0,0,0,1,C,1400,,1,0.29,1,28
80,24,83004,RENT,0,0,0,1,0,0,0,0,0,1,D,28000,15.99,1,0.34,1,4
92,26,73200,RENT,5,0,0,1,0,0,0,0,0,1,D,27050,15.62,1,0.37,1,2
204,25,66000,RENT,9,0,0,1,0,0,0,0,0,1,D,25000,15.33,1,0.38,1,2
226,23,79416,RENT,7,0,0,1,0,0,0,0,0,1,D,25000,15.21,1,0.31,1,2
259,24,75000,RENT,0,0,0,1,0,0,0,0,0,1,E,25000,14.7,1,0.33,1,3
270,23,78000,RENT,2,0,0,1,0,0,0,0,0,1,D,25000,16.32,1,0.32,1,3
276,24,92000,RENT,1,0,0,1,0,0,0,0,0,1,C,25000,12.73,0,0.27,1,4
297,22,175000,RENT,6,0,0,1,0,0,0,0,0,1,C,3500,11.91,0,0.02,1,2
405,24,48000,RENT,4,0,0,1,0,0,0,0,0,1,D,24000,16.29,1,0.5,1,2
492,24,73000,RENT,0,0,0,1,0,0,0,0,0,1,E,22400,16.7,1,0.31,1,4
501,24,60000,RENT,3,0,0,1,0,0,0,0,0,1,C,22000,14.26,1,0.37,1,2
542,24,56000,RENT,8,0,0,1,0,0,0,0,0,1,D,21250,15.95,1,0.38,1,3
683,21,56000,RENT,4,0,0,1,0,0,0,0,0,1,E,20000,17.39,1,0.36,1,3
707,23,69500,RENT,3,0,0,1,0,0,0,0,0,1,E,20000,17.74,0,0.29,1,2
798,22,92000,RENT,6,0,0,1,0,0,0,0,0,1,F,20000,15.65,0,0.22,1,2
813,22,85200,RENT,6,0,0,1,0,0,0,0,0,1,D,20000,15.65,1,0.23,1,4
859,24,138000,RENT,2,0,0,1,0,0,0,0,0,1,D,20000,15.99,1,0.14,1,3
894,22,14400,RENT,2,0,0,1,0,0,0,0,0,1,E,1000,16.69,1,0.07,1,3
897,21,16000,RENT,2,0,0,1,0,0,0,0,0,1,D,1000,15.65,1,0.06,1,3
963,23,27000,RENT,2,0,0,1,0,0,0,0,0,1,C,18000,11.54,1,0.67,1,4
994,22,52000,RENT,1,0,0,1,0,0,0,0,0,1,C,18000,13.85,1,0.35,1,4
1006,26,53000,RENT,2,0,0,1,0,0,0,0,0,1,E,18000,17.19,1,0.34,1,3
1223,25,39000,RENT,6,0,0,1,0,0,0,0,0,1,D,16000,15.65,1,0.41,1,3
1232,21,41900,RENT,2,0,0,1,0,0,0,0,0,1,C,16000,12.84,1,0.38,1,2
1244,22,38400,RENT,4,0,0,1,0,0,0,0,0,1,C,16000,11.54,1,0.42,1,3
1273,22,55000,RENT,6,0,0,1,0,0,0,0,0,1,C,16000,,0,0.29,1,3
1286,22,61000,RENT,3,0,0,1,0,0,0,0,0,1,C,16000,,0,0.26,1,2
1314,20,64000,RENT,3,0,0,1,0,0,0,0,0,1,D,16000,15.31,1,0.25,1,4
1373,22,35000,RENT,4,0,0,1,0,0,0,0,0,1,C,1000,,0,0.03,1,3
1376,24,35100,RENT,8,0,0,1,0,0,0,0,0,1,C,1000,13.49,0,0.03,1,4
1600,23,40000,RENT,7,0,0,1,0,0,0,0,0,1,C,1500,13.99,0,0.04,1,2
1622,26,42000,RENT,1,0,0,1,0,0,0,0,0,1,D,1500,14.61,1,0.04,1,3
1629,26,51996,RENT,10,0,0,1,0,0,0,0,0,1,C,1500,13.85,0,0.03,1,4
1700,26,18000,RENT,1,0,0,1,0,0,0,0,0,1,C,1800,13.8,0,0.1,1,3
1773,22,19176,RENT,3,0,0,1,0,0,0,0,0,1,C,2000,14.22,0,0.1,1,2
1809,24,24000,RENT,0,0,0,1,0,0,0,0,0,1,E,2000,16,1,0.08,1,2
1834,23,95000,RENT,7,0,0,1,0,0,0,0,0,1,D,15000,15.05,0,0.16,1,2
1844,26,100000,RENT,5,0,0,1,0,0,0,0,0,1,C,15000,13.49,0,0.15,1,4
1856,23,105504,RENT,5,0,0,1,0,0,0,0,0,1,E,15000,15.95,0,0.14,1,3
1874,22,140000,RENT,4,0,0,1,0,0,0,0,0,1,C,15000,14.17,0,0.11,1,3
1954,25,89100,RENT,9,0,0,1,0,0,0,0,0,1,C,2000,13.49,0,0.02,1,3
2018,24,34000,RENT,0,0,0,1,0,0,0,0,0,1,D,14000,14.61,1,0.41,1,2
2077,26,18000,RENT,1,0,0,1,0,0,0,0,0,1,C,2400,13.06,1,0.13,1,2
2096,24,25000,RENT,,0,0,1,0,0,0,0,0,1,C,2400,13.8,0,0.1,1,4
2105,21,30000,RENT,1,0,0,1,0,0,0,0,0,1,D,2400,16.49,1,0.08,1,2
2111,22,32400,RENT,3,0,0,1,0,0,0,0,0,1,D,2400,16.77,0,0.07,1,3
2169,26,16000,RENT,1,0,0,1,0,0,0,0,0,1,D,2450,,1,0.15,1,2
2174,24,12600,RENT,2,0,0,1,0,0,0,0,0,1,C,2500,13.11,1,0.2,1,2
2194,26,77508,RENT,10,0,0,1,0,0,0,0,0,1,C,13500,12.87,0,0.17,1,2
2200,23,29000,RENT,1,0,0,1,0,0,0,0,0,1,C,13475,14.26,1,0.46,1,4
2208,23,54000,RENT,5,0,0,1,0,0,0,0,0,1,D,13275,17.58,0,0.25,1,2
2217,26,35000,RENT,5,0,0,1,0,0,0,0,0,1,C,13225,13.49,1,0.38,1,3
2241,21,24000,RENT,2,0,0,1,0,0,0,0,0,1,D,13000,15.7,1,0.54,1,3
2250,22,30000,RENT,2,0,0,1,0,0,0,0,0,1,C,13000,13.11,1,0.43,1,3
2285,24,46540,RENT,5,0,0,1,0,0,0,0,0,1,D,13000,,0,0.28,1,2
2368,22,42000,RENT,0,0,0,1,0,0,0,0,0,1,C,2500,13.92,0,0.06,1,3
2390,24,46180,RENT,1,0,0,1,0,0,0,0,0,1,C,2500,13.98,1,0.05,1,3
2436,24,21168,RENT,3,0,0,1,0,0,0,0,0,1,C,2800,14.22,0,0.13,1,4
2450,26,30000,RENT,,0,0,1,0,0,0,0,0,1,C,2800,14.65,0,0.09,1,3
2457,23,28000,RENT,2,0,0,1,0,0,0,0,0,1,C,2875,15.23,0,0.1,1,3
2516,23,19200,RENT,3,0,0,1,0,0,0,0,0,1,C,3000,12.99,1,0.16,1,2
2753,22,48400,RENT,6,0,0,1,0,0,0,0,0,1,C,12000,14.65,1,0.25,1,3
2780,24,56000,RENT,0,0,0,1,0,0,0,0,0,1,C,12000,14.26,0,0.21,1,2
2818,25,49000,RENT,2,0,0,1,0,0,0,0,0,1,C,3000,12.68,1,0.06,1,3
2874,23,65004,RENT,0,0,0,1,0,0,0,0,0,1,C,3000,13.61,0,0.05,1,3
2885,23,70000,RENT,1,0,0,1,0,0,0,0,0,1,C,3000,14.27,0,0.04,1,2
3050,22,10200,RENT,4,0,0,1,0,0,0,0,0,1,C,3250,,1,0.32,1,2
3078,22,66000,RENT,0,0,0,1,0,0,0,0,0,1,C,3300,14.65,0,0.05,1,2
3087,21,33000,RENT,5,0,0,1,0,0,0,0,0,1,C,3375,13.49,0,0.1,1,3
3115,22,18000,RENT,0,0,0,1,0,0,0,0,0,1,C,3500,13.48,1,0.19,1,2
3119,25,20000,RENT,0,0,0,1,0,0,0,0,0,1,C,3500,10.28,0,0.17,1,2
3263,24,36000,RENT,5,0,0,1,0,0,0,0,0,1,D,3525,14.59,0,0.1,1,3
3265,22,10800,RENT,,0,0,1,0,0,0,0,0,1,C,3600,12.23,1,0.33,1,3
3344,22,42000,RENT,0,0,0,1,0,0,0,0,0,1,C,3600,14.72,0,0.09,1,4
3364,23,36000,RENT,0,0,0,1,0,0,0,0,0,1,C,11000,13.11,1,0.31,1,3
3478,26,36000,RENT,7,0,0,1,0,0,0,0,0,1,E,10750,16,0,0.3,1,4
3543,23,60000,RENT,3,0,0,1,0,0,0,0,0,1,D,10400,14.91,0,0.17,1,4
3557,22,35496,RENT,6,0,0,1,0,0,0,0,0,1,D,10200,,0,0.29,1,3
3672,24,13200,RENT,6,0,0,1,0,0,0,0,0,1,D,4000,15.65,1,0.3,1,3
3762,23,27040,RENT,2,0,0,1,0,0,0,0,0,1,C,4000,12.29,0,0.15,1,4
3854,25,35000,RENT,4,0,0,1,0,0,0,0,0,1,D,4000,16.29,0,0.11,1,2
3885,22,32400,RENT,4,0,0,1,0,0,0,0,0,1,D,4000,,1,0.12,1,2
4007,23,56000,RENT,7,0,0,1,0,0,0,0,0,1,C,4000,15.23,0,0.07,1,4
4057,24,70000,RENT,8,0,0,1,0,0,0,0,0,1,C,4000,13.49,0,0.06,1,4
4059,26,70000,RENT,4,0,0,1,0,0,0,0,0,1,C,4000,13.06,0,0.06,1,4
4206,22,35000,RENT,2,0,0,1,0,0,0,0,0,1,C,4500,14.27,0,0.13,1,2
4217,22,37342,RENT,3,0,0,1,0,0,0,0,0,1,C,4500,11.03,0,0.12,1,2
4340,25,20400,RENT,3,0,0,1,0,0,0,0,0,1,C,4750,12.98,0,0.23,1,4
4545,22,23000,RENT,6,0,0,1,0,0,0,0,0,1,C,4850,14.27,0,0.21,1,4
4577,21,88000,RENT,,0,0,1,0,0,0,0,0,1,E,10000,17.93,1,0.11,1,3
4652,24,46000,RENT,2,0,0,1,0,0,0,0,0,1,C,9975,13.11,0,0.22,1,3
4661,25,26880,RENT,1,0,0,1,0,0,0,0,0,1,C,4900,14.26,0,0.18,1,4
4771,25,32000,RENT,9,0,0,1,0,0,0,0,0,1,C,5000,14.27,1,0.16,1,4
4799,23,33600,RENT,3,0,0,1,0,0,0,0,0,1,C,5000,13.49,0,0.15,1,4
4856,22,30000,RENT,4,0,0,1,0,0,0,0,0,1,D,5000,15.21,1,0.17,1,3
4913,25,39996,RENT,0,0,0,1,0,0,0,0,0,1,C,5000,12.87,0,0.13,1,2
4981,26,42000,RENT,2,0,0,1,0,0,0,0,0,1,C,5000,11.91,0,0.12,1,4
5032,24,39996,RENT,0,0,0,1,0,0,0,0,0,1,D,5000,14.11,1,0.13,1,3
5165,22,70000,RENT,3,0,0,1,0,0,0,0,0,1,C,9000,13.49,0,0.13,1,2
5185,26,80000,RENT,0,0,0,1,0,0,0,0,0,1,C,9000,13.16,0,0.11,1,2
5204,25,90900,RENT,9,0,0,1,0,0,0,0,0,1,C,9000,13.22,0,0.1,1,3
5224,24,143000,RENT,7,0,0,1,0,0,0,0,0,1,E,9000,16.45,1,0.06,1,4
5287,23,44400,RENT,4,0,0,1,0,0,0,0,0,1,D,5000,16.29,1,0.11,1,4
5359,25,39000,RENT,2,0,0,1,0,0,0,0,0,1,C,8500,13.23,1,0.22,1,4
5428,26,55000,RENT,3,0,0,1,0,0,0,0,0,1,C,5000,13.48,0,0.09,1,4
5475,23,60000,RENT,5,0,0,1,0,0,0,0,0,1,D,5000,16.49,0,0.08,1,2
5569,22,71400,RENT,3,0,0,1,0,0,0,0,0,1,C,5000,12.99,0,0.07,1,4
5622,22,84996,RENT,6,0,0,1,0,0,0,0,0,1,C,5000,12.23,0,0.06,1,3
5798,23,20400,RENT,5,0,0,1,0,0,0,0,0,1,D,5500,,0,0.27,1,2
5914,22,14400,RENT,1,0,0,1,0,0,0,0,0,1,D,5600,14.59,1,0.39,1,2
6006,23,69996,RENT,7,0,0,1,0,0,0,0,0,1,C,5600,13.11,0,0.08,1,2
6137,23,21996,RENT,6,0,0,1,0,0,0,0,0,1,C,6000,13.47,0,0.27,1,3
6191,23,25800,RENT,2,0,0,1,0,0,0,0,0,1,C,6000,,0,0.23,1,3
6226,25,28800,RENT,1,0,0,1,0,0,0,0,0,1,E,6000,17.04,1,0.21,1,4
6286,22,32001,RENT,4,0,0,1,0,0,0,0,0,1,D,6000,,0,0.19,1,3
6298,21,33280,RENT,0,0,0,1,0,0,0,0,0,1,C,6000,13.23,0,0.18,1,2
6316,24,35000,RENT,0,0,0,1,0,0,0,0,0,1,C,6000,13.98,0,0.17,1,4
6450,23,34255,RENT,7,0,0,1,0,0,0,0,0,1,G,6000,22.11,1,0.18,1,3
6500,25,39000,RENT,0,0,0,1,0,0,0,0,0,1,C,6000,13.49,1,0.15,1,2
6523,25,39396,RENT,0,0,0,1,0,0,0,0,0,1,D,6000,15.31,1,0.15,1,3
6636,25,52000,RENT,2,0,0,1,0,0,0,0,0,1,C,6000,12.87,0,0.12,1,4
6637,25,52000,RENT,4,0,0,1,0,0,0,0,0,1,D,6000,14.96,0,0.12,1,2
6701,24,58000,RENT,3,0,0,1,0,0,0,0,0,1,C,6000,12.87,0,0.1,1,2
6752,25,33000,RENT,1,0,0,1,0,0,0,0,0,1,C,7100,14.65,1,0.22,1,4
6772,25,19200,RENT,1,0,0,1,0,0,0,0,0,1,E,7000,16.82,1,0.36,1,3
6798,25,24000,RENT,0,0,0,1,0,0,0,0,0,1,E,7000,16.45,1,0.29,1,2
6863,26,66000,RENT,10,0,0,1,0,0,0,0,0,1,C,6000,13.49,1,0.09,1,2
7031,23,45000,RENT,0,0,0,1,0,0,0,0,0,1,C,6225,11.54,0,0.14,1,4
7210,25,29120,RENT,1,0,0,1,0,0,0,0,0,1,C,6250,15.96,0,0.21,1,3
7253,22,30000,RENT,0,0,0,1,0,0,0,0,0,1,C,6300,13.22,0,0.21,1,3
7278,24,21600,RENT,,0,0,1,0,0,0,0,0,1,C,6500,14.79,1,0.3,1,4
7421,23,70000,RENT,3,0,0,1,0,0,0,0,0,1,C,6600,12.84,0,0.09,1,3
7437,24,57100,RENT,3,0,0,1,0,0,0,0,0,1,C,6625,11.22,0,0.12,1,4
7482,23,46000,RENT,2,0,0,1,0,0,0,0,0,1,D,6800,15.65,1,0.15,1,4
7531,23,30000,RENT,3,0,0,1,0,0,0,0,0,1,C,6400,,0,0.21,1,3
7627,24,93500,RENT,2,0,0,1,0,0,0,0,0,1,C,6400,13.23,0,0.07,1,3
7718,24,30996,RENT,7,0,0,1,0,0,0,0,0,1,E,7000,16.63,0,0.23,1,4
7764,21,35000,RENT,5,0,0,1,0,0,0,0,0,1,C,7000,11.34,0,0.2,1,3
7906,21,47000,RENT,5,0,0,1,0,0,0,0,0,1,D,7000,14.96,0,0.15,1,3
7909,22,41500,RENT,3,0,0,1,0,0,0,0,0,1,D,7000,15.7,1,0.17,1,3
8292,22,39000,RENT,1,0,0,1,0,0,0,0,0,1,D,7500,,1,0.19,1,4
8426,23,90000,RENT,5,0,0,1,0,0,0,0,0,1,D,7500,15.58,0,0.08,1,3
8666,24,30000,RENT,5,0,0,1,0,0,0,0,0,1,C,8000,14.26,0,0.27,1,2
8735,21,30000,RENT,3,0,0,1,0,0,0,0,0,1,E,8000,16.45,1,0.27,1,2
8802,24,34000,RENT,0,0,0,1,0,0,0,0,0,1,D,8000,16.49,1,0.24,1,3
8826,25,41579,RENT,9,0,0,1,0,0,0,0,0,1,C,8000,13.92,0,0.19,1,3
8851,24,36000,RENT,2,0,0,1,0,0,0,0,0,1,D,8000,14.96,1,0.22,1,2
8922,23,48000,RENT,,0,0,1,0,0,0,0,0,1,C,8000,12.99,0,0.17,1,4
8936,24,49992,RENT,5,0,0,1,0,0,0,0,0,1,D,8000,15.95,0,0.16,1,2
8976,21,50400,RENT,4,0,0,1,0,0,0,0,0,1,D,8000,15.62,0,0.16,1,2
9094,23,61000,RENT,3,0,0,1,0,0,0,0,0,1,C,8000,13.22,0,0.13,1,2
9102,21,46000,RENT,2,0,0,1,0,0,0,0,0,1,D,5200,17.27,1,0.11,1,4
9158,22,15000,RENT,0,0,0,1,0,0,0,0,0,1,D,5000,,1,0.33,1,4
9218,25,21600,RENT,0,0,0,1,0,0,0,0,0,1,D,5000,17.58,1,0.23,1,3
9302,22,27000,RENT,0,0,0,1,0,0,0,0,0,1,D,5000,,1,0.19,1,2
9428,24,75000,RENT,5,0,0,1,0,0,0,0,0,1,D,8000,15.37,0,0.11,1,3
9443,22,80000,RENT,3,0,0,1,0,0,0,0,0,1,E,8000,18.39,0,0.1,1,3
9452,24,81600,RENT,5,0,0,1,0,0,0,0,0,1,C,8000,12.84,0,0.1,1,2
9616,24,35000,RENT,3,0,0,1,0,0,0,0,0,1,C,8400,12.87,0,0.24,1,4
9657,26,49000,RENT,2,0,0,1,0,0,0,0,0,1,D,8400,18.25,1,0.17,1,4
9760,23,18500,RENT,2,0,0,1,0,0,0,0,0,1,C,9000,11.34,1,0.49,1,3
9781,23,27600,RENT,3,0,0,1,0,0,0,0,0,1,C,9000,13.98,1,0.33,1,3
9833,23,36000,RENT,6,0,0,1,0,0,0,0,0,1,C,9000,10.78,0,0.25,1,4
9957,23,53000,RENT,0,0,0,1,0,0,0,0,0,1,C,9000,12.09,0,0.17,1,3
9979,26,38400,RENT,8,0,0,1,0,0,0,0,0,1,D,9100,15.37,0,0.24,1,2
10028,23,28800,RENT,1,0,0,1,0,0,0,0,0,1,C,9250,14.35,1,0.32,1,3
10060,23,44000,RENT,2,0,0,1,0,0,0,0,0,1,E,9400,16.32,1,0.21,1,3
10505,22,31000,RENT,3,0,0,1,0,0,0,0,0,1,E,10000,19.42,1,0.32,1,2
10524,23,32000,RENT,7,0,0,1,0,0,0,0,0,1,C,10000,13.11,1,0.31,1,4
10550,22,33280,RENT,2,0,0,1,0,0,0,0,0,1,C,10000,12.53,0,0.3,1,4
10555,24,33500,RENT,2,0,0,1,0,0,0,0,0,1,C,10000,13.16,0,0.3,1,3
10673,25,32000,RENT,3,0,0,1,0,0,0,0,0,1,C,10000,12.99,1,0.31,1,2
10693,25,32200,RENT,1,0,0,1,0,0,0,0,0,1,D,10000,16.77,1,0.31,1,4
10709,25,33000,RENT,0,0,0,1,0,0,0,0,0,1,C,10000,15.96,1,0.3,1,3
10771,26,34000,RENT,5,0,0,1,0,0,0,0,0,1,C,10000,13.11,1,0.29,1,3
10882,25,45000,RENT,0,0,0,1,0,0,0,0,0,1,C,10000,12.98,0,0.22,1,2
10905,24,45000,RENT,0,0,0,1,0,0,0,0,0,1,C,10000,13.11,0,0.22,1,4
10962,22,30000,RENT,2,0,0,1,0,0,0,0,0,1,D,4200,15.31,1,0.14,1,2
10965,22,31200,RENT,3,0,0,1,0,0,0,0,0,1,C,4200,13.57,0,0.13,1,2
11067,23,48000,RENT,6,0,0,1,0,0,0,0,0,1,D,10000,15.62,0,0.21,1,2
11119,26,49571,RENT,1,0,0,1,0,0,0,0,0,1,C,10000,13.11,0,0.2,1,3
11173,24,44000,RENT,1,0,0,1,0,0,0,0,0,1,D,10000,,1,0.23,1,3
11198,24,50004,RENT,2,0,0,1,0,0,0,0,0,1,C,10000,13.79,0,0.2,1,4
11314,24,55008,RENT,6,0,0,1,0,0,0,0,0,1,E,10000,14.93,0,0.18,1,3
11315,25,55016,RENT,0,0,0,1,0,0,0,0,0,1,C,10000,13.16,0,0.18,1,2
11342,23,57600,RENT,3,0,0,1,0,0,0,0,0,1,D,10000,15.58,0,0.17,1,4
11354,26,52800,RENT,2,0,0,1,0,0,0,0,0,1,D,10000,12.8,1,0.19,1,3
11464,21,45000,RENT,5,0,0,1,0,0,0,0,0,1,C,4000,12.87,0,0.09,1,2
11468,23,45000,RENT,7,0,0,1,0,0,0,0,0,1,D,4000,16.32,0,0.09,1,2
11548,21,65000,RENT,5,0,0,1,0,0,0,0,0,1,C,10000,13.47,0,0.15,1,3
11582,26,63000,RENT,1,0,0,1,0,0,0,0,0,1,E,10000,16.4,1,0.16,1,2
11596,23,64000,RENT,3,0,0,1,0,0,0,0,0,1,D,10000,,1,0.16,1,3
11621,24,70000,RENT,4,0,0,1,0,0,0,0,0,1,C,10000,12.41,0,0.14,1,2
11651,22,66500,RENT,0,0,0,1,0,0,0,0,0,1,D,10000,14.11,1,0.15,1,2
11749,25,74000,RENT,3,0,0,1,0,0,0,0,0,1,F,10000,18.43,1,0.14,1,3
11864,26,92652,RENT,4,0,0,1,0,0,0,0,0,1,C,10000,13.23,0,0.11,1,2
11885,24,70000,RENT,4,0,0,1,0,0,0,0,0,1,C,10125,14.65,0,0.14,1,3
11988,24,50000,RENT,0,0,0,1,0,0,0,0,0,1,C,11200,13.85,0,0.22,1,3
12109,25,42000,RENT,9,0,0,1,0,0,0,0,0,1,C,11500,13.79,0,0.27,1,3
12244,23,33504,RENT,5,0,0,1,0,0,0,0,0,1,C,12000,13.11,1,0.36,1,4
12427,25,43000,RENT,1,0,0,1,0,0,0,0,0,1,C,12000,13.16,0,0.28,1,2
12439,22,44160,RENT,7,0,0,1,0,0,0,0,0,1,D,12000,13.24,0,0.27,1,2
12493,22,46000,RENT,0,0,0,1,0,0,0,0,0,1,C,12000,12.68,0,0.26,1,3
12662,25,62204,RENT,3,0,0,1,0,0,0,0,0,1,D,12000,14.11,0,0.19,1,2
12703,26,65000,RENT,3,0,0,1,0,0,0,0,0,1,D,12000,,0,0.18,1,4
12951,25,74000,RENT,0,0,0,1,0,0,0,0,0,1,D,12000,14.11,1,0.16,1,2
13020,23,85000,RENT,2,0,0,1,0,0,0,0,0,1,C,12000,13.16,0,0.14,1,4
13094,24,92004,RENT,8,0,0,1,0,0,0,0,0,1,D,12000,14.46,0,0.13,1,2
13339,22,56000,RENT,4,0,0,1,0,0,0,0,0,1,D,2800,15.31,0,0.05,1,2
13341,23,74000,RENT,7,0,0,1,0,0,0,0,0,1,D,2800,15.21,1,0.04,1,2
13465,26,14400,RENT,2,0,0,1,0,0,0,0,0,1,C,2500,13.47,1,0.17,1,4
13689,24,67500,RENT,1,0,0,1,0,0,0,0,0,1,C,13000,13.98,0,0.19,1,3
14014,24,69000,RENT,3,0,0,1,0,0,0,0,0,1,C,14000,12.61,0,0.2,1,2
14060,23,80000,RENT,0,0,0,1,0,0,0,0,0,1,C,14000,14.27,0,0.17,1,2
14123,26,120000,RENT,10,0,0,1,0,0,0,0,0,1,E,14000,,0,0.12,1,4
14134,24,145000,RENT,3,0,0,1,0,0,0,0,0,1,C,14000,12.84,0,0.1,1,4
14279,23,78000,RENT,6,0,0,1,0,0,0,0,0,1,C,14400,14.27,0,0.18,1,4
14311,26,130000,RENT,3,0,0,1,0,0,0,0,0,1,D,14400,14.46,0,0.11,1,2
14336,21,30000,RENT,1,0,0,1,0,0,0,0,0,1,D,14500,14.59,1,0.48,1,2
14352,25,36000,RENT,0,0,0,1,0,0,0,0,0,1,D,14500,14.54,1,0.4,1,2
14405,26,60000,RENT,0,0,0,1,0,0,0,0,0,1,C,14650,12.61,0,0.24,1,3
14481,22,35000,RENT,0,0,0,1,0,0,0,0,0,1,C,2000,12.99,0,0.06,1,2
14546,22,33996,RENT,6,0,0,1,0,0,0,0,0,1,D,15000,14.96,1,0.44,1,4
14568,23,42996,RENT,7,0,0,1,0,0,0,0,0,1,C,2000,13.61,0,0.05,1,2
14644,22,34800,RENT,6,0,0,1,0,0,0,0,0,1,C,15000,14.27,1,0.43,1,3
14652,23,36000,RENT,3,0,0,1,0,0,0,0,0,1,C,15000,13.49,1,0.42,1,3
14806,26,39000,RENT,1,0,0,1,0,0,0,0,0,1,D,15000,16.07,1,0.38,1,4
14872,26,40000,RENT,0,0,0,1,0,0,0,0,0,1,C,1800,13.23,0,0.04,1,3
14970,26,50004,RENT,3,0,0,1,0,0,0,0,0,1,C,15000,13.72,0,0.3,1,4
14971,22,50004,RENT,6,0,0,1,0,0,0,0,0,1,D,15000,15.05,0,0.3,1,2
14988,25,51000,RENT,1,0,0,1,0,0,0,0,0,1,C,15000,13.48,0,0.29,1,4
15028,26,25200,RENT,0,0,0,1,0,0,0,0,0,1,C,1600,,0,0.06,1,2
15049,26,32000,RENT,5,0,0,1,0,0,0,0,0,1,D,1600,14.46,1,0.05,1,3
15091,22,34480,RENT,4,0,0,1,0,0,0,0,0,1,D,1550,15.21,0,0.04,1,3
15106,25,14400,RENT,0,0,0,1,0,0,0,0,0,1,C,1500,12.99,1,0.1,1,2
15454,26,70000,RENT,6,0,0,1,0,0,0,0,0,1,E,15000,16.35,0,0.21,1,3
15478,24,65000,RENT,8,0,0,1,0,0,0,0,0,1,E,15000,16.32,1,0.23,1,4
15658,24,90000,RENT,9,0,0,1,0,0,0,0,0,1,D,15000,14.42,0,0.17,1,3
15708,24,38272,RENT,1,0,0,1,0,0,0,0,0,1,C,15250,14.17,1,0.4,1,2
15710,26,34000,RENT,3,0,0,1,0,0,0,0,0,1,C,15250,13.22,1,0.45,1,2
15817,26,88000,RENT,0,0,0,1,0,0,0,0,0,1,E,16000,17.88,1,0.18,1,4
15870,23,139992,RENT,3,0,0,1,0,0,0,0,0,1,E,16000,14.18,0,0.11,1,3
15929,26,9600,RENT,4,0,0,1,0,0,0,0,0,1,D,2950,17.49,1,0.31,1,2
15963,24,4800,RENT,0,0,0,1,0,0,0,0,0,1,E,2400,16,1,0.5,1,4
15985,25,60000,RENT,3,0,0,1,0,0,0,0,0,1,C,3000,13.47,1,0.05,1,3
16006,25,33000,RENT,1,0,0,1,0,0,0,0,0,1,C,7100,14.65,1,0.22,1,3
16017,25,88500,RENT,3,0,0,1,0,0,0,0,0,1,C,7200,13.47,0,0.08,1,2
16037,24,69764,RENT,2,0,0,1,0,0,0,0,0,1,D,1500,14.42,1,0.02,1,4
16091,22,17280,RENT,0,0,0,1,0,0,0,0,0,1,D,3500,,1,0.2,1,4
16163,21,32400,RENT,2,0,0,1,0,0,0,0,0,1,C,10000,13.23,1,0.31,1,3
16327,25,33772,RENT,3,0,0,1,0,0,0,0,0,1,D,3600,16.02,1,0.11,1,3
16412,22,34800,RENT,7,0,0,1,0,0,0,0,0,1,G,9600,19.16,1,0.28,1,4
16454,26,37500,RENT,3,0,0,1,0,0,0,0,0,1,D,10000,14.91,0,0.27,1,2
16479,25,84000,RENT,1,0,0,1,0,0,0,0,0,1,E,8000,16.45,1,0.1,1,4
16526,22,78700,RENT,6,0,0,1,0,0,0,0,0,1,C,14000,13.48,0,0.18,1,3
16532,23,63402,RENT,3,0,0,1,0,0,0,0,0,1,C,6000,13.22,0,0.09,1,2
16800,25,70000,RENT,8,0,0,1,0,0,0,0,0,1,D,15000,14.42,0,0.21,1,2
16801,24,98004,RENT,0,0,0,1,0,0,0,0,0,1,D,16000,16.32,1,0.16,1,4
16829,24,80000,RENT,3,0,0,1,0,0,0,0,0,1,C,20000,13.06,0,0.25,1,3
16856,21,102000,RENT,5,0,0,1,0,0,0,0,0,1,D,10000,,0,0.1,1,3
16909,21,44000,RENT,6,0,0,1,0,0,0,0,0,1,D,10000,14.74,0,0.23,1,3
16954,22,48000,RENT,7,0,0,1,0,0,0,0,0,1,E,7500,17.04,0,0.16,1,2
17021,22,45630,RENT,0,0,0,1,0,0,0,0,0,1,E,2500,18.64,1,0.05,1,4
17057,25,45996,RENT,2,0,0,1,0,0,0,0,0,1,G,5000,,1,0.11,1,2
17155,26,35000,RENT,0,0,0,1,0,0,0,0,0,1,C,12000,10.91,1,0.34,1,3
17176,25,30000,RENT,2,0,0,1,0,0,0,0,0,1,E,5200,17.19,1,0.17,1,2
17181,23,24000,RENT,7,0,0,1,0,0,0,0,0,1,C,5550,12.53,0,0.23,1,4
17196,21,31680,RENT,5,0,0,1,0,0,0,0,0,1,C,15000,12.61,1,0.47,1,2
17376,23,85000,RENT,2,0,0,1,0,0,0,0,0,1,C,12000,13.16,0,0.14,1,2
17467,23,63000,RENT,0,0,0,1,0,0,0,0,0,1,D,16000,14.42,1,0.25,1,2
17555,23,48000,RENT,1,0,0,1,0,0,0,0,0,1,C,10000,12.84,0,0.21,1,3
17714,24,30996,RENT,7,0,0,1,0,0,0,0,0,1,E,7000,16.63,0,0.23,1,2
17763,24,31000,RENT,8,0,0,1,0,0,0,0,0,1,C,13500,13.43,1,0.44,1,4
17856,29,160000,RENT,4,0,0,1,0,0,0,0,0,1,C,35000,14.27,0,0.22,1,8
17877,28,336000,RENT,1,0,0,1,0,0,0,0,0,1,C,2150,13.06,0,0.01,1,5
17958,27,47000,RENT,3,0,0,1,0,0,0,0,0,1,D,25000,15.7,1,0.53,1,10
18018,28,200000,RENT,4,0,0,1,0,0,0,0,0,1,D,25000,15.33,0,0.13,1,7
18031,32,69996,RENT,4,0,0,1,0,0,0,0,0,1,D,25000,15.95,1,0.36,1,10
18036,30,72000,RENT,5,0,0,1,0,0,0,0,0,1,D,25000,16.32,1,0.35,1,5
18052,27,69000,RENT,5,0,0,1,0,0,0,0,0,1,E,25000,13.75,1,0.36,1,6
18078,35,80000,RENT,19,0,0,1,0,0,0,0,0,1,D,25000,14.09,1,0.31,1,10
18105,31,168000,RENT,1,0,0,1,0,0,0,0,0,1,E,20000,,1,0.12,1,7
18140,27,96000,RENT,1,0,0,1,0,0,0,0,0,1,D,25000,16.89,1,0.26,1,10
18169,31,143000,RENT,4,0,0,1,0,0,0,0,0,1,D,25000,16.07,0,0.17,1,7
18181,31,139016,RENT,5,0,0,1,0,0,0,0,0,1,D,25000,15.37,1,0.18,1,8
18234,28,54000,RENT,1,0,0,1,0,0,0,0,0,1,E,24000,16.45,1,0.44,1,8
18259,29,125000,RENT,3,0,0,1,0,0,0,0,0,1,E,24000,,0,0.19,1,5
18292,35,60000,RENT,19,0,0,1,0,0,0,0,0,1,D,21725,15.62,1,0.36,1,10
18301,35,40000,RENT,3,0,0,1,0,0,0,0,0,1,F,21000,19.41,1,0.53,1,10
18338,29,51996,RENT,13,0,0,1,0,0,0,0,0,1,D,20000,,1,0.38,1,5
18369,28,63000,RENT,4,0,0,1,0,0,0,0,0,1,D,20000,14.61,1,0.32,1,9
18375,32,65000,RENT,4,0,0,1,0,0,0,0,0,1,C,20000,13.8,1,0.31,1,6
18377,29,59000,RENT,4,0,0,1,0,0,0,0,0,1,G,20000,20.17,1,0.34,1,5
18401,35,69000,RENT,8,0,0,1,0,0,0,0,0,1,C,20000,13.49,1,0.29,1,5
18402,30,69000,RENT,2,0,0,1,0,0,0,0,0,1,E,20000,17.14,1,0.29,1,7
18436,32,81400,RENT,2,0,0,1,0,0,0,0,0,1,D,20000,14.84,1,0.25,1,6
18442,31,96000,RENT,5,0,0,1,0,0,0,0,0,1,E,20000,17.19,0,0.21,1,8
18470,30,110000,RENT,5,0,0,1,0,0,0,0,0,1,D,20000,14.11,0,0.18,1,5
18520,33,56136,RENT,12,0,0,1,0,0,0,0,0,1,E,19000,15.68,1,0.34,1,5
18532,34,95000,RENT,5,0,0,1,0,0,0,0,0,1,C,18600,13.57,0,0.2,1,7
18592,29,74000,RENT,0,0,0,1,0,0,0,0,0,1,E,18000,17.04,1,0.24,1,10
18598,34,100000,RENT,4,0,0,1,0,0,0,0,0,1,C,18000,13.49,0,0.18,1,10
18635,29,120000,RENT,1,0,0,1,0,0,0,0,0,1,C,17500,12.87,0,0.15,1,8
18679,28,82000,RENT,12,0,0,1,0,0,0,0,0,1,G,16750,20.11,1,0.2,1,10
18789,27,75000,RENT,4,0,0,1,0,0,0,0,0,1,C,1000,13.49,0,0.01,1,9
18795,27,10000,RENT,2,0,0,1,0,0,0,0,0,1,D,1200,14.11,1,0.12,1,6
18830,31,22000,RENT,5,0,0,1,0,0,0,0,0,1,F,1400,22.06,0,0.06,1,7
18849,28,29120,RENT,0,0,0,1,0,0,0,0,0,1,D,1500,15.7,1,0.05,1,6
18904,33,15000,RENT,3,0,0,1,0,0,0,0,0,1,D,1800,17.54,0,0.12,1,9
18925,33,72000,RENT,6,0,0,1,0,0,0,0,0,1,C,1925,14.35,1,0.03,1,10
18926,31,10800,RENT,4,0,0,1,0,0,0,0,0,1,C,2000,14.72,1,0.19,1,5
18946,27,25000,RENT,9,0,0,1,0,0,0,0,0,1,C,2000,13.11,0,0.08,1,6
19000,30,165000,RENT,3,0,0,1,0,0,0,0,0,1,C,15000,13.92,0,0.09,1,9
19004,28,200000,RENT,2,0,0,1,0,0,0,0,0,1,C,15000,11.72,0,0.07,1,10
19048,35,80000,RENT,7,0,0,1,0,0,0,0,0,1,C,2000,12.99,0,0.03,1,9
19064,33,14400,RENT,0,0,0,1,0,0,0,0,0,1,D,2100,15.21,1,0.15,1,10
19166,34,47652,RENT,6,0,0,1,0,0,0,0,0,1,C,2400,13.22,0,0.05,1,5
19219,34,40000,RENT,2,0,0,1,0,0,0,0,0,1,C,13200,,1,0.33,1,6
19226,31,31692,RENT,2,0,0,1,0,0,0,0,0,1,D,13150,13.24,1,0.41,1,5
19228,33,51200,RENT,1,0,0,1,0,0,0,0,0,1,E,13075,16.7,1,0.26,1,8
19255,27,22708,RENT,6,0,0,1,0,0,0,0,0,1,D,2500,14.84,1,0.11,1,8
19267,27,26400,RENT,3,0,0,1,0,0,0,0,0,1,C,2500,13.23,0,0.09,1,10
19276,29,32108,RENT,4,0,0,1,0,0,0,0,0,1,E,2500,15.68,1,0.08,1,5
19299,29,46500,RENT,5,0,0,1,0,0,0,0,0,1,C,2500,13.92,0,0.05,1,9
19373,28,20000,RENT,3,0,0,1,0,0,0,0,0,1,C,3000,,0,0.15,1,6
19444,27,44000,RENT,11,0,0,1,0,0,0,0,0,1,E,3000,18.39,0,0.07,1,7
19614,34,90000,RENT,4,0,0,1,0,0,0,0,0,1,C,3000,13.99,0,0.03,1,9
19634,32,90000,RENT,0,0,0,1,0,0,0,0,0,1,C,3025,,0,0.03,1,5
19651,35,33600,RENT,8,0,0,1,0,0,0,0,0,1,D,3200,16.49,0,0.1,1,5
19662,28,33000,RENT,0,0,0,1,0,0,0,0,0,1,D,3200,14.42,1,0.1,1,6
19695,30,23000,RENT,5,0,0,1,0,0,0,0,0,1,D,3250,14.11,0,0.14,1,7
19712,32,32004,RENT,1,0,0,1,0,0,0,0,0,1,D,3400,,1,0.11,1,5
19722,31,35000,RENT,4,0,0,1,0,0,0,0,0,1,C,3425,13.43,0,0.1,1,7
19759,32,42000,RENT,5,0,0,1,0,0,0,0,0,1,C,3500,14.35,0,0.08,1,7
19819,30,30000,RENT,1,0,0,1,0,0,0,0,0,1,C,3600,10.28,0,0.12,1,10
19828,34,36000,RENT,3,0,0,1,0,0,0,0,0,1,C,3600,13.49,0,0.1,1,7
19877,31,55000,RENT,6,0,0,1,0,0,0,0,0,1,D,11000,,0,0.2,1,9
19886,33,64000,RENT,14,0,0,1,0,0,0,0,0,1,E,11000,15.68,1,0.17,1,5
19988,29,75000,RENT,1,0,0,1,0,0,0,0,0,1,C,10250,12.23,0,0.14,1,10
19990,29,30000,RENT,,0,0,1,0,0,0,0,0,1,E,10200,17.99,1,0.34,1,10
20006,28,49000,RENT,2,0,0,1,0,0,0,0,0,1,C,3600,13.98,1,0.07,1,9
20051,32,68000,RENT,9,0,0,1,0,0,0,0,0,1,D,3800,16.89,0,0.06,1,8
20067,27,12000,RENT,0,0,0,1,0,0,0,0,0,1,C,4000,14.22,1,0.33,1,7
20077,30,16500,RENT,0,0,0,1,0,0,0,0,0,1,C,4000,14.22,1,0.24,1,7
20160,32,34200,RENT,0,0,0,1,0,0,0,0,0,1,C,4000,13.48,0,0.12,1,9
20202,27,34800,RENT,2,0,0,1,0,0,0,0,0,1,D,4000,14.54,1,0.11,1,7
20252,27,52600,RENT,3,0,0,1,0,0,0,0,0,1,E,4000,17.39,0,0.08,1,7
20335,31,24000,RENT,0,0,0,1,0,0,0,0,0,1,D,4400,15.62,1,0.18,1,8
20383,30,40000,RENT,4,0,0,1,0,0,0,0,0,1,C,4500,14.26,0,0.11,1,6
20396,30,50000,RENT,3,0,0,1,0,0,0,0,0,1,C,4500,13.11,0,0.09,1,7
20445,28,14400,RENT,2,0,0,1,0,0,0,0,0,1,C,4800,14.65,1,0.33,1,9
20469,28,29004,RENT,5,0,0,1,0,0,0,0,0,1,C,4800,15.23,0,0.17,1,7
20601,27,130000,RENT,2,0,0,1,0,0,0,0,0,1,C,10000,13.47,0,0.08,1,6
20605,32,128000,RENT,11,0,0,1,0,0,0,0,0,1,C,10000,13.85,1,0.08,1,5
20654,29,29000,RENT,3,0,0,1,0,0,0,0,0,1,C,5000,15.23,0,0.17,1,7
20763,28,34000,RENT,1,0,0,1,0,0,0,0,0,1,C,5000,14.26,1,0.15,1,9
20953,31,45996,RENT,10,0,0,1,0,0,0,0,0,1,C,8800,12.84,0,0.19,1,10
20965,27,44000,RENT,1,0,0,1,0,0,0,0,0,1,D,5000,16.89,1,0.11,1,10
20981,35,50532,RENT,8,0,0,1,0,0,0,0,0,1,C,5000,13.57,0,0.1,1,8
21006,28,27050,RENT,,0,0,1,0,0,0,0,0,1,C,8500,15.96,1,0.31,1,10
21049,34,52000,RENT,2,0,0,1,0,0,0,0,0,1,C,5000,13.99,0,0.1,1,8
21120,27,64000,RENT,2,0,0,1,0,0,0,0,0,1,C,5000,12.99,0,0.08,1,8
21175,27,80004,RENT,1,0,0,1,0,0,0,0,0,1,C,5000,13.47,0,0.06,1,9
21213,27,98000,RENT,3,0,0,1,0,0,0,0,0,1,C,5000,13.98,0,0.05,1,6
21259,27,43218,RENT,11,0,0,1,0,0,0,0,0,1,C,5300,14.65,0,0.12,1,10
21443,34,69000,RENT,0,0,0,1,0,0,0,0,0,1,D,5800,14.59,1,0.08,1,5
21477,27,20000,RENT,1,0,0,1,0,0,0,0,0,1,C,6000,13.11,0,0.3,1,10
21520,27,29000,RENT,2,0,0,1,0,0,0,0,0,1,C,6000,15.27,0,0.21,1,6
21524,27,30000,RENT,4,0,0,1,0,0,0,0,0,1,C,6000,14.65,0,0.2,1,9
21541,32,30000,RENT,5,0,0,1,0,0,0,0,0,1,D,6000,12.61,1,0.2,1,5
21547,27,31200,RENT,0,0,0,1,0,0,0,0,0,1,C,6000,13.49,0,0.19,1,7
21568,29,33864,RENT,2,0,0,1,0,0,0,0,0,1,D,6000,14.91,1,0.18,1,6
21572,32,34000,RENT,7,0,0,1,0,0,0,0,0,1,C,6000,14.65,0,0.18,1,8
21638,32,40500,RENT,0,0,0,1,0,0,0,0,0,1,C,6000,14.26,0,0.15,1,5
21653,28,42000,RENT,4,0,0,1,0,0,0,0,0,1,C,6000,11.78,0,0.14,1,10
21749,27,54000,RENT,11,0,0,1,0,0,0,0,0,1,D,6000,14.59,0,0.11,1,5
21892,27,75000,RENT,11,0,0,1,0,0,0,0,0,1,D,6000,15.21,0,0.08,1,9
22049,31,81000,RENT,8,0,0,1,0,0,0,0,0,1,C,7000,13.61,0,0.09,1,8
22091,28,61000,RENT,3,0,0,1,0,0,0,0,0,1,C,6300,13.61,0,0.1,1,9
22136,32,50000,RENT,3,0,0,1,0,0,0,0,0,1,D,6500,16.32,0,0.13,1,10
22230,28,31800,RENT,2,0,0,1,0,0,0,0,0,1,E,6400,16.82,1,0.2,1,5
22377,35,40000,RENT,3,0,0,1,0,0,0,0,0,1,D,7000,16.07,0,0.17,1,8
22386,27,35520,RENT,1,0,0,1,0,0,0,0,0,1,D,7000,14.91,1,0.2,1,8
22464,27,85000,RENT,2,0,0,1,0,0,0,0,0,1,C,7000,13.99,0,0.08,1,9
22473,35,17280,RENT,6,0,0,1,0,0,0,0,0,1,D,7200,12.36,1,0.42,1,8
22524,28,56052,RENT,8,0,0,1,0,0,0,0,0,1,C,7200,11.28,0,0.13,1,8
22576,35,105000,RENT,11,0,0,1,0,0,0,0,0,1,C,7250,,0,0.07,1,5
22692,28,51000,RENT,13,0,0,1,0,0,0,0,0,1,D,7500,16.49,0,0.15,1,7
22736,28,66000,RENT,0,0,0,1,0,0,0,0,0,1,C,7500,11.28,1,0.11,1,7
22812,30,30000,RENT,0,0,0,1,0,0,0,0,0,1,D,7750,13.87,1,0.26,1,9
23055,27,40000,RENT,0,0,0,1,0,0,0,0,0,1,D,8000,15.65,1,0.2,1,6
23064,30,48000,RENT,7,0,0,1,0,0,0,0,0,1,C,8000,13.23,0,0.17,1,5
23434,33,55200,RENT,3,0,0,1,0,0,0,0,0,1,C,8100,,0,0.15,1,10
23581,33,34000,RENT,3,0,0,1,0,0,0,0,0,1,C,9000,14.17,1,0.26,1,10
23615,29,40000,RENT,2,0,0,1,0,0,0,0,0,1,C,9000,14.27,0,0.23,1,5
24013,33,29000,RENT,0,0,0,1,0,0,0,0,0,1,C,10000,13.06,1,0.34,1,9
24221,34,10380,RENT,,0,0,1,0,0,0,0,0,1,C,4250,12.68,1,0.41,1,5
24234,27,45996,RENT,3,0,0,1,0,0,0,0,0,1,C,10000,,0,0.22,1,5
24241,28,30000,RENT,6,0,0,1,0,0,0,0,0,1,C,4200,15.23,0,0.14,1,7
24351,30,48000,RENT,3,0,0,1,0,0,0,0,0,1,C,10000,12.87,0,0.21,1,8
24385,27,44000,RENT,5,0,0,1,0,0,0,0,0,1,C,10000,15.27,1,0.23,1,7
24486,32,55000,RENT,4,0,0,1,0,0,0,0,0,1,D,10000,14.42,0,0.18,1,9
24593,29,39000,RENT,0,0,0,1,0,0,0,0,0,1,D,4000,15.99,1,0.1,1,5
24605,27,45468,RENT,2,0,0,1,0,0,0,0,0,1,C,4000,13.99,0,0.09,1,5
24642,28,65000,RENT,12,0,0,1,0,0,0,0,0,1,D,10000,14.96,0,0.15,1,6
24658,32,62000,RENT,8,0,0,1,0,0,0,0,0,1,D,10000,17.27,1,0.16,1,7
24681,35,70000,RENT,4,0,0,1,0,0,0,0,0,1,E,10000,16.45,0,0.14,1,10
24789,27,77976,RENT,2,0,0,1,0,0,0,0,0,1,C,10000,13.85,1,0.13,1,5
24816,27,90000,RENT,7,0,0,1,0,0,0,0,0,1,C,10000,14.27,0,0.11,1,8
24928,29,60000,RENT,2,0,0,1,0,0,0,0,0,1,C,11200,14.22,0,0.19,1,10
25035,33,58344,RENT,5,0,0,1,0,0,0,0,0,1,D,11975,16.29,0,0.21,1,9
25179,32,34310,RENT,2,0,0,1,0,0,0,0,0,1,D,12000,14.96,1,0.35,1,8
25279,27,60000,RENT,0,0,0,1,0,0,0,0,0,1,C,12000,13.49,0,0.2,1,6
25387,35,62496,RENT,6,0,0,1,0,0,0,0,0,1,D,12000,14.11,0,0.19,1,8
25444,28,72000,RENT,4,0,0,1,0,0,0,0,0,1,C,12000,13.49,0,0.17,1,6
25475,31,35000,RENT,1,0,0,1,0,0,0,0,0,1,D,3000,14.74,1,0.09,1,9
25570,27,84000,RENT,7,0,0,1,0,0,0,0,0,1,C,12000,13.16,0,0.14,1,5
25587,30,73000,RENT,4,0,0,1,0,0,0,0,0,1,C,12000,14.26,1,0.16,1,5
25637,31,94140,RENT,5,0,0,1,0,0,0,0,0,1,D,12000,14.91,0,0.13,1,8
25649,28,99996,RENT,6,0,0,1,0,0,0,0,0,1,C,12000,13.61,0,0.12,1,9
25692,30,117005,RENT,1,0,0,1,0,0,0,0,0,1,E,12000,18.79,1,0.1,1,8
25778,28,39600,RENT,2,0,0,1,0,0,0,0,0,1,E,2800,16.77,1,0.07,1,7
25829,33,18000,RENT,0,0,0,1,0,0,0,0,0,1,C,2700,12.61,0,0.15,1,9
25988,32,75000,RENT,3,0,0,1,0,0,0,0,0,1,D,12800,14.74,0,0.17,1,9
26065,32,78000,RENT,0,0,0,1,0,0,0,0,0,1,C,13000,12.87,0,0.17,1,10
26117,33,33036,RENT,4,0,0,1,0,0,0,0,0,1,C,13800,13.47,1,0.42,1,5
26120,27,51600,RENT,2,0,0,1,0,0,0,0,0,1,C,13800,13.57,1,0.27,1,6
26135,33,42000,RENT,12,0,0,1,0,0,0,0,0,1,D,14000,15.7,1,0.33,1,8
26185,28,50000,RENT,7,0,0,1,0,0,0,0,0,1,C,14000,13.79,0,0.28,1,6
26263,27,66000,RENT,2,0,0,1,0,0,0,0,0,1,C,14000,12.99,0,0.21,1,8
26265,29,68000,RENT,9,0,0,1,0,0,0,0,0,1,C,14000,12.61,0,0.21,1,8
26279,35,73000,RENT,9,0,0,1,0,0,0,0,0,1,D,14000,14.59,0,0.19,1,8
26436,29,44500,RENT,3,0,0,1,0,0,0,0,0,1,C,14400,13.61,1,0.32,1,10
26832,32,44400,RENT,5,0,0,1,0,0,0,0,0,1,D,15000,16.49,1,0.34,1,5
27053,35,34000,RENT,1,0,0,1,0,0,0,0,0,1,D,1600,14.84,1,0.05,1,6
27057,29,42000,RENT,4,0,0,1,0,0,0,0,0,1,G,1600,19.16,0,0.04,1,6
27152,29,26000,RENT,2,0,0,1,0,0,0,0,0,1,C,1500,12.99,0,0.06,1,6
27271,35,54000,RENT,1,0,0,1,0,0,0,0,0,1,E,15000,15.88,1,0.28,1,8
27634,35,75000,RENT,13,0,0,1,0,0,0,0,0,1,F,15175,21.74,0,0.2,1,8
27656,30,111000,RENT,3,0,0,1,0,0,0,0,0,1,C,15450,10.91,0,0.14,1,7
28049,29,44000,RENT,2,0,0,1,0,0,0,0,0,1,D,5400,16,1,0.12,1,9
28051,34,50725,RENT,1,0,0,1,0,0,0,0,0,1,C,5400,13.16,0,0.11,1,6
28094,27,49600,RENT,2,0,0,1,0,0,0,0,0,1,D,8400,,1,0.17,1,5
28114,28,55000,RENT,3,0,0,1,0,0,0,0,0,1,C,5000,12.53,0,0.09,1,5
28207,28,50000,RENT,7,0,0,1,0,0,0,0,0,1,F,14000,19.04,0,0.28,1,5
28212,29,42000,RENT,0,0,0,1,0,0,0,0,0,1,D,5000,14.96,1,0.12,1,5
28226,28,41000,RENT,11,0,0,1,0,0,0,0,0,1,E,4000,18.64,1,0.1,1,5
28233,32,27000,RENT,5,0,0,1,0,0,0,0,0,1,C,4500,13.11,0,0.17,1,5
28265,33,50800,RENT,16,0,0,1,0,0,0,0,0,1,E,10000,16.4,0,0.2,1,10
28385,27,35000,RENT,5,0,0,1,0,0,0,0,0,1,C,10000,13.48,0,0.29,1,8
28456,29,50000,RENT,4,0,0,1,0,0,0,0,0,1,C,5050,12.73,0,0.1,1,7
28482,33,21996,RENT,0,0,0,1,0,0,0,0,0,1,C,9250,12.87,1,0.42,1,8
28540,32,75000,RENT,3,0,0,1,0,0,0,0,0,1,D,12800,14.74,0,0.17,1,6
28635,33,110000,RENT,3,0,0,1,0,0,0,0,0,1,C,10000,13.57,0,0.09,1,9
28863,31,30000,RENT,0,0,0,1,0,0,0,0,0,1,D,6600,16.49,1,0.22,1,6
28876,34,135000,RENT,6,0,0,1,0,0,0,0,0,1,E,20000,17.74,0,0.15,1,5
28892,29,42000,RENT,6,0,0,1,0,0,0,0,0,1,C,18000,14.65,1,0.43,1,8
28952,29,30000,RENT,,0,0,1,0,0,0,0,0,1,C,7200,15.27,0,0.24,1,8
28971,29,74100,RENT,3,0,0,1,0,0,0,0,0,1,C,4500,13.61,0,0.06,1,8
28991,31,160000,RENT,8,0,0,1,0,0,0,0,0,1,C,3600,15.23,0,0.02,1,9
28996,29,40000,RENT,2,0,0,1,0,0,0,0,0,1,D,7000,14.91,1,0.17,1,8
29036,27,40000,RENT,4,0,0,1,0,0,0,0,0,1,D,10000,,0,0.25,1,10
29221,47,90000,RENT,1,0,0,1,0,0,0,0,0,1,D,25000,15.65,1,0.28,1,17
29234,36,103000,RENT,6,0,0,1,0,0,0,0,0,1,C,25000,12.53,1,0.24,1,15
29243,36,430000,RENT,2,0,0,1,0,0,0,0,0,1,C,25000,13.8,0,0.06,1,16
29299,36,38000,RENT,15,0,0,1,0,0,0,0,0,1,C,20000,12.41,1,0.53,1,16
29339,37,120000,RENT,4,0,0,1,0,0,0,0,0,1,C,20000,13.47,0,0.17,1,11
29448,42,30132,RENT,4,0,0,1,0,0,0,0,0,1,C,1500,12.98,0,0.05,1,14
29452,41,35400,RENT,11,0,0,1,0,0,0,0,0,1,C,1500,12.87,0,0.04,1,14
29787,38,22000,RENT,2,0,0,1,0,0,0,0,0,1,C,4000,12.68,0,0.18,1,12
29835,37,61260,RENT,6,0,0,1,0,0,0,0,0,1,C,4000,14.82,0,0.07,1,12
29853,37,53976,RENT,,0,0,1,0,0,0,0,0,1,D,4400,15.62,1,0.08,1,11
29916,42,100000,RENT,3,0,0,1,0,0,0,0,0,1,D,10000,13.55,0,0.1,1,13
29928,47,140000,RENT,4,0,0,1,0,0,0,0,0,1,C,10000,,0,0.07,1,13
29933,40,73000,RENT,2,0,0,1,0,0,0,0,0,1,D,9975,16.29,1,0.14,1,16
29946,40,28000,RENT,2,0,0,1,0,0,0,0,0,1,C,5000,12.99,0,0.18,1,13
29949,38,30000,RENT,5,0,0,1,0,0,0,0,0,1,C,5000,13.61,0,0.17,1,11
29953,50,30000,RENT,8,0,0,1,0,0,0,0,0,1,C,5000,12.84,0,0.17,1,15
29968,38,35000,RENT,5,0,0,1,0,0,0,0,0,1,D,5000,15.37,0,0.14,1,14
30050,42,2039784,RENT,0,0,0,1,0,0,0,0,0,1,C,8450,12.29,0,0,1,15
30093,41,90000,RENT,0,0,0,1,0,0,0,0,0,1,C,5000,14.26,0,0.06,1,13
30139,37,54000,RENT,2,0,0,1,0,0,0,0,0,1,C,5500,13.23,1,0.1,1,12
30162,42,85000,RENT,3,0,0,1,0,0,0,0,0,1,C,5750,12.99,0,0.07,1,15
30208,36,37008,RENT,8,0,0,1,0,0,0,0,0,1,C,6000,14.79,0,0.16,1,14
30243,37,44000,RENT,0,0,0,1,0,0,0,0,0,1,E,6000,17.04,1,0.14,1,17
30398,37,51000,RENT,11,0,0,1,0,0,0,0,0,1,D,6400,16.89,0,0.13,1,13
30548,37,29808,RENT,4,0,0,1,0,0,0,0,0,1,C,7750,,1,0.26,1,17
30721,46,135000,RENT,7,0,0,1,0,0,0,0,0,1,C,8000,,0,0.06,1,14
30780,38,45600,RENT,5,0,0,1,0,0,0,0,0,1,D,9000,16.29,0,0.2,1,13
30841,37,60000,RENT,0,0,0,1,0,0,0,0,0,1,C,9700,13.61,0,0.16,1,11
30932,45,36000,RENT,1,0,0,1,0,0,0,0,0,1,C,4300,10.91,0,0.12,1,17
30951,37,43000,RENT,1,0,0,1,0,0,0,0,0,1,C,4200,13.49,0,0.1,1,14
30976,41,42600,RENT,0,0,0,1,0,0,0,0,0,1,D,10000,15.62,1,0.23,1,12
31058,37,60000,RENT,1,0,0,1,0,0,0,0,0,1,D,10000,15.99,1,0.17,1,14
31084,37,75000,RENT,3,0,0,1,0,0,0,0,0,1,C,10000,,0,0.13,1,15
31159,39,41725,RENT,4,0,0,1,0,0,0,0,0,1,D,11500,14.09,0,0.28,1,13
31305,42,82000,RENT,10,0,0,1,0,0,0,0,0,1,D,12000,13.24,0,0.15,1,13
31352,41,113000,RENT,1,0,0,1,0,0,0,0,0,1,D,12000,16,1,0.11,1,15
31390,37,25000,RENT,0,0,0,1,0,0,0,0,0,1,D,2775,15.65,1,0.11,1,14
31393,40,24000,RENT,3,0,0,1,0,0,0,0,0,1,C,2700,14.27,0,0.11,1,17
31429,44,50000,RENT,5,0,0,1,0,0,0,0,0,1,C,13000,13.16,0,0.26,1,13
31459,40,32878,RENT,6,0,0,1,0,0,0,0,0,1,C,13775,12.98,1,0.42,1,14
31954,37,52000,RENT,0,0,0,1,0,0,0,0,0,1,C,14000,13.16,0,0.27,1,15
31962,37,33280,RENT,2,0,0,1,0,0,0,0,0,1,C,8400,13.92,0,0.25,1,17
31986,38,47004,RENT,2,0,0,1,0,0,0,0,0,1,C,4775,,0,0.1,1,14
32114,42,30000,RENT,5,0,0,1,0,0,0,0,0,1,D,8000,14.96,0,0.27,1,12
32243,41,43439,RENT,,0,0,1,0,0,0,0,0,1,C,15000,12.73,1,0.35,1,15
32255,42,13200,RENT,4,0,0,1,0,0,0,0,0,1,C,2500,,1,0.19,1,15
32366,65,46000,RENT,5,0,0,1,0,0,0,0,0,1,E,10500,16.32,0,0.23,1,24
32368,55,24543,RENT,3,0,0,1,0,0,0,0,0,1,C,4000,13.92,0,0.16,1,27
32369,53,40000,RENT,6,0,0,1,0,0,0,0,0,1,C,4000,12.99,0,0.1,1,22
32411,51,71000,RENT,14,0,0,1,0,0,0,0,0,1,C,7000,,0,0.1,1,21
